        TIME,    TIDE,      OB,   SURGE,    BIAS,     TWL,SURGE90p,  TWL90p,SURGE10p,   TWL10p
202602141200,   1.220,   2.558,   0.500,   0.838,   2.558,   0.500,   2.558,   0.600,   2.658
202602141206,   1.240,9999.000,9999.000,9999.000,9999.000,9999.000,9999.000,9999.000,9999.000
202602141212,   1.259,   2.578,9999.000,9999.000,9999.000,9999.000,9999.000,9999.000,9999.000
202602141218,   1.275,9999.000,9999.000,9999.000,9999.000,9999.000,9999.000,9999.000,9999.000
202602141224,   1.289,   2.587,9999.000,9999.000,9999.000,9999.000,9999.000,9999.000,9999.000
202602141230,   1.302,9999.000,9999.000,9999.000,9999.000,9999.000,9999.000,9999.000,9999.000
202602141236,   1.312,   2.587,9999.000,9999.000,9999.000,9999.000,9999.000,9999.000,9999.000
202602141242,   1.321,9999.000,9999.000,9999.000,9999.000,9999.000,9999.000,9999.000,9999.000
202602141248,   1.328,   2.578,9999.000,9999.000,9999.000,9999.000,9999.000,9999.000,9999.000
202602141254,   1.332,9999.000,9999.000,9999.000,9999.000,9999.000,9999.000,9999.000,9999.000
202602141300,   1.335,9999.000,   0.500,9999.000,   1.835,   0.500,   1.835,   0.600,   1.935
202602141306,   1.336,9999.000,9999.000,9999.000,9999.000,9999.000,9999.000,9999.000,9999.000
202602141312,   1.334,   2.519,9999.000,9999.000,9999.000,9999.000,9999.000,9999.000,9999.000
202602141318,   1.331,   2.499,9999.000,9999.000,9999.000,9999.000,9999.000,9999.000,9999.000
202602141324,   1.326,   2.479,9999.000,9999.000,9999.000,9999.000,9999.000,9999.000,9999.000
202602141330,   1.319,   2.450,9999.000,9999.000,9999.000,9999.000,9999.000,9999.000,9999.000
202602141336,   1.310,   2.430,9999.000,9999.000,9999.000,9999.000,9999.000,9999.000,9999.000
202602141342,   1.300,   2.410,9999.000,9999.000,9999.000,9999.000,9999.000,9999.000,9999.000
202602141348,   1.287,   2.377,9999.000,9999.000,9999.000,9999.000,9999.000,9999.000,9999.000
202602141354,   1.273,   2.348,9999.000,9999.000,9999.000,9999.000,9999.000,9999.000,9999.000
202602141400,   1.258,   2.318,   0.600,   0.460,   2.318,   0.500,   2.218,   0.600,   2.318
202602141406,   1.240,   2.289,9999.000,9999.000,9999.000,9999.000,9999.000,9999.000,9999.000
202602141412,   1.221,   2.269,9999.000,9999.000,9999.000,9999.000,9999.000,9999.000,9999.000
202602141418,   1.201,   2.240,9999.000,9999.000,9999.000,9999.000,9999.000,9999.000,9999.000
202602141424,   1.180,   2.210,9999.000,9999.000,9999.000,9999.000,9999.000,9999.000,9999.000
202602141430,   1.156,   2.177,9999.000,9999.000,9999.000,9999.000,9999.000,9999.000,9999.000
202602141436,   1.132,   2.148,9999.000,9999.000,9999.000,9999.000,9999.000,9999.000,9999.000
202602141442,   1.106,   2.118,9999.000,9999.000,9999.000,9999.000,9999.000,9999.000,9999.000
202602141448,   1.079,   2.089,9999.000,9999.000,9999.000,9999.000,9999.000,9999.000,9999.000
202602141454,   1.051,   2.059,9999.000,9999.000,9999.000,9999.000,9999.000,9999.000,9999.000
202602141500,   1.022,   2.030,   0.600,   0.408,   2.030,   0.500,   1.930,   0.600,   2.030
202602141506,   0.993,   2.000,9999.000,9999.000,9999.000,9999.000,9999.000,9999.000,9999.000
202602141512,   0.962,   1.967,9999.000,9999.000,9999.000,9999.000,9999.000,9999.000,9999.000
202602141518,   0.931,   1.928,9999.000,9999.000,9999.000,9999.000,9999.000,9999.000,9999.000
202602141524,   0.899,   1.899,9999.000,9999.000,9999.000,9999.000,9999.000,9999.000,9999.000
202602141530,   0.866,   1.869,9999.000,9999.000,9999.000,9999.000,9999.000,9999.000,9999.000
202602141536,   0.833,   1.840,9999.000,9999.000,9999.000,9999.000,9999.000,9999.000,9999.000
202602141542,   0.800,   1.810,9999.000,9999.000,9999.000,9999.000,9999.000,9999.000,9999.000
202602141548,   0.766,   1.781,9999.000,9999.000,9999.000,9999.000,9999.000,9999.000,9999.000
202602141554,   0.732,   1.738,9999.000,9999.000,9999.000,9999.000,9999.000,9999.000,9999.000
202602141600,   0.698,   1.699,   0.600,   0.401,   1.699,   0.600,   1.699,   0.600,   1.699
202602141606,   0.664,   1.669,9999.000,9999.000,9999.000,9999.000,9999.000,9999.000,9999.000
202602141612,   0.631,   1.639,9999.000,9999.000,9999.000,9999.000,9999.000,9999.000,9999.000
202602141618,   0.597,   1.610,9999.000,9999.000,9999.000,9999.000,9999.000,9999.000,9999.000
202602141624,   0.564,   1.571,9999.000,9999.000,9999.000,9999.000,9999.000,9999.000,9999.000
202602141630,   0.531,   1.548,9999.000,9999.000,9999.000,9999.000,9999.000,9999.000,9999.000
202602141636,   0.498,   1.508,9999.000,9999.000,9999.000,9999.000,9999.000,9999.000,9999.000
202602141642,   0.467,   1.479,9999.000,9999.000,9999.000,9999.000,9999.000,9999.000,9999.000
202602141648,   0.436,   1.449,9999.000,9999.000,9999.000,9999.000,9999.000,9999.000,9999.000
202602141654,   0.405,   1.410,9999.000,9999.000,9999.000,9999.000,9999.000,9999.000,9999.000
202602141700,   0.376,   1.380,   0.600,   0.404,   1.380,   0.600,   1.380,   0.600,   1.380
202602141706,   0.348,   1.361,9999.000,9999.000,9999.000,9999.000,9999.000,9999.000,9999.000
202602141712,   0.321,   1.328,9999.000,9999.000,9999.000,9999.000,9999.000,9999.000,9999.000
202602141718,   0.295,   1.298,9999.000,9999.000,9999.000,9999.000,9999.000,9999.000,9999.000
202602141724,   0.271,   1.269,9999.000,9999.000,9999.000,9999.000,9999.000,9999.000,9999.000
202602141730,   0.247,   1.249,9999.000,9999.000,9999.000,9999.000,9999.000,9999.000,9999.000
202602141736,   0.226,   1.229,9999.000,9999.000,9999.000,9999.000,9999.000,9999.000,9999.000
202602141742,   0.206,   1.200,9999.000,9999.000,9999.000,9999.000,9999.000,9999.000,9999.000
202602141748,   0.188,   1.180,9999.000,9999.000,9999.000,9999.000,9999.000,9999.000,9999.000
202602141754,   0.172,   1.161,9999.000,9999.000,9999.000,9999.000,9999.000,9999.000,9999.000
202602141800,   0.158,   1.151,   0.600,   0.393,   1.151,   0.600,   1.151,   0.600,   1.151
202602141806,   0.145,   1.128,9999.000,9999.000,9999.000,9999.000,9999.000,9999.000,9999.000
202602141812,   0.135,   1.128,9999.000,9999.000,9999.000,9999.000,9999.000,9999.000,9999.000
202602141818,   0.127,   1.118,9999.000,9999.000,9999.000,9999.000,9999.000,9999.000,9999.000
202602141824,   0.121,   1.108,9999.000,9999.000,9999.000,9999.000,9999.000,9999.000,9999.000
202602141830,   0.117,   1.098,9999.000,9999.000,9999.000,9999.000,9999.000,9999.000,9999.000
202602141836,   0.116,   1.118,9999.000,9999.000,9999.000,9999.000,9999.000,9999.000,9999.000
202602141842,   0.116,   1.118,9999.000,9999.000,9999.000,9999.000,9999.000,9999.000,9999.000
202602141848,   0.120,   1.128,9999.000,9999.000,9999.000,9999.000,9999.000,9999.000,9999.000
202602141854,   0.126,   1.138,9999.000,9999.000,9999.000,9999.000,9999.000,9999.000,9999.000
202602141900,   0.134,   1.151,   0.600,   0.417,   1.151,   0.600,   1.151,   0.600,   1.151
202602141906,   0.144,   1.161,9999.000,9999.000,9999.000,9999.000,9999.000,9999.000,9999.000
202602141912,   0.157,   1.180,9999.000,9999.000,9999.000,9999.000,9999.000,9999.000,9999.000
202602141918,   0.173,   1.200,9999.000,9999.000,9999.000,9999.000,9999.000,9999.000,9999.000
202602141924,   0.191,   1.229,9999.000,9999.000,9999.000,9999.000,9999.000,9999.000,9999.000
202602141930,   0.211,   1.279,9999.000,9999.000,9999.000,9999.000,9999.000,9999.000,9999.000
202602141936,   0.234,   1.298,9999.000,9999.000,9999.000,9999.000,9999.000,9999.000,9999.000
202602141942,   0.259,   1.338,9999.000,9999.000,9999.000,9999.000,9999.000,9999.000,9999.000
202602141948,   0.287,   1.371,9999.000,9999.000,9999.000,9999.000,9999.000,9999.000,9999.000
202602141954,   0.317,   1.420,9999.000,9999.000,9999.000,9999.000,9999.000,9999.000,9999.000
202602142000,   0.349,   1.469,   0.600,   0.520,   1.469,   0.600,   1.469,   0.700,   1.569
202602142006,   0.383,   1.508,9999.000,9999.000,9999.000,9999.000,9999.000,9999.000,9999.000
202602142012,   0.419,   1.571,9999.000,9999.000,9999.000,9999.000,9999.000,9999.000,9999.000
202602142018,   0.457,   1.610,9999.000,9999.000,9999.000,9999.000,9999.000,9999.000,9999.000
202602142024,   0.496,   1.649,9999.000,9999.000,9999.000,9999.000,9999.000,9999.000,9999.000
202602142030,   0.538,   1.699,9999.000,9999.000,9999.000,9999.000,9999.000,9999.000,9999.000
202602142036,   0.581,   1.748,9999.000,9999.000,9999.000,9999.000,9999.000,9999.000,9999.000
202602142042,   0.626,   1.790,9999.000,9999.000,9999.000,9999.000,9999.000,9999.000,9999.000
202602142048,   0.672,   1.849,9999.000,9999.000,9999.000,9999.000,9999.000,9999.000,9999.000
202602142054,   0.719,   1.899,9999.000,9999.000,9999.000,9999.000,9999.000,9999.000,9999.000
202602142100,   0.768,   1.938,   0.600,   0.570,   1.938,   0.600,   1.938,   0.700,   2.038
202602142106,   0.817,   2.000,9999.000,9999.000,9999.000,9999.000,9999.000,9999.000,9999.000
202602142112,   0.867,   2.059,9999.000,9999.000,9999.000,9999.000,9999.000,9999.000,9999.000
202602142118,   0.918,   2.118,9999.000,9999.000,9999.000,9999.000,9999.000,9999.000,9999.000
202602142124,   0.970,   2.168,9999.000,9999.000,9999.000,9999.000,9999.000,9999.000,9999.000
202602142130,   1.022,   2.230,9999.000,9999.000,9999.000,9999.000,9999.000,9999.000,9999.000
202602142136,   1.074,   2.269,9999.000,9999.000,9999.000,9999.000,9999.000,9999.000,9999.000
202602142142,   1.126,   2.318,9999.000,9999.000,9999.000,9999.000,9999.000,9999.000,9999.000
202602142148,   1.178,   2.368,9999.000,9999.000,9999.000,9999.000,9999.000,9999.000,9999.000
202602142154,   1.229,   2.420,9999.000,9999.000,9999.000,9999.000,9999.000,9999.000,9999.000
202602142200,   1.281,   2.459,   0.600,   0.578,   2.459,   0.600,   2.459,   0.700,   2.559
202602142206,   1.332,   2.509,9999.000,9999.000,9999.000,9999.000,9999.000,9999.000,9999.000
202602142212,   1.382,   2.558,9999.000,9999.000,9999.000,9999.000,9999.000,9999.000,9999.000
202602142218,   1.431,   2.610,9999.000,9999.000,9999.000,9999.000,9999.000,9999.000,9999.000
202602142224,   1.480,   2.660,9999.000,9999.000,9999.000,9999.000,9999.000,9999.000,9999.000
202602142230,   1.527,   2.679,9999.000,9999.000,9999.000,9999.000,9999.000,9999.000,9999.000
202602142236,   1.573,   2.738,9999.000,9999.000,9999.000,9999.000,9999.000,9999.000,9999.000
202602142242,   1.618,   2.778,9999.000,9999.000,9999.000,9999.000,9999.000,9999.000,9999.000
202602142248,   1.661,   2.820,9999.000,9999.000,9999.000,9999.000,9999.000,9999.000,9999.000
202602142254,   1.703,   2.850,9999.000,9999.000,9999.000,9999.000,9999.000,9999.000,9999.000
202602142300,   1.743,   2.879,   0.600,   0.536,   2.879,   0.600,   2.879,   0.700,   2.979
202602142306,   1.781,   2.909,9999.000,9999.000,9999.000,9999.000,9999.000,9999.000,9999.000
202602142312,   1.817,   2.929,9999.000,9999.000,9999.000,9999.000,9999.000,9999.000,9999.000
202602142318,   1.852,   2.968,9999.000,9999.000,9999.000,9999.000,9999.000,9999.000,9999.000
202602142324,   1.885,   2.978,9999.000,9999.000,9999.000,9999.000,9999.000,9999.000,9999.000
202602142330,   1.915,   2.988,9999.000,9999.000,9999.000,9999.000,9999.000,9999.000,9999.000
202602142336,   1.944,   3.017,9999.000,9999.000,9999.000,9999.000,9999.000,9999.000,9999.000
202602142342,   1.970,   3.017,9999.000,9999.000,9999.000,9999.000,9999.000,9999.000,9999.000
202602142348,   1.994,   3.040,9999.000,9999.000,9999.000,9999.000,9999.000,9999.000,9999.000
202602142354,   2.016,   3.040,9999.000,9999.000,9999.000,9999.000,9999.000,9999.000,9999.000
202602150000,   2.036,   3.050,   0.600,   0.414,   3.050,   0.600,   3.050,   0.600,   3.050
202602150006,   2.053,   3.050,9999.000,9999.000,9999.000,9999.000,9999.000,9999.000,9999.000
202602150012,   2.068,   3.050,9999.000,9999.000,9999.000,9999.000,9999.000,9999.000,9999.000
202602150018,   2.081,   3.050,9999.000,9999.000,9999.000,9999.000,9999.000,9999.000,9999.000
202602150024,   2.092,   3.040,9999.000,9999.000,9999.000,9999.000,9999.000,9999.000,9999.000
202602150030,   2.101,   3.040,9999.000,9999.000,9999.000,9999.000,9999.000,9999.000,9999.000
202602150036,   2.107,   3.017,9999.000,9999.000,9999.000,9999.000,9999.000,9999.000,9999.000
202602150042,   2.111,   3.007,9999.000,9999.000,9999.000,9999.000,9999.000,9999.000,9999.000
202602150048,   2.113,   2.997,9999.000,9999.000,9999.000,9999.000,9999.000,9999.000,9999.000
202602150054,   2.113,   2.968,9999.000,9999.000,9999.000,9999.000,9999.000,9999.000,9999.000
202602150100,   2.111,   2.958,   0.600,   0.247,   2.958,   0.600,   2.958,   0.600,   2.958
202602150106,   2.107,   2.919,9999.000,9999.000,9999.000,9999.000,9999.000,9999.000,9999.000
202602150112,   2.100,   2.889,9999.000,9999.000,9999.000,9999.000,9999.000,9999.000,9999.000
202602150118,   2.092,   2.860,9999.000,9999.000,9999.000,9999.000,9999.000,9999.000,9999.000
202602150124,   2.082,   2.820,9999.000,9999.000,9999.000,9999.000,9999.000,9999.000,9999.000
202602150130,   2.071,   2.787,9999.000,9999.000,9999.000,9999.000,9999.000,9999.000,9999.000
202602150136,   2.057,   2.758,9999.000,9999.000,9999.000,9999.000,9999.000,9999.000,9999.000
202602150142,   2.042,   2.709,9999.000,9999.000,9999.000,9999.000,9999.000,9999.000,9999.000
202602150148,   2.025,   2.669,9999.000,9999.000,9999.000,9999.000,9999.000,9999.000,9999.000
202602150154,   2.006,   2.620,9999.000,9999.000,9999.000,9999.000,9999.000,9999.000,9999.000
202602150200,   1.986,   2.578,   0.600,  -0.008,   2.578,   0.600,   2.578,   0.600,   2.578
202602150206,   1.964,   2.538,9999.000,9999.000,9999.000,9999.000,9999.000,9999.000,9999.000
202602150212,   1.941,   2.489,9999.000,9999.000,9999.000,9999.000,9999.000,9999.000,9999.000
202602150218,   1.917,   2.450,9999.000,9999.000,9999.000,9999.000,9999.000,9999.000,9999.000
202602150224,   1.891,   2.377,9999.000,9999.000,9999.000,9999.000,9999.000,9999.000,9999.000
202602150230,   1.864,   2.348,9999.000,9999.000,9999.000,9999.000,9999.000,9999.000,9999.000
202602150236,   1.835,   2.299,9999.000,9999.000,9999.000,9999.000,9999.000,9999.000,9999.000
202602150242,   1.806,   2.250,9999.000,9999.000,9999.000,9999.000,9999.000,9999.000,9999.000
202602150248,   1.775,   2.200,9999.000,9999.000,9999.000,9999.000,9999.000,9999.000,9999.000
202602150254,   1.743,   2.148,9999.000,9999.000,9999.000,9999.000,9999.000,9999.000,9999.000
202602150300,   1.710,   2.099,   0.600,  -0.211,   2.099,   0.600,   2.099,   0.600,   2.099
202602150306,   1.676,   2.040,9999.000,9999.000,9999.000,9999.000,9999.000,9999.000,9999.000
202602150312,   1.641,   1.990,9999.000,9999.000,9999.000,9999.000,9999.000,9999.000,9999.000
202602150318,   1.605,   1.948,9999.000,9999.000,9999.000,9999.000,9999.000,9999.000,9999.000
202602150324,   1.568,   1.879,9999.000,9999.000,9999.000,9999.000,9999.000,9999.000,9999.000
202602150330,   1.531,   1.840,9999.000,9999.000,9999.000,9999.000,9999.000,9999.000,9999.000
202602150336,   1.492,   1.790,9999.000,9999.000,9999.000,9999.000,9999.000,9999.000,9999.000
202602150342,   1.453,   1.738,9999.000,9999.000,9999.000,9999.000,9999.000,9999.000,9999.000
202602150348,   1.412,   1.699,9999.000,9999.000,9999.000,9999.000,9999.000,9999.000,9999.000
202602150354,   1.372,   1.639,9999.000,9999.000,9999.000,9999.000,9999.000,9999.000,9999.000
202602150400,   1.330,   1.590,   0.600,  -0.340,   1.590,   0.600,   1.590,   0.600,   1.590
202602150406,   1.288,   1.538,9999.000,9999.000,9999.000,9999.000,9999.000,9999.000,9999.000
202602150412,   1.245,   1.489,9999.000,9999.000,9999.000,9999.000,9999.000,9999.000,9999.000
202602150418,   1.202,   1.449,9999.000,9999.000,9999.000,9999.000,9999.000,9999.000,9999.000
202602150424,   1.158,   1.400,9999.000,9999.000,9999.000,9999.000,9999.000,9999.000,9999.000
202602150430,   1.114,   1.348,9999.000,9999.000,9999.000,9999.000,9999.000,9999.000,9999.000
202602150436,   1.069,   1.308,9999.000,9999.000,9999.000,9999.000,9999.000,9999.000,9999.000
202602150442,   1.024,   1.259,9999.000,9999.000,9999.000,9999.000,9999.000,9999.000,9999.000
202602150448,   0.979,   1.200,9999.000,9999.000,9999.000,9999.000,9999.000,9999.000,9999.000
202602150454,   0.934,   1.170,9999.000,9999.000,9999.000,9999.000,9999.000,9999.000,9999.000
202602150500,   0.888,   1.128,   0.600,  -0.360,   1.128,   0.600,   1.128,   0.600,   1.128
202602150506,   0.843,   1.069,9999.000,9999.000,9999.000,9999.000,9999.000,9999.000,9999.000
202602150512,   0.797,   1.029,9999.000,9999.000,9999.000,9999.000,9999.000,9999.000,9999.000
202602150518,   0.752,   1.010,9999.000,9999.000,9999.000,9999.000,9999.000,9999.000,9999.000
202602150524,   0.706,   0.970,9999.000,9999.000,9999.000,9999.000,9999.000,9999.000,9999.000
202602150530,   0.661,   0.928,9999.000,9999.000,9999.000,9999.000,9999.000,9999.000,9999.000
202602150536,   0.616,   0.869,9999.000,9999.000,9999.000,9999.000,9999.000,9999.000,9999.000
202602150542,   0.572,   0.839,9999.000,9999.000,9999.000,9999.000,9999.000,9999.000,9999.000
202602150548,   0.528,   0.810,9999.000,9999.000,9999.000,9999.000,9999.000,9999.000,9999.000
202602150554,   0.485,   0.770,9999.000,9999.000,9999.000,9999.000,9999.000,9999.000,9999.000
202602150600,   0.443,   0.718,   0.500,  -0.225,   0.718,   0.500,   0.718,   0.600,   0.818
202602150606,   0.401,   0.688,9999.000,9999.000,9999.000,9999.000,9999.000,9999.000,9999.000
202602150612,   0.361,   0.659,9999.000,9999.000,9999.000,9999.000,9999.000,9999.000,9999.000
202602150618,   0.321,   0.619,9999.000,9999.000,9999.000,9999.000,9999.000,9999.000,9999.000
202602150624,   0.283,   0.590,9999.000,9999.000,9999.000,9999.000,9999.000,9999.000,9999.000
202602150630,   0.245,   0.551,9999.000,9999.000,9999.000,9999.000,9999.000,9999.000,9999.000
202602150636,   0.210,   0.518,9999.000,9999.000,9999.000,9999.000,9999.000,9999.000,9999.000
202602150642,   0.175,   0.488,9999.000,9999.000,9999.000,9999.000,9999.000,9999.000,9999.000
202602150648,   0.143,   0.459,9999.000,9999.000,9999.000,9999.000,9999.000,9999.000,9999.000
202602150654,   0.112,   0.429,9999.000,9999.000,9999.000,9999.000,9999.000,9999.000,9999.000
202602150700,   0.083,   0.409,   0.500,  -0.174,   0.409,   0.500,   0.409,   0.600,   0.509
202602150706,   0.055,   0.380,9999.000,9999.000,9999.000,9999.000,9999.000,9999.000,9999.000
202602150712,   0.030,   0.360,9999.000,9999.000,9999.000,9999.000,9999.000,9999.000,9999.000
202602150718,   0.007,   0.341,9999.000,9999.000,9999.000,9999.000,9999.000,9999.000,9999.000
202602150724,  -0.014,   0.321,9999.000,9999.000,9999.000,9999.000,9999.000,9999.000,9999.000
202602150730,  -0.032,   0.298,9999.000,9999.000,9999.000,9999.000,9999.000,9999.000,9999.000
202602150736,  -0.049,   0.278,9999.000,9999.000,9999.000,9999.000,9999.000,9999.000,9999.000
202602150742,  -0.063,   0.278,9999.000,9999.000,9999.000,9999.000,9999.000,9999.000,9999.000
202602150748,  -0.075,   0.268,9999.000,9999.000,9999.000,9999.000,9999.000,9999.000,9999.000
202602150754,  -0.084,   0.259,9999.000,9999.000,9999.000,9999.000,9999.000,9999.000,9999.000
202602150800,  -0.091,   0.249,   0.500,  -0.160,   0.249,   0.500,   0.249,   0.600,   0.349
202602150806,  -0.095,   0.249,9999.000,9999.000,9999.000,9999.000,9999.000,9999.000,9999.000
202602150812,  -0.097,   0.259,9999.000,9999.000,9999.000,9999.000,9999.000,9999.000,9999.000
202602150818,  -0.096,   0.268,9999.000,9999.000,9999.000,9999.000,9999.000,9999.000,9999.000
202602150824,  -0.093,   0.278,9999.000,9999.000,9999.000,9999.000,9999.000,9999.000,9999.000
202602150830,  -0.086,   0.288,9999.000,9999.000,9999.000,9999.000,9999.000,9999.000,9999.000
202602150836,  -0.078,   0.298,9999.000,9999.000,9999.000,9999.000,9999.000,9999.000,9999.000
202602150842,  -0.067,   0.321,9999.000,9999.000,9999.000,9999.000,9999.000,9999.000,9999.000
202602150848,  -0.053,   0.341,9999.000,9999.000,9999.000,9999.000,9999.000,9999.000,9999.000
202602150854,  -0.037,   0.360,9999.000,9999.000,9999.000,9999.000,9999.000,9999.000,9999.000
202602150900,  -0.018,   0.390,   0.500,  -0.092,   0.390,   0.500,   0.390,   0.600,   0.490
202602150906,   0.002,   0.429,9999.000,9999.000,9999.000,9999.000,9999.000,9999.000,9999.000
202602150912,   0.025,   0.459,9999.000,9999.000,9999.000,9999.000,9999.000,9999.000,9999.000
202602150918,   0.051,   0.478,9999.000,9999.000,9999.000,9999.000,9999.000,9999.000,9999.000
202602150924,   0.078,   0.518,9999.000,9999.000,9999.000,9999.000,9999.000,9999.000,9999.000
202602150930,   0.108,   0.560,9999.000,9999.000,9999.000,9999.000,9999.000,9999.000,9999.000
202602150936,   0.139,   0.600,9999.000,9999.000,9999.000,9999.000,9999.000,9999.000,9999.000
202602150942,   0.173,   0.639,9999.000,9999.000,9999.000,9999.000,9999.000,9999.000,9999.000
202602150948,   0.208,   0.669,9999.000,9999.000,9999.000,9999.000,9999.000,9999.000,9999.000
202602150954,   0.244,   0.708,9999.000,9999.000,9999.000,9999.000,9999.000,9999.000,9999.000
202602151000,   0.282,   0.751,   0.500,  -0.031,   0.751,   0.500,   0.751,   0.600,   0.851
202602151006,   0.321,   0.800,9999.000,9999.000,9999.000,9999.000,9999.000,9999.000,9999.000
202602151012,   0.362,   0.839,9999.000,9999.000,9999.000,9999.000,9999.000,9999.000,9999.000
202602151018,   0.403,   0.888,9999.000,9999.000,9999.000,9999.000,9999.000,9999.000,9999.000
202602151024,   0.445,   0.928,9999.000,9999.000,9999.000,9999.000,9999.000,9999.000,9999.000
202602151030,   0.488,   0.980,9999.000,9999.000,9999.000,9999.000,9999.000,9999.000,9999.000
202602151036,   0.531,   1.029,9999.000,9999.000,9999.000,9999.000,9999.000,9999.000,9999.000
202602151042,   0.575,   1.079,9999.000,9999.000,9999.000,9999.000,9999.000,9999.000,9999.000
202602151048,   0.619,   1.118,9999.000,9999.000,9999.000,9999.000,9999.000,9999.000,9999.000
202602151054,   0.663,   1.170,9999.000,9999.000,9999.000,9999.000,9999.000,9999.000,9999.000
202602151100,   0.708,   1.220,   0.500,   0.012,   1.220,   0.500,   1.220,   0.500,   1.220
202602151106,   0.751,   1.249,9999.000,9999.000,9999.000,9999.000,9999.000,9999.000,9999.000
202602151112,   0.795,   1.289,9999.000,9999.000,9999.000,9999.000,9999.000,9999.000,9999.000
202602151118,   0.838,   1.338,9999.000,9999.000,9999.000,9999.000,9999.000,9999.000,9999.000
202602151124,   0.880,   1.380,9999.000,9999.000,9999.000,9999.000,9999.000,9999.000,9999.000
202602151130,   0.922,   1.410,9999.000,9999.000,9999.000,9999.000,9999.000,9999.000,9999.000
202602151136,   0.963,   1.459,9999.000,9999.000,9999.000,9999.000,9999.000,9999.000,9999.000
202602151142,   1.003,   1.498,9999.000,9999.000,9999.000,9999.000,9999.000,9999.000,9999.000
202602151148,   1.041,   1.538,9999.000,9999.000,9999.000,9999.000,9999.000,9999.000,9999.000
202602151154,   1.078,   1.580,9999.000,9999.000,9999.000,9999.000,9999.000,9999.000,9999.000
202602151200,   1.114,   1.620,   0.500,   0.006,   1.620,   0.500,   1.620,   0.500,   1.620
202602151206,   1.149,   1.649,9999.000,9999.000,9999.000,9999.000,9999.000,9999.000,9999.000
202602151212,   1.182,   1.679,9999.000,9999.000,9999.000,9999.000,9999.000,9999.000,9999.000
202602151218,   1.213,   1.708,9999.000,9999.000,9999.000,9999.000,9999.000,9999.000,9999.000
202602151224,   1.243,   1.738,9999.000,9999.000,9999.000,9999.000,9999.000,9999.000,9999.000
202602151230,   1.271,   1.758,9999.000,9999.000,9999.000,9999.000,9999.000,9999.000,9999.000
202602151236,   1.297,   1.790,9999.000,9999.000,9999.000,9999.000,9999.000,9999.000,9999.000
202602151242,   1.321,   1.810,9999.000,9999.000,9999.000,9999.000,9999.000,9999.000,9999.000
202602151248,   1.343,   1.830,9999.000,9999.000,9999.000,9999.000,9999.000,9999.000,9999.000
202602151254,   1.363,   1.849,9999.000,9999.000,9999.000,9999.000,9999.000,9999.000,9999.000
202602151300,   1.381,   1.859,   0.500,  -0.022,   1.859,   0.500,   1.859,   0.500,   1.859
202602151306,   1.397,   1.859,9999.000,9999.000,9999.000,9999.000,9999.000,9999.000,9999.000
202602151312,   1.411,   1.879,9999.000,9999.000,9999.000,9999.000,9999.000,9999.000,9999.000
202602151318,   1.423,   1.889,9999.000,9999.000,9999.000,9999.000,9999.000,9999.000,9999.000
202602151324,   1.432,   1.879,9999.000,9999.000,9999.000,9999.000,9999.000,9999.000,9999.000
202602151330,   1.440,   1.889,9999.000,9999.000,9999.000,9999.000,9999.000,9999.000,9999.000
202602151336,   1.445,   1.869,9999.000,9999.000,9999.000,9999.000,9999.000,9999.000,9999.000
202602151342,   1.449,   1.859,9999.000,9999.000,9999.000,9999.000,9999.000,9999.000,9999.000
202602151348,   1.450,   1.849,9999.000,9999.000,9999.000,9999.000,9999.000,9999.000,9999.000
202602151354,   1.449,   1.840,9999.000,9999.000,9999.000,9999.000,9999.000,9999.000,9999.000
202602151400,   1.446,   1.810,   0.500,  -0.136,   1.810,   0.500,   1.810,   0.500,   1.810
202602151406,   1.442,   1.790,9999.000,9999.000,9999.000,9999.000,9999.000,9999.000,9999.000
202602151412,   1.435,   1.767,9999.000,9999.000,9999.000,9999.000,9999.000,9999.000,9999.000
202602151418,   1.426,   1.748,9999.000,9999.000,9999.000,9999.000,9999.000,9999.000,9999.000
202602151424,   1.415,   1.728,9999.000,9999.000,9999.000,9999.000,9999.000,9999.000,9999.000
202602151430,   1.403,   1.699,9999.000,9999.000,9999.000,9999.000,9999.000,9999.000,9999.000
202602151436,   1.388,   1.669,9999.000,9999.000,9999.000,9999.000,9999.000,9999.000,9999.000
202602151442,   1.372,   1.639,9999.000,9999.000,9999.000,9999.000,9999.000,9999.000,9999.000
202602151448,   1.354,   1.620,9999.000,9999.000,9999.000,9999.000,9999.000,9999.000,9999.000
202602151454,   1.335,   1.580,9999.000,9999.000,9999.000,9999.000,9999.000,9999.000,9999.000
202602151500,   1.313,   1.548,   0.500,  -0.265,   1.548,   0.400,   1.448,   0.500,   1.548
202602151506,   1.291,   1.518,9999.000,9999.000,9999.000,9999.000,9999.000,9999.000,9999.000
202602151512,   1.267,   1.489,9999.000,9999.000,9999.000,9999.000,9999.000,9999.000,9999.000
202602151518,   1.241,   1.449,9999.000,9999.000,9999.000,9999.000,9999.000,9999.000,9999.000
202602151524,   1.214,   1.410,9999.000,9999.000,9999.000,9999.000,9999.000,9999.000,9999.000
202602151530,   1.186,   1.371,9999.000,9999.000,9999.000,9999.000,9999.000,9999.000,9999.000
202602151536,   1.156,   1.338,9999.000,9999.000,9999.000,9999.000,9999.000,9999.000,9999.000
202602151542,   1.126,   1.289,9999.000,9999.000,9999.000,9999.000,9999.000,9999.000,9999.000
202602151548,   1.094,   1.259,9999.000,9999.000,9999.000,9999.000,9999.000,9999.000,9999.000
202602151554,   1.062,   1.220,9999.000,9999.000,9999.000,9999.000,9999.000,9999.000,9999.000
202602151600,   1.028,   1.180,   0.500,  -0.348,   1.180,   0.400,   1.080,   0.500,   1.180
202602151606,   0.994,   1.138,9999.000,9999.000,9999.000,9999.000,9999.000,9999.000,9999.000
202602151612,   0.959,   1.098,9999.000,9999.000,9999.000,9999.000,9999.000,9999.000,9999.000
202602151618,   0.923,   1.059,9999.000,9999.000,9999.000,9999.000,9999.000,9999.000,9999.000
202602151624,   0.887,   1.010,9999.000,9999.000,9999.000,9999.000,9999.000,9999.000,9999.000
202602151630,   0.850,   0.980,9999.000,9999.000,9999.000,9999.000,9999.000,9999.000,9999.000
202602151636,   0.813,   0.928,9999.000,9999.000,9999.000,9999.000,9999.000,9999.000,9999.000
202602151642,   0.776,   0.888,9999.000,9999.000,9999.000,9999.000,9999.000,9999.000,9999.000
202602151648,   0.738,   0.859,9999.000,9999.000,9999.000,9999.000,9999.000,9999.000,9999.000
202602151654,   0.701,   0.819,9999.000,9999.000,9999.000,9999.000,9999.000,9999.000,9999.000
202602151700,   0.663,   0.780,   0.400,  -0.283,   0.780,   0.400,   0.780,   0.500,   0.880
202602151706,   0.626,   0.741,9999.000,9999.000,9999.000,9999.000,9999.000,9999.000,9999.000
202602151712,   0.589,   0.698,9999.000,9999.000,9999.000,9999.000,9999.000,9999.000,9999.000
202602151718,   0.552,   0.659,9999.000,9999.000,9999.000,9999.000,9999.000,9999.000,9999.000
202602151724,   0.516,   0.619,9999.000,9999.000,9999.000,9999.000,9999.000,9999.000,9999.000
202602151730,   0.480,   0.590,9999.000,9999.000,9999.000,9999.000,9999.000,9999.000,9999.000
202602151736,   0.445,   0.551,9999.000,9999.000,9999.000,9999.000,9999.000,9999.000,9999.000
202602151742,   0.411,   0.508,9999.000,9999.000,9999.000,9999.000,9999.000,9999.000,9999.000
202602151748,   0.378,   0.469,9999.000,9999.000,9999.000,9999.000,9999.000,9999.000,9999.000
202602151754,   0.346,   0.439,9999.000,9999.000,9999.000,9999.000,9999.000,9999.000,9999.000
202602151800,   0.315,   0.400,   0.400,  -0.315,   0.400,   0.400,   0.400,   0.500,   0.500
202602151806,   0.285,   0.370,9999.000,9999.000,9999.000,9999.000,9999.000,9999.000,9999.000
202602151812,   0.257,   0.341,9999.000,9999.000,9999.000,9999.000,9999.000,9999.000,9999.000
202602151818,   0.230,   0.308,9999.000,9999.000,9999.000,9999.000,9999.000,9999.000,9999.000
202602151824,   0.205,   0.278,9999.000,9999.000,9999.000,9999.000,9999.000,9999.000,9999.000
202602151830,   0.182,   0.249,9999.000,9999.000,9999.000,9999.000,9999.000,9999.000,9999.000
202602151836,   0.161,   0.219,9999.000,9999.000,9999.000,9999.000,9999.000,9999.000,9999.000
202602151842,   0.141,   0.200,9999.000,9999.000,9999.000,9999.000,9999.000,9999.000,9999.000
202602151848,   0.124,   0.180,9999.000,9999.000,9999.000,9999.000,9999.000,9999.000,9999.000
202602151854,   0.108,   0.160,9999.000,9999.000,9999.000,9999.000,9999.000,9999.000,9999.000
202602151900,   0.095,   0.141,   0.400,  -0.354,   0.141,   0.400,   0.141,   0.500,   0.241
202602151906,   0.085,   0.131,9999.000,9999.000,9999.000,9999.000,9999.000,9999.000,9999.000
202602151912,   0.076,   0.121,9999.000,9999.000,9999.000,9999.000,9999.000,9999.000,9999.000
202602151918,   0.071,   0.111,9999.000,9999.000,9999.000,9999.000,9999.000,9999.000,9999.000
202602151924,   0.067,   0.098,9999.000,9999.000,9999.000,9999.000,9999.000,9999.000,9999.000
202602151930,   0.067,   0.098,9999.000,9999.000,9999.000,9999.000,9999.000,9999.000,9999.000
202602151936,   0.069,   0.111,9999.000,9999.000,9999.000,9999.000,9999.000,9999.000,9999.000
202602151942,   0.073,   0.121,9999.000,9999.000,9999.000,9999.000,9999.000,9999.000,9999.000
202602151948,   0.081,   0.131,9999.000,9999.000,9999.000,9999.000,9999.000,9999.000,9999.000
202602151954,   0.091,   0.141,9999.000,9999.000,9999.000,9999.000,9999.000,9999.000,9999.000
202602152000,   0.104,   0.150,   0.400,  -0.354,   0.150,   0.400,   0.150,   0.400,   0.150
202602152006,   0.119,   0.170,9999.000,9999.000,9999.000,9999.000,9999.000,9999.000,9999.000
202602152012,   0.137,   0.209,9999.000,9999.000,9999.000,9999.000,9999.000,9999.000,9999.000
202602152018,   0.159,   0.239,9999.000,9999.000,9999.000,9999.000,9999.000,9999.000,9999.000
202602152024,   0.182,   0.278,9999.000,9999.000,9999.000,9999.000,9999.000,9999.000,9999.000
202602152030,   0.209,   0.331,9999.000,9999.000,9999.000,9999.000,9999.000,9999.000,9999.000
202602152036,   0.238,   0.350,9999.000,9999.000,9999.000,9999.000,9999.000,9999.000,9999.000
202602152042,   0.269,   0.400,9999.000,9999.000,9999.000,9999.000,9999.000,9999.000,9999.000
202602152048,   0.303,   0.449,9999.000,9999.000,9999.000,9999.000,9999.000,9999.000,9999.000
202602152054,   0.339,   0.498,9999.000,9999.000,9999.000,9999.000,9999.000,9999.000,9999.000
202602152100,   0.378,   0.551,   0.400,  -0.227,   0.551,   0.400,   0.551,   0.400,   0.551
202602152106,   0.419,   0.600,9999.000,9999.000,9999.000,9999.000,9999.000,9999.000,9999.000
202602152112,   0.461,   0.659,9999.000,9999.000,9999.000,9999.000,9999.000,9999.000,9999.000
202602152118,   0.506,   0.718,9999.000,9999.000,9999.000,9999.000,9999.000,9999.000,9999.000
202602152124,   0.553,   0.790,9999.000,9999.000,9999.000,9999.000,9999.000,9999.000,9999.000
202602152130,   0.601,   0.849,9999.000,9999.000,9999.000,9999.000,9999.000,9999.000,9999.000
202602152136,   0.651,   0.898,9999.000,9999.000,9999.000,9999.000,9999.000,9999.000,9999.000
202602152142,   0.702,   0.961,9999.000,9999.000,9999.000,9999.000,9999.000,9999.000,9999.000
202602152148,   0.754,   1.020,9999.000,9999.000,9999.000,9999.000,9999.000,9999.000,9999.000
202602152154,   0.807,   1.079,9999.000,9999.000,9999.000,9999.000,9999.000,9999.000,9999.000
202602152200,   0.862,   1.138,   0.400,  -0.124,   1.138,   0.400,   1.138,   0.400,   1.138
202602152206,   0.917,   1.210,9999.000,9999.000,9999.000,9999.000,9999.000,9999.000,9999.000
202602152212,   0.972,   1.269,9999.000,9999.000,9999.000,9999.000,9999.000,9999.000,9999.000
202602152218,   1.028,   1.328,9999.000,9999.000,9999.000,9999.000,9999.000,9999.000,9999.000
202602152224,   1.085,   1.380,9999.000,9999.000,9999.000,9999.000,9999.000,9999.000,9999.000
202602152230,   1.141,   1.449,9999.000,9999.000,9999.000,9999.000,9999.000,9999.000,9999.000
202602152236,   1.197,   1.508,9999.000,9999.000,9999.000,9999.000,9999.000,9999.000,9999.000
202602152242,   1.253,   1.557,9999.000,9999.000,9999.000,9999.000,9999.000,9999.000,9999.000
202602152248,   1.308,   1.620,9999.000,9999.000,9999.000,9999.000,9999.000,9999.000,9999.000
202602152254,   1.363,   1.679,9999.000,9999.000,9999.000,9999.000,9999.000,9999.000,9999.000
202602152300,   1.416,   1.728,   0.400,  -0.088,   1.728,   0.400,   1.728,   0.400,   1.728
202602152306,   1.469,   1.790,9999.000,9999.000,9999.000,9999.000,9999.000,9999.000,9999.000
202602152312,   1.521,   1.840,9999.000,9999.000,9999.000,9999.000,9999.000,9999.000,9999.000
202602152318,   1.571,   1.889,9999.000,9999.000,9999.000,9999.000,9999.000,9999.000,9999.000
202602152324,   1.620,   1.948,9999.000,9999.000,9999.000,9999.000,9999.000,9999.000,9999.000
202602152330,   1.668,   1.990,9999.000,9999.000,9999.000,9999.000,9999.000,9999.000,9999.000
202602152336,   1.714,   2.040,9999.000,9999.000,9999.000,9999.000,9999.000,9999.000,9999.000
202602152342,   1.758,   2.079,9999.000,9999.000,9999.000,9999.000,9999.000,9999.000,9999.000
202602152348,   1.800,   2.118,9999.000,9999.000,9999.000,9999.000,9999.000,9999.000,9999.000
202602152354,   1.840,   2.168,9999.000,9999.000,9999.000,9999.000,9999.000,9999.000,9999.000
202602160000,   1.878,   2.200,   0.400,  -0.078,   2.200,   0.400,   2.200,   0.400,   2.200
202602160006,   1.914,   2.250,9999.000,9999.000,9999.000,9999.000,9999.000,9999.000,9999.000
202602160012,   1.948,   2.289,9999.000,9999.000,9999.000,9999.000,9999.000,9999.000,9999.000
202602160018,   1.979,   2.309,9999.000,9999.000,9999.000,9999.000,9999.000,9999.000,9999.000
202602160024,   2.008,   2.348,9999.000,9999.000,9999.000,9999.000,9999.000,9999.000,9999.000
202602160030,   2.034,   2.377,9999.000,9999.000,9999.000,9999.000,9999.000,9999.000,9999.000
202602160036,   2.059,   2.410,9999.000,9999.000,9999.000,9999.000,9999.000,9999.000,9999.000
202602160042,   2.080,   2.430,9999.000,9999.000,9999.000,9999.000,9999.000,9999.000,9999.000
202602160048,   2.099,   2.450,9999.000,9999.000,9999.000,9999.000,9999.000,9999.000,9999.000
202602160054,   2.116,   2.479,9999.000,9999.000,9999.000,9999.000,9999.000,9999.000,9999.000
202602160100,   2.130,   2.509,   0.400,  -0.021,   2.509,   0.400,   2.509,   0.400,   2.509
202602160106,   2.142,   2.519,9999.000,9999.000,9999.000,9999.000,9999.000,9999.000,9999.000
202602160112,   2.151,   2.528,9999.000,9999.000,9999.000,9999.000,9999.000,9999.000,9999.000
202602160118,   2.158,   2.558,9999.000,9999.000,9999.000,9999.000,9999.000,9999.000,9999.000
202602160124,   2.162,   2.548,9999.000,9999.000,9999.000,9999.000,9999.000,9999.000,9999.000
202602160130,   2.164,   2.548,9999.000,9999.000,9999.000,9999.000,9999.000,9999.000,9999.000
202602160136,   2.163,   2.568,9999.000,9999.000,9999.000,9999.000,9999.000,9999.000,9999.000
202602160142,   2.161,   2.548,9999.000,9999.000,9999.000,9999.000,9999.000,9999.000,9999.000
202602160148,   2.156,   2.548,9999.000,9999.000,9999.000,9999.000,9999.000,9999.000,9999.000
202602160154,   2.148,   2.558,9999.000,9999.000,9999.000,9999.000,9999.000,9999.000,9999.000
202602160200,   2.139,   2.538,   0.400,  -0.001,   2.538,   0.400,   2.538,   0.400,   2.538
202602160206,   2.128,   2.519,9999.000,9999.000,9999.000,9999.000,9999.000,9999.000,9999.000
202602160212,   2.114,   2.499,9999.000,9999.000,9999.000,9999.000,9999.000,9999.000,9999.000
202602160218,   2.098,   2.459,9999.000,9999.000,9999.000,9999.000,9999.000,9999.000,9999.000
202602160224,   2.081,   2.450,9999.000,9999.000,9999.000,9999.000,9999.000,9999.000,9999.000
202602160230,   2.062,   2.420,9999.000,9999.000,9999.000,9999.000,9999.000,9999.000,9999.000
202602160236,   2.041,   2.387,9999.000,9999.000,9999.000,9999.000,9999.000,9999.000,9999.000
202602160242,   2.018,   2.358,9999.000,9999.000,9999.000,9999.000,9999.000,9999.000,9999.000
202602160248,   1.993,   2.318,9999.000,9999.000,9999.000,9999.000,9999.000,9999.000,9999.000
202602160254,   1.967,   2.289,9999.000,9999.000,9999.000,9999.000,9999.000,9999.000,9999.000
202602160300,   1.940,   2.269,   0.400,  -0.071,   2.269,   0.300,   2.169,   0.400,   2.269
202602160306,   1.911,   2.220,9999.000,9999.000,9999.000,9999.000,9999.000,9999.000,9999.000
202602160312,   1.880,   2.177,9999.000,9999.000,9999.000,9999.000,9999.000,9999.000,9999.000
202602160318,   1.848,   2.138,9999.000,9999.000,9999.000,9999.000,9999.000,9999.000,9999.000
202602160324,   1.815,   2.099,9999.000,9999.000,9999.000,9999.000,9999.000,9999.000,9999.000
202602160330,   1.781,   2.040,9999.000,9999.000,9999.000,9999.000,9999.000,9999.000,9999.000
202602160336,   1.745,   2.000,9999.000,9999.000,9999.000,9999.000,9999.000,9999.000,9999.000
202602160342,   1.708,   1.948,9999.000,9999.000,9999.000,9999.000,9999.000,9999.000,9999.000
202602160348,   1.670,   1.908,9999.000,9999.000,9999.000,9999.000,9999.000,9999.000,9999.000
202602160354,   1.631,   1.869,9999.000,9999.000,9999.000,9999.000,9999.000,9999.000,9999.000
202602160400,   1.591,   1.820,   0.400,  -0.171,   1.820,   0.300,   1.720,   0.400,   1.820
202602160406,   1.551,   1.767,9999.000,9999.000,9999.000,9999.000,9999.000,9999.000,9999.000
202602160412,   1.509,   1.708,9999.000,9999.000,9999.000,9999.000,9999.000,9999.000,9999.000
202602160418,   1.466,   1.659,9999.000,9999.000,9999.000,9999.000,9999.000,9999.000,9999.000
202602160424,   1.423,   1.600,9999.000,9999.000,9999.000,9999.000,9999.000,9999.000,9999.000
202602160430,   1.378,   1.557,9999.000,9999.000,9999.000,9999.000,9999.000,9999.000,9999.000
202602160436,   1.333,   1.508,9999.000,9999.000,9999.000,9999.000,9999.000,9999.000,9999.000
202602160442,   1.288,   1.459,9999.000,9999.000,9999.000,9999.000,9999.000,9999.000,9999.000
202602160448,   1.241,   1.410,9999.000,9999.000,9999.000,9999.000,9999.000,9999.000,9999.000
202602160454,   1.195,   1.371,9999.000,9999.000,9999.000,9999.000,9999.000,9999.000,9999.000
202602160500,   1.147,   1.318,   0.300,  -0.129,   1.318,   0.300,   1.318,   0.400,   1.418
202602160506,   1.100,   1.269,9999.000,9999.000,9999.000,9999.000,9999.000,9999.000,9999.000
202602160512,   1.051,   1.229,9999.000,9999.000,9999.000,9999.000,9999.000,9999.000,9999.000
202602160518,   1.003,   1.180,9999.000,9999.000,9999.000,9999.000,9999.000,9999.000,9999.000
202602160524,   0.954,   1.128,9999.000,9999.000,9999.000,9999.000,9999.000,9999.000,9999.000
202602160530,   0.905,   1.079,9999.000,9999.000,9999.000,9999.000,9999.000,9999.000,9999.000
202602160536,   0.856,   1.039,9999.000,9999.000,9999.000,9999.000,9999.000,9999.000,9999.000
202602160542,   0.807,   0.990,9999.000,9999.000,9999.000,9999.000,9999.000,9999.000,9999.000
202602160548,   0.758,   0.951,9999.000,9999.000,9999.000,9999.000,9999.000,9999.000,9999.000
202602160554,   0.709,   0.898,9999.000,9999.000,9999.000,9999.000,9999.000,9999.000,9999.000
202602160600,   0.661,   0.849,   0.300,  -0.112,   0.849,   0.300,   0.849,   0.300,   0.849
202602160606,   0.613,   0.790,9999.000,9999.000,9999.000,9999.000,9999.000,9999.000,9999.000
202602160612,   0.565,   0.760,9999.000,9999.000,9999.000,9999.000,9999.000,9999.000,9999.000
202602160618,   0.517,   0.708,9999.000,9999.000,9999.000,9999.000,9999.000,9999.000,9999.000
202602160624,   0.471,   0.669,9999.000,9999.000,9999.000,9999.000,9999.000,9999.000,9999.000
202602160630,   0.425,   0.629,9999.000,9999.000,9999.000,9999.000,9999.000,9999.000,9999.000
202602160636,   0.380,   0.590,9999.000,9999.000,9999.000,9999.000,9999.000,9999.000,9999.000
202602160642,   0.335,   0.551,9999.000,9999.000,9999.000,9999.000,9999.000,9999.000,9999.000
202602160648,   0.292,   0.508,9999.000,9999.000,9999.000,9999.000,9999.000,9999.000,9999.000
202602160654,   0.251,   0.469,9999.000,9999.000,9999.000,9999.000,9999.000,9999.000,9999.000
202602160700,   0.210,   0.429,   0.300,  -0.081,   0.429,   0.300,   0.429,   0.300,   0.429
202602160706,   0.171,   0.390,9999.000,9999.000,9999.000,9999.000,9999.000,9999.000,9999.000
202602160712,   0.133,   0.360,9999.000,9999.000,9999.000,9999.000,9999.000,9999.000,9999.000
202602160718,   0.097,   0.321,9999.000,9999.000,9999.000,9999.000,9999.000,9999.000,9999.000
202602160724,   0.063,   0.288,9999.000,9999.000,9999.000,9999.000,9999.000,9999.000,9999.000
202602160730,   0.031,   0.268,9999.000,9999.000,9999.000,9999.000,9999.000,9999.000,9999.000
202602160736,   0.001,   0.239,9999.000,9999.000,9999.000,9999.000,9999.000,9999.000,9999.000
202602160742,  -0.026,   0.209,9999.000,9999.000,9999.000,9999.000,9999.000,9999.000,9999.000
202602160748,  -0.052,   0.180,9999.000,9999.000,9999.000,9999.000,9999.000,9999.000,9999.000
202602160754,  -0.076,   0.160,9999.000,9999.000,9999.000,9999.000,9999.000,9999.000,9999.000
202602160800,  -0.097,   0.141,   0.300,  -0.062,   0.141,   0.300,   0.141,   0.300,   0.141
202602160806,  -0.116,   0.121,9999.000,9999.000,9999.000,9999.000,9999.000,9999.000,9999.000
202602160812,  -0.132,   0.111,9999.000,9999.000,9999.000,9999.000,9999.000,9999.000,9999.000
202602160818,  -0.146,   0.098,9999.000,9999.000,9999.000,9999.000,9999.000,9999.000,9999.000
202602160824,  -0.156,   0.098,9999.000,9999.000,9999.000,9999.000,9999.000,9999.000,9999.000
202602160830,  -0.165,   0.088,9999.000,9999.000,9999.000,9999.000,9999.000,9999.000,9999.000
202602160836,  -0.170,   0.088,9999.000,9999.000,9999.000,9999.000,9999.000,9999.000,9999.000
202602160842,  -0.173,   0.078,9999.000,9999.000,9999.000,9999.000,9999.000,9999.000,9999.000
202602160848,  -0.172,   0.088,9999.000,9999.000,9999.000,9999.000,9999.000,9999.000,9999.000
202602160854,  -0.169,   0.098,9999.000,9999.000,9999.000,9999.000,9999.000,9999.000,9999.000
202602160900,  -0.163,   0.121,   0.300,  -0.016,   0.121,   0.300,   0.121,   0.300,   0.121
202602160906,  -0.154,   0.131,9999.000,9999.000,9999.000,9999.000,9999.000,9999.000,9999.000
202602160912,  -0.143,   0.150,9999.000,9999.000,9999.000,9999.000,9999.000,9999.000,9999.000
202602160918,  -0.128,   0.180,9999.000,9999.000,9999.000,9999.000,9999.000,9999.000,9999.000
202602160924,  -0.111,   0.209,9999.000,9999.000,9999.000,9999.000,9999.000,9999.000,9999.000
202602160930,  -0.091,   0.239,9999.000,9999.000,9999.000,9999.000,9999.000,9999.000,9999.000
202602160936,  -0.069,   0.278,9999.000,9999.000,9999.000,9999.000,9999.000,9999.000,9999.000
202602160942,  -0.044,   0.308,9999.000,9999.000,9999.000,9999.000,9999.000,9999.000,9999.000
202602160948,  -0.016,   0.360,9999.000,9999.000,9999.000,9999.000,9999.000,9999.000,9999.000
202602160954,   0.013,   0.390,9999.000,9999.000,9999.000,9999.000,9999.000,9999.000,9999.000
202602161000,   0.045,   0.439,   0.300,   0.094,   0.439,   0.200,   0.339,   0.300,   0.439
202602161006,   0.079,   0.488,9999.000,9999.000,9999.000,9999.000,9999.000,9999.000,9999.000
202602161012,   0.116,   0.531,9999.000,9999.000,9999.000,9999.000,9999.000,9999.000,9999.000
202602161018,   0.154,   0.580,9999.000,9999.000,9999.000,9999.000,9999.000,9999.000,9999.000
202602161024,   0.194,   0.629,9999.000,9999.000,9999.000,9999.000,9999.000,9999.000,9999.000
202602161030,   0.236,   0.678,9999.000,9999.000,9999.000,9999.000,9999.000,9999.000,9999.000
202602161036,   0.279,   0.731,9999.000,9999.000,9999.000,9999.000,9999.000,9999.000,9999.000
202602161042,   0.324,   0.780,9999.000,9999.000,9999.000,9999.000,9999.000,9999.000,9999.000
202602161048,   0.370,   0.839,9999.000,9999.000,9999.000,9999.000,9999.000,9999.000,9999.000
202602161054,   0.416,   0.888,9999.000,9999.000,9999.000,9999.000,9999.000,9999.000,9999.000
202602161100,   0.464,   0.928,   0.200,   0.264,   0.928,   0.200,   0.928,   0.300,   1.028
202602161106,   0.512,   0.990,9999.000,9999.000,9999.000,9999.000,9999.000,9999.000,9999.000
202602161112,   0.561,   1.039,9999.000,9999.000,9999.000,9999.000,9999.000,9999.000,9999.000
202602161118,   0.610,   1.088,9999.000,9999.000,9999.000,9999.000,9999.000,9999.000,9999.000
202602161124,   0.659,   1.138,9999.000,9999.000,9999.000,9999.000,9999.000,9999.000,9999.000
202602161130,   0.709,   1.190,9999.000,9999.000,9999.000,9999.000,9999.000,9999.000,9999.000
202602161136,   0.758,   1.239,9999.000,9999.000,9999.000,9999.000,9999.000,9999.000,9999.000
202602161142,   0.807,   1.279,9999.000,9999.000,9999.000,9999.000,9999.000,9999.000,9999.000
202602161148,   0.855,   1.328,9999.000,9999.000,9999.000,9999.000,9999.000,9999.000,9999.000
202602161154,   0.903,   1.371,9999.000,9999.000,9999.000,9999.000,9999.000,9999.000,9999.000
202602161200,   0.950,   1.420,   0.300,   0.170,   1.420,   0.200,   1.320,   0.300,   1.420
202602161206,   0.996,   1.469,9999.000,9999.000,9999.000,9999.000,9999.000,9999.000,9999.000
202602161212,   1.041,   1.518,9999.000,9999.000,9999.000,9999.000,9999.000,9999.000,9999.000
202602161218,   1.085,   1.557,9999.000,9999.000,9999.000,9999.000,9999.000,9999.000,9999.000
202602161224,   1.127,   1.600,9999.000,9999.000,9999.000,9999.000,9999.000,9999.000,9999.000
202602161230,   1.168,   1.649,9999.000,9999.000,9999.000,9999.000,9999.000,9999.000,9999.000
202602161236,   1.207,   1.689,9999.000,9999.000,9999.000,9999.000,9999.000,9999.000,9999.000
202602161242,   1.245,   1.728,9999.000,9999.000,9999.000,9999.000,9999.000,9999.000,9999.000
202602161248,   1.281,   1.781,9999.000,9999.000,9999.000,9999.000,9999.000,9999.000,9999.000
202602161254,   1.315,   1.820,9999.000,9999.000,9999.000,9999.000,9999.000,9999.000,9999.000
202602161300,   1.348,   1.859,   0.200,   0.311,   1.859,   0.200,   1.859,   0.300,   1.959
202602161306,   1.378,   1.889,9999.000,9999.000,9999.000,9999.000,9999.000,9999.000,9999.000
202602161312,   1.406,   1.918,9999.000,9999.000,9999.000,9999.000,9999.000,9999.000,9999.000
202602161318,   1.432,   1.958,9999.000,9999.000,9999.000,9999.000,9999.000,9999.000,9999.000
202602161324,   1.456,   1.967,9999.000,9999.000,9999.000,9999.000,9999.000,9999.000,9999.000
202602161330,   1.478,   1.990,9999.000,9999.000,9999.000,9999.000,9999.000,9999.000,9999.000
202602161336,   1.497,   2.020,9999.000,9999.000,9999.000,9999.000,9999.000,9999.000,9999.000
202602161342,   1.515,   2.030,9999.000,9999.000,9999.000,9999.000,9999.000,9999.000,9999.000
202602161348,   1.530,   2.040,9999.000,9999.000,9999.000,9999.000,9999.000,9999.000,9999.000
202602161354,   1.542,   2.049,9999.000,9999.000,9999.000,9999.000,9999.000,9999.000,9999.000
202602161400,   1.553,   2.049,   0.200,   0.296,   2.049,   0.200,   2.049,   0.300,   2.149
202602161406,   1.561,   2.069,9999.000,9999.000,9999.000,9999.000,9999.000,9999.000,9999.000
202602161412,   1.567,   2.069,9999.000,9999.000,9999.000,9999.000,9999.000,9999.000,9999.000
202602161418,   1.571,   2.079,9999.000,9999.000,9999.000,9999.000,9999.000,9999.000,9999.000
202602161424,   1.572,   2.089,9999.000,9999.000,9999.000,9999.000,9999.000,9999.000,9999.000
202602161430,   1.571,   2.079,9999.000,9999.000,9999.000,9999.000,9999.000,9999.000,9999.000
202602161436,   1.569,   2.079,9999.000,9999.000,9999.000,9999.000,9999.000,9999.000,9999.000
202602161442,   1.564,   2.069,9999.000,9999.000,9999.000,9999.000,9999.000,9999.000,9999.000
202602161448,   1.556,   2.069,9999.000,9999.000,9999.000,9999.000,9999.000,9999.000,9999.000
202602161454,   1.547,   2.049,9999.000,9999.000,9999.000,9999.000,9999.000,9999.000,9999.000
202602161500,   1.536,   2.040,   0.200,   0.304,   2.040,   0.200,   2.040,   0.300,   2.140
202602161506,   1.523,   2.030,9999.000,9999.000,9999.000,9999.000,9999.000,9999.000,9999.000
202602161512,   1.508,   2.010,9999.000,9999.000,9999.000,9999.000,9999.000,9999.000,9999.000
202602161518,   1.491,   1.990,9999.000,9999.000,9999.000,9999.000,9999.000,9999.000,9999.000
202602161524,   1.473,   1.967,9999.000,9999.000,9999.000,9999.000,9999.000,9999.000,9999.000
202602161530,   1.452,   1.938,9999.000,9999.000,9999.000,9999.000,9999.000,9999.000,9999.000
202602161536,   1.430,   1.918,9999.000,9999.000,9999.000,9999.000,9999.000,9999.000,9999.000
202602161542,   1.407,   1.889,9999.000,9999.000,9999.000,9999.000,9999.000,9999.000,9999.000
202602161548,   1.381,   1.849,9999.000,9999.000,9999.000,9999.000,9999.000,9999.000,9999.000
202602161554,   1.355,   1.820,9999.000,9999.000,9999.000,9999.000,9999.000,9999.000,9999.000
202602161600,   1.326,   1.781,   0.200,   0.255,   1.781,   0.200,   1.781,   0.300,   1.881
202602161606,   1.297,   1.738,9999.000,9999.000,9999.000,9999.000,9999.000,9999.000,9999.000
202602161612,   1.266,   1.708,9999.000,9999.000,9999.000,9999.000,9999.000,9999.000,9999.000
202602161618,   1.234,   1.679,9999.000,9999.000,9999.000,9999.000,9999.000,9999.000,9999.000
202602161624,   1.201,   1.639,9999.000,9999.000,9999.000,9999.000,9999.000,9999.000,9999.000
202602161630,   1.166,   1.600,9999.000,9999.000,9999.000,9999.000,9999.000,9999.000,9999.000
202602161636,   1.131,   1.571,9999.000,9999.000,9999.000,9999.000,9999.000,9999.000,9999.000
202602161642,   1.095,   1.518,9999.000,9999.000,9999.000,9999.000,9999.000,9999.000,9999.000
202602161648,   1.058,   1.479,9999.000,9999.000,9999.000,9999.000,9999.000,9999.000,9999.000
202602161654,   1.020,   1.439,9999.000,9999.000,9999.000,9999.000,9999.000,9999.000,9999.000
202602161700,   0.981,   1.400,   0.200,   0.219,   1.400,   0.200,   1.400,   0.300,   1.500
202602161706,   0.942,   1.348,9999.000,9999.000,9999.000,9999.000,9999.000,9999.000,9999.000
202602161712,   0.903,   1.308,9999.000,9999.000,9999.000,9999.000,9999.000,9999.000,9999.000
202602161718,   0.863,   1.269,9999.000,9999.000,9999.000,9999.000,9999.000,9999.000,9999.000
202602161724,   0.822,   1.229,9999.000,9999.000,9999.000,9999.000,9999.000,9999.000,9999.000
202602161730,   0.782,   1.190,9999.000,9999.000,9999.000,9999.000,9999.000,9999.000,9999.000
202602161736,   0.741,   1.138,9999.000,9999.000,9999.000,9999.000,9999.000,9999.000,9999.000
202602161742,   0.700,   1.098,9999.000,9999.000,9999.000,9999.000,9999.000,9999.000,9999.000
202602161748,   0.660,   1.069,9999.000,9999.000,9999.000,9999.000,9999.000,9999.000,9999.000
202602161754,   0.619,   1.020,9999.000,9999.000,9999.000,9999.000,9999.000,9999.000,9999.000
202602161800,   0.579,   0.980,   0.300,   0.101,   0.980,   0.200,   0.880,   0.300,   0.980
202602161806,   0.539,   0.941,9999.000,9999.000,9999.000,9999.000,9999.000,9999.000,9999.000
202602161812,   0.500,   0.898,9999.000,9999.000,9999.000,9999.000,9999.000,9999.000,9999.000
202602161818,   0.462,   0.859,9999.000,9999.000,9999.000,9999.000,9999.000,9999.000,9999.000
202602161824,   0.424,   0.829,9999.000,9999.000,9999.000,9999.000,9999.000,9999.000,9999.000
202602161830,   0.387,   0.800,9999.000,9999.000,9999.000,9999.000,9999.000,9999.000,9999.000
202602161836,   0.351,   0.760,9999.000,9999.000,9999.000,9999.000,9999.000,9999.000,9999.000
202602161842,   0.317,   0.718,9999.000,9999.000,9999.000,9999.000,9999.000,9999.000,9999.000
202602161848,   0.283,   0.688,9999.000,9999.000,9999.000,9999.000,9999.000,9999.000,9999.000
202602161854,   0.251,   0.659,9999.000,9999.000,9999.000,9999.000,9999.000,9999.000,9999.000
202602161900,   0.221,   0.629,   0.300,   0.108,   0.629,   0.200,   0.529,   0.300,   0.629
202602161906,   0.192,   0.600,9999.000,9999.000,9999.000,9999.000,9999.000,9999.000,9999.000
202602161912,   0.165,   0.570,9999.000,9999.000,9999.000,9999.000,9999.000,9999.000,9999.000
202602161918,   0.140,   0.541,9999.000,9999.000,9999.000,9999.000,9999.000,9999.000,9999.000
202602161924,   0.117,   0.518,9999.000,9999.000,9999.000,9999.000,9999.000,9999.000,9999.000
202602161930,   0.096,   0.498,9999.000,9999.000,9999.000,9999.000,9999.000,9999.000,9999.000
202602161936,   0.078,   0.478,9999.000,9999.000,9999.000,9999.000,9999.000,9999.000,9999.000
202602161942,   0.061,   0.459,9999.000,9999.000,9999.000,9999.000,9999.000,9999.000,9999.000
202602161948,   0.047,   0.449,9999.000,9999.000,9999.000,9999.000,9999.000,9999.000,9999.000
202602161954,   0.036,   0.439,9999.000,9999.000,9999.000,9999.000,9999.000,9999.000,9999.000
202602162000,   0.027,   0.429,   0.300,   0.102,   0.429,   0.200,   0.329,   0.300,   0.429
202602162006,   0.021,   0.419,9999.000,9999.000,9999.000,9999.000,9999.000,9999.000,9999.000
202602162012,   0.018,   0.429,9999.000,9999.000,9999.000,9999.000,9999.000,9999.000,9999.000
202602162018,   0.018,   0.429,9999.000,9999.000,9999.000,9999.000,9999.000,9999.000,9999.000
202602162024,   0.020,   0.429,9999.000,9999.000,9999.000,9999.000,9999.000,9999.000,9999.000
202602162030,   0.025,   0.439,9999.000,9999.000,9999.000,9999.000,9999.000,9999.000,9999.000
202602162036,   0.034,   0.469,9999.000,9999.000,9999.000,9999.000,9999.000,9999.000,9999.000
202602162042,   0.045,   0.478,9999.000,9999.000,9999.000,9999.000,9999.000,9999.000,9999.000
202602162048,   0.059,   0.498,9999.000,9999.000,9999.000,9999.000,9999.000,9999.000,9999.000
202602162054,   0.076,   0.531,9999.000,9999.000,9999.000,9999.000,9999.000,9999.000,9999.000
202602162100,   0.097,   0.560,   0.300,   0.163,   0.560,   0.200,   0.460,   0.300,   0.560
202602162106,   0.120,   0.590,9999.000,9999.000,9999.000,9999.000,9999.000,9999.000,9999.000
202602162112,   0.146,   0.629,9999.000,9999.000,9999.000,9999.000,9999.000,9999.000,9999.000
202602162118,   0.175,   0.669,9999.000,9999.000,9999.000,9999.000,9999.000,9999.000,9999.000
202602162124,   0.206,   0.708,9999.000,9999.000,9999.000,9999.000,9999.000,9999.000,9999.000
202602162130,   0.241,   0.751,9999.000,9999.000,9999.000,9999.000,9999.000,9999.000,9999.000
202602162136,   0.278,   0.800,9999.000,9999.000,9999.000,9999.000,9999.000,9999.000,9999.000
202602162142,   0.317,   0.849,9999.000,9999.000,9999.000,9999.000,9999.000,9999.000,9999.000
202602162148,   0.359,   0.898,9999.000,9999.000,9999.000,9999.000,9999.000,9999.000,9999.000
202602162154,   0.404,   0.951,9999.000,9999.000,9999.000,9999.000,9999.000,9999.000,9999.000
202602162200,   0.450,   1.010,   0.300,   0.260,   1.010,   0.200,   0.910,   0.300,   1.010
202602162206,   0.499,   1.069,9999.000,9999.000,9999.000,9999.000,9999.000,9999.000,9999.000
202602162212,   0.549,   1.118,9999.000,9999.000,9999.000,9999.000,9999.000,9999.000,9999.000
202602162218,   0.601,   1.180,9999.000,9999.000,9999.000,9999.000,9999.000,9999.000,9999.000
202602162224,   0.655,   1.239,9999.000,9999.000,9999.000,9999.000,9999.000,9999.000,9999.000
202602162230,   0.710,   1.308,9999.000,9999.000,9999.000,9999.000,9999.000,9999.000,9999.000
202602162236,   0.766,   1.371,9999.000,9999.000,9999.000,9999.000,9999.000,9999.000,9999.000
202602162242,   0.824,   1.430,9999.000,9999.000,9999.000,9999.000,9999.000,9999.000,9999.000
202602162248,   0.882,   1.498,9999.000,9999.000,9999.000,9999.000,9999.000,9999.000,9999.000
202602162254,   0.941,   1.548,9999.000,9999.000,9999.000,9999.000,9999.000,9999.000,9999.000
202602162300,   1.000,   1.620,   0.300,   0.320,   1.620,   0.200,   1.520,   0.300,   1.620
202602162306,   1.060,   1.679,9999.000,9999.000,9999.000,9999.000,9999.000,9999.000,9999.000
202602162312,   1.120,   1.738,9999.000,9999.000,9999.000,9999.000,9999.000,9999.000,9999.000
202602162318,   1.180,   1.810,9999.000,9999.000,9999.000,9999.000,9999.000,9999.000,9999.000
202602162324,   1.239,   1.869,9999.000,9999.000,9999.000,9999.000,9999.000,9999.000,9999.000
202602162330,   1.298,   1.938,9999.000,9999.000,9999.000,9999.000,9999.000,9999.000,9999.000
202602162336,   1.356,   2.000,9999.000,9999.000,9999.000,9999.000,9999.000,9999.000,9999.000
202602162342,   1.413,   2.069,9999.000,9999.000,9999.000,9999.000,9999.000,9999.000,9999.000
202602162348,   1.470,   2.128,9999.000,9999.000,9999.000,9999.000,9999.000,9999.000,9999.000
202602162354,   1.525,   2.191,9999.000,9999.000,9999.000,9999.000,9999.000,9999.000,9999.000
202602170000,   1.578,   2.250,   0.300,   0.372,   2.250,   0.300,   2.250,   0.400,   2.350
202602170006,   1.631,   2.309,9999.000,9999.000,9999.000,9999.000,9999.000,9999.000,9999.000
202602170012,   1.681,   2.358,9999.000,9999.000,9999.000,9999.000,9999.000,9999.000,9999.000
202602170018,   1.730,   2.420,9999.000,9999.000,9999.000,9999.000,9999.000,9999.000,9999.000
202602170024,   1.776,   2.469,9999.000,9999.000,9999.000,9999.000,9999.000,9999.000,9999.000
202602170030,   1.821,   2.519,9999.000,9999.000,9999.000,9999.000,9999.000,9999.000,9999.000
202602170036,   1.864,   2.558,9999.000,9999.000,9999.000,9999.000,9999.000,9999.000,9999.000
202602170042,   1.904,   2.610,9999.000,9999.000,9999.000,9999.000,9999.000,9999.000,9999.000
202602170048,   1.941,   2.650,9999.000,9999.000,9999.000,9999.000,9999.000,9999.000,9999.000
202602170054,   1.977,   2.689,9999.000,9999.000,9999.000,9999.000,9999.000,9999.000,9999.000
202602170100,   2.009,   2.719,   0.400,   0.310,   2.719,   0.300,   2.619,   0.400,   2.719
202602170106,   2.040,   2.758,9999.000,9999.000,9999.000,9999.000,9999.000,9999.000,9999.000
202602170112,   2.067,   2.787,9999.000,9999.000,9999.000,9999.000,9999.000,9999.000,9999.000
202602170118,   2.092,   2.820,9999.000,9999.000,9999.000,9999.000,9999.000,9999.000,9999.000
202602170124,   2.114,   2.840,9999.000,9999.000,9999.000,9999.000,9999.000,9999.000,9999.000
202602170130,   2.133,   2.869,9999.000,9999.000,9999.000,9999.000,9999.000,9999.000,9999.000
202602170136,   2.150,   2.889,9999.000,9999.000,9999.000,9999.000,9999.000,9999.000,9999.000
202602170142,   2.163,   2.919,9999.000,9999.000,9999.000,9999.000,9999.000,9999.000,9999.000
202602170148,   2.174,   2.929,9999.000,9999.000,9999.000,9999.000,9999.000,9999.000,9999.000
202602170154,   2.183,   2.948,9999.000,9999.000,9999.000,9999.000,9999.000,9999.000,9999.000
202602170200,   2.188,   2.958,   0.400,   0.370,   2.958,   0.300,   2.858,   0.400,   2.958
202602170206,   2.191,   2.968,9999.000,9999.000,9999.000,9999.000,9999.000,9999.000,9999.000
202602170212,   2.192,   2.978,9999.000,9999.000,9999.000,9999.000,9999.000,9999.000,9999.000
202602170218,   2.189,   2.988,9999.000,9999.000,9999.000,9999.000,9999.000,9999.000,9999.000
202602170224,   2.185,   2.988,9999.000,9999.000,9999.000,9999.000,9999.000,9999.000,9999.000
202602170230,   2.177,   2.988,9999.000,9999.000,9999.000,9999.000,9999.000,9999.000,9999.000
202602170236,   2.168,   2.988,9999.000,9999.000,9999.000,9999.000,9999.000,9999.000,9999.000
202602170242,   2.156,   2.978,9999.000,9999.000,9999.000,9999.000,9999.000,9999.000,9999.000
202602170248,   2.141,   2.958,9999.000,9999.000,9999.000,9999.000,9999.000,9999.000,9999.000
202602170254,   2.125,   2.948,9999.000,9999.000,9999.000,9999.000,9999.000,9999.000,9999.000
202602170300,   2.106,   2.938,   0.400,   0.432,   2.938,   0.300,   2.838,   0.400,   2.938
202602170306,   2.085,   2.919,9999.000,9999.000,9999.000,9999.000,9999.000,9999.000,9999.000
202602170312,   2.063,   2.889,9999.000,9999.000,9999.000,9999.000,9999.000,9999.000,9999.000
202602170318,   2.038,   2.869,9999.000,9999.000,9999.000,9999.000,9999.000,9999.000,9999.000
202602170324,   2.011,   2.850,9999.000,9999.000,9999.000,9999.000,9999.000,9999.000,9999.000
202602170330,   1.983,   2.820,9999.000,9999.000,9999.000,9999.000,9999.000,9999.000,9999.000
202602170336,   1.953,   2.787,9999.000,9999.000,9999.000,9999.000,9999.000,9999.000,9999.000
202602170342,   1.922,   2.758,9999.000,9999.000,9999.000,9999.000,9999.000,9999.000,9999.000
202602170348,   1.889,   2.728,9999.000,9999.000,9999.000,9999.000,9999.000,9999.000,9999.000
202602170354,   1.854,   2.699,9999.000,9999.000,9999.000,9999.000,9999.000,9999.000,9999.000
202602170400,   1.818,   2.669,   0.400,   0.451,   2.669,   0.400,   2.669,   0.500,   2.769
202602170406,   1.781,   2.640,9999.000,9999.000,9999.000,9999.000,9999.000,9999.000,9999.000
202602170412,   1.742,   2.597,9999.000,9999.000,9999.000,9999.000,9999.000,9999.000,9999.000
202602170418,   1.702,   2.568,9999.000,9999.000,9999.000,9999.000,9999.000,9999.000,9999.000
202602170424,   1.661,   2.528,9999.000,9999.000,9999.000,9999.000,9999.000,9999.000,9999.000
202602170430,   1.619,   2.499,9999.000,9999.000,9999.000,9999.000,9999.000,9999.000,9999.000
202602170436,   1.576,   2.459,9999.000,9999.000,9999.000,9999.000,9999.000,9999.000,9999.000
202602170442,   1.532,   2.410,9999.000,9999.000,9999.000,9999.000,9999.000,9999.000,9999.000
202602170448,   1.487,   2.377,9999.000,9999.000,9999.000,9999.000,9999.000,9999.000,9999.000
202602170454,   1.442,   2.328,9999.000,9999.000,9999.000,9999.000,9999.000,9999.000,9999.000
202602170500,   1.395,   2.289,   0.500,   0.394,   2.289,   0.400,   2.189,   0.500,   2.289
202602170506,   1.348,   2.240,9999.000,9999.000,9999.000,9999.000,9999.000,9999.000,9999.000
202602170512,   1.300,   2.200,9999.000,9999.000,9999.000,9999.000,9999.000,9999.000,9999.000
202602170518,   1.251,   2.148,9999.000,9999.000,9999.000,9999.000,9999.000,9999.000,9999.000
202602170524,   1.202,   2.099,9999.000,9999.000,9999.000,9999.000,9999.000,9999.000,9999.000
202602170530,   1.152,   2.059,9999.000,9999.000,9999.000,9999.000,9999.000,9999.000,9999.000
202602170536,   1.102,   2.030,9999.000,9999.000,9999.000,9999.000,9999.000,9999.000,9999.000
202602170542,   1.052,   1.958,9999.000,9999.000,9999.000,9999.000,9999.000,9999.000,9999.000
202602170548,   1.001,   1.918,9999.000,9999.000,9999.000,9999.000,9999.000,9999.000,9999.000
202602170554,   0.950,   1.869,9999.000,9999.000,9999.000,9999.000,9999.000,9999.000,9999.000
202602170600,   0.898,   1.830,   0.500,   0.432,   1.830,   0.400,   1.730,   0.500,   1.830
202602170606,   0.847,   1.790,9999.000,9999.000,9999.000,9999.000,9999.000,9999.000,9999.000
202602170612,   0.796,   1.738,9999.000,9999.000,9999.000,9999.000,9999.000,9999.000,9999.000
202602170618,   0.745,   1.699,9999.000,9999.000,9999.000,9999.000,9999.000,9999.000,9999.000
202602170624,   0.693,   1.659,9999.000,9999.000,9999.000,9999.000,9999.000,9999.000,9999.000
202602170630,   0.643,   1.620,9999.000,9999.000,9999.000,9999.000,9999.000,9999.000,9999.000
202602170636,   0.592,   1.580,9999.000,9999.000,9999.000,9999.000,9999.000,9999.000,9999.000
202602170642,   0.542,   1.538,9999.000,9999.000,9999.000,9999.000,9999.000,9999.000,9999.000
202602170648,   0.493,   1.508,9999.000,9999.000,9999.000,9999.000,9999.000,9999.000,9999.000
202602170654,   0.444,   1.459,9999.000,9999.000,9999.000,9999.000,9999.000,9999.000,9999.000
202602170700,   0.396,   1.430,   0.500,   0.534,   1.430,   0.500,   1.430,   0.600,   1.530
202602170706,   0.349,   1.390,9999.000,9999.000,9999.000,9999.000,9999.000,9999.000,9999.000
202602170712,   0.302,   1.361,9999.000,9999.000,9999.000,9999.000,9999.000,9999.000,9999.000
202602170718,   0.257,   1.328,9999.000,9999.000,9999.000,9999.000,9999.000,9999.000,9999.000
202602170724,   0.214,   1.289,9999.000,9999.000,9999.000,9999.000,9999.000,9999.000,9999.000
202602170730,   0.171,   1.269,9999.000,9999.000,9999.000,9999.000,9999.000,9999.000,9999.000
202602170736,   0.130,   1.239,9999.000,9999.000,9999.000,9999.000,9999.000,9999.000,9999.000
202602170742,   0.091,   1.210,9999.000,9999.000,9999.000,9999.000,9999.000,9999.000,9999.000
202602170748,   0.053,   1.180,9999.000,9999.000,9999.000,9999.000,9999.000,9999.000,9999.000
202602170754,   0.017,   1.151,9999.000,9999.000,9999.000,9999.000,9999.000,9999.000,9999.000
202602170800,  -0.015,   1.138,   0.600,   0.553,   1.138,   0.500,   1.038,   0.600,   1.138
202602170806,  -0.047,   1.118,9999.000,9999.000,9999.000,9999.000,9999.000,9999.000,9999.000
202602170812,  -0.077,   1.108,9999.000,9999.000,9999.000,9999.000,9999.000,9999.000,9999.000
202602170818,  -0.104,   1.098,9999.000,9999.000,9999.000,9999.000,9999.000,9999.000,9999.000
202602170824,  -0.129,   1.098,9999.000,9999.000,9999.000,9999.000,9999.000,9999.000,9999.000
202602170830,  -0.151,   1.098,9999.000,9999.000,9999.000,9999.000,9999.000,9999.000,9999.000
202602170836,  -0.170,   1.098,9999.000,9999.000,9999.000,9999.000,9999.000,9999.000,9999.000
202602170842,  -0.187,   1.098,9999.000,9999.000,9999.000,9999.000,9999.000,9999.000,9999.000
202602170848,  -0.202,   1.118,9999.000,9999.000,9999.000,9999.000,9999.000,9999.000,9999.000
202602170854,  -0.213,   1.138,9999.000,9999.000,9999.000,9999.000,9999.000,9999.000,9999.000
202602170900,  -0.221,   1.161,   0.600,   0.782,   1.161,   0.600,   1.161,   0.600,   1.161
202602170906,  -0.227,   1.180,9999.000,9999.000,9999.000,9999.000,9999.000,9999.000,9999.000
202602170912,  -0.229,   1.210,9999.000,9999.000,9999.000,9999.000,9999.000,9999.000,9999.000
202602170918,  -0.228,   1.249,9999.000,9999.000,9999.000,9999.000,9999.000,9999.000,9999.000
202602170924,  -0.225,   1.289,9999.000,9999.000,9999.000,9999.000,9999.000,9999.000,9999.000
202602170930,  -0.218,   1.318,9999.000,9999.000,9999.000,9999.000,9999.000,9999.000,9999.000
202602170936,  -0.208,   1.371,9999.000,9999.000,9999.000,9999.000,9999.000,9999.000,9999.000
202602170942,  -0.195,   1.420,9999.000,9999.000,9999.000,9999.000,9999.000,9999.000,9999.000
202602170948,  -0.179,   1.469,9999.000,9999.000,9999.000,9999.000,9999.000,9999.000,9999.000
202602170954,  -0.160,   1.518,9999.000,9999.000,9999.000,9999.000,9999.000,9999.000,9999.000
202602171000,  -0.139,   1.571,   0.600,   1.110,   1.571,   0.600,   1.571,   0.700,   1.671
202602171006,  -0.114,   1.630,9999.000,9999.000,9999.000,9999.000,9999.000,9999.000,9999.000
202602171012,  -0.086,   1.689,9999.000,9999.000,9999.000,9999.000,9999.000,9999.000,9999.000
202602171018,  -0.056,   1.748,9999.000,9999.000,9999.000,9999.000,9999.000,9999.000,9999.000
202602171024,  -0.023,   1.810,9999.000,9999.000,9999.000,9999.000,9999.000,9999.000,9999.000
202602171030,   0.011,   1.869,9999.000,9999.000,9999.000,9999.000,9999.000,9999.000,9999.000
202602171036,   0.049,   1.938,9999.000,9999.000,9999.000,9999.000,9999.000,9999.000,9999.000
202602171042,   0.089,   2.010,9999.000,9999.000,9999.000,9999.000,9999.000,9999.000,9999.000
202602171048,   0.131,   2.069,9999.000,9999.000,9999.000,9999.000,9999.000,9999.000,9999.000
202602171054,   0.175,   2.128,9999.000,9999.000,9999.000,9999.000,9999.000,9999.000,9999.000
202602171100,   0.221,   2.200,   0.700,   1.279,   2.200,   0.600,   2.100,   0.700,   2.200
202602171106,   0.269,   2.259,9999.000,9999.000,9999.000,9999.000,9999.000,9999.000,9999.000
202602171112,   0.318,   2.328,9999.000,9999.000,9999.000,9999.000,9999.000,9999.000,9999.000
202602171118,   0.369,   2.387,9999.000,9999.000,9999.000,9999.000,9999.000,9999.000,9999.000
202602171124,   0.420,   2.459,9999.000,9999.000,9999.000,9999.000,9999.000,9999.000,9999.000
202602171130,   0.473,   2.519,9999.000,9999.000,9999.000,9999.000,9999.000,9999.000,9999.000
202602171136,   0.526,   2.587,9999.000,9999.000,9999.000,9999.000,9999.000,9999.000,9999.000
202602171142,   0.580,   2.640,9999.000,9999.000,9999.000,9999.000,9999.000,9999.000,9999.000
202602171148,   0.635,   2.699,9999.000,9999.000,9999.000,9999.000,9999.000,9999.000,9999.000
202602171154,   0.689,   2.758,9999.000,9999.000,9999.000,9999.000,9999.000,9999.000,9999.000
202602171200,   0.744,   2.820,   0.700,   1.376,   2.820,   0.700,   2.820,   0.800,   2.920
202602171206,   0.799,   2.879,9999.000,9999.000,9999.000,9999.000,9999.000,9999.000,9999.000
202602171212,   0.853,   2.929,9999.000,9999.000,9999.000,9999.000,9999.000,9999.000,9999.000
202602171218,   0.906,   2.958,9999.000,9999.000,9999.000,9999.000,9999.000,9999.000,9999.000
202602171224,   0.959,   3.040,9999.000,9999.000,9999.000,9999.000,9999.000,9999.000,9999.000
202602171230,   1.011,   3.089,9999.000,9999.000,9999.000,9999.000,9999.000,9999.000,9999.000
202602171236,   1.063,   3.119,9999.000,9999.000,9999.000,9999.000,9999.000,9999.000,9999.000
202602171242,   1.112,   3.178,9999.000,9999.000,9999.000,9999.000,9999.000,9999.000,9999.000
202602171248,   1.161,   3.230,9999.000,9999.000,9999.000,9999.000,9999.000,9999.000,9999.000
202602171254,   1.208,   3.260,9999.000,9999.000,9999.000,9999.000,9999.000,9999.000,9999.000
202602171300,   1.254,   3.319,   0.800,   1.265,   3.319,   0.700,   3.219,   0.800,   3.319
202602171306,   1.298,   3.358,9999.000,9999.000,9999.000,9999.000,9999.000,9999.000,9999.000
202602171312,   1.339,   3.388,9999.000,9999.000,9999.000,9999.000,9999.000,9999.000,9999.000
202602171318,   1.380,   3.440,9999.000,9999.000,9999.000,9999.000,9999.000,9999.000,9999.000
202602171324,   1.417,   3.470,9999.000,9999.000,9999.000,9999.000,9999.000,9999.000,9999.000
202602171330,   1.453,   3.499,9999.000,9999.000,9999.000,9999.000,9999.000,9999.000,9999.000
202602171336,   1.487,   3.509,9999.000,9999.000,9999.000,9999.000,9999.000,9999.000,9999.000
202602171342,   1.518,   3.548,9999.000,9999.000,9999.000,9999.000,9999.000,9999.000,9999.000
202602171348,   1.547,   3.558,9999.000,9999.000,9999.000,9999.000,9999.000,9999.000,9999.000
202602171354,   1.574,   3.578,9999.000,9999.000,9999.000,9999.000,9999.000,9999.000,9999.000
202602171400,   1.598,   3.578,   0.800,   1.180,   3.578,   0.800,   3.578,   0.800,   3.578
202602171406,   1.620,   3.588,9999.000,9999.000,9999.000,9999.000,9999.000,9999.000,9999.000
202602171412,   1.639,   3.607,9999.000,9999.000,9999.000,9999.000,9999.000,9999.000,9999.000
202602171418,   1.656,   3.588,9999.000,9999.000,9999.000,9999.000,9999.000,9999.000,9999.000
202602171424,   1.671,   3.588,9999.000,9999.000,9999.000,9999.000,9999.000,9999.000,9999.000
202602171430,   1.683,   3.588,9999.000,9999.000,9999.000,9999.000,9999.000,9999.000,9999.000
202602171436,   1.692,   3.578,9999.000,9999.000,9999.000,9999.000,9999.000,9999.000,9999.000
202602171442,   1.699,   3.568,9999.000,9999.000,9999.000,9999.000,9999.000,9999.000,9999.000
202602171448,   1.703,   3.539,9999.000,9999.000,9999.000,9999.000,9999.000,9999.000,9999.000
202602171454,   1.706,   3.539,9999.000,9999.000,9999.000,9999.000,9999.000,9999.000,9999.000
202602171500,   1.705,   3.499,   0.800,   0.994,   3.499,   0.800,   3.499,   0.900,   3.599
202602171506,   1.703,   3.489,9999.000,9999.000,9999.000,9999.000,9999.000,9999.000,9999.000
202602171512,   1.698,   3.470,9999.000,9999.000,9999.000,9999.000,9999.000,9999.000,9999.000
202602171518,   1.691,   3.427,9999.000,9999.000,9999.000,9999.000,9999.000,9999.000,9999.000
202602171524,   1.682,   3.398,9999.000,9999.000,9999.000,9999.000,9999.000,9999.000,9999.000
202602171530,   1.670,   3.358,9999.000,9999.000,9999.000,9999.000,9999.000,9999.000,9999.000
202602171536,   1.657,   3.329,9999.000,9999.000,9999.000,9999.000,9999.000,9999.000,9999.000
202602171542,   1.641,   3.289,9999.000,9999.000,9999.000,9999.000,9999.000,9999.000,9999.000
202602171548,   1.624,   3.240,9999.000,9999.000,9999.000,9999.000,9999.000,9999.000,9999.000
202602171554,   1.605,   3.207,9999.000,9999.000,9999.000,9999.000,9999.000,9999.000,9999.000
202602171600,   1.584,   3.158,   0.900,   0.674,   3.158,   0.800,   3.058,   0.900,   3.158
202602171606,   1.561,   3.119,9999.000,9999.000,9999.000,9999.000,9999.000,9999.000,9999.000
202602171612,   1.537,   3.070,9999.000,9999.000,9999.000,9999.000,9999.000,9999.000,9999.000
202602171618,   1.510,   3.017,9999.000,9999.000,9999.000,9999.000,9999.000,9999.000,9999.000
202602171624,   1.483,   2.958,9999.000,9999.000,9999.000,9999.000,9999.000,9999.000,9999.000
202602171630,   1.454,   2.909,9999.000,9999.000,9999.000,9999.000,9999.000,9999.000,9999.000
202602171636,   1.423,   2.860,9999.000,9999.000,9999.000,9999.000,9999.000,9999.000,9999.000
202602171642,   1.391,   2.807,9999.000,9999.000,9999.000,9999.000,9999.000,9999.000,9999.000
202602171648,   1.358,   2.748,9999.000,9999.000,9999.000,9999.000,9999.000,9999.000,9999.000
202602171654,   1.324,   2.699,9999.000,9999.000,9999.000,9999.000,9999.000,9999.000,9999.000
202602171700,   1.289,   2.650,   0.900,   0.461,   2.650,   0.800,   2.550,   1.000,   2.750
202602171706,   1.252,   2.587,9999.000,9999.000,9999.000,9999.000,9999.000,9999.000,9999.000
202602171712,   1.215,   2.538,9999.000,9999.000,9999.000,9999.000,9999.000,9999.000,9999.000
202602171718,   1.176,   2.479,9999.000,9999.000,9999.000,9999.000,9999.000,9999.000,9999.000
202602171724,   1.137,   2.430,9999.000,9999.000,9999.000,9999.000,9999.000,9999.000,9999.000
202602171730,   1.097,   2.368,9999.000,9999.000,9999.000,9999.000,9999.000,9999.000,9999.000
202602171736,   1.056,   2.318,9999.000,9999.000,9999.000,9999.000,9999.000,9999.000,9999.000
202602171742,   1.015,   2.269,9999.000,9999.000,9999.000,9999.000,9999.000,9999.000,9999.000
202602171748,   0.973,   2.220,9999.000,9999.000,9999.000,9999.000,9999.000,9999.000,9999.000
202602171754,   0.931,   2.168,9999.000,9999.000,9999.000,9999.000,9999.000,9999.000,9999.000
202602171800,   0.888,   2.128,   0.900,   0.340,   2.128,   0.900,   2.128,   1.000,   2.228
202602171806,   0.845,   2.079,9999.000,9999.000,9999.000,9999.000,9999.000,9999.000,9999.000
202602171812,   0.802,   2.030,9999.000,9999.000,9999.000,9999.000,9999.000,9999.000,9999.000
202602171818,   0.759,   1.981,9999.000,9999.000,9999.000,9999.000,9999.000,9999.000,9999.000
202602171824,   0.716,   1.948,9999.000,9999.000,9999.000,9999.000,9999.000,9999.000,9999.000
202602171830,   0.673,   1.908,9999.000,9999.000,9999.000,9999.000,9999.000,9999.000,9999.000
202602171836,   0.630,   1.869,9999.000,9999.000,9999.000,9999.000,9999.000,9999.000,9999.000
202602171842,   0.587,   1.820,9999.000,9999.000,9999.000,9999.000,9999.000,9999.000,9999.000
202602171848,   0.545,   1.790,9999.000,9999.000,9999.000,9999.000,9999.000,9999.000,9999.000
202602171854,   0.504,   1.748,9999.000,9999.000,9999.000,9999.000,9999.000,9999.000,9999.000
202602171900,   0.463,   1.708,   0.900,   0.345,   1.708,   0.900,   1.708,   1.000,   1.808
202602171906,   0.423,   1.679,9999.000,9999.000,9999.000,9999.000,9999.000,9999.000,9999.000
202602171912,   0.384,   1.639,9999.000,9999.000,9999.000,9999.000,9999.000,9999.000,9999.000
202602171918,   0.346,   1.600,9999.000,9999.000,9999.000,9999.000,9999.000,9999.000,9999.000
202602171924,   0.309,   1.557,9999.000,9999.000,9999.000,9999.000,9999.000,9999.000,9999.000
202602171930,   0.273,   1.518,9999.000,9999.000,9999.000,9999.000,9999.000,9999.000,9999.000
202602171936,   0.239,   1.489,9999.000,9999.000,9999.000,9999.000,9999.000,9999.000,9999.000
202602171942,   0.206,   1.449,9999.000,9999.000,9999.000,9999.000,9999.000,9999.000,9999.000
202602171948,   0.175,   1.420,9999.000,9999.000,9999.000,9999.000,9999.000,9999.000,9999.000
202602171954,   0.146,   1.390,9999.000,9999.000,9999.000,9999.000,9999.000,9999.000,9999.000
202602172000,   0.118,   1.361,   1.000,   0.243,   1.361,   0.900,   1.261,   1.000,   1.361
202602172006,   0.093,   1.328,9999.000,9999.000,9999.000,9999.000,9999.000,9999.000,9999.000
202602172012,   0.070,   1.298,9999.000,9999.000,9999.000,9999.000,9999.000,9999.000,9999.000
202602172018,   0.049,   1.269,9999.000,9999.000,9999.000,9999.000,9999.000,9999.000,9999.000
202602172024,   0.031,   1.259,9999.000,9999.000,9999.000,9999.000,9999.000,9999.000,9999.000
202602172030,   0.015,   1.239,9999.000,9999.000,9999.000,9999.000,9999.000,9999.000,9999.000
202602172036,   0.002,   1.220,9999.000,9999.000,9999.000,9999.000,9999.000,9999.000,9999.000
202602172042,  -0.008,   1.200,9999.000,9999.000,9999.000,9999.000,9999.000,9999.000,9999.000
202602172048,  -0.016,   1.229,9999.000,9999.000,9999.000,9999.000,9999.000,9999.000,9999.000
202602172054,  -0.021,   1.190,9999.000,9999.000,9999.000,9999.000,9999.000,9999.000,9999.000
202602172100,  -0.023,   1.190,   1.000,   0.213,   1.190,   0.900,   1.090,   1.000,   1.190
202602172106,  -0.022,   1.200,9999.000,9999.000,9999.000,9999.000,9999.000,9999.000,9999.000
202602172112,  -0.017,   1.210,9999.000,9999.000,9999.000,9999.000,9999.000,9999.000,9999.000
202602172118,  -0.010,   1.220,9999.000,9999.000,9999.000,9999.000,9999.000,9999.000,9999.000
202602172124,   0.000,   1.239,9999.000,9999.000,9999.000,9999.000,9999.000,9999.000,9999.000
202602172130,   0.012,   1.259,9999.000,9999.000,9999.000,9999.000,9999.000,9999.000,9999.000
202602172136,   0.029,   1.289,9999.000,9999.000,9999.000,9999.000,9999.000,9999.000,9999.000
202602172142,   0.048,   1.308,9999.000,9999.000,9999.000,9999.000,9999.000,9999.000,9999.000
202602172148,   0.071,   1.348,9999.000,9999.000,9999.000,9999.000,9999.000,9999.000,9999.000
202602172154,   0.097,   1.390,9999.000,9999.000,9999.000,9999.000,9999.000,9999.000,9999.000
202602172200,   0.126,   1.430,   1.000,   0.304,   1.430,   0.900,   1.330,   1.000,   1.430
202602172206,   0.157,   1.479,9999.000,9999.000,9999.000,9999.000,9999.000,9999.000,9999.000
202602172212,   0.192,   1.518,9999.000,9999.000,9999.000,9999.000,9999.000,9999.000,9999.000
202602172218,   0.230,   1.571,9999.000,9999.000,9999.000,9999.000,9999.000,9999.000,9999.000
202602172224,   0.270,   1.630,9999.000,9999.000,9999.000,9999.000,9999.000,9999.000,9999.000
202602172230,   0.313,   1.689,9999.000,9999.000,9999.000,9999.000,9999.000,9999.000,9999.000
202602172236,   0.358,   1.748,9999.000,9999.000,9999.000,9999.000,9999.000,9999.000,9999.000
202602172242,   0.405,   1.810,9999.000,9999.000,9999.000,9999.000,9999.000,9999.000,9999.000
202602172248,   0.455,   1.879,9999.000,9999.000,9999.000,9999.000,9999.000,9999.000,9999.000
202602172254,   0.507,   1.938,9999.000,9999.000,9999.000,9999.000,9999.000,9999.000,9999.000
202602172300,   0.561,   2.010,   1.000,   0.449,   2.010,   0.900,   1.910,   1.000,   2.010
202602172306,   0.616,   2.079,9999.000,9999.000,9999.000,9999.000,9999.000,9999.000,9999.000
202602172312,   0.673,   2.148,9999.000,9999.000,9999.000,9999.000,9999.000,9999.000,9999.000
202602172318,   0.731,   2.230,9999.000,9999.000,9999.000,9999.000,9999.000,9999.000,9999.000
202602172324,   0.790,   2.299,9999.000,9999.000,9999.000,9999.000,9999.000,9999.000,9999.000
202602172330,   0.851,   2.368,9999.000,9999.000,9999.000,9999.000,9999.000,9999.000,9999.000
202602172336,   0.912,   2.440,9999.000,9999.000,9999.000,9999.000,9999.000,9999.000,9999.000
202602172342,   0.973,   2.499,9999.000,9999.000,9999.000,9999.000,9999.000,9999.000,9999.000
202602172348,   1.035,   2.568,9999.000,9999.000,9999.000,9999.000,9999.000,9999.000,9999.000
202602172354,   1.097,   2.640,9999.000,9999.000,9999.000,9999.000,9999.000,9999.000,9999.000
202602180000,   1.159,   2.699,   1.000,   0.540,   2.699,   0.900,   2.599,   1.000,   2.699
202602180006,   1.221,   2.758,9999.000,9999.000,9999.000,9999.000,9999.000,9999.000,9999.000
202602180012,   1.282,   2.797,9999.000,9999.000,9999.000,9999.000,9999.000,9999.000,9999.000
202602180018,   1.342,   2.860,9999.000,9999.000,9999.000,9999.000,9999.000,9999.000,9999.000
202602180024,   1.402,   2.919,9999.000,9999.000,9999.000,9999.000,9999.000,9999.000,9999.000
202602180030,   1.460,   2.978,9999.000,9999.000,9999.000,9999.000,9999.000,9999.000,9999.000
202602180036,   1.517,   3.017,9999.000,9999.000,9999.000,9999.000,9999.000,9999.000,9999.000
202602180042,   1.573,   3.070,9999.000,9999.000,9999.000,9999.000,9999.000,9999.000,9999.000
202602180048,   1.627,   3.119,9999.000,9999.000,9999.000,9999.000,9999.000,9999.000,9999.000
202602180054,   1.679,   3.168,9999.000,9999.000,9999.000,9999.000,9999.000,9999.000,9999.000
202602180100,   1.729,   3.207,   1.000,   0.478,   3.207,   0.900,   3.107,   1.000,   3.207
202602180106,   1.777,   3.250,9999.000,9999.000,9999.000,9999.000,9999.000,9999.000,9999.000
202602180112,   1.823,   3.289,9999.000,9999.000,9999.000,9999.000,9999.000,9999.000,9999.000
202602180118,   1.866,   3.329,9999.000,9999.000,9999.000,9999.000,9999.000,9999.000,9999.000
202602180124,   1.907,   3.358,9999.000,9999.000,9999.000,9999.000,9999.000,9999.000,9999.000
202602180130,   1.946,   3.388,9999.000,9999.000,9999.000,9999.000,9999.000,9999.000,9999.000
202602180136,   1.981,   3.417,9999.000,9999.000,9999.000,9999.000,9999.000,9999.000,9999.000
202602180142,   2.014,   3.450,9999.000,9999.000,9999.000,9999.000,9999.000,9999.000,9999.000
202602180148,   2.044,   3.460,9999.000,9999.000,9999.000,9999.000,9999.000,9999.000,9999.000
202602180154,   2.072,   3.480,9999.000,9999.000,9999.000,9999.000,9999.000,9999.000,9999.000
202602180200,   2.096,   3.499,   1.000,   0.403,   3.499,   0.900,   3.399,   1.000,   3.499
202602180206,   2.117,   3.509,9999.000,9999.000,9999.000,9999.000,9999.000,9999.000,9999.000
202602180212,   2.136,   3.519,9999.000,9999.000,9999.000,9999.000,9999.000,9999.000,9999.000
202602180218,   2.151,   3.529,9999.000,9999.000,9999.000,9999.000,9999.000,9999.000,9999.000
202602180224,   2.164,   3.529,9999.000,9999.000,9999.000,9999.000,9999.000,9999.000,9999.000
202602180230,   2.174,   3.529,9999.000,9999.000,9999.000,9999.000,9999.000,9999.000,9999.000
202602180236,   2.180,   3.519,9999.000,9999.000,9999.000,9999.000,9999.000,9999.000,9999.000
202602180242,   2.184,   3.519,9999.000,9999.000,9999.000,9999.000,9999.000,9999.000,9999.000
202602180248,   2.185,   3.509,9999.000,9999.000,9999.000,9999.000,9999.000,9999.000,9999.000
202602180254,   2.183,   3.499,9999.000,9999.000,9999.000,9999.000,9999.000,9999.000,9999.000
202602180300,   2.178,   3.489,   1.000,   0.311,   3.489,   0.900,   3.389,   1.000,   3.489
202602180306,   2.171,   3.489,9999.000,9999.000,9999.000,9999.000,9999.000,9999.000,9999.000
202602180312,   2.161,   3.440,9999.000,9999.000,9999.000,9999.000,9999.000,9999.000,9999.000
202602180318,   2.148,   3.427,9999.000,9999.000,9999.000,9999.000,9999.000,9999.000,9999.000
202602180324,   2.133,   3.450,9999.000,9999.000,9999.000,9999.000,9999.000,9999.000,9999.000
202602180330,   2.116,   3.378,9999.000,9999.000,9999.000,9999.000,9999.000,9999.000,9999.000
202602180336,   2.096,   3.329,9999.000,9999.000,9999.000,9999.000,9999.000,9999.000,9999.000
202602180342,   2.074,   3.309,9999.000,9999.000,9999.000,9999.000,9999.000,9999.000,9999.000
202602180348,   2.050,   3.279,9999.000,9999.000,9999.000,9999.000,9999.000,9999.000,9999.000
202602180354,   2.023,   3.240,9999.000,9999.000,9999.000,9999.000,9999.000,9999.000,9999.000
202602180400,   1.995,   3.178,   1.000,   0.183,   3.178,   0.900,   3.078,   1.000,   3.178
202602180406,   1.965,   3.119,9999.000,9999.000,9999.000,9999.000,9999.000,9999.000,9999.000
202602180412,   1.933,   3.070,9999.000,9999.000,9999.000,9999.000,9999.000,9999.000,9999.000
202602180418,   1.899,   3.007,9999.000,9999.000,9999.000,9999.000,9999.000,9999.000,9999.000
202602180424,   1.864,   2.958,9999.000,9999.000,9999.000,9999.000,9999.000,9999.000,9999.000
202602180430,   1.827,   2.899,9999.000,9999.000,9999.000,9999.000,9999.000,9999.000,9999.000
202602180436,   1.789,   2.850,9999.000,9999.000,9999.000,9999.000,9999.000,9999.000,9999.000
202602180442,   1.749,   2.787,9999.000,9999.000,9999.000,9999.000,9999.000,9999.000,9999.000
202602180448,   1.708,   2.728,9999.000,9999.000,9999.000,9999.000,9999.000,9999.000,9999.000
202602180454,   1.666,   2.669,9999.000,9999.000,9999.000,9999.000,9999.000,9999.000,9999.000
202602180500,   1.622,   2.610,   0.900,   0.088,   2.610,   0.900,   2.610,   1.000,   2.710
202602180506,   1.578,   2.578,9999.000,9999.000,9999.000,9999.000,9999.000,9999.000,9999.000
202602180512,   1.532,   2.489,9999.000,9999.000,9999.000,9999.000,9999.000,9999.000,9999.000
202602180518,   1.486,   2.420,9999.000,9999.000,9999.000,9999.000,9999.000,9999.000,9999.000
202602180524,   1.439,   2.348,9999.000,9999.000,9999.000,9999.000,9999.000,9999.000,9999.000
202602180530,   1.390,   2.289,9999.000,9999.000,9999.000,9999.000,9999.000,9999.000,9999.000
202602180536,   1.342,   2.230,9999.000,9999.000,9999.000,9999.000,9999.000,9999.000,9999.000
202602180542,   1.292,   2.168,9999.000,9999.000,9999.000,9999.000,9999.000,9999.000,9999.000
202602180548,   1.242,   2.089,9999.000,9999.000,9999.000,9999.000,9999.000,9999.000,9999.000
202602180554,   1.191,   2.040,9999.000,9999.000,9999.000,9999.000,9999.000,9999.000,9999.000
202602180600,   1.140,   1.990,   0.900,  -0.050,   1.990,   0.900,   1.990,   1.000,   2.090
202602180606,   1.089,   1.928,9999.000,9999.000,9999.000,9999.000,9999.000,9999.000,9999.000
202602180612,   1.037,   1.869,9999.000,9999.000,9999.000,9999.000,9999.000,9999.000,9999.000
202602180618,   0.985,   1.810,9999.000,9999.000,9999.000,9999.000,9999.000,9999.000,9999.000
202602180624,   0.932,   1.758,9999.000,9999.000,9999.000,9999.000,9999.000,9999.000,9999.000
202602180630,   0.880,   1.699,9999.000,9999.000,9999.000,9999.000,9999.000,9999.000,9999.000
202602180636,   0.828,   1.630,9999.000,9999.000,9999.000,9999.000,9999.000,9999.000,9999.000
202602180642,   0.775,   1.580,9999.000,9999.000,9999.000,9999.000,9999.000,9999.000,9999.000
202602180648,   0.723,   1.518,9999.000,9999.000,9999.000,9999.000,9999.000,9999.000,9999.000
202602180654,   0.671,   1.449,9999.000,9999.000,9999.000,9999.000,9999.000,9999.000,9999.000
202602180700,   0.619,   1.400,   0.900,  -0.119,   1.400,   0.900,   1.400,   0.900,   1.400
202602180706,   0.567,   1.348,9999.000,9999.000,9999.000,9999.000,9999.000,9999.000,9999.000
202602180712,   0.516,   1.298,9999.000,9999.000,9999.000,9999.000,9999.000,9999.000,9999.000
202602180718,   0.466,   1.249,9999.000,9999.000,9999.000,9999.000,9999.000,9999.000,9999.000
202602180724,   0.416,   1.210,9999.000,9999.000,9999.000,9999.000,9999.000,9999.000,9999.000
202602180730,   0.367,   1.161,9999.000,9999.000,9999.000,9999.000,9999.000,9999.000,9999.000
202602180736,   0.320,   1.118,9999.000,9999.000,9999.000,9999.000,9999.000,9999.000,9999.000
202602180742,   0.273,   1.069,9999.000,9999.000,9999.000,9999.000,9999.000,9999.000,9999.000
202602180748,   0.227,   1.029,9999.000,9999.000,9999.000,9999.000,9999.000,9999.000,9999.000
202602180754,   0.182,   0.990,9999.000,9999.000,9999.000,9999.000,9999.000,9999.000,9999.000
202602180800,   0.139,   0.941,   0.900,  -0.098,   0.941,   0.900,   0.941,   0.900,   0.941
202602180806,   0.097,   0.898,9999.000,9999.000,9999.000,9999.000,9999.000,9999.000,9999.000
202602180812,   0.057,   0.859,9999.000,9999.000,9999.000,9999.000,9999.000,9999.000,9999.000
202602180818,   0.019,   0.819,9999.000,9999.000,9999.000,9999.000,9999.000,9999.000,9999.000
202602180824,  -0.016,   0.790,9999.000,9999.000,9999.000,9999.000,9999.000,9999.000,9999.000
202602180830,  -0.050,   0.751,9999.000,9999.000,9999.000,9999.000,9999.000,9999.000,9999.000
202602180836,  -0.083,   0.718,9999.000,9999.000,9999.000,9999.000,9999.000,9999.000,9999.000
202602180842,  -0.113,   0.678,9999.000,9999.000,9999.000,9999.000,9999.000,9999.000,9999.000
202602180848,  -0.140,   0.649,9999.000,9999.000,9999.000,9999.000,9999.000,9999.000,9999.000
202602180854,  -0.165,   0.629,9999.000,9999.000,9999.000,9999.000,9999.000,9999.000,9999.000
202602180900,  -0.188,   0.580,   0.900,  -0.132,   0.580,   0.900,   0.580,   0.900,   0.580
202602180906,  -0.208,   0.551,9999.000,9999.000,9999.000,9999.000,9999.000,9999.000,9999.000
202602180912,  -0.225,   0.541,9999.000,9999.000,9999.000,9999.000,9999.000,9999.000,9999.000
202602180918,  -0.239,   0.531,9999.000,9999.000,9999.000,9999.000,9999.000,9999.000,9999.000
202602180924,  -0.250,   0.508,9999.000,9999.000,9999.000,9999.000,9999.000,9999.000,9999.000
202602180930,  -0.258,   0.498,9999.000,9999.000,9999.000,9999.000,9999.000,9999.000,9999.000
202602180936,  -0.264,   0.498,9999.000,9999.000,9999.000,9999.000,9999.000,9999.000,9999.000
202602180942,  -0.266,   0.488,9999.000,9999.000,9999.000,9999.000,9999.000,9999.000,9999.000
202602180948,  -0.264,   0.498,9999.000,9999.000,9999.000,9999.000,9999.000,9999.000,9999.000
202602180954,  -0.260,   0.498,9999.000,9999.000,9999.000,9999.000,9999.000,9999.000,9999.000
202602181000,  -0.252,   0.498,   0.900,  -0.150,   0.498,   0.800,   0.398,   0.900,   0.498
202602181006,  -0.241,   0.518,9999.000,9999.000,9999.000,9999.000,9999.000,9999.000,9999.000
202602181012,  -0.227,   0.541,9999.000,9999.000,9999.000,9999.000,9999.000,9999.000,9999.000
202602181018,  -0.210,   0.560,9999.000,9999.000,9999.000,9999.000,9999.000,9999.000,9999.000
202602181024,  -0.189,   0.580,9999.000,9999.000,9999.000,9999.000,9999.000,9999.000,9999.000
202602181030,  -0.165,   0.600,9999.000,9999.000,9999.000,9999.000,9999.000,9999.000,9999.000
202602181036,  -0.139,   0.629,9999.000,9999.000,9999.000,9999.000,9999.000,9999.000,9999.000
202602181042,  -0.109,   0.669,9999.000,9999.000,9999.000,9999.000,9999.000,9999.000,9999.000
202602181048,  -0.076,   0.708,9999.000,9999.000,9999.000,9999.000,9999.000,9999.000,9999.000
202602181054,  -0.040,   0.751,9999.000,9999.000,9999.000,9999.000,9999.000,9999.000,9999.000
202602181100,  -0.002,   0.780,   0.900,  -0.118,   0.780,   0.800,   0.680,   0.900,   0.780
202602181106,   0.038,   0.829,9999.000,9999.000,9999.000,9999.000,9999.000,9999.000,9999.000
202602181112,   0.081,   0.869,9999.000,9999.000,9999.000,9999.000,9999.000,9999.000,9999.000
202602181118,   0.127,   0.918,9999.000,9999.000,9999.000,9999.000,9999.000,9999.000,9999.000
202602181124,   0.175,   0.970,9999.000,9999.000,9999.000,9999.000,9999.000,9999.000,9999.000
202602181130,   0.225,   1.029,9999.000,9999.000,9999.000,9999.000,9999.000,9999.000,9999.000
202602181136,   0.277,   1.079,9999.000,9999.000,9999.000,9999.000,9999.000,9999.000,9999.000
202602181142,   0.331,   1.138,9999.000,9999.000,9999.000,9999.000,9999.000,9999.000,9999.000
202602181148,   0.386,   1.200,9999.000,9999.000,9999.000,9999.000,9999.000,9999.000,9999.000
202602181154,   0.442,   1.269,9999.000,9999.000,9999.000,9999.000,9999.000,9999.000,9999.000
202602181200,   0.500,   1.308,   0.700,   0.108,   1.308,   0.700,   1.308,   0.800,   1.408
202602181206,   0.558,   1.380,9999.000,9999.000,9999.000,9999.000,9999.000,9999.000,9999.000
202602181212,   0.617,   1.439,9999.000,9999.000,9999.000,9999.000,9999.000,9999.000,9999.000
202602181218,   0.677,   1.498,9999.000,9999.000,9999.000,9999.000,9999.000,9999.000,9999.000
202602181224,   0.737,   1.557,9999.000,9999.000,9999.000,9999.000,9999.000,9999.000,9999.000
202602181230,   0.797,   1.630,9999.000,9999.000,9999.000,9999.000,9999.000,9999.000,9999.000
202602181236,   0.856,   1.669,9999.000,9999.000,9999.000,9999.000,9999.000,9999.000,9999.000
202602181242,   0.916,   1.738,9999.000,9999.000,9999.000,9999.000,9999.000,9999.000,9999.000
202602181248,   0.975,   1.800,9999.000,9999.000,9999.000,9999.000,9999.000,9999.000,9999.000
202602181254,   1.033,   1.859,9999.000,9999.000,9999.000,9999.000,9999.000,9999.000,9999.000
202602181300,   1.091,   1.899,   0.700,   0.108,   1.899,   0.700,   1.899,   0.800,   1.999
202602181306,   1.147,   1.967,9999.000,9999.000,9999.000,9999.000,9999.000,9999.000,9999.000
202602181312,   1.202,   2.010,9999.000,9999.000,9999.000,9999.000,9999.000,9999.000,9999.000
202602181318,   1.256,   2.049,9999.000,9999.000,9999.000,9999.000,9999.000,9999.000,9999.000
202602181324,   1.308,   2.089,9999.000,9999.000,9999.000,9999.000,9999.000,9999.000,9999.000
202602181330,   1.358,   2.138,9999.000,9999.000,9999.000,9999.000,9999.000,9999.000,9999.000
202602181336,   1.407,   2.177,9999.000,9999.000,9999.000,9999.000,9999.000,9999.000,9999.000
202602181342,   1.453,   2.230,9999.000,9999.000,9999.000,9999.000,9999.000,9999.000,9999.000
202602181348,   1.497,   2.250,9999.000,9999.000,9999.000,9999.000,9999.000,9999.000,9999.000
202602181354,   1.539,   2.289,9999.000,9999.000,9999.000,9999.000,9999.000,9999.000,9999.000
202602181400,   1.579,   2.328,   0.700,   0.049,   2.328,   0.700,   2.328,   0.800,   2.428
202602181406,   1.616,   2.368,9999.000,9999.000,9999.000,9999.000,9999.000,9999.000,9999.000
202602181412,   1.651,   2.387,9999.000,9999.000,9999.000,9999.000,9999.000,9999.000,9999.000
202602181418,   1.683,   2.430,9999.000,9999.000,9999.000,9999.000,9999.000,9999.000,9999.000
202602181424,   1.712,   2.459,9999.000,9999.000,9999.000,9999.000,9999.000,9999.000,9999.000
202602181430,   1.739,   2.479,9999.000,9999.000,9999.000,9999.000,9999.000,9999.000,9999.000
202602181436,   1.763,   2.509,9999.000,9999.000,9999.000,9999.000,9999.000,9999.000,9999.000
202602181442,   1.784,   2.519,9999.000,9999.000,9999.000,9999.000,9999.000,9999.000,9999.000
202602181448,   1.803,   2.528,9999.000,9999.000,9999.000,9999.000,9999.000,9999.000,9999.000
202602181454,   1.819,   2.548,9999.000,9999.000,9999.000,9999.000,9999.000,9999.000,9999.000
202602181500,   1.832,   2.568,   0.700,   0.036,   2.568,   0.700,   2.568,   0.800,   2.668
202602181506,   1.842,   2.568,9999.000,9999.000,9999.000,9999.000,9999.000,9999.000,9999.000
202602181512,   1.849,   2.578,9999.000,9999.000,9999.000,9999.000,9999.000,9999.000,9999.000
202602181518,   1.854,   2.578,9999.000,9999.000,9999.000,9999.000,9999.000,9999.000,9999.000
202602181524,   1.857,   2.568,9999.000,9999.000,9999.000,9999.000,9999.000,9999.000,9999.000
202602181530,   1.856,   2.558,9999.000,9999.000,9999.000,9999.000,9999.000,9999.000,9999.000
202602181536,   1.853,   2.548,9999.000,9999.000,9999.000,9999.000,9999.000,9999.000,9999.000
202602181542,   1.848,   2.538,9999.000,9999.000,9999.000,9999.000,9999.000,9999.000,9999.000
202602181548,   1.840,   2.528,9999.000,9999.000,9999.000,9999.000,9999.000,9999.000,9999.000
202602181554,   1.830,   2.499,9999.000,9999.000,9999.000,9999.000,9999.000,9999.000,9999.000
202602181600,   1.818,   2.479,   0.700,  -0.039,   2.479,   0.700,   2.479,   0.800,   2.579
202602181606,   1.803,   2.440,9999.000,9999.000,9999.000,9999.000,9999.000,9999.000,9999.000
202602181612,   1.786,   2.430,9999.000,9999.000,9999.000,9999.000,9999.000,9999.000,9999.000
202602181618,   1.767,   2.400,9999.000,9999.000,9999.000,9999.000,9999.000,9999.000,9999.000
202602181624,   1.747,   2.377,9999.000,9999.000,9999.000,9999.000,9999.000,9999.000,9999.000
202602181630,   1.724,   2.348,9999.000,9999.000,9999.000,9999.000,9999.000,9999.000,9999.000
202602181636,   1.699,   2.309,9999.000,9999.000,9999.000,9999.000,9999.000,9999.000,9999.000
202602181642,   1.673,   2.279,9999.000,9999.000,9999.000,9999.000,9999.000,9999.000,9999.000
202602181648,   1.645,   2.240,9999.000,9999.000,9999.000,9999.000,9999.000,9999.000,9999.000
202602181654,   1.616,   2.210,9999.000,9999.000,9999.000,9999.000,9999.000,9999.000,9999.000
202602181700,   1.585,   2.158,   0.700,  -0.127,   2.158,   0.700,   2.158,   0.800,   2.258
202602181706,   1.553,   2.128,9999.000,9999.000,9999.000,9999.000,9999.000,9999.000,9999.000
202602181712,   1.519,   2.079,9999.000,9999.000,9999.000,9999.000,9999.000,9999.000,9999.000
202602181718,   1.484,   2.040,9999.000,9999.000,9999.000,9999.000,9999.000,9999.000,9999.000
202602181724,   1.448,   2.000,9999.000,9999.000,9999.000,9999.000,9999.000,9999.000,9999.000
202602181730,   1.411,   1.948,9999.000,9999.000,9999.000,9999.000,9999.000,9999.000,9999.000
202602181736,   1.373,   1.908,9999.000,9999.000,9999.000,9999.000,9999.000,9999.000,9999.000
202602181742,   1.334,   1.859,9999.000,9999.000,9999.000,9999.000,9999.000,9999.000,9999.000
202602181748,   1.293,   1.810,9999.000,9999.000,9999.000,9999.000,9999.000,9999.000,9999.000
202602181754,   1.253,   1.767,9999.000,9999.000,9999.000,9999.000,9999.000,9999.000,9999.000
202602181800,   1.211,   1.718,   0.700,  -0.193,   1.718,   0.600,   1.618,   0.800,   1.818
202602181806,   1.169,   1.679,9999.000,9999.000,9999.000,9999.000,9999.000,9999.000,9999.000
202602181812,   1.126,   1.630,9999.000,9999.000,9999.000,9999.000,9999.000,9999.000,9999.000
202602181818,   1.082,   1.580,9999.000,9999.000,9999.000,9999.000,9999.000,9999.000,9999.000
202602181824,   1.038,   1.528,9999.000,9999.000,9999.000,9999.000,9999.000,9999.000,9999.000
202602181830,   0.994,   1.489,9999.000,9999.000,9999.000,9999.000,9999.000,9999.000,9999.000
202602181836,   0.949,   1.439,9999.000,9999.000,9999.000,9999.000,9999.000,9999.000,9999.000
202602181842,   0.905,   1.390,9999.000,9999.000,9999.000,9999.000,9999.000,9999.000,9999.000
202602181848,   0.860,   1.338,9999.000,9999.000,9999.000,9999.000,9999.000,9999.000,9999.000
202602181854,   0.814,   1.298,9999.000,9999.000,9999.000,9999.000,9999.000,9999.000,9999.000
202602181900,   0.769,   1.249,   0.700,  -0.220,   1.249,   0.600,   1.149,   0.800,   1.349
202602181906,   0.724,   1.200,9999.000,9999.000,9999.000,9999.000,9999.000,9999.000,9999.000
202602181912,   0.680,   1.151,9999.000,9999.000,9999.000,9999.000,9999.000,9999.000,9999.000
202602181918,   0.635,   1.128,9999.000,9999.000,9999.000,9999.000,9999.000,9999.000,9999.000
202602181924,   0.591,   1.069,9999.000,9999.000,9999.000,9999.000,9999.000,9999.000,9999.000
202602181930,   0.548,   1.029,9999.000,9999.000,9999.000,9999.000,9999.000,9999.000,9999.000
202602181936,   0.505,   0.990,9999.000,9999.000,9999.000,9999.000,9999.000,9999.000,9999.000
202602181942,   0.462,   0.951,9999.000,9999.000,9999.000,9999.000,9999.000,9999.000,9999.000
202602181948,   0.421,   0.908,9999.000,9999.000,9999.000,9999.000,9999.000,9999.000,9999.000
202602181954,   0.380,   0.869,9999.000,9999.000,9999.000,9999.000,9999.000,9999.000,9999.000
202602182000,   0.341,   0.839,   0.700,  -0.202,   0.839,   0.600,   0.739,   0.800,   0.939
202602182006,   0.303,   0.800,9999.000,9999.000,9999.000,9999.000,9999.000,9999.000,9999.000
202602182012,   0.266,   0.760,9999.000,9999.000,9999.000,9999.000,9999.000,9999.000,9999.000
202602182018,   0.230,   0.731,9999.000,9999.000,9999.000,9999.000,9999.000,9999.000,9999.000
202602182024,   0.196,   0.688,9999.000,9999.000,9999.000,9999.000,9999.000,9999.000,9999.000
202602182030,   0.164,   0.659,9999.000,9999.000,9999.000,9999.000,9999.000,9999.000,9999.000
202602182036,   0.133,   0.639,9999.000,9999.000,9999.000,9999.000,9999.000,9999.000,9999.000
202602182042,   0.105,   0.610,9999.000,9999.000,9999.000,9999.000,9999.000,9999.000,9999.000
202602182048,   0.078,   0.590,9999.000,9999.000,9999.000,9999.000,9999.000,9999.000,9999.000
202602182054,   0.053,   0.570,9999.000,9999.000,9999.000,9999.000,9999.000,9999.000,9999.000
202602182100,   0.031,   0.551,   0.700,  -0.180,   0.551,   0.600,   0.451,   0.800,   0.651
202602182106,   0.011,   0.541,9999.000,9999.000,9999.000,9999.000,9999.000,9999.000,9999.000
202602182112,  -0.005,   0.518,9999.000,9999.000,9999.000,9999.000,9999.000,9999.000,9999.000
202602182118,  -0.020,   0.518,9999.000,9999.000,9999.000,9999.000,9999.000,9999.000,9999.000
202602182124,  -0.032,   0.518,9999.000,9999.000,9999.000,9999.000,9999.000,9999.000,9999.000
202602182130,  -0.041,   0.518,9999.000,9999.000,9999.000,9999.000,9999.000,9999.000,9999.000
202602182136,  -0.047,   0.518,9999.000,9999.000,9999.000,9999.000,9999.000,9999.000,9999.000
202602182142,  -0.050,   0.531,9999.000,9999.000,9999.000,9999.000,9999.000,9999.000,9999.000
202602182148,  -0.051,   0.541,9999.000,9999.000,9999.000,9999.000,9999.000,9999.000,9999.000
202602182154,  -0.048,   0.560,9999.000,9999.000,9999.000,9999.000,9999.000,9999.000,9999.000
202602182200,  -0.042,   0.590,   0.700,  -0.068,   0.590,   0.600,   0.490,   0.800,   0.690
202602182206,  -0.033,   0.610,9999.000,9999.000,9999.000,9999.000,9999.000,9999.000,9999.000
202602182212,  -0.021,   0.639,9999.000,9999.000,9999.000,9999.000,9999.000,9999.000,9999.000
202602182218,  -0.006,   0.678,9999.000,9999.000,9999.000,9999.000,9999.000,9999.000,9999.000
202602182224,   0.012,   0.718,9999.000,9999.000,9999.000,9999.000,9999.000,9999.000,9999.000
202602182230,   0.033,   0.760,9999.000,9999.000,9999.000,9999.000,9999.000,9999.000,9999.000
202602182236,   0.058,   0.810,9999.000,9999.000,9999.000,9999.000,9999.000,9999.000,9999.000
202602182242,   0.086,   0.859,9999.000,9999.000,9999.000,9999.000,9999.000,9999.000,9999.000
202602182248,   0.117,   0.918,9999.000,9999.000,9999.000,9999.000,9999.000,9999.000,9999.000
202602182254,   0.151,   0.970,9999.000,9999.000,9999.000,9999.000,9999.000,9999.000,9999.000
202602182300,   0.187,   1.039,   0.700,   0.152,   1.039,   0.600,   0.939,   0.800,   1.139
202602182306,   0.227,   1.098,9999.000,9999.000,9999.000,9999.000,9999.000,9999.000,9999.000
202602182312,   0.269,   1.161,9999.000,9999.000,9999.000,9999.000,9999.000,9999.000,9999.000
202602182318,   0.314,   1.229,9999.000,9999.000,9999.000,9999.000,9999.000,9999.000,9999.000
202602182324,   0.361,   1.298,9999.000,9999.000,9999.000,9999.000,9999.000,9999.000,9999.000
202602182330,   0.411,   1.371,9999.000,9999.000,9999.000,9999.000,9999.000,9999.000,9999.000
202602182336,   0.462,   1.439,9999.000,9999.000,9999.000,9999.000,9999.000,9999.000,9999.000
202602182342,   0.516,   1.508,9999.000,9999.000,9999.000,9999.000,9999.000,9999.000,9999.000
202602182348,   0.571,   1.580,9999.000,9999.000,9999.000,9999.000,9999.000,9999.000,9999.000
202602182354,   0.628,   1.649,9999.000,9999.000,9999.000,9999.000,9999.000,9999.000,9999.000
202602190000,   0.686,   1.718,   0.600,   0.432,   1.718,   0.500,   1.618,   0.600,   1.718
202602190006,   0.746,   1.781,9999.000,9999.000,9999.000,9999.000,9999.000,9999.000,9999.000
202602190012,   0.806,   1.849,9999.000,9999.000,9999.000,9999.000,9999.000,9999.000,9999.000
202602190018,   0.868,   1.918,9999.000,9999.000,9999.000,9999.000,9999.000,9999.000,9999.000
202602190024,   0.930,   1.981,9999.000,9999.000,9999.000,9999.000,9999.000,9999.000,9999.000
202602190030,   0.992,   2.049,9999.000,9999.000,9999.000,9999.000,9999.000,9999.000,9999.000
202602190036,   1.054,   2.109,9999.000,9999.000,9999.000,9999.000,9999.000,9999.000,9999.000
202602190042,   1.117,   2.168,9999.000,9999.000,9999.000,9999.000,9999.000,9999.000,9999.000
202602190048,   1.180,   2.230,9999.000,9999.000,9999.000,9999.000,9999.000,9999.000,9999.000
202602190054,   1.241,   2.299,9999.000,9999.000,9999.000,9999.000,9999.000,9999.000,9999.000
202602190100,   1.302,   2.348,   0.600,   0.446,   2.348,   0.500,   2.248,   0.600,   2.348
202602190106,   1.361,   2.420,9999.000,9999.000,9999.000,9999.000,9999.000,9999.000,9999.000
202602190112,   1.420,   2.469,9999.000,9999.000,9999.000,9999.000,9999.000,9999.000,9999.000
202602190118,   1.478,   2.519,9999.000,9999.000,9999.000,9999.000,9999.000,9999.000,9999.000
202602190124,   1.534,   2.568,9999.000,9999.000,9999.000,9999.000,9999.000,9999.000,9999.000
202602190130,   1.588,   2.620,9999.000,9999.000,9999.000,9999.000,9999.000,9999.000,9999.000
202602190136,   1.641,   2.660,9999.000,9999.000,9999.000,9999.000,9999.000,9999.000,9999.000
202602190142,   1.691,   2.709,9999.000,9999.000,9999.000,9999.000,9999.000,9999.000,9999.000
202602190148,   1.739,   2.748,9999.000,9999.000,9999.000,9999.000,9999.000,9999.000,9999.000
202602190154,   1.785,   2.787,9999.000,9999.000,9999.000,9999.000,9999.000,9999.000,9999.000
202602190200,   1.829,   2.830,   0.600,   0.401,   2.830,   0.600,   2.830,   0.600,   2.830
202602190206,   1.870,   2.850,9999.000,9999.000,9999.000,9999.000,9999.000,9999.000,9999.000
202602190212,   1.908,   2.889,9999.000,9999.000,9999.000,9999.000,9999.000,9999.000,9999.000
202602190218,   1.944,   2.919,9999.000,9999.000,9999.000,9999.000,9999.000,9999.000,9999.000
202602190224,   1.976,   2.938,9999.000,9999.000,9999.000,9999.000,9999.000,9999.000,9999.000
202602190230,   2.006,   2.938,9999.000,9999.000,9999.000,9999.000,9999.000,9999.000,9999.000
202602190236,   2.032,   2.978,9999.000,9999.000,9999.000,9999.000,9999.000,9999.000,9999.000
202602190242,   2.056,   2.997,9999.000,9999.000,9999.000,9999.000,9999.000,9999.000,9999.000
202602190248,   2.077,   3.007,9999.000,9999.000,9999.000,9999.000,9999.000,9999.000,9999.000
202602190254,   2.094,   3.017,9999.000,9999.000,9999.000,9999.000,9999.000,9999.000,9999.000
202602190300,   2.109,   3.030,   0.600,   0.321,   3.030,   0.600,   3.030,   0.600,   3.030
202602190306,   2.120,   3.030,9999.000,9999.000,9999.000,9999.000,9999.000,9999.000,9999.000
202602190312,   2.128,   3.030,9999.000,9999.000,9999.000,9999.000,9999.000,9999.000,9999.000
202602190318,   2.133,   3.030,9999.000,9999.000,9999.000,9999.000,9999.000,9999.000,9999.000
202602190324,   2.135,   3.030,9999.000,9999.000,9999.000,9999.000,9999.000,9999.000,9999.000
202602190330,   2.134,   3.017,9999.000,9999.000,9999.000,9999.000,9999.000,9999.000,9999.000
202602190336,   2.131,   3.017,9999.000,9999.000,9999.000,9999.000,9999.000,9999.000,9999.000
202602190342,   2.124,   2.997,9999.000,9999.000,9999.000,9999.000,9999.000,9999.000,9999.000
202602190348,   2.114,   2.988,9999.000,9999.000,9999.000,9999.000,9999.000,9999.000,9999.000
202602190354,   2.102,   2.978,9999.000,9999.000,9999.000,9999.000,9999.000,9999.000,9999.000
202602190400,   2.087,   2.948,   0.600,   0.261,   2.948,   0.600,   2.948,   0.600,   2.948
202602190406,   2.070,   2.919,9999.000,9999.000,9999.000,9999.000,9999.000,9999.000,9999.000
202602190412,   2.050,   2.889,9999.000,9999.000,9999.000,9999.000,9999.000,9999.000,9999.000
202602190418,   2.028,   2.860,9999.000,9999.000,9999.000,9999.000,9999.000,9999.000,9999.000
202602190424,   2.003,   2.830,9999.000,9999.000,9999.000,9999.000,9999.000,9999.000,9999.000
202602190430,   1.976,   2.797,9999.000,9999.000,9999.000,9999.000,9999.000,9999.000,9999.000
202602190436,   1.947,   2.748,9999.000,9999.000,9999.000,9999.000,9999.000,9999.000,9999.000
202602190442,   1.917,   2.709,9999.000,9999.000,9999.000,9999.000,9999.000,9999.000,9999.000
202602190448,   1.884,   2.669,9999.000,9999.000,9999.000,9999.000,9999.000,9999.000,9999.000
202602190454,   1.849,   2.630,9999.000,9999.000,9999.000,9999.000,9999.000,9999.000,9999.000
202602190500,   1.813,   2.578,   0.600,   0.165,   2.578,   0.600,   2.578,   0.600,   2.578
202602190506,   1.775,   2.528,9999.000,9999.000,9999.000,9999.000,9999.000,9999.000,9999.000
202602190512,   1.735,   2.489,9999.000,9999.000,9999.000,9999.000,9999.000,9999.000,9999.000
202602190518,   1.694,   2.440,9999.000,9999.000,9999.000,9999.000,9999.000,9999.000,9999.000
202602190524,   1.652,   2.387,9999.000,9999.000,9999.000,9999.000,9999.000,9999.000,9999.000
202602190530,   1.609,   2.328,9999.000,9999.000,9999.000,9999.000,9999.000,9999.000,9999.000
202602190536,   1.564,   2.279,9999.000,9999.000,9999.000,9999.000,9999.000,9999.000,9999.000
202602190542,   1.518,   2.230,9999.000,9999.000,9999.000,9999.000,9999.000,9999.000,9999.000
202602190548,   1.472,   2.168,9999.000,9999.000,9999.000,9999.000,9999.000,9999.000,9999.000
202602190554,   1.424,   2.118,9999.000,9999.000,9999.000,9999.000,9999.000,9999.000,9999.000
202602190600,   1.376,   2.059,   0.500,   0.183,   2.059,   0.500,   2.059,   0.600,   2.159
202602190606,   1.327,   2.010,9999.000,9999.000,9999.000,9999.000,9999.000,9999.000,9999.000
202602190612,   1.277,   1.948,9999.000,9999.000,9999.000,9999.000,9999.000,9999.000,9999.000
202602190618,   1.226,   1.889,9999.000,9999.000,9999.000,9999.000,9999.000,9999.000,9999.000
202602190624,   1.176,   1.830,9999.000,9999.000,9999.000,9999.000,9999.000,9999.000,9999.000
202602190630,   1.124,   1.781,9999.000,9999.000,9999.000,9999.000,9999.000,9999.000,9999.000
202602190636,   1.072,   1.728,9999.000,9999.000,9999.000,9999.000,9999.000,9999.000,9999.000
202602190642,   1.020,   1.669,9999.000,9999.000,9999.000,9999.000,9999.000,9999.000,9999.000
202602190648,   0.968,   1.620,9999.000,9999.000,9999.000,9999.000,9999.000,9999.000,9999.000
202602190654,   0.916,   1.571,9999.000,9999.000,9999.000,9999.000,9999.000,9999.000,9999.000
202602190700,   0.863,   1.508,   0.500,   0.145,   1.508,   0.500,   1.508,   0.600,   1.608
202602190706,   0.810,   1.449,9999.000,9999.000,9999.000,9999.000,9999.000,9999.000,9999.000
202602190712,   0.758,   1.400,9999.000,9999.000,9999.000,9999.000,9999.000,9999.000,9999.000
202602190718,   0.706,   1.348,9999.000,9999.000,9999.000,9999.000,9999.000,9999.000,9999.000
202602190724,   0.654,   1.298,9999.000,9999.000,9999.000,9999.000,9999.000,9999.000,9999.000
202602190730,   0.602,   1.249,9999.000,9999.000,9999.000,9999.000,9999.000,9999.000,9999.000
202602190736,   0.551,   1.210,9999.000,9999.000,9999.000,9999.000,9999.000,9999.000,9999.000
202602190742,   0.500,   1.161,9999.000,9999.000,9999.000,9999.000,9999.000,9999.000,9999.000
202602190748,   0.449,   1.108,9999.000,9999.000,9999.000,9999.000,9999.000,9999.000,9999.000
202602190754,   0.400,   1.059,9999.000,9999.000,9999.000,9999.000,9999.000,9999.000,9999.000
202602190800,   0.351,   1.010,   0.600,   0.059,   1.010,   0.500,   0.910,   0.600,   1.010
202602190806,   0.303,   0.970,9999.000,9999.000,9999.000,9999.000,9999.000,9999.000,9999.000
202602190812,   0.257,   0.928,9999.000,9999.000,9999.000,9999.000,9999.000,9999.000,9999.000
202602190818,   0.211,   0.879,9999.000,9999.000,9999.000,9999.000,9999.000,9999.000,9999.000
202602190824,   0.167,   0.839,9999.000,9999.000,9999.000,9999.000,9999.000,9999.000,9999.000
202602190830,   0.123,   0.810,9999.000,9999.000,9999.000,9999.000,9999.000,9999.000,9999.000
202602190836,   0.082,   0.760,9999.000,9999.000,9999.000,9999.000,9999.000,9999.000,9999.000
202602190842,   0.042,   0.718,9999.000,9999.000,9999.000,9999.000,9999.000,9999.000,9999.000
202602190848,   0.004,   0.678,9999.000,9999.000,9999.000,9999.000,9999.000,9999.000,9999.000
202602190854,  -0.032,   0.649,9999.000,9999.000,9999.000,9999.000,9999.000,9999.000,9999.000
202602190900,  -0.066,   0.619,   0.600,   0.085,   0.619,   0.500,   0.519,   0.600,   0.619
202602190906,  -0.098,   0.570,9999.000,9999.000,9999.000,9999.000,9999.000,9999.000,9999.000
202602190912,  -0.128,   0.541,9999.000,9999.000,9999.000,9999.000,9999.000,9999.000,9999.000
202602190918,  -0.156,   0.518,9999.000,9999.000,9999.000,9999.000,9999.000,9999.000,9999.000
202602190924,  -0.181,   0.488,9999.000,9999.000,9999.000,9999.000,9999.000,9999.000,9999.000
202602190930,  -0.204,   0.459,9999.000,9999.000,9999.000,9999.000,9999.000,9999.000,9999.000
202602190936,  -0.224,   0.419,9999.000,9999.000,9999.000,9999.000,9999.000,9999.000,9999.000
202602190942,  -0.241,   0.409,9999.000,9999.000,9999.000,9999.000,9999.000,9999.000,9999.000
202602190948,  -0.256,   0.390,9999.000,9999.000,9999.000,9999.000,9999.000,9999.000,9999.000
202602190954,  -0.267,   0.380,9999.000,9999.000,9999.000,9999.000,9999.000,9999.000,9999.000
202602191000,  -0.275,   0.360,   0.600,   0.035,   0.360,   0.500,   0.260,   0.600,   0.360
202602191006,  -0.281,   0.341,9999.000,9999.000,9999.000,9999.000,9999.000,9999.000,9999.000
202602191012,  -0.283,   0.331,9999.000,9999.000,9999.000,9999.000,9999.000,9999.000,9999.000
202602191018,  -0.282,   0.321,9999.000,9999.000,9999.000,9999.000,9999.000,9999.000,9999.000
202602191024,  -0.277,   0.321,9999.000,9999.000,9999.000,9999.000,9999.000,9999.000,9999.000
202602191030,  -0.269,   0.331,9999.000,9999.000,9999.000,9999.000,9999.000,9999.000,9999.000
202602191036,  -0.258,   0.331,9999.000,9999.000,9999.000,9999.000,9999.000,9999.000,9999.000
202602191042,  -0.243,   0.370,9999.000,9999.000,9999.000,9999.000,9999.000,9999.000,9999.000
202602191048,  -0.226,   0.380,9999.000,9999.000,9999.000,9999.000,9999.000,9999.000,9999.000
202602191054,  -0.204,   0.390,9999.000,9999.000,9999.000,9999.000,9999.000,9999.000,9999.000
202602191100,  -0.180,   0.419,   0.600,  -0.001,   0.419,   0.500,   0.319,   0.600,   0.419
202602191106,  -0.152,   0.439,9999.000,9999.000,9999.000,9999.000,9999.000,9999.000,9999.000
202602191112,  -0.121,   0.478,9999.000,9999.000,9999.000,9999.000,9999.000,9999.000,9999.000
202602191118,  -0.087,   0.518,9999.000,9999.000,9999.000,9999.000,9999.000,9999.000,9999.000
202602191124,  -0.050,   0.551,9999.000,9999.000,9999.000,9999.000,9999.000,9999.000,9999.000
202602191130,  -0.010,   0.590,9999.000,9999.000,9999.000,9999.000,9999.000,9999.000,9999.000
202602191136,   0.032,   0.649,9999.000,9999.000,9999.000,9999.000,9999.000,9999.000,9999.000
202602191142,   0.078,   0.708,9999.000,9999.000,9999.000,9999.000,9999.000,9999.000,9999.000
202602191148,   0.126,   0.760,9999.000,9999.000,9999.000,9999.000,9999.000,9999.000,9999.000
202602191154,   0.177,   0.819,9999.000,9999.000,9999.000,9999.000,9999.000,9999.000,9999.000
202602191200,   0.230,   0.859,   0.500,   0.129,   0.859,   0.500,   0.859,   0.500,   0.859
202602191206,   0.285,   0.908,9999.000,9999.000,9999.000,9999.000,9999.000,9999.000,9999.000
202602191212,   0.342,   0.990,9999.000,9999.000,9999.000,9999.000,9999.000,9999.000,9999.000
202602191218,   0.400,   1.039,9999.000,9999.000,9999.000,9999.000,9999.000,9999.000,9999.000
202602191224,   0.461,   1.118,9999.000,9999.000,9999.000,9999.000,9999.000,9999.000,9999.000
202602191230,   0.522,   1.180,9999.000,9999.000,9999.000,9999.000,9999.000,9999.000,9999.000
202602191236,   0.585,   1.249,9999.000,9999.000,9999.000,9999.000,9999.000,9999.000,9999.000
202602191242,   0.648,   1.308,9999.000,9999.000,9999.000,9999.000,9999.000,9999.000,9999.000
202602191248,   0.713,   1.380,9999.000,9999.000,9999.000,9999.000,9999.000,9999.000,9999.000
202602191254,   0.777,   1.459,9999.000,9999.000,9999.000,9999.000,9999.000,9999.000,9999.000
202602191300,   0.842,   1.518,   0.500,   0.176,   1.518,   0.500,   1.518,   0.500,   1.518
202602191306,   0.907,   1.571,9999.000,9999.000,9999.000,9999.000,9999.000,9999.000,9999.000
202602191312,   0.972,   1.649,9999.000,9999.000,9999.000,9999.000,9999.000,9999.000,9999.000
202602191318,   1.037,   1.708,9999.000,9999.000,9999.000,9999.000,9999.000,9999.000,9999.000
202602191324,   1.100,   1.767,9999.000,9999.000,9999.000,9999.000,9999.000,9999.000,9999.000
202602191330,   1.163,   1.840,9999.000,9999.000,9999.000,9999.000,9999.000,9999.000,9999.000
202602191336,   1.225,   1.889,9999.000,9999.000,9999.000,9999.000,9999.000,9999.000,9999.000
202602191342,   1.286,   1.948,9999.000,9999.000,9999.000,9999.000,9999.000,9999.000,9999.000
202602191348,   1.345,   2.010,9999.000,9999.000,9999.000,9999.000,9999.000,9999.000,9999.000
202602191354,   1.402,   2.040,9999.000,9999.000,9999.000,9999.000,9999.000,9999.000,9999.000
202602191400,   1.458,   2.099,   0.500,   0.141,   2.099,   0.500,   2.099,   0.500,   2.099
202602191406,   1.512,   2.138,9999.000,9999.000,9999.000,9999.000,9999.000,9999.000,9999.000
202602191412,   1.564,   2.200,9999.000,9999.000,9999.000,9999.000,9999.000,9999.000,9999.000
202602191418,   1.613,   2.240,9999.000,9999.000,9999.000,9999.000,9999.000,9999.000,9999.000
202602191424,   1.660,   2.289,9999.000,9999.000,9999.000,9999.000,9999.000,9999.000,9999.000
202602191430,   1.704,   2.328,9999.000,9999.000,9999.000,9999.000,9999.000,9999.000,9999.000
202602191436,   1.746,   2.368,9999.000,9999.000,9999.000,9999.000,9999.000,9999.000,9999.000
202602191442,   1.785,   2.420,9999.000,9999.000,9999.000,9999.000,9999.000,9999.000,9999.000
202602191448,   1.821,   2.450,9999.000,9999.000,9999.000,9999.000,9999.000,9999.000,9999.000
202602191454,   1.855,   2.479,9999.000,9999.000,9999.000,9999.000,9999.000,9999.000,9999.000
202602191500,   1.885,   2.519,   0.500,   0.134,   2.519,   0.500,   2.519,   0.500,   2.519
202602191506,   1.912,   2.528,9999.000,9999.000,9999.000,9999.000,9999.000,9999.000,9999.000
202602191512,   1.937,   2.568,9999.000,9999.000,9999.000,9999.000,9999.000,9999.000,9999.000
202602191518,   1.958,   2.558,9999.000,9999.000,9999.000,9999.000,9999.000,9999.000,9999.000
202602191524,   1.976,   2.578,9999.000,9999.000,9999.000,9999.000,9999.000,9999.000,9999.000
202602191530,   1.991,   2.578,9999.000,9999.000,9999.000,9999.000,9999.000,9999.000,9999.000
202602191536,   2.004,   2.587,9999.000,9999.000,9999.000,9999.000,9999.000,9999.000,9999.000
202602191542,   2.013,   2.578,9999.000,9999.000,9999.000,9999.000,9999.000,9999.000,9999.000
202602191548,   2.019,   2.578,9999.000,9999.000,9999.000,9999.000,9999.000,9999.000,9999.000
202602191554,   2.022,   2.578,9999.000,9999.000,9999.000,9999.000,9999.000,9999.000,9999.000
202602191600,   2.022,   2.568,   0.500,   0.046,   2.568,   0.500,   2.568,   0.500,   2.568
202602191606,   2.020,   2.568,9999.000,9999.000,9999.000,9999.000,9999.000,9999.000,9999.000
202602191612,   2.015,   2.568,9999.000,9999.000,9999.000,9999.000,9999.000,9999.000,9999.000
202602191618,   2.007,   2.548,9999.000,9999.000,9999.000,9999.000,9999.000,9999.000,9999.000
202602191624,   1.996,   2.538,9999.000,9999.000,9999.000,9999.000,9999.000,9999.000,9999.000
202602191630,   1.983,   2.528,9999.000,9999.000,9999.000,9999.000,9999.000,9999.000,9999.000
202602191636,   1.968,   2.509,9999.000,9999.000,9999.000,9999.000,9999.000,9999.000,9999.000
202602191642,   1.950,   2.479,9999.000,9999.000,9999.000,9999.000,9999.000,9999.000,9999.000
202602191648,   1.930,   2.450,9999.000,9999.000,9999.000,9999.000,9999.000,9999.000,9999.000
202602191654,   1.908,   2.440,9999.000,9999.000,9999.000,9999.000,9999.000,9999.000,9999.000
202602191700,   1.884,   2.410,   0.500,   0.026,   2.410,   0.500,   2.410,   0.500,   2.410
202602191706,   1.858,   2.377,9999.000,9999.000,9999.000,9999.000,9999.000,9999.000,9999.000
202602191712,   1.830,   2.348,9999.000,9999.000,9999.000,9999.000,9999.000,9999.000,9999.000
202602191718,   1.800,   2.318,9999.000,9999.000,9999.000,9999.000,9999.000,9999.000,9999.000
202602191724,   1.769,   2.279,9999.000,9999.000,9999.000,9999.000,9999.000,9999.000,9999.000
202602191730,   1.736,   2.240,9999.000,9999.000,9999.000,9999.000,9999.000,9999.000,9999.000
202602191736,   1.701,   2.191,9999.000,9999.000,9999.000,9999.000,9999.000,9999.000,9999.000
202602191742,   1.666,   2.158,9999.000,9999.000,9999.000,9999.000,9999.000,9999.000,9999.000
202602191748,   1.629,   2.118,9999.000,9999.000,9999.000,9999.000,9999.000,9999.000,9999.000
202602191754,   1.591,   2.069,9999.000,9999.000,9999.000,9999.000,9999.000,9999.000,9999.000
202602191800,   1.551,   2.030,   0.500,  -0.021,   2.030,   0.500,   2.030,   0.500,   2.030
202602191806,   1.511,9999.000,9999.000,9999.000,9999.000,9999.000,9999.000,9999.000,9999.000
202602191812,   1.470,9999.000,9999.000,9999.000,9999.000,9999.000,9999.000,9999.000,9999.000
202602191818,   1.428,9999.000,9999.000,9999.000,9999.000,9999.000,9999.000,9999.000,9999.000
202602191824,   1.385,9999.000,9999.000,9999.000,9999.000,9999.000,9999.000,9999.000,9999.000
202602191830,   1.342,9999.000,9999.000,9999.000,9999.000,9999.000,9999.000,9999.000,9999.000
202602191836,   1.297,9999.000,9999.000,9999.000,9999.000,9999.000,9999.000,9999.000,9999.000
202602191842,   1.253,9999.000,9999.000,9999.000,9999.000,9999.000,9999.000,9999.000,9999.000
202602191848,   1.208,9999.000,9999.000,9999.000,9999.000,9999.000,9999.000,9999.000,9999.000
202602191854,   1.162,9999.000,9999.000,9999.000,9999.000,9999.000,9999.000,9999.000,9999.000
202602191900,   1.116,9999.000,   0.500,  -0.004,   1.612,   0.500,   1.612,   0.500,   1.612
202602191906,   1.070,9999.000,9999.000,9999.000,9999.000,9999.000,9999.000,9999.000,9999.000
202602191912,   1.023,9999.000,9999.000,9999.000,9999.000,9999.000,9999.000,9999.000,9999.000
202602191918,   0.977,9999.000,9999.000,9999.000,9999.000,9999.000,9999.000,9999.000,9999.000
202602191924,   0.930,9999.000,9999.000,9999.000,9999.000,9999.000,9999.000,9999.000,9999.000
202602191930,   0.884,9999.000,9999.000,9999.000,9999.000,9999.000,9999.000,9999.000,9999.000
202602191936,   0.837,9999.000,9999.000,9999.000,9999.000,9999.000,9999.000,9999.000,9999.000
202602191942,   0.791,9999.000,9999.000,9999.000,9999.000,9999.000,9999.000,9999.000,9999.000
202602191948,   0.744,9999.000,9999.000,9999.000,9999.000,9999.000,9999.000,9999.000,9999.000
202602191954,   0.699,9999.000,9999.000,9999.000,9999.000,9999.000,9999.000,9999.000,9999.000
202602192000,   0.653,9999.000,   0.500,   0.013,   1.166,   0.500,   1.166,   0.500,   1.166
202602192006,   0.608,9999.000,9999.000,9999.000,9999.000,9999.000,9999.000,9999.000,9999.000
202602192012,   0.564,9999.000,9999.000,9999.000,9999.000,9999.000,9999.000,9999.000,9999.000
202602192018,   0.520,9999.000,9999.000,9999.000,9999.000,9999.000,9999.000,9999.000,9999.000
202602192024,   0.477,9999.000,9999.000,9999.000,9999.000,9999.000,9999.000,9999.000,9999.000
202602192030,   0.434,9999.000,9999.000,9999.000,9999.000,9999.000,9999.000,9999.000,9999.000
202602192036,   0.393,9999.000,9999.000,9999.000,9999.000,9999.000,9999.000,9999.000,9999.000
202602192042,   0.353,9999.000,9999.000,9999.000,9999.000,9999.000,9999.000,9999.000,9999.000
202602192048,   0.314,9999.000,9999.000,9999.000,9999.000,9999.000,9999.000,9999.000,9999.000
202602192054,   0.276,9999.000,9999.000,9999.000,9999.000,9999.000,9999.000,9999.000,9999.000
202602192100,   0.240,9999.000,   0.500,   0.030,   0.770,   0.500,   0.770,   0.500,   0.770
202602192106,   0.205,9999.000,9999.000,9999.000,9999.000,9999.000,9999.000,9999.000,9999.000
202602192112,   0.171,9999.000,9999.000,9999.000,9999.000,9999.000,9999.000,9999.000,9999.000
202602192118,   0.140,9999.000,9999.000,9999.000,9999.000,9999.000,9999.000,9999.000,9999.000
202602192124,   0.110,9999.000,9999.000,9999.000,9999.000,9999.000,9999.000,9999.000,9999.000
202602192130,   0.082,9999.000,9999.000,9999.000,9999.000,9999.000,9999.000,9999.000,9999.000
202602192136,   0.057,9999.000,9999.000,9999.000,9999.000,9999.000,9999.000,9999.000,9999.000
202602192142,   0.033,9999.000,9999.000,9999.000,9999.000,9999.000,9999.000,9999.000,9999.000
202602192148,   0.012,9999.000,9999.000,9999.000,9999.000,9999.000,9999.000,9999.000,9999.000
202602192154,  -0.006,9999.000,9999.000,9999.000,9999.000,9999.000,9999.000,9999.000,9999.000
202602192200,  -0.022,9999.000,   0.500,   0.047,   0.525,   0.500,   0.525,   0.500,   0.525
202602192206,  -0.036,9999.000,9999.000,9999.000,9999.000,9999.000,9999.000,9999.000,9999.000
202602192212,  -0.047,9999.000,9999.000,9999.000,9999.000,9999.000,9999.000,9999.000,9999.000
202602192218,  -0.055,9999.000,9999.000,9999.000,9999.000,9999.000,9999.000,9999.000,9999.000
202602192224,  -0.060,9999.000,9999.000,9999.000,9999.000,9999.000,9999.000,9999.000,9999.000
202602192230,  -0.063,9999.000,9999.000,9999.000,9999.000,9999.000,9999.000,9999.000,9999.000
202602192236,  -0.062,9999.000,9999.000,9999.000,9999.000,9999.000,9999.000,9999.000,9999.000
202602192242,  -0.058,9999.000,9999.000,9999.000,9999.000,9999.000,9999.000,9999.000,9999.000
202602192248,  -0.052,9999.000,9999.000,9999.000,9999.000,9999.000,9999.000,9999.000,9999.000
202602192254,  -0.042,9999.000,9999.000,9999.000,9999.000,9999.000,9999.000,9999.000,9999.000
202602192300,  -0.029,9999.000,   0.500,   0.064,   0.535,   0.500,   0.535,   0.500,   0.535
202602192306,  -0.013,9999.000,9999.000,9999.000,9999.000,9999.000,9999.000,9999.000,9999.000
202602192312,   0.005,9999.000,9999.000,9999.000,9999.000,9999.000,9999.000,9999.000,9999.000
202602192318,   0.028,9999.000,9999.000,9999.000,9999.000,9999.000,9999.000,9999.000,9999.000
202602192324,   0.053,9999.000,9999.000,9999.000,9999.000,9999.000,9999.000,9999.000,9999.000
202602192330,   0.082,9999.000,9999.000,9999.000,9999.000,9999.000,9999.000,9999.000,9999.000
202602192336,   0.113,9999.000,9999.000,9999.000,9999.000,9999.000,9999.000,9999.000,9999.000
202602192342,   0.147,9999.000,9999.000,9999.000,9999.000,9999.000,9999.000,9999.000,9999.000
202602192348,   0.184,9999.000,9999.000,9999.000,9999.000,9999.000,9999.000,9999.000,9999.000
202602192354,   0.224,9999.000,9999.000,9999.000,9999.000,9999.000,9999.000,9999.000,9999.000
202602200000,   0.266,9999.000,   0.500,   0.080,   0.846,   0.500,   0.846,   0.500,   0.846
202602200006,   0.311,9999.000,9999.000,9999.000,9999.000,9999.000,9999.000,9999.000,9999.000
202602200012,   0.358,9999.000,9999.000,9999.000,9999.000,9999.000,9999.000,9999.000,9999.000
202602200018,   0.407,9999.000,9999.000,9999.000,9999.000,9999.000,9999.000,9999.000,9999.000
202602200024,   0.458,9999.000,9999.000,9999.000,9999.000,9999.000,9999.000,9999.000,9999.000
202602200030,   0.512,9999.000,9999.000,9999.000,9999.000,9999.000,9999.000,9999.000,9999.000
202602200036,   0.566,9999.000,9999.000,9999.000,9999.000,9999.000,9999.000,9999.000,9999.000
202602200042,   0.623,9999.000,9999.000,9999.000,9999.000,9999.000,9999.000,9999.000,9999.000
202602200048,   0.680,9999.000,9999.000,9999.000,9999.000,9999.000,9999.000,9999.000,9999.000
202602200054,   0.739,9999.000,9999.000,9999.000,9999.000,9999.000,9999.000,9999.000,9999.000
202602200100,   0.798,9999.000,   0.500,   0.097,   1.395,   0.500,   1.395,   0.500,   1.395
202602200106,   0.859,9999.000,9999.000,9999.000,9999.000,9999.000,9999.000,9999.000,9999.000
202602200112,   0.919,9999.000,9999.000,9999.000,9999.000,9999.000,9999.000,9999.000,9999.000
202602200118,   0.980,9999.000,9999.000,9999.000,9999.000,9999.000,9999.000,9999.000,9999.000
202602200124,   1.041,9999.000,9999.000,9999.000,9999.000,9999.000,9999.000,9999.000,9999.000
202602200130,   1.102,9999.000,9999.000,9999.000,9999.000,9999.000,9999.000,9999.000,9999.000
202602200136,   1.162,9999.000,9999.000,9999.000,9999.000,9999.000,9999.000,9999.000,9999.000
202602200142,   1.222,9999.000,9999.000,9999.000,9999.000,9999.000,9999.000,9999.000,9999.000
202602200148,   1.281,9999.000,9999.000,9999.000,9999.000,9999.000,9999.000,9999.000,9999.000
202602200154,   1.339,9999.000,9999.000,9999.000,9999.000,9999.000,9999.000,9999.000,9999.000
202602200200,   1.395,9999.000,   0.500,   0.114,   2.009,   0.500,   2.009,   0.500,   2.009
202602200206,   1.450,9999.000,9999.000,9999.000,9999.000,9999.000,9999.000,9999.000,9999.000
202602200212,   1.504,9999.000,9999.000,9999.000,9999.000,9999.000,9999.000,9999.000,9999.000
202602200218,   1.556,9999.000,9999.000,9999.000,9999.000,9999.000,9999.000,9999.000,9999.000
202602200224,   1.605,9999.000,9999.000,9999.000,9999.000,9999.000,9999.000,9999.000,9999.000
202602200230,   1.653,9999.000,9999.000,9999.000,9999.000,9999.000,9999.000,9999.000,9999.000
202602200236,   1.698,9999.000,9999.000,9999.000,9999.000,9999.000,9999.000,9999.000,9999.000
202602200242,   1.741,9999.000,9999.000,9999.000,9999.000,9999.000,9999.000,9999.000,9999.000
202602200248,   1.782,9999.000,9999.000,9999.000,9999.000,9999.000,9999.000,9999.000,9999.000
202602200254,   1.820,9999.000,9999.000,9999.000,9999.000,9999.000,9999.000,9999.000,9999.000
202602200300,   1.855,9999.000,   0.500,   0.131,   2.486,   0.500,   2.486,   0.500,   2.486
202602200306,   1.887,9999.000,9999.000,9999.000,9999.000,9999.000,9999.000,9999.000,9999.000
202602200312,   1.916,9999.000,9999.000,9999.000,9999.000,9999.000,9999.000,9999.000,9999.000
202602200318,   1.942,9999.000,9999.000,9999.000,9999.000,9999.000,9999.000,9999.000,9999.000
202602200324,   1.965,9999.000,9999.000,9999.000,9999.000,9999.000,9999.000,9999.000,9999.000
202602200330,   1.985,9999.000,9999.000,9999.000,9999.000,9999.000,9999.000,9999.000,9999.000
202602200336,   2.002,9999.000,9999.000,9999.000,9999.000,9999.000,9999.000,9999.000,9999.000
202602200342,   2.016,9999.000,9999.000,9999.000,9999.000,9999.000,9999.000,9999.000,9999.000
202602200348,   2.027,9999.000,9999.000,9999.000,9999.000,9999.000,9999.000,9999.000,9999.000
202602200354,   2.035,9999.000,9999.000,9999.000,9999.000,9999.000,9999.000,9999.000,9999.000
202602200400,   2.039,9999.000,   0.500,   0.148,   2.687,   0.500,   2.687,   0.500,   2.687
202602200406,   2.041,9999.000,9999.000,9999.000,9999.000,9999.000,9999.000,9999.000,9999.000
202602200412,   2.039,9999.000,9999.000,9999.000,9999.000,9999.000,9999.000,9999.000,9999.000
202602200418,   2.035,9999.000,9999.000,9999.000,9999.000,9999.000,9999.000,9999.000,9999.000
202602200424,   2.028,9999.000,9999.000,9999.000,9999.000,9999.000,9999.000,9999.000,9999.000
202602200430,   2.017,9999.000,9999.000,9999.000,9999.000,9999.000,9999.000,9999.000,9999.000
202602200436,   2.005,9999.000,9999.000,9999.000,9999.000,9999.000,9999.000,9999.000,9999.000
202602200442,   1.989,9999.000,9999.000,9999.000,9999.000,9999.000,9999.000,9999.000,9999.000
202602200448,   1.971,9999.000,9999.000,9999.000,9999.000,9999.000,9999.000,9999.000,9999.000
202602200454,   1.950,9999.000,9999.000,9999.000,9999.000,9999.000,9999.000,9999.000,9999.000
202602200500,   1.927,9999.000,   0.500,   0.165,   2.592,   0.500,   2.592,   0.500,   2.592
202602200506,   1.901,9999.000,9999.000,9999.000,9999.000,9999.000,9999.000,9999.000,9999.000
202602200512,   1.874,9999.000,9999.000,9999.000,9999.000,9999.000,9999.000,9999.000,9999.000
202602200518,   1.844,9999.000,9999.000,9999.000,9999.000,9999.000,9999.000,9999.000,9999.000
202602200524,   1.812,9999.000,9999.000,9999.000,9999.000,9999.000,9999.000,9999.000,9999.000
202602200530,   1.778,9999.000,9999.000,9999.000,9999.000,9999.000,9999.000,9999.000,9999.000
202602200536,   1.743,9999.000,9999.000,9999.000,9999.000,9999.000,9999.000,9999.000,9999.000
202602200542,   1.706,9999.000,9999.000,9999.000,9999.000,9999.000,9999.000,9999.000,9999.000
202602200548,   1.667,9999.000,9999.000,9999.000,9999.000,9999.000,9999.000,9999.000,9999.000
202602200554,   1.627,9999.000,9999.000,9999.000,9999.000,9999.000,9999.000,9999.000,9999.000
202602200600,   1.585,9999.000,   0.500,   0.182,   2.267,   0.500,   2.267,   0.600,   2.367
202602200606,   1.542,9999.000,9999.000,9999.000,9999.000,9999.000,9999.000,9999.000,9999.000
202602200612,   1.498,9999.000,9999.000,9999.000,9999.000,9999.000,9999.000,9999.000,9999.000
202602200618,   1.453,9999.000,9999.000,9999.000,9999.000,9999.000,9999.000,9999.000,9999.000
202602200624,   1.407,9999.000,9999.000,9999.000,9999.000,9999.000,9999.000,9999.000,9999.000
202602200630,   1.360,9999.000,9999.000,9999.000,9999.000,9999.000,9999.000,9999.000,9999.000
202602200636,   1.312,9999.000,9999.000,9999.000,9999.000,9999.000,9999.000,9999.000,9999.000
202602200642,   1.263,9999.000,9999.000,9999.000,9999.000,9999.000,9999.000,9999.000,9999.000
202602200648,   1.214,9999.000,9999.000,9999.000,9999.000,9999.000,9999.000,9999.000,9999.000
202602200654,   1.164,9999.000,9999.000,9999.000,9999.000,9999.000,9999.000,9999.000,9999.000
202602200700,   1.114,9999.000,   0.500,   0.182,   1.796,   0.500,   1.796,   0.600,   1.896
202602200706,   1.063,9999.000,9999.000,9999.000,9999.000,9999.000,9999.000,9999.000,9999.000
202602200712,   1.012,9999.000,9999.000,9999.000,9999.000,9999.000,9999.000,9999.000,9999.000
202602200718,   0.961,9999.000,9999.000,9999.000,9999.000,9999.000,9999.000,9999.000,9999.000
202602200724,   0.910,9999.000,9999.000,9999.000,9999.000,9999.000,9999.000,9999.000,9999.000
202602200730,   0.858,9999.000,9999.000,9999.000,9999.000,9999.000,9999.000,9999.000,9999.000
202602200736,   0.807,9999.000,9999.000,9999.000,9999.000,9999.000,9999.000,9999.000,9999.000
202602200742,   0.755,9999.000,9999.000,9999.000,9999.000,9999.000,9999.000,9999.000,9999.000
202602200748,   0.704,9999.000,9999.000,9999.000,9999.000,9999.000,9999.000,9999.000,9999.000
202602200754,   0.653,9999.000,9999.000,9999.000,9999.000,9999.000,9999.000,9999.000,9999.000
202602200800,   0.602,9999.000,   0.600,   0.182,   1.384,   0.500,   1.284,   0.600,   1.384
202602200806,   0.552,9999.000,9999.000,9999.000,9999.000,9999.000,9999.000,9999.000,9999.000
202602200812,   0.502,9999.000,9999.000,9999.000,9999.000,9999.000,9999.000,9999.000,9999.000
202602200818,   0.453,9999.000,9999.000,9999.000,9999.000,9999.000,9999.000,9999.000,9999.000
202602200824,   0.404,9999.000,9999.000,9999.000,9999.000,9999.000,9999.000,9999.000,9999.000
202602200830,   0.356,9999.000,9999.000,9999.000,9999.000,9999.000,9999.000,9999.000,9999.000
202602200836,   0.309,9999.000,9999.000,9999.000,9999.000,9999.000,9999.000,9999.000,9999.000
202602200842,   0.263,9999.000,9999.000,9999.000,9999.000,9999.000,9999.000,9999.000,9999.000
202602200848,   0.218,9999.000,9999.000,9999.000,9999.000,9999.000,9999.000,9999.000,9999.000
202602200854,   0.174,9999.000,9999.000,9999.000,9999.000,9999.000,9999.000,9999.000,9999.000
202602200900,   0.132,9999.000,   0.600,   0.182,   0.914,   0.500,   0.814,   0.600,   0.914
202602200906,   0.091,9999.000,9999.000,9999.000,9999.000,9999.000,9999.000,9999.000,9999.000
202602200912,   0.051,9999.000,9999.000,9999.000,9999.000,9999.000,9999.000,9999.000,9999.000
202602200918,   0.013,9999.000,9999.000,9999.000,9999.000,9999.000,9999.000,9999.000,9999.000
202602200924,  -0.022,9999.000,9999.000,9999.000,9999.000,9999.000,9999.000,9999.000,9999.000
202602200930,  -0.057,9999.000,9999.000,9999.000,9999.000,9999.000,9999.000,9999.000,9999.000
202602200936,  -0.089,9999.000,9999.000,9999.000,9999.000,9999.000,9999.000,9999.000,9999.000
202602200942,  -0.119,9999.000,9999.000,9999.000,9999.000,9999.000,9999.000,9999.000,9999.000
202602200948,  -0.147,9999.000,9999.000,9999.000,9999.000,9999.000,9999.000,9999.000,9999.000
202602200954,  -0.173,9999.000,9999.000,9999.000,9999.000,9999.000,9999.000,9999.000,9999.000
202602201000,  -0.196,9999.000,   0.600,   0.182,   0.586,   0.500,   0.486,   0.600,   0.586
202602201006,  -0.217,9999.000,9999.000,9999.000,9999.000,9999.000,9999.000,9999.000,9999.000
202602201012,  -0.235,9999.000,9999.000,9999.000,9999.000,9999.000,9999.000,9999.000,9999.000
202602201018,  -0.250,9999.000,9999.000,9999.000,9999.000,9999.000,9999.000,9999.000,9999.000
202602201024,  -0.263,9999.000,9999.000,9999.000,9999.000,9999.000,9999.000,9999.000,9999.000
202602201030,  -0.272,9999.000,9999.000,9999.000,9999.000,9999.000,9999.000,9999.000,9999.000
202602201036,  -0.278,9999.000,9999.000,9999.000,9999.000,9999.000,9999.000,9999.000,9999.000
202602201042,  -0.281,9999.000,9999.000,9999.000,9999.000,9999.000,9999.000,9999.000,9999.000
202602201048,  -0.281,9999.000,9999.000,9999.000,9999.000,9999.000,9999.000,9999.000,9999.000
202602201054,  -0.278,9999.000,9999.000,9999.000,9999.000,9999.000,9999.000,9999.000,9999.000
202602201100,  -0.272,9999.000,   0.600,   0.182,   0.510,   0.600,   0.510,   0.700,   0.610
202602201106,  -0.262,9999.000,9999.000,9999.000,9999.000,9999.000,9999.000,9999.000,9999.000
202602201112,  -0.248,9999.000,9999.000,9999.000,9999.000,9999.000,9999.000,9999.000,9999.000
202602201118,  -0.232,9999.000,9999.000,9999.000,9999.000,9999.000,9999.000,9999.000,9999.000
202602201124,  -0.211,9999.000,9999.000,9999.000,9999.000,9999.000,9999.000,9999.000,9999.000
202602201130,  -0.188,9999.000,9999.000,9999.000,9999.000,9999.000,9999.000,9999.000,9999.000
202602201136,  -0.161,9999.000,9999.000,9999.000,9999.000,9999.000,9999.000,9999.000,9999.000
202602201142,  -0.131,9999.000,9999.000,9999.000,9999.000,9999.000,9999.000,9999.000,9999.000
202602201148,  -0.098,9999.000,9999.000,9999.000,9999.000,9999.000,9999.000,9999.000,9999.000
202602201154,  -0.061,9999.000,9999.000,9999.000,9999.000,9999.000,9999.000,9999.000,9999.000
202602201200,  -0.021,9999.000,   0.600,   0.182,   0.761,   0.600,   0.761,   0.700,   0.861
202602201206,   0.021,9999.000,9999.000,9999.000,9999.000,9999.000,9999.000,9999.000,9999.000
202602201212,   0.066,9999.000,9999.000,9999.000,9999.000,9999.000,9999.000,9999.000,9999.000
202602201218,   0.115,9999.000,9999.000,9999.000,9999.000,9999.000,9999.000,9999.000,9999.000
202602201224,   0.166,9999.000,9999.000,9999.000,9999.000,9999.000,9999.000,9999.000,9999.000
202602201230,   0.220,9999.000,9999.000,9999.000,9999.000,9999.000,9999.000,9999.000,9999.000
202602201236,   0.276,9999.000,9999.000,9999.000,9999.000,9999.000,9999.000,9999.000,9999.000
202602201242,   0.334,9999.000,9999.000,9999.000,9999.000,9999.000,9999.000,9999.000,9999.000
202602201248,   0.395,9999.000,9999.000,9999.000,9999.000,9999.000,9999.000,9999.000,9999.000
202602201254,   0.457,9999.000,9999.000,9999.000,9999.000,9999.000,9999.000,9999.000,9999.000
202602201300,   0.520,9999.000,   0.700,   0.182,   1.402,   0.600,   1.302,   0.700,   1.402
202602201306,   0.586,9999.000,9999.000,9999.000,9999.000,9999.000,9999.000,9999.000,9999.000
202602201312,   0.652,9999.000,9999.000,9999.000,9999.000,9999.000,9999.000,9999.000,9999.000
202602201318,   0.719,9999.000,9999.000,9999.000,9999.000,9999.000,9999.000,9999.000,9999.000
202602201324,   0.788,9999.000,9999.000,9999.000,9999.000,9999.000,9999.000,9999.000,9999.000
202602201330,   0.856,9999.000,9999.000,9999.000,9999.000,9999.000,9999.000,9999.000,9999.000
202602201336,   0.925,9999.000,9999.000,9999.000,9999.000,9999.000,9999.000,9999.000,9999.000
202602201342,   0.994,9999.000,9999.000,9999.000,9999.000,9999.000,9999.000,9999.000,9999.000
202602201348,   1.063,9999.000,9999.000,9999.000,9999.000,9999.000,9999.000,9999.000,9999.000
202602201354,   1.132,9999.000,9999.000,9999.000,9999.000,9999.000,9999.000,9999.000,9999.000
202602201400,   1.200,9999.000,   0.700,   0.182,   2.082,   0.600,   1.982,   0.700,   2.082
202602201406,   1.267,9999.000,9999.000,9999.000,9999.000,9999.000,9999.000,9999.000,9999.000
202602201412,   1.333,9999.000,9999.000,9999.000,9999.000,9999.000,9999.000,9999.000,9999.000
202602201418,   1.398,9999.000,9999.000,9999.000,9999.000,9999.000,9999.000,9999.000,9999.000
202602201424,   1.461,9999.000,9999.000,9999.000,9999.000,9999.000,9999.000,9999.000,9999.000
202602201430,   1.523,9999.000,9999.000,9999.000,9999.000,9999.000,9999.000,9999.000,9999.000
202602201436,   1.582,9999.000,9999.000,9999.000,9999.000,9999.000,9999.000,9999.000,9999.000
202602201442,   1.640,9999.000,9999.000,9999.000,9999.000,9999.000,9999.000,9999.000,9999.000
202602201448,   1.695,9999.000,9999.000,9999.000,9999.000,9999.000,9999.000,9999.000,9999.000
202602201454,   1.748,9999.000,9999.000,9999.000,9999.000,9999.000,9999.000,9999.000,9999.000
202602201500,   1.798,9999.000,   0.700,   0.182,   2.680,   0.600,   2.580,   0.800,   2.780
202602201506,   1.846,9999.000,9999.000,9999.000,9999.000,9999.000,9999.000,9999.000,9999.000
202602201512,   1.891,9999.000,9999.000,9999.000,9999.000,9999.000,9999.000,9999.000,9999.000
202602201518,   1.933,9999.000,9999.000,9999.000,9999.000,9999.000,9999.000,9999.000,9999.000
202602201524,   1.972,9999.000,9999.000,9999.000,9999.000,9999.000,9999.000,9999.000,9999.000
202602201530,   2.008,9999.000,9999.000,9999.000,9999.000,9999.000,9999.000,9999.000,9999.000
202602201536,   2.041,9999.000,9999.000,9999.000,9999.000,9999.000,9999.000,9999.000,9999.000
202602201542,   2.070,9999.000,9999.000,9999.000,9999.000,9999.000,9999.000,9999.000,9999.000
202602201548,   2.096,9999.000,9999.000,9999.000,9999.000,9999.000,9999.000,9999.000,9999.000
202602201554,   2.119,9999.000,9999.000,9999.000,9999.000,9999.000,9999.000,9999.000,9999.000
202602201600,   2.139,9999.000,   0.700,   0.182,   3.021,   0.700,   3.021,   0.800,   3.121
202602201606,   2.155,9999.000,9999.000,9999.000,9999.000,9999.000,9999.000,9999.000,9999.000
202602201612,   2.168,9999.000,9999.000,9999.000,9999.000,9999.000,9999.000,9999.000,9999.000
202602201618,   2.178,9999.000,9999.000,9999.000,9999.000,9999.000,9999.000,9999.000,9999.000
202602201624,   2.185,9999.000,9999.000,9999.000,9999.000,9999.000,9999.000,9999.000,9999.000
202602201630,   2.188,9999.000,9999.000,9999.000,9999.000,9999.000,9999.000,9999.000,9999.000
202602201636,   2.188,9999.000,9999.000,9999.000,9999.000,9999.000,9999.000,9999.000,9999.000
202602201642,   2.185,9999.000,9999.000,9999.000,9999.000,9999.000,9999.000,9999.000,9999.000
202602201648,   2.179,9999.000,9999.000,9999.000,9999.000,9999.000,9999.000,9999.000,9999.000
202602201654,   2.171,9999.000,9999.000,9999.000,9999.000,9999.000,9999.000,9999.000,9999.000
202602201700,   2.159,9999.000,   0.800,   0.182,   3.141,   0.700,   3.041,   0.800,   3.141
202602201706,   2.145,9999.000,9999.000,9999.000,9999.000,9999.000,9999.000,9999.000,9999.000
202602201712,   2.128,9999.000,9999.000,9999.000,9999.000,9999.000,9999.000,9999.000,9999.000
202602201718,   2.108,9999.000,9999.000,9999.000,9999.000,9999.000,9999.000,9999.000,9999.000
202602201724,   2.086,9999.000,9999.000,9999.000,9999.000,9999.000,9999.000,9999.000,9999.000
202602201730,   2.062,9999.000,9999.000,9999.000,9999.000,9999.000,9999.000,9999.000,9999.000
202602201736,   2.036,9999.000,9999.000,9999.000,9999.000,9999.000,9999.000,9999.000,9999.000
202602201742,   2.008,9999.000,9999.000,9999.000,9999.000,9999.000,9999.000,9999.000,9999.000
202602201748,   1.977,9999.000,9999.000,9999.000,9999.000,9999.000,9999.000,9999.000,9999.000
202602201754,   1.945,9999.000,9999.000,9999.000,9999.000,9999.000,9999.000,9999.000,9999.000
202602201800,   1.911,9999.000,   0.800,   0.182,   2.893,   0.700,   2.793,   0.900,   2.993
202602201806,   1.876,9999.000,9999.000,9999.000,9999.000,9999.000,9999.000,9999.000,9999.000
202602201812,   1.839,9999.000,9999.000,9999.000,9999.000,9999.000,9999.000,9999.000,9999.000
202602201818,   1.801,9999.000,9999.000,9999.000,9999.000,9999.000,9999.000,9999.000,9999.000
202602201824,   1.761,9999.000,9999.000,9999.000,9999.000,9999.000,9999.000,9999.000,9999.000
202602201830,   1.720,9999.000,9999.000,9999.000,9999.000,9999.000,9999.000,9999.000,9999.000
202602201836,   1.679,9999.000,9999.000,9999.000,9999.000,9999.000,9999.000,9999.000,9999.000
202602201842,   1.636,9999.000,9999.000,9999.000,9999.000,9999.000,9999.000,9999.000,9999.000
202602201848,   1.592,9999.000,9999.000,9999.000,9999.000,9999.000,9999.000,9999.000,9999.000
202602201854,   1.548,9999.000,9999.000,9999.000,9999.000,9999.000,9999.000,9999.000,9999.000
202602201900,   1.503,9999.000,   0.800,   0.182,   2.485,   0.700,   2.385,   0.900,   2.585
202602201906,   1.457,9999.000,9999.000,9999.000,9999.000,9999.000,9999.000,9999.000,9999.000
202602201912,   1.411,9999.000,9999.000,9999.000,9999.000,9999.000,9999.000,9999.000,9999.000
202602201918,   1.364,9999.000,9999.000,9999.000,9999.000,9999.000,9999.000,9999.000,9999.000
202602201924,   1.317,9999.000,9999.000,9999.000,9999.000,9999.000,9999.000,9999.000,9999.000
202602201930,   1.269,9999.000,9999.000,9999.000,9999.000,9999.000,9999.000,9999.000,9999.000
202602201936,   1.222,9999.000,9999.000,9999.000,9999.000,9999.000,9999.000,9999.000,9999.000
202602201942,   1.174,9999.000,9999.000,9999.000,9999.000,9999.000,9999.000,9999.000,9999.000
202602201948,   1.126,9999.000,9999.000,9999.000,9999.000,9999.000,9999.000,9999.000,9999.000
202602201954,   1.078,9999.000,9999.000,9999.000,9999.000,9999.000,9999.000,9999.000,9999.000
202602202000,   1.030,9999.000,   0.900,   0.182,   2.112,   0.800,   2.012,   0.900,   2.112
202602202006,   0.982,9999.000,9999.000,9999.000,9999.000,9999.000,9999.000,9999.000,9999.000
202602202012,   0.934,9999.000,9999.000,9999.000,9999.000,9999.000,9999.000,9999.000,9999.000
202602202018,   0.887,9999.000,9999.000,9999.000,9999.000,9999.000,9999.000,9999.000,9999.000
202602202024,   0.839,9999.000,9999.000,9999.000,9999.000,9999.000,9999.000,9999.000,9999.000
202602202030,   0.792,9999.000,9999.000,9999.000,9999.000,9999.000,9999.000,9999.000,9999.000
202602202036,   0.746,9999.000,9999.000,9999.000,9999.000,9999.000,9999.000,9999.000,9999.000
202602202042,   0.700,9999.000,9999.000,9999.000,9999.000,9999.000,9999.000,9999.000,9999.000
202602202048,   0.654,9999.000,9999.000,9999.000,9999.000,9999.000,9999.000,9999.000,9999.000
202602202054,   0.609,9999.000,9999.000,9999.000,9999.000,9999.000,9999.000,9999.000,9999.000
202602202100,   0.565,9999.000,   0.900,   0.182,   1.647,   0.800,   1.547,   1.000,   1.747
202602202106,   0.521,9999.000,9999.000,9999.000,9999.000,9999.000,9999.000,9999.000,9999.000
202602202112,   0.478,9999.000,9999.000,9999.000,9999.000,9999.000,9999.000,9999.000,9999.000
202602202118,   0.436,9999.000,9999.000,9999.000,9999.000,9999.000,9999.000,9999.000,9999.000
202602202124,   0.396,9999.000,9999.000,9999.000,9999.000,9999.000,9999.000,9999.000,9999.000
202602202130,   0.356,9999.000,9999.000,9999.000,9999.000,9999.000,9999.000,9999.000,9999.000
202602202136,   0.318,9999.000,9999.000,9999.000,9999.000,9999.000,9999.000,9999.000,9999.000
202602202142,   0.280,9999.000,9999.000,9999.000,9999.000,9999.000,9999.000,9999.000,9999.000
202602202148,   0.245,9999.000,9999.000,9999.000,9999.000,9999.000,9999.000,9999.000,9999.000
202602202154,   0.210,9999.000,9999.000,9999.000,9999.000,9999.000,9999.000,9999.000,9999.000
202602202200,   0.178,9999.000,   0.900,   0.182,   1.260,   0.800,   1.160,   1.000,   1.360
202602202206,   0.147,9999.000,9999.000,9999.000,9999.000,9999.000,9999.000,9999.000,9999.000
202602202212,   0.118,9999.000,9999.000,9999.000,9999.000,9999.000,9999.000,9999.000,9999.000
202602202218,   0.091,9999.000,9999.000,9999.000,9999.000,9999.000,9999.000,9999.000,9999.000
202602202224,   0.066,9999.000,9999.000,9999.000,9999.000,9999.000,9999.000,9999.000,9999.000
202602202230,   0.043,9999.000,9999.000,9999.000,9999.000,9999.000,9999.000,9999.000,9999.000
202602202236,   0.022,9999.000,9999.000,9999.000,9999.000,9999.000,9999.000,9999.000,9999.000
202602202242,   0.003,9999.000,9999.000,9999.000,9999.000,9999.000,9999.000,9999.000,9999.000
202602202248,  -0.012,9999.000,9999.000,9999.000,9999.000,9999.000,9999.000,9999.000,9999.000
202602202254,  -0.025,9999.000,9999.000,9999.000,9999.000,9999.000,9999.000,9999.000,9999.000
202602202300,  -0.036,9999.000,   1.000,   0.182,   1.146,   0.900,   1.046,   1.000,   1.146
202602202306,  -0.044,9999.000,9999.000,9999.000,9999.000,9999.000,9999.000,9999.000,9999.000
202602202312,  -0.050,9999.000,9999.000,9999.000,9999.000,9999.000,9999.000,9999.000,9999.000
202602202318,  -0.052,9999.000,9999.000,9999.000,9999.000,9999.000,9999.000,9999.000,9999.000
202602202324,  -0.052,9999.000,9999.000,9999.000,9999.000,9999.000,9999.000,9999.000,9999.000
202602202330,  -0.049,9999.000,9999.000,9999.000,9999.000,9999.000,9999.000,9999.000,9999.000
202602202336,  -0.043,9999.000,9999.000,9999.000,9999.000,9999.000,9999.000,9999.000,9999.000
202602202342,  -0.034,9999.000,9999.000,9999.000,9999.000,9999.000,9999.000,9999.000,9999.000
202602202348,  -0.022,9999.000,9999.000,9999.000,9999.000,9999.000,9999.000,9999.000,9999.000
202602202354,  -0.007,9999.000,9999.000,9999.000,9999.000,9999.000,9999.000,9999.000,9999.000
202602210000,   0.010,9999.000,   1.000,   0.182,   1.192,   0.900,   1.092,   1.100,   1.292
202602210006,   0.031,9999.000,9999.000,9999.000,9999.000,9999.000,9999.000,9999.000,9999.000
202602210012,   0.055,9999.000,9999.000,9999.000,9999.000,9999.000,9999.000,9999.000,9999.000
202602210018,   0.082,9999.000,9999.000,9999.000,9999.000,9999.000,9999.000,9999.000,9999.000
202602210024,   0.111,9999.000,9999.000,9999.000,9999.000,9999.000,9999.000,9999.000,9999.000
202602210030,   0.143,9999.000,9999.000,9999.000,9999.000,9999.000,9999.000,9999.000,9999.000
202602210036,   0.178,9999.000,9999.000,9999.000,9999.000,9999.000,9999.000,9999.000,9999.000
202602210042,   0.216,9999.000,9999.000,9999.000,9999.000,9999.000,9999.000,9999.000,9999.000
202602210048,   0.256,9999.000,9999.000,9999.000,9999.000,9999.000,9999.000,9999.000,9999.000
202602210054,   0.298,9999.000,9999.000,9999.000,9999.000,9999.000,9999.000,9999.000,9999.000
202602210100,   0.343,9999.000,   1.000,   0.182,   1.525,   0.900,   1.425,   1.100,   1.625
202602210106,   0.389,9999.000,9999.000,9999.000,9999.000,9999.000,9999.000,9999.000,9999.000
202602210112,   0.438,9999.000,9999.000,9999.000,9999.000,9999.000,9999.000,9999.000,9999.000
202602210118,   0.488,9999.000,9999.000,9999.000,9999.000,9999.000,9999.000,9999.000,9999.000
202602210124,   0.540,9999.000,9999.000,9999.000,9999.000,9999.000,9999.000,9999.000,9999.000
202602210130,   0.593,9999.000,9999.000,9999.000,9999.000,9999.000,9999.000,9999.000,9999.000
202602210136,   0.647,9999.000,9999.000,9999.000,9999.000,9999.000,9999.000,9999.000,9999.000
202602210142,   0.703,9999.000,9999.000,9999.000,9999.000,9999.000,9999.000,9999.000,9999.000
202602210148,   0.759,9999.000,9999.000,9999.000,9999.000,9999.000,9999.000,9999.000,9999.000
202602210154,   0.816,9999.000,9999.000,9999.000,9999.000,9999.000,9999.000,9999.000,9999.000
202602210200,   0.873,9999.000,   1.000,   0.182,   2.055,   0.900,   1.955,   1.100,   2.155
202602210206,   0.930,9999.000,9999.000,9999.000,9999.000,9999.000,9999.000,9999.000,9999.000
202602210212,   0.988,9999.000,9999.000,9999.000,9999.000,9999.000,9999.000,9999.000,9999.000
202602210218,   1.045,9999.000,9999.000,9999.000,9999.000,9999.000,9999.000,9999.000,9999.000
202602210224,   1.102,9999.000,9999.000,9999.000,9999.000,9999.000,9999.000,9999.000,9999.000
202602210230,   1.158,9999.000,9999.000,9999.000,9999.000,9999.000,9999.000,9999.000,9999.000
202602210236,   1.213,9999.000,9999.000,9999.000,9999.000,9999.000,9999.000,9999.000,9999.000
202602210242,   1.268,9999.000,9999.000,9999.000,9999.000,9999.000,9999.000,9999.000,9999.000
202602210248,   1.321,9999.000,9999.000,9999.000,9999.000,9999.000,9999.000,9999.000,9999.000
202602210254,   1.372,9999.000,9999.000,9999.000,9999.000,9999.000,9999.000,9999.000,9999.000
202602210300,   1.423,9999.000,   1.100,   0.182,   2.705,   1.000,   2.605,   1.100,   2.705
202602210306,   1.471,9999.000,9999.000,9999.000,9999.000,9999.000,9999.000,9999.000,9999.000
202602210312,   1.517,9999.000,9999.000,9999.000,9999.000,9999.000,9999.000,9999.000,9999.000
202602210318,   1.561,9999.000,9999.000,9999.000,9999.000,9999.000,9999.000,9999.000,9999.000
202602210324,   1.604,9999.000,9999.000,9999.000,9999.000,9999.000,9999.000,9999.000,9999.000
202602210330,   1.643,9999.000,9999.000,9999.000,9999.000,9999.000,9999.000,9999.000,9999.000
202602210336,   1.680,9999.000,9999.000,9999.000,9999.000,9999.000,9999.000,9999.000,9999.000
202602210342,   1.715,9999.000,9999.000,9999.000,9999.000,9999.000,9999.000,9999.000,9999.000
202602210348,   1.747,9999.000,9999.000,9999.000,9999.000,9999.000,9999.000,9999.000,9999.000
202602210354,   1.776,9999.000,9999.000,9999.000,9999.000,9999.000,9999.000,9999.000,9999.000
202602210400,   1.803,9999.000,   1.100,   0.182,   3.085,   1.000,   2.985,   1.200,   3.185
202602210406,   1.826,9999.000,9999.000,9999.000,9999.000,9999.000,9999.000,9999.000,9999.000
202602210412,   1.847,9999.000,9999.000,9999.000,9999.000,9999.000,9999.000,9999.000,9999.000
202602210418,   1.864,9999.000,9999.000,9999.000,9999.000,9999.000,9999.000,9999.000,9999.000
202602210424,   1.879,9999.000,9999.000,9999.000,9999.000,9999.000,9999.000,9999.000,9999.000
202602210430,   1.890,9999.000,9999.000,9999.000,9999.000,9999.000,9999.000,9999.000,9999.000
202602210436,   1.899,9999.000,9999.000,9999.000,9999.000,9999.000,9999.000,9999.000,9999.000
202602210442,   1.904,9999.000,9999.000,9999.000,9999.000,9999.000,9999.000,9999.000,9999.000
202602210448,   1.907,9999.000,9999.000,9999.000,9999.000,9999.000,9999.000,9999.000,9999.000
202602210454,   1.906,9999.000,9999.000,9999.000,9999.000,9999.000,9999.000,9999.000,9999.000
202602210500,   1.903,9999.000,   1.100,   0.182,   3.185,   1.000,   3.085,   1.200,   3.285
202602210506,   1.897,9999.000,9999.000,9999.000,9999.000,9999.000,9999.000,9999.000,9999.000
202602210512,   1.888,9999.000,9999.000,9999.000,9999.000,9999.000,9999.000,9999.000,9999.000
202602210518,   1.876,9999.000,9999.000,9999.000,9999.000,9999.000,9999.000,9999.000,9999.000
202602210524,   1.861,9999.000,9999.000,9999.000,9999.000,9999.000,9999.000,9999.000,9999.000
202602210530,   1.844,9999.000,9999.000,9999.000,9999.000,9999.000,9999.000,9999.000,9999.000
202602210536,   1.825,9999.000,9999.000,9999.000,9999.000,9999.000,9999.000,9999.000,9999.000
202602210542,   1.803,9999.000,9999.000,9999.000,9999.000,9999.000,9999.000,9999.000,9999.000
202602210548,   1.779,9999.000,9999.000,9999.000,9999.000,9999.000,9999.000,9999.000,9999.000
202602210554,   1.753,9999.000,9999.000,9999.000,9999.000,9999.000,9999.000,9999.000,9999.000
202602210600,   1.724,9999.000,   1.100,   0.182,   3.006,   1.000,   2.906,   1.200,   3.106
202602210606,   1.694,9999.000,9999.000,9999.000,9999.000,9999.000,9999.000,9999.000,9999.000
202602210612,   1.661,9999.000,9999.000,9999.000,9999.000,9999.000,9999.000,9999.000,9999.000
202602210618,   1.627,9999.000,9999.000,9999.000,9999.000,9999.000,9999.000,9999.000,9999.000
202602210624,   1.591,9999.000,9999.000,9999.000,9999.000,9999.000,9999.000,9999.000,9999.000
202602210630,   1.554,9999.000,9999.000,9999.000,9999.000,9999.000,9999.000,9999.000,9999.000
202602210636,   1.515,9999.000,9999.000,9999.000,9999.000,9999.000,9999.000,9999.000,9999.000
202602210642,   1.475,9999.000,9999.000,9999.000,9999.000,9999.000,9999.000,9999.000,9999.000
202602210648,   1.434,9999.000,9999.000,9999.000,9999.000,9999.000,9999.000,9999.000,9999.000
202602210654,   1.391,9999.000,9999.000,9999.000,9999.000,9999.000,9999.000,9999.000,9999.000
202602210700,   1.347,9999.000,   1.100,   0.182,   2.629,   1.100,   2.629,   1.200,   2.729
202602210706,   1.303,9999.000,9999.000,9999.000,9999.000,9999.000,9999.000,9999.000,9999.000
202602210712,   1.257,9999.000,9999.000,9999.000,9999.000,9999.000,9999.000,9999.000,9999.000
202602210718,   1.211,9999.000,9999.000,9999.000,9999.000,9999.000,9999.000,9999.000,9999.000
202602210724,   1.164,9999.000,9999.000,9999.000,9999.000,9999.000,9999.000,9999.000,9999.000
202602210730,   1.116,9999.000,9999.000,9999.000,9999.000,9999.000,9999.000,9999.000,9999.000
202602210736,   1.068,9999.000,9999.000,9999.000,9999.000,9999.000,9999.000,9999.000,9999.000
202602210742,   1.020,9999.000,9999.000,9999.000,9999.000,9999.000,9999.000,9999.000,9999.000
202602210748,   0.971,9999.000,9999.000,9999.000,9999.000,9999.000,9999.000,9999.000,9999.000
202602210754,   0.922,9999.000,9999.000,9999.000,9999.000,9999.000,9999.000,9999.000,9999.000
202602210800,   0.873,9999.000,   1.100,   0.182,   2.155,   1.100,   2.155,   1.200,   2.255
202602210806,   0.823,9999.000,9999.000,9999.000,9999.000,9999.000,9999.000,9999.000,9999.000
202602210812,   0.774,9999.000,9999.000,9999.000,9999.000,9999.000,9999.000,9999.000,9999.000
202602210818,   0.725,9999.000,9999.000,9999.000,9999.000,9999.000,9999.000,9999.000,9999.000
202602210824,   0.676,9999.000,9999.000,9999.000,9999.000,9999.000,9999.000,9999.000,9999.000
202602210830,   0.627,9999.000,9999.000,9999.000,9999.000,9999.000,9999.000,9999.000,9999.000
202602210836,   0.578,9999.000,9999.000,9999.000,9999.000,9999.000,9999.000,9999.000,9999.000
202602210842,   0.530,9999.000,9999.000,9999.000,9999.000,9999.000,9999.000,9999.000,9999.000
202602210848,   0.482,9999.000,9999.000,9999.000,9999.000,9999.000,9999.000,9999.000,9999.000
202602210854,   0.435,9999.000,9999.000,9999.000,9999.000,9999.000,9999.000,9999.000,9999.000
202602210900,   0.389,9999.000,   1.100,   0.182,   1.671,   1.100,   1.671,   1.200,   1.771
202602210906,   0.343,9999.000,9999.000,9999.000,9999.000,9999.000,9999.000,9999.000,9999.000
202602210912,   0.298,9999.000,9999.000,9999.000,9999.000,9999.000,9999.000,9999.000,9999.000
202602210918,   0.254,9999.000,9999.000,9999.000,9999.000,9999.000,9999.000,9999.000,9999.000
202602210924,   0.211,9999.000,9999.000,9999.000,9999.000,9999.000,9999.000,9999.000,9999.000
202602210930,   0.169,9999.000,9999.000,9999.000,9999.000,9999.000,9999.000,9999.000,9999.000
202602210936,   0.129,9999.000,9999.000,9999.000,9999.000,9999.000,9999.000,9999.000,9999.000
202602210942,   0.090,9999.000,9999.000,9999.000,9999.000,9999.000,9999.000,9999.000,9999.000
202602210948,   0.052,9999.000,9999.000,9999.000,9999.000,9999.000,9999.000,9999.000,9999.000
202602210954,   0.016,9999.000,9999.000,9999.000,9999.000,9999.000,9999.000,9999.000,9999.000
202602211000,  -0.018,9999.000,   1.100,   0.182,   1.264,   1.100,   1.264,   1.200,   1.364
202602211006,  -0.050,9999.000,9999.000,9999.000,9999.000,9999.000,9999.000,9999.000,9999.000
202602211012,  -0.081,9999.000,9999.000,9999.000,9999.000,9999.000,9999.000,9999.000,9999.000
202602211018,  -0.110,9999.000,9999.000,9999.000,9999.000,9999.000,9999.000,9999.000,9999.000
202602211024,  -0.136,9999.000,9999.000,9999.000,9999.000,9999.000,9999.000,9999.000,9999.000
202602211030,  -0.161,9999.000,9999.000,9999.000,9999.000,9999.000,9999.000,9999.000,9999.000
202602211036,  -0.183,9999.000,9999.000,9999.000,9999.000,9999.000,9999.000,9999.000,9999.000
202602211042,  -0.202,9999.000,9999.000,9999.000,9999.000,9999.000,9999.000,9999.000,9999.000
202602211048,  -0.219,9999.000,9999.000,9999.000,9999.000,9999.000,9999.000,9999.000,9999.000
202602211054,  -0.234,9999.000,9999.000,9999.000,9999.000,9999.000,9999.000,9999.000,9999.000
202602211100,  -0.245,9999.000,   1.100,   0.182,   1.037,   1.100,   1.037,   1.200,   1.137
202602211106,  -0.254,9999.000,9999.000,9999.000,9999.000,9999.000,9999.000,9999.000,9999.000
202602211112,  -0.260,9999.000,9999.000,9999.000,9999.000,9999.000,9999.000,9999.000,9999.000
202602211118,  -0.263,9999.000,9999.000,9999.000,9999.000,9999.000,9999.000,9999.000,9999.000
202602211124,  -0.262,9999.000,9999.000,9999.000,9999.000,9999.000,9999.000,9999.000,9999.000
202602211130,  -0.259,9999.000,9999.000,9999.000,9999.000,9999.000,9999.000,9999.000,9999.000
202602211136,  -0.252,9999.000,9999.000,9999.000,9999.000,9999.000,9999.000,9999.000,9999.000
202602211142,  -0.242,9999.000,9999.000,9999.000,9999.000,9999.000,9999.000,9999.000,9999.000
202602211148,  -0.228,9999.000,9999.000,9999.000,9999.000,9999.000,9999.000,9999.000,9999.000
202602211154,  -0.211,9999.000,9999.000,9999.000,9999.000,9999.000,9999.000,9999.000,9999.000
202602211200,  -0.191,9999.000,   1.100,   0.182,   1.091,   1.100,   1.091,   1.200,   1.191
202602211206,  -0.168,9999.000,9999.000,9999.000,9999.000,9999.000,9999.000,9999.000,9999.000
202602211212,  -0.141,9999.000,9999.000,9999.000,9999.000,9999.000,9999.000,9999.000,9999.000
202602211218,  -0.111,9999.000,9999.000,9999.000,9999.000,9999.000,9999.000,9999.000,9999.000
202602211224,  -0.078,9999.000,9999.000,9999.000,9999.000,9999.000,9999.000,9999.000,9999.000
202602211230,  -0.041,9999.000,9999.000,9999.000,9999.000,9999.000,9999.000,9999.000,9999.000
202602211236,  -0.001,9999.000,9999.000,9999.000,9999.000,9999.000,9999.000,9999.000,9999.000
202602211242,   0.041,9999.000,9999.000,9999.000,9999.000,9999.000,9999.000,9999.000,9999.000
202602211248,   0.087,9999.000,9999.000,9999.000,9999.000,9999.000,9999.000,9999.000,9999.000
202602211254,   0.135,9999.000,9999.000,9999.000,9999.000,9999.000,9999.000,9999.000,9999.000
202602211300,   0.187,9999.000,   1.100,   0.182,   1.469,   1.100,   1.469,   1.200,   1.569
202602211306,   0.241,9999.000,9999.000,9999.000,9999.000,9999.000,9999.000,9999.000,9999.000
202602211312,   0.298,9999.000,9999.000,9999.000,9999.000,9999.000,9999.000,9999.000,9999.000
202602211318,   0.357,9999.000,9999.000,9999.000,9999.000,9999.000,9999.000,9999.000,9999.000
202602211324,   0.418,9999.000,9999.000,9999.000,9999.000,9999.000,9999.000,9999.000,9999.000
202602211330,   0.481,9999.000,9999.000,9999.000,9999.000,9999.000,9999.000,9999.000,9999.000
202602211336,   0.546,9999.000,9999.000,9999.000,9999.000,9999.000,9999.000,9999.000,9999.000
202602211342,   0.613,9999.000,9999.000,9999.000,9999.000,9999.000,9999.000,9999.000,9999.000
202602211348,   0.681,9999.000,9999.000,9999.000,9999.000,9999.000,9999.000,9999.000,9999.000
202602211354,   0.750,9999.000,9999.000,9999.000,9999.000,9999.000,9999.000,9999.000,9999.000
202602211400,   0.820,9999.000,   1.100,   0.182,   2.102,   1.000,   2.002,   1.200,   2.202
202602211406,   0.891,9999.000,9999.000,9999.000,9999.000,9999.000,9999.000,9999.000,9999.000
202602211412,   0.962,9999.000,9999.000,9999.000,9999.000,9999.000,9999.000,9999.000,9999.000
202602211418,   1.034,9999.000,9999.000,9999.000,9999.000,9999.000,9999.000,9999.000,9999.000
202602211424,   1.105,9999.000,9999.000,9999.000,9999.000,9999.000,9999.000,9999.000,9999.000
202602211430,   1.177,9999.000,9999.000,9999.000,9999.000,9999.000,9999.000,9999.000,9999.000
202602211436,   1.248,9999.000,9999.000,9999.000,9999.000,9999.000,9999.000,9999.000,9999.000
202602211442,   1.318,9999.000,9999.000,9999.000,9999.000,9999.000,9999.000,9999.000,9999.000
202602211448,   1.387,9999.000,9999.000,9999.000,9999.000,9999.000,9999.000,9999.000,9999.000
202602211454,   1.455,9999.000,9999.000,9999.000,9999.000,9999.000,9999.000,9999.000,9999.000
202602211500,   1.522,9999.000,   1.100,   0.182,   2.804,   1.000,   2.704,   1.200,   2.904
202602211506,   1.588,9999.000,9999.000,9999.000,9999.000,9999.000,9999.000,9999.000,9999.000
202602211512,   1.651,9999.000,9999.000,9999.000,9999.000,9999.000,9999.000,9999.000,9999.000
202602211518,   1.713,9999.000,9999.000,9999.000,9999.000,9999.000,9999.000,9999.000,9999.000
202602211524,   1.772,9999.000,9999.000,9999.000,9999.000,9999.000,9999.000,9999.000,9999.000
202602211530,   1.829,9999.000,9999.000,9999.000,9999.000,9999.000,9999.000,9999.000,9999.000
202602211536,   1.884,9999.000,9999.000,9999.000,9999.000,9999.000,9999.000,9999.000,9999.000
202602211542,   1.936,9999.000,9999.000,9999.000,9999.000,9999.000,9999.000,9999.000,9999.000
202602211548,   1.985,9999.000,9999.000,9999.000,9999.000,9999.000,9999.000,9999.000,9999.000
202602211554,   2.031,9999.000,9999.000,9999.000,9999.000,9999.000,9999.000,9999.000,9999.000
202602211600,   2.074,9999.000,   1.100,   0.182,   3.356,   1.000,   3.256,   1.100,   3.356
202602211606,   2.114,9999.000,9999.000,9999.000,9999.000,9999.000,9999.000,9999.000,9999.000
202602211612,   2.151,9999.000,9999.000,9999.000,9999.000,9999.000,9999.000,9999.000,9999.000
202602211618,   2.184,9999.000,9999.000,9999.000,9999.000,9999.000,9999.000,9999.000,9999.000
202602211624,   2.214,9999.000,9999.000,9999.000,9999.000,9999.000,9999.000,9999.000,9999.000
202602211630,   2.241,9999.000,9999.000,9999.000,9999.000,9999.000,9999.000,9999.000,9999.000
202602211636,   2.264,9999.000,9999.000,9999.000,9999.000,9999.000,9999.000,9999.000,9999.000
202602211642,   2.284,9999.000,9999.000,9999.000,9999.000,9999.000,9999.000,9999.000,9999.000
202602211648,   2.300,9999.000,9999.000,9999.000,9999.000,9999.000,9999.000,9999.000,9999.000
202602211654,   2.313,9999.000,9999.000,9999.000,9999.000,9999.000,9999.000,9999.000,9999.000
202602211700,   2.323,9999.000,   1.000,   0.182,   3.505,   1.000,   3.505,   1.100,   3.605
202602211706,   2.329,9999.000,9999.000,9999.000,9999.000,9999.000,9999.000,9999.000,9999.000
202602211712,   2.331,9999.000,9999.000,9999.000,9999.000,9999.000,9999.000,9999.000,9999.000
202602211718,   2.331,9999.000,9999.000,9999.000,9999.000,9999.000,9999.000,9999.000,9999.000
202602211724,   2.327,9999.000,9999.000,9999.000,9999.000,9999.000,9999.000,9999.000,9999.000
202602211730,   2.320,9999.000,9999.000,9999.000,9999.000,9999.000,9999.000,9999.000,9999.000
202602211736,   2.310,9999.000,9999.000,9999.000,9999.000,9999.000,9999.000,9999.000,9999.000
202602211742,   2.297,9999.000,9999.000,9999.000,9999.000,9999.000,9999.000,9999.000,9999.000
202602211748,   2.281,9999.000,9999.000,9999.000,9999.000,9999.000,9999.000,9999.000,9999.000
202602211754,   2.263,9999.000,9999.000,9999.000,9999.000,9999.000,9999.000,9999.000,9999.000
202602211800,   2.241,9999.000,   1.000,   0.182,   3.423,   1.000,   3.423,   1.100,   3.523
202602211806,   2.218,9999.000,9999.000,9999.000,9999.000,9999.000,9999.000,9999.000,9999.000
202602211812,   2.192,9999.000,9999.000,9999.000,9999.000,9999.000,9999.000,9999.000,9999.000
202602211818,   2.164,9999.000,9999.000,9999.000,9999.000,9999.000,9999.000,9999.000,9999.000
202602211824,   2.133,9999.000,9999.000,9999.000,9999.000,9999.000,9999.000,9999.000,9999.000
202602211830,   2.101,9999.000,9999.000,9999.000,9999.000,9999.000,9999.000,9999.000,9999.000
202602211836,   2.067,9999.000,9999.000,9999.000,9999.000,9999.000,9999.000,9999.000,9999.000
202602211842,   2.031,9999.000,9999.000,9999.000,9999.000,9999.000,9999.000,9999.000,9999.000
202602211848,   1.993,9999.000,9999.000,9999.000,9999.000,9999.000,9999.000,9999.000,9999.000
202602211854,   1.954,9999.000,9999.000,9999.000,9999.000,9999.000,9999.000,9999.000,9999.000
202602211900,   1.914,9999.000,   1.000,   0.182,   3.096,   0.900,   2.996,   1.100,   3.196
202602211906,   1.872,9999.000,9999.000,9999.000,9999.000,9999.000,9999.000,9999.000,9999.000
202602211912,   1.829,9999.000,9999.000,9999.000,9999.000,9999.000,9999.000,9999.000,9999.000
202602211918,   1.786,9999.000,9999.000,9999.000,9999.000,9999.000,9999.000,9999.000,9999.000
202602211924,   1.741,9999.000,9999.000,9999.000,9999.000,9999.000,9999.000,9999.000,9999.000
202602211930,   1.696,9999.000,9999.000,9999.000,9999.000,9999.000,9999.000,9999.000,9999.000
202602211936,   1.649,9999.000,9999.000,9999.000,9999.000,9999.000,9999.000,9999.000,9999.000
202602211942,   1.603,9999.000,9999.000,9999.000,9999.000,9999.000,9999.000,9999.000,9999.000
202602211948,   1.555,9999.000,9999.000,9999.000,9999.000,9999.000,9999.000,9999.000,9999.000
202602211954,   1.507,9999.000,9999.000,9999.000,9999.000,9999.000,9999.000,9999.000,9999.000
202602212000,   1.459,9999.000,   1.000,   0.182,   2.641,   0.900,   2.541,   1.100,   2.741
202602212006,   1.411,9999.000,9999.000,9999.000,9999.000,9999.000,9999.000,9999.000,9999.000
202602212012,   1.362,9999.000,9999.000,9999.000,9999.000,9999.000,9999.000,9999.000,9999.000
202602212018,   1.314,9999.000,9999.000,9999.000,9999.000,9999.000,9999.000,9999.000,9999.000
202602212024,   1.265,9999.000,9999.000,9999.000,9999.000,9999.000,9999.000,9999.000,9999.000
202602212030,   1.216,9999.000,9999.000,9999.000,9999.000,9999.000,9999.000,9999.000,9999.000
202602212036,   1.167,9999.000,9999.000,9999.000,9999.000,9999.000,9999.000,9999.000,9999.000
202602212042,   1.119,9999.000,9999.000,9999.000,9999.000,9999.000,9999.000,9999.000,9999.000
202602212048,   1.070,9999.000,9999.000,9999.000,9999.000,9999.000,9999.000,9999.000,9999.000
202602212054,   1.022,9999.000,9999.000,9999.000,9999.000,9999.000,9999.000,9999.000,9999.000
202602212100,   0.974,9999.000,   1.000,   0.182,   2.156,   0.900,   2.056,   1.100,   2.256
202602212106,   0.926,9999.000,9999.000,9999.000,9999.000,9999.000,9999.000,9999.000,9999.000
202602212112,   0.879,9999.000,9999.000,9999.000,9999.000,9999.000,9999.000,9999.000,9999.000
202602212118,   0.832,9999.000,9999.000,9999.000,9999.000,9999.000,9999.000,9999.000,9999.000
202602212124,   0.786,9999.000,9999.000,9999.000,9999.000,9999.000,9999.000,9999.000,9999.000
202602212130,   0.740,9999.000,9999.000,9999.000,9999.000,9999.000,9999.000,9999.000,9999.000
202602212136,   0.695,9999.000,9999.000,9999.000,9999.000,9999.000,9999.000,9999.000,9999.000
202602212142,   0.650,9999.000,9999.000,9999.000,9999.000,9999.000,9999.000,9999.000,9999.000
202602212148,   0.606,9999.000,9999.000,9999.000,9999.000,9999.000,9999.000,9999.000,9999.000
202602212154,   0.564,9999.000,9999.000,9999.000,9999.000,9999.000,9999.000,9999.000,9999.000
202602212200,   0.521,9999.000,   1.000,   0.182,   1.703,   0.900,   1.603,   1.100,   1.803
202602212206,   0.480,9999.000,9999.000,9999.000,9999.000,9999.000,9999.000,9999.000,9999.000
202602212212,   0.440,9999.000,9999.000,9999.000,9999.000,9999.000,9999.000,9999.000,9999.000
202602212218,   0.401,9999.000,9999.000,9999.000,9999.000,9999.000,9999.000,9999.000,9999.000
202602212224,   0.363,9999.000,9999.000,9999.000,9999.000,9999.000,9999.000,9999.000,9999.000
202602212230,   0.327,9999.000,9999.000,9999.000,9999.000,9999.000,9999.000,9999.000,9999.000
202602212236,   0.291,9999.000,9999.000,9999.000,9999.000,9999.000,9999.000,9999.000,9999.000
202602212242,   0.258,9999.000,9999.000,9999.000,9999.000,9999.000,9999.000,9999.000,9999.000
202602212248,   0.225,9999.000,9999.000,9999.000,9999.000,9999.000,9999.000,9999.000,9999.000
202602212254,   0.195,9999.000,9999.000,9999.000,9999.000,9999.000,9999.000,9999.000,9999.000
202602212300,   0.166,9999.000,   1.000,   0.182,   1.348,   0.900,   1.248,   1.100,   1.448
202602212306,   0.138,9999.000,9999.000,9999.000,9999.000,9999.000,9999.000,9999.000,9999.000
202602212312,   0.113,9999.000,9999.000,9999.000,9999.000,9999.000,9999.000,9999.000,9999.000
202602212318,   0.090,9999.000,9999.000,9999.000,9999.000,9999.000,9999.000,9999.000,9999.000
202602212324,   0.068,9999.000,9999.000,9999.000,9999.000,9999.000,9999.000,9999.000,9999.000
202602212330,   0.049,9999.000,9999.000,9999.000,9999.000,9999.000,9999.000,9999.000,9999.000
202602212336,   0.032,9999.000,9999.000,9999.000,9999.000,9999.000,9999.000,9999.000,9999.000
202602212342,   0.018,9999.000,9999.000,9999.000,9999.000,9999.000,9999.000,9999.000,9999.000
202602212348,   0.006,9999.000,9999.000,9999.000,9999.000,9999.000,9999.000,9999.000,9999.000
202602212354,  -0.003,9999.000,9999.000,9999.000,9999.000,9999.000,9999.000,9999.000,9999.000
202602220000,  -0.010,9999.000,   1.000,   0.182,   1.172,   0.900,   1.072,   1.100,   1.272
202602220006,  -0.015,9999.000,9999.000,9999.000,9999.000,9999.000,9999.000,9999.000,9999.000
202602220012,  -0.017,9999.000,9999.000,9999.000,9999.000,9999.000,9999.000,9999.000,9999.000
202602220018,  -0.016,9999.000,9999.000,9999.000,9999.000,9999.000,9999.000,9999.000,9999.000
202602220024,  -0.013,9999.000,9999.000,9999.000,9999.000,9999.000,9999.000,9999.000,9999.000
202602220030,  -0.006,9999.000,9999.000,9999.000,9999.000,9999.000,9999.000,9999.000,9999.000
202602220036,   0.002,9999.000,9999.000,9999.000,9999.000,9999.000,9999.000,9999.000,9999.000
202602220042,   0.013,9999.000,9999.000,9999.000,9999.000,9999.000,9999.000,9999.000,9999.000
202602220048,   0.028,9999.000,9999.000,9999.000,9999.000,9999.000,9999.000,9999.000,9999.000
202602220054,   0.045,9999.000,9999.000,9999.000,9999.000,9999.000,9999.000,9999.000,9999.000
202602220100,   0.065,9999.000,   0.900,   0.182,   1.147,   0.900,   1.147,   1.100,   1.347
202602220106,   0.088,9999.000,9999.000,9999.000,9999.000,9999.000,9999.000,9999.000,9999.000
202602220112,   0.113,9999.000,9999.000,9999.000,9999.000,9999.000,9999.000,9999.000,9999.000
202602220118,   0.141,9999.000,9999.000,9999.000,9999.000,9999.000,9999.000,9999.000,9999.000
202602220124,   0.171,9999.000,9999.000,9999.000,9999.000,9999.000,9999.000,9999.000,9999.000
202602220130,   0.204,9999.000,9999.000,9999.000,9999.000,9999.000,9999.000,9999.000,9999.000
202602220136,   0.239,9999.000,9999.000,9999.000,9999.000,9999.000,9999.000,9999.000,9999.000
202602220142,   0.276,9999.000,9999.000,9999.000,9999.000,9999.000,9999.000,9999.000,9999.000
202602220148,   0.316,9999.000,9999.000,9999.000,9999.000,9999.000,9999.000,9999.000,9999.000
202602220154,   0.357,9999.000,9999.000,9999.000,9999.000,9999.000,9999.000,9999.000,9999.000
202602220200,   0.400,9999.000,   0.900,   0.182,   1.482,   0.800,   1.382,   1.100,   1.682
202602220206,   0.445,9999.000,9999.000,9999.000,9999.000,9999.000,9999.000,9999.000,9999.000
202602220212,   0.492,9999.000,9999.000,9999.000,9999.000,9999.000,9999.000,9999.000,9999.000
202602220218,   0.540,9999.000,9999.000,9999.000,9999.000,9999.000,9999.000,9999.000,9999.000
202602220224,   0.589,9999.000,9999.000,9999.000,9999.000,9999.000,9999.000,9999.000,9999.000
202602220230,   0.639,9999.000,9999.000,9999.000,9999.000,9999.000,9999.000,9999.000,9999.000
202602220236,   0.690,9999.000,9999.000,9999.000,9999.000,9999.000,9999.000,9999.000,9999.000
202602220242,   0.741,9999.000,9999.000,9999.000,9999.000,9999.000,9999.000,9999.000,9999.000
202602220248,   0.793,9999.000,9999.000,9999.000,9999.000,9999.000,9999.000,9999.000,9999.000
202602220254,   0.845,9999.000,9999.000,9999.000,9999.000,9999.000,9999.000,9999.000,9999.000
202602220300,   0.898,9999.000,   0.900,   0.182,   1.980,   0.800,   1.880,   1.100,   2.180
202602220306,   0.950,9999.000,9999.000,9999.000,9999.000,9999.000,9999.000,9999.000,9999.000
202602220312,   1.002,9999.000,9999.000,9999.000,9999.000,9999.000,9999.000,9999.000,9999.000
202602220318,   1.053,9999.000,9999.000,9999.000,9999.000,9999.000,9999.000,9999.000,9999.000
202602220324,   1.104,9999.000,9999.000,9999.000,9999.000,9999.000,9999.000,9999.000,9999.000
202602220330,   1.154,9999.000,9999.000,9999.000,9999.000,9999.000,9999.000,9999.000,9999.000
202602220336,   1.202,9999.000,9999.000,9999.000,9999.000,9999.000,9999.000,9999.000,9999.000
202602220342,   1.250,9999.000,9999.000,9999.000,9999.000,9999.000,9999.000,9999.000,9999.000
202602220348,   1.296,9999.000,9999.000,9999.000,9999.000,9999.000,9999.000,9999.000,9999.000
202602220354,   1.341,9999.000,9999.000,9999.000,9999.000,9999.000,9999.000,9999.000,9999.000
202602220400,   1.383,9999.000,   0.900,   0.182,   2.465,   0.800,   2.365,   1.000,   2.565
202602220406,   1.424,9999.000,9999.000,9999.000,9999.000,9999.000,9999.000,9999.000,9999.000
202602220412,   1.463,9999.000,9999.000,9999.000,9999.000,9999.000,9999.000,9999.000,9999.000
202602220418,   1.500,9999.000,9999.000,9999.000,9999.000,9999.000,9999.000,9999.000,9999.000
202602220424,   1.534,9999.000,9999.000,9999.000,9999.000,9999.000,9999.000,9999.000,9999.000
202602220430,   1.567,9999.000,9999.000,9999.000,9999.000,9999.000,9999.000,9999.000,9999.000
202602220436,   1.596,9999.000,9999.000,9999.000,9999.000,9999.000,9999.000,9999.000,9999.000
202602220442,   1.623,9999.000,9999.000,9999.000,9999.000,9999.000,9999.000,9999.000,9999.000
202602220448,   1.648,9999.000,9999.000,9999.000,9999.000,9999.000,9999.000,9999.000,9999.000
202602220454,   1.670,9999.000,9999.000,9999.000,9999.000,9999.000,9999.000,9999.000,9999.000
202602220500,   1.689,9999.000,   0.900,   0.182,   2.771,   0.800,   2.671,   1.000,   2.871
202602220506,   1.705,9999.000,9999.000,9999.000,9999.000,9999.000,9999.000,9999.000,9999.000
202602220512,   1.719,9999.000,9999.000,9999.000,9999.000,9999.000,9999.000,9999.000,9999.000
202602220518,   1.729,9999.000,9999.000,9999.000,9999.000,9999.000,9999.000,9999.000,9999.000
202602220524,   1.737,9999.000,9999.000,9999.000,9999.000,9999.000,9999.000,9999.000,9999.000
202602220530,   1.742,9999.000,9999.000,9999.000,9999.000,9999.000,9999.000,9999.000,9999.000
202602220536,   1.745,9999.000,9999.000,9999.000,9999.000,9999.000,9999.000,9999.000,9999.000
202602220542,   1.744,9999.000,9999.000,9999.000,9999.000,9999.000,9999.000,9999.000,9999.000
202602220548,   1.741,9999.000,9999.000,9999.000,9999.000,9999.000,9999.000,9999.000,9999.000
202602220554,   1.735,9999.000,9999.000,9999.000,9999.000,9999.000,9999.000,9999.000,9999.000
202602220600,   1.727,9999.000,   0.900,   0.182,   2.809,   0.800,   2.709,   1.000,   2.909
202602220606,   1.716,9999.000,9999.000,9999.000,9999.000,9999.000,9999.000,9999.000,9999.000
202602220612,   1.702,9999.000,9999.000,9999.000,9999.000,9999.000,9999.000,9999.000,9999.000
202602220618,   1.686,9999.000,9999.000,9999.000,9999.000,9999.000,9999.000,9999.000,9999.000
202602220624,   1.668,9999.000,9999.000,9999.000,9999.000,9999.000,9999.000,9999.000,9999.000
202602220630,   1.647,9999.000,9999.000,9999.000,9999.000,9999.000,9999.000,9999.000,9999.000
202602220636,   1.624,9999.000,9999.000,9999.000,9999.000,9999.000,9999.000,9999.000,9999.000
202602220642,   1.600,9999.000,9999.000,9999.000,9999.000,9999.000,9999.000,9999.000,9999.000
202602220648,   1.573,9999.000,9999.000,9999.000,9999.000,9999.000,9999.000,9999.000,9999.000
202602220654,   1.544,9999.000,9999.000,9999.000,9999.000,9999.000,9999.000,9999.000,9999.000
202602220700,   1.513,9999.000,   0.900,   0.182,   2.595,   0.800,   2.495,   1.000,   2.695
202602220706,   1.481,9999.000,9999.000,9999.000,9999.000,9999.000,9999.000,9999.000,9999.000
202602220712,   1.447,9999.000,9999.000,9999.000,9999.000,9999.000,9999.000,9999.000,9999.000
202602220718,   1.412,9999.000,9999.000,9999.000,9999.000,9999.000,9999.000,9999.000,9999.000
202602220724,   1.375,9999.000,9999.000,9999.000,9999.000,9999.000,9999.000,9999.000,9999.000
202602220730,   1.338,9999.000,9999.000,9999.000,9999.000,9999.000,9999.000,9999.000,9999.000
202602220736,   1.298,9999.000,9999.000,9999.000,9999.000,9999.000,9999.000,9999.000,9999.000
202602220742,   1.258,9999.000,9999.000,9999.000,9999.000,9999.000,9999.000,9999.000,9999.000
202602220748,   1.217,9999.000,9999.000,9999.000,9999.000,9999.000,9999.000,9999.000,9999.000
202602220754,   1.175,9999.000,9999.000,9999.000,9999.000,9999.000,9999.000,9999.000,9999.000
202602220800,   1.132,9999.000,   0.900,   0.182,   2.214,   0.700,   2.014,   1.000,   2.314
202602220806,   1.088,9999.000,9999.000,9999.000,9999.000,9999.000,9999.000,9999.000,9999.000
202602220812,   1.044,9999.000,9999.000,9999.000,9999.000,9999.000,9999.000,9999.000,9999.000
202602220818,   1.000,9999.000,9999.000,9999.000,9999.000,9999.000,9999.000,9999.000,9999.000
202602220824,   0.954,9999.000,9999.000,9999.000,9999.000,9999.000,9999.000,9999.000,9999.000
202602220830,   0.909,9999.000,9999.000,9999.000,9999.000,9999.000,9999.000,9999.000,9999.000
202602220836,   0.863,9999.000,9999.000,9999.000,9999.000,9999.000,9999.000,9999.000,9999.000
202602220842,   0.817,9999.000,9999.000,9999.000,9999.000,9999.000,9999.000,9999.000,9999.000
202602220848,   0.771,9999.000,9999.000,9999.000,9999.000,9999.000,9999.000,9999.000,9999.000
202602220854,   0.725,9999.000,9999.000,9999.000,9999.000,9999.000,9999.000,9999.000,9999.000
202602220900,   0.679,9999.000,   0.900,   0.182,   1.761,   0.700,   1.561,   1.000,   1.861
202602220906,   0.633,9999.000,9999.000,9999.000,9999.000,9999.000,9999.000,9999.000,9999.000
202602220912,   0.588,9999.000,9999.000,9999.000,9999.000,9999.000,9999.000,9999.000,9999.000
202602220918,   0.543,9999.000,9999.000,9999.000,9999.000,9999.000,9999.000,9999.000,9999.000
202602220924,   0.498,9999.000,9999.000,9999.000,9999.000,9999.000,9999.000,9999.000,9999.000
202602220930,   0.453,9999.000,9999.000,9999.000,9999.000,9999.000,9999.000,9999.000,9999.000
202602220936,   0.409,9999.000,9999.000,9999.000,9999.000,9999.000,9999.000,9999.000,9999.000
202602220942,   0.366,9999.000,9999.000,9999.000,9999.000,9999.000,9999.000,9999.000,9999.000
202602220948,   0.324,9999.000,9999.000,9999.000,9999.000,9999.000,9999.000,9999.000,9999.000
202602220954,   0.282,9999.000,9999.000,9999.000,9999.000,9999.000,9999.000,9999.000,9999.000
202602221000,   0.241,9999.000,   0.900,   0.182,   1.323,   0.700,   1.123,   1.000,   1.423
202602221006,   0.202,9999.000,9999.000,9999.000,9999.000,9999.000,9999.000,9999.000,9999.000
202602221012,   0.163,9999.000,9999.000,9999.000,9999.000,9999.000,9999.000,9999.000,9999.000
202602221018,   0.126,9999.000,9999.000,9999.000,9999.000,9999.000,9999.000,9999.000,9999.000
202602221024,   0.090,9999.000,9999.000,9999.000,9999.000,9999.000,9999.000,9999.000,9999.000
202602221030,   0.055,9999.000,9999.000,9999.000,9999.000,9999.000,9999.000,9999.000,9999.000
202602221036,   0.022,9999.000,9999.000,9999.000,9999.000,9999.000,9999.000,9999.000,9999.000
202602221042,  -0.009,9999.000,9999.000,9999.000,9999.000,9999.000,9999.000,9999.000,9999.000
202602221048,  -0.038,9999.000,9999.000,9999.000,9999.000,9999.000,9999.000,9999.000,9999.000
202602221054,  -0.066,9999.000,9999.000,9999.000,9999.000,9999.000,9999.000,9999.000,9999.000
202602221100,  -0.092,9999.000,   0.800,   0.182,   0.890,   0.700,   0.790,   1.000,   1.090
202602221106,  -0.116,9999.000,9999.000,9999.000,9999.000,9999.000,9999.000,9999.000,9999.000
202602221112,  -0.138,9999.000,9999.000,9999.000,9999.000,9999.000,9999.000,9999.000,9999.000
202602221118,  -0.158,9999.000,9999.000,9999.000,9999.000,9999.000,9999.000,9999.000,9999.000
202602221124,  -0.175,9999.000,9999.000,9999.000,9999.000,9999.000,9999.000,9999.000,9999.000
202602221130,  -0.190,9999.000,9999.000,9999.000,9999.000,9999.000,9999.000,9999.000,9999.000
202602221136,  -0.202,9999.000,9999.000,9999.000,9999.000,9999.000,9999.000,9999.000,9999.000
202602221142,  -0.212,9999.000,9999.000,9999.000,9999.000,9999.000,9999.000,9999.000,9999.000
202602221148,  -0.219,9999.000,9999.000,9999.000,9999.000,9999.000,9999.000,9999.000,9999.000
202602221154,  -0.223,9999.000,9999.000,9999.000,9999.000,9999.000,9999.000,9999.000,9999.000
202602221200,  -0.224,9999.000,   0.800,   0.182,   0.758,   0.700,   0.658,   1.000,   0.958
202602221206,  -0.222,9999.000,9999.000,9999.000,9999.000,9999.000,9999.000,9999.000,9999.000
202602221212,  -0.217,9999.000,9999.000,9999.000,9999.000,9999.000,9999.000,9999.000,9999.000
202602221218,  -0.209,9999.000,9999.000,9999.000,9999.000,9999.000,9999.000,9999.000,9999.000
202602221224,  -0.198,9999.000,9999.000,9999.000,9999.000,9999.000,9999.000,9999.000,9999.000
202602221230,  -0.184,9999.000,9999.000,9999.000,9999.000,9999.000,9999.000,9999.000,9999.000
202602221236,  -0.166,9999.000,9999.000,9999.000,9999.000,9999.000,9999.000,9999.000,9999.000
202602221242,  -0.145,9999.000,9999.000,9999.000,9999.000,9999.000,9999.000,9999.000,9999.000
202602221248,  -0.121,9999.000,9999.000,9999.000,9999.000,9999.000,9999.000,9999.000,9999.000
202602221254,  -0.094,9999.000,9999.000,9999.000,9999.000,9999.000,9999.000,9999.000,9999.000
202602221300,  -0.064,9999.000,   0.800,   0.182,   0.918,   0.700,   0.818,   1.000,   1.118
202602221306,  -0.030,9999.000,9999.000,9999.000,9999.000,9999.000,9999.000,9999.000,9999.000
202602221312,   0.006,9999.000,9999.000,9999.000,9999.000,9999.000,9999.000,9999.000,9999.000
202602221318,   0.046,9999.000,9999.000,9999.000,9999.000,9999.000,9999.000,9999.000,9999.000
202602221324,   0.089,9999.000,9999.000,9999.000,9999.000,9999.000,9999.000,9999.000,9999.000
202602221330,   0.134,9999.000,9999.000,9999.000,9999.000,9999.000,9999.000,9999.000,9999.000
202602221336,   0.183,9999.000,9999.000,9999.000,9999.000,9999.000,9999.000,9999.000,9999.000
202602221342,   0.234,9999.000,9999.000,9999.000,9999.000,9999.000,9999.000,9999.000,9999.000
202602221348,   0.289,9999.000,9999.000,9999.000,9999.000,9999.000,9999.000,9999.000,9999.000
202602221354,   0.345,9999.000,9999.000,9999.000,9999.000,9999.000,9999.000,9999.000,9999.000
202602221400,   0.404,9999.000,   0.800,   0.182,   1.386,   0.700,   1.286,   1.000,   1.586
202602221406,   0.465,9999.000,9999.000,9999.000,9999.000,9999.000,9999.000,9999.000,9999.000
202602221412,   0.528,9999.000,9999.000,9999.000,9999.000,9999.000,9999.000,9999.000,9999.000
202602221418,   0.593,9999.000,9999.000,9999.000,9999.000,9999.000,9999.000,9999.000,9999.000
202602221424,   0.659,9999.000,9999.000,9999.000,9999.000,9999.000,9999.000,9999.000,9999.000
202602221430,   0.727,9999.000,9999.000,9999.000,9999.000,9999.000,9999.000,9999.000,9999.000
202602221436,   0.796,9999.000,9999.000,9999.000,9999.000,9999.000,9999.000,9999.000,9999.000
202602221442,   0.867,9999.000,9999.000,9999.000,9999.000,9999.000,9999.000,9999.000,9999.000
202602221448,   0.938,9999.000,9999.000,9999.000,9999.000,9999.000,9999.000,9999.000,9999.000
202602221454,   1.009,9999.000,9999.000,9999.000,9999.000,9999.000,9999.000,9999.000,9999.000
202602221500,   1.081,9999.000,   0.800,   0.182,   2.063,   0.700,   1.963,   1.000,   2.263
202602221506,   1.153,9999.000,9999.000,9999.000,9999.000,9999.000,9999.000,9999.000,9999.000
202602221512,   1.225,9999.000,9999.000,9999.000,9999.000,9999.000,9999.000,9999.000,9999.000
202602221518,   1.297,9999.000,9999.000,9999.000,9999.000,9999.000,9999.000,9999.000,9999.000
202602221524,   1.368,9999.000,9999.000,9999.000,9999.000,9999.000,9999.000,9999.000,9999.000
202602221530,   1.438,9999.000,9999.000,9999.000,9999.000,9999.000,9999.000,9999.000,9999.000
202602221536,   1.508,9999.000,9999.000,9999.000,9999.000,9999.000,9999.000,9999.000,9999.000
202602221542,   1.576,9999.000,9999.000,9999.000,9999.000,9999.000,9999.000,9999.000,9999.000
202602221548,   1.643,9999.000,9999.000,9999.000,9999.000,9999.000,9999.000,9999.000,9999.000
202602221554,   1.707,9999.000,9999.000,9999.000,9999.000,9999.000,9999.000,9999.000,9999.000
202602221600,   1.771,9999.000,   0.800,   0.182,   2.753,   0.700,   2.653,   0.900,   2.853
202602221606,   1.832,9999.000,9999.000,9999.000,9999.000,9999.000,9999.000,9999.000,9999.000
202602221612,   1.891,9999.000,9999.000,9999.000,9999.000,9999.000,9999.000,9999.000,9999.000
202602221618,   1.947,9999.000,9999.000,9999.000,9999.000,9999.000,9999.000,9999.000,9999.000
202602221624,   2.001,9999.000,9999.000,9999.000,9999.000,9999.000,9999.000,9999.000,9999.000
202602221630,   2.052,9999.000,9999.000,9999.000,9999.000,9999.000,9999.000,9999.000,9999.000
202602221636,   2.100,9999.000,9999.000,9999.000,9999.000,9999.000,9999.000,9999.000,9999.000
202602221642,   2.145,9999.000,9999.000,9999.000,9999.000,9999.000,9999.000,9999.000,9999.000
202602221648,   2.188,9999.000,9999.000,9999.000,9999.000,9999.000,9999.000,9999.000,9999.000
202602221654,   2.227,9999.000,9999.000,9999.000,9999.000,9999.000,9999.000,9999.000,9999.000
202602221700,   2.262,9999.000,   0.800,   0.182,   3.244,   0.700,   3.144,   0.900,   3.344
202602221706,   2.295,9999.000,9999.000,9999.000,9999.000,9999.000,9999.000,9999.000,9999.000
202602221712,   2.323,9999.000,9999.000,9999.000,9999.000,9999.000,9999.000,9999.000,9999.000
202602221718,   2.349,9999.000,9999.000,9999.000,9999.000,9999.000,9999.000,9999.000,9999.000
202602221724,   2.371,9999.000,9999.000,9999.000,9999.000,9999.000,9999.000,9999.000,9999.000
202602221730,   2.389,9999.000,9999.000,9999.000,9999.000,9999.000,9999.000,9999.000,9999.000
202602221736,   2.404,9999.000,9999.000,9999.000,9999.000,9999.000,9999.000,9999.000,9999.000
202602221742,   2.416,9999.000,9999.000,9999.000,9999.000,9999.000,9999.000,9999.000,9999.000
202602221748,   2.424,9999.000,9999.000,9999.000,9999.000,9999.000,9999.000,9999.000,9999.000
202602221754,   2.429,9999.000,9999.000,9999.000,9999.000,9999.000,9999.000,9999.000,9999.000
202602221800,   2.430,9999.000,   0.800,   0.182,   3.412,   0.600,   3.212,   0.900,   3.512
202602221806,   2.428,9999.000,9999.000,9999.000,9999.000,9999.000,9999.000,9999.000,9999.000
202602221812,   2.423,9999.000,9999.000,9999.000,9999.000,9999.000,9999.000,9999.000,9999.000
202602221818,   2.415,9999.000,9999.000,9999.000,9999.000,9999.000,9999.000,9999.000,9999.000
202602221824,   2.403,9999.000,9999.000,9999.000,9999.000,9999.000,9999.000,9999.000,9999.000
202602221830,   2.389,9999.000,9999.000,9999.000,9999.000,9999.000,9999.000,9999.000,9999.000
202602221836,   2.372,9999.000,9999.000,9999.000,9999.000,9999.000,9999.000,9999.000,9999.000
202602221842,   2.352,9999.000,9999.000,9999.000,9999.000,9999.000,9999.000,9999.000,9999.000
202602221848,   2.330,9999.000,9999.000,9999.000,9999.000,9999.000,9999.000,9999.000,9999.000
202602221854,   2.305,9999.000,9999.000,9999.000,9999.000,9999.000,9999.000,9999.000,9999.000
202602221900,   2.278,9999.000,   0.700,   0.182,   3.160,   0.600,   3.060,   0.900,   3.360
202602221906,   2.248,9999.000,9999.000,9999.000,9999.000,9999.000,9999.000,9999.000,9999.000
202602221912,   2.217,9999.000,9999.000,9999.000,9999.000,9999.000,9999.000,9999.000,9999.000
202602221918,   2.183,9999.000,9999.000,9999.000,9999.000,9999.000,9999.000,9999.000,9999.000
202602221924,   2.148,9999.000,9999.000,9999.000,9999.000,9999.000,9999.000,9999.000,9999.000
202602221930,   2.111,9999.000,9999.000,9999.000,9999.000,9999.000,9999.000,9999.000,9999.000
202602221936,   2.073,9999.000,9999.000,9999.000,9999.000,9999.000,9999.000,9999.000,9999.000
202602221942,   2.033,9999.000,9999.000,9999.000,9999.000,9999.000,9999.000,9999.000,9999.000
202602221948,   1.992,9999.000,9999.000,9999.000,9999.000,9999.000,9999.000,9999.000,9999.000
202602221954,   1.949,9999.000,9999.000,9999.000,9999.000,9999.000,9999.000,9999.000,9999.000
202602222000,   1.906,9999.000,   0.700,   0.182,   2.788,   0.500,   2.588,   0.900,   2.988
202602222006,   1.862,9999.000,9999.000,9999.000,9999.000,9999.000,9999.000,9999.000,9999.000
202602222012,   1.816,9999.000,9999.000,9999.000,9999.000,9999.000,9999.000,9999.000,9999.000
202602222018,   1.770,9999.000,9999.000,9999.000,9999.000,9999.000,9999.000,9999.000,9999.000
202602222024,   1.724,9999.000,9999.000,9999.000,9999.000,9999.000,9999.000,9999.000,9999.000
202602222030,   1.677,9999.000,9999.000,9999.000,9999.000,9999.000,9999.000,9999.000,9999.000
202602222036,   1.630,9999.000,9999.000,9999.000,9999.000,9999.000,9999.000,9999.000,9999.000
202602222042,   1.582,9999.000,9999.000,9999.000,9999.000,9999.000,9999.000,9999.000,9999.000
202602222048,   1.534,9999.000,9999.000,9999.000,9999.000,9999.000,9999.000,9999.000,9999.000
202602222054,   1.486,9999.000,9999.000,9999.000,9999.000,9999.000,9999.000,9999.000,9999.000
202602222100,   1.437,9999.000,   0.700,   0.182,   2.319,   0.500,   2.119,   0.900,   2.519
202602222106,   1.389,9999.000,9999.000,9999.000,9999.000,9999.000,9999.000,9999.000,9999.000
202602222112,   1.341,9999.000,9999.000,9999.000,9999.000,9999.000,9999.000,9999.000,9999.000
202602222118,   1.292,9999.000,9999.000,9999.000,9999.000,9999.000,9999.000,9999.000,9999.000
202602222124,   1.244,9999.000,9999.000,9999.000,9999.000,9999.000,9999.000,9999.000,9999.000
202602222130,   1.196,9999.000,9999.000,9999.000,9999.000,9999.000,9999.000,9999.000,9999.000
202602222136,   1.149,9999.000,9999.000,9999.000,9999.000,9999.000,9999.000,9999.000,9999.000
202602222142,   1.101,9999.000,9999.000,9999.000,9999.000,9999.000,9999.000,9999.000,9999.000
202602222148,   1.054,9999.000,9999.000,9999.000,9999.000,9999.000,9999.000,9999.000,9999.000
202602222154,   1.007,9999.000,9999.000,9999.000,9999.000,9999.000,9999.000,9999.000,9999.000
202602222200,   0.961,9999.000,   0.700,   0.182,   1.843,   0.500,   1.643,   0.900,   2.043
202602222206,   0.915,9999.000,9999.000,9999.000,9999.000,9999.000,9999.000,9999.000,9999.000
202602222212,   0.870,9999.000,9999.000,9999.000,9999.000,9999.000,9999.000,9999.000,9999.000
202602222218,   0.825,9999.000,9999.000,9999.000,9999.000,9999.000,9999.000,9999.000,9999.000
202602222224,   0.781,9999.000,9999.000,9999.000,9999.000,9999.000,9999.000,9999.000,9999.000
202602222230,   0.738,9999.000,9999.000,9999.000,9999.000,9999.000,9999.000,9999.000,9999.000
202602222236,   0.695,9999.000,9999.000,9999.000,9999.000,9999.000,9999.000,9999.000,9999.000
202602222242,   0.653,9999.000,9999.000,9999.000,9999.000,9999.000,9999.000,9999.000,9999.000
202602222248,   0.612,9999.000,9999.000,9999.000,9999.000,9999.000,9999.000,9999.000,9999.000
202602222254,   0.572,9999.000,9999.000,9999.000,9999.000,9999.000,9999.000,9999.000,9999.000
202602222300,   0.532,9999.000,   0.600,   0.182,   1.314,   0.400,   1.114,   0.900,   1.614
202602222306,   0.494,9999.000,9999.000,9999.000,9999.000,9999.000,9999.000,9999.000,9999.000
202602222312,   0.456,9999.000,9999.000,9999.000,9999.000,9999.000,9999.000,9999.000,9999.000
202602222318,   0.420,9999.000,9999.000,9999.000,9999.000,9999.000,9999.000,9999.000,9999.000
202602222324,   0.385,9999.000,9999.000,9999.000,9999.000,9999.000,9999.000,9999.000,9999.000
202602222330,   0.351,9999.000,9999.000,9999.000,9999.000,9999.000,9999.000,9999.000,9999.000
202602222336,   0.319,9999.000,9999.000,9999.000,9999.000,9999.000,9999.000,9999.000,9999.000
202602222342,   0.288,9999.000,9999.000,9999.000,9999.000,9999.000,9999.000,9999.000,9999.000
202602222348,   0.258,9999.000,9999.000,9999.000,9999.000,9999.000,9999.000,9999.000,9999.000
202602222354,   0.230,9999.000,9999.000,9999.000,9999.000,9999.000,9999.000,9999.000,9999.000
202602230000,   0.203,9999.000,   0.600,   0.182,   0.985,   0.400,   0.785,   0.900,   1.285
202602230006,   0.179,9999.000,9999.000,9999.000,9999.000,9999.000,9999.000,9999.000,9999.000
202602230012,   0.156,9999.000,9999.000,9999.000,9999.000,9999.000,9999.000,9999.000,9999.000
202602230018,   0.135,9999.000,9999.000,9999.000,9999.000,9999.000,9999.000,9999.000,9999.000
202602230024,   0.116,9999.000,9999.000,9999.000,9999.000,9999.000,9999.000,9999.000,9999.000
202602230030,   0.099,9999.000,9999.000,9999.000,9999.000,9999.000,9999.000,9999.000,9999.000
202602230036,   0.084,9999.000,9999.000,9999.000,9999.000,9999.000,9999.000,9999.000,9999.000
202602230042,   0.071,9999.000,9999.000,9999.000,9999.000,9999.000,9999.000,9999.000,9999.000
202602230048,   0.061,9999.000,9999.000,9999.000,9999.000,9999.000,9999.000,9999.000,9999.000
202602230054,   0.052,9999.000,9999.000,9999.000,9999.000,9999.000,9999.000,9999.000,9999.000
202602230100,   0.046,9999.000,   0.600,   0.182,   0.828,   0.300,   0.528,   0.900,   1.128
202602230106,   0.043,9999.000,9999.000,9999.000,9999.000,9999.000,9999.000,9999.000,9999.000
202602230112,   0.042,9999.000,9999.000,9999.000,9999.000,9999.000,9999.000,9999.000,9999.000
202602230118,   0.043,9999.000,9999.000,9999.000,9999.000,9999.000,9999.000,9999.000,9999.000
202602230124,   0.047,9999.000,9999.000,9999.000,9999.000,9999.000,9999.000,9999.000,9999.000
202602230130,   0.053,9999.000,9999.000,9999.000,9999.000,9999.000,9999.000,9999.000,9999.000
202602230136,   0.062,9999.000,9999.000,9999.000,9999.000,9999.000,9999.000,9999.000,9999.000
202602230142,   0.073,9999.000,9999.000,9999.000,9999.000,9999.000,9999.000,9999.000,9999.000
202602230148,   0.087,9999.000,9999.000,9999.000,9999.000,9999.000,9999.000,9999.000,9999.000
202602230154,   0.104,9999.000,9999.000,9999.000,9999.000,9999.000,9999.000,9999.000,9999.000
202602230200,   0.122,9999.000,   0.500,   0.182,   0.804,   0.200,   0.504,   0.800,   1.104
202602230206,   0.143,9999.000,9999.000,9999.000,9999.000,9999.000,9999.000,9999.000,9999.000
202602230212,   0.167,9999.000,9999.000,9999.000,9999.000,9999.000,9999.000,9999.000,9999.000
202602230218,   0.193,9999.000,9999.000,9999.000,9999.000,9999.000,9999.000,9999.000,9999.000
202602230224,   0.221,9999.000,9999.000,9999.000,9999.000,9999.000,9999.000,9999.000,9999.000
202602230230,   0.251,9999.000,9999.000,9999.000,9999.000,9999.000,9999.000,9999.000,9999.000
202602230236,   0.283,9999.000,9999.000,9999.000,9999.000,9999.000,9999.000,9999.000,9999.000
202602230242,   0.317,9999.000,9999.000,9999.000,9999.000,9999.000,9999.000,9999.000,9999.000
202602230248,   0.353,9999.000,9999.000,9999.000,9999.000,9999.000,9999.000,9999.000,9999.000
202602230254,   0.390,9999.000,9999.000,9999.000,9999.000,9999.000,9999.000,9999.000,9999.000
202602230300,   0.429,9999.000,   0.500,   0.182,   1.111,   0.100,   0.711,   0.800,   1.411
202602230306,   0.470,9999.000,9999.000,9999.000,9999.000,9999.000,9999.000,9999.000,9999.000
202602230312,   0.511,9999.000,9999.000,9999.000,9999.000,9999.000,9999.000,9999.000,9999.000
202602230318,   0.554,9999.000,9999.000,9999.000,9999.000,9999.000,9999.000,9999.000,9999.000
202602230324,   0.598,9999.000,9999.000,9999.000,9999.000,9999.000,9999.000,9999.000,9999.000
202602230330,   0.643,9999.000,9999.000,9999.000,9999.000,9999.000,9999.000,9999.000,9999.000
202602230336,   0.688,9999.000,9999.000,9999.000,9999.000,9999.000,9999.000,9999.000,9999.000
202602230342,   0.733,9999.000,9999.000,9999.000,9999.000,9999.000,9999.000,9999.000,9999.000
202602230348,   0.779,9999.000,9999.000,9999.000,9999.000,9999.000,9999.000,9999.000,9999.000
202602230354,   0.825,9999.000,9999.000,9999.000,9999.000,9999.000,9999.000,9999.000,9999.000
202602230400,   0.872,9999.000,   0.500,   0.182,   1.554,   0.100,   1.154,   0.800,   1.854
202602230406,   0.917,9999.000,9999.000,9999.000,9999.000,9999.000,9999.000,9999.000,9999.000
202602230412,   0.963,9999.000,9999.000,9999.000,9999.000,9999.000,9999.000,9999.000,9999.000
202602230418,   1.007,9999.000,9999.000,9999.000,9999.000,9999.000,9999.000,9999.000,9999.000
202602230424,   1.051,9999.000,9999.000,9999.000,9999.000,9999.000,9999.000,9999.000,9999.000
202602230430,   1.095,9999.000,9999.000,9999.000,9999.000,9999.000,9999.000,9999.000,9999.000
202602230436,   1.137,9999.000,9999.000,9999.000,9999.000,9999.000,9999.000,9999.000,9999.000
202602230442,   1.177,9999.000,9999.000,9999.000,9999.000,9999.000,9999.000,9999.000,9999.000
202602230448,   1.217,9999.000,9999.000,9999.000,9999.000,9999.000,9999.000,9999.000,9999.000
202602230454,   1.255,9999.000,9999.000,9999.000,9999.000,9999.000,9999.000,9999.000,9999.000
202602230500,   1.291,9999.000,   0.400,   0.182,   1.873,   0.000,   1.473,   0.800,   2.273
202602230506,   1.325,9999.000,9999.000,9999.000,9999.000,9999.000,9999.000,9999.000,9999.000
202602230512,   1.358,9999.000,9999.000,9999.000,9999.000,9999.000,9999.000,9999.000,9999.000
202602230518,   1.388,9999.000,9999.000,9999.000,9999.000,9999.000,9999.000,9999.000,9999.000
202602230524,   1.417,9999.000,9999.000,9999.000,9999.000,9999.000,9999.000,9999.000,9999.000
202602230530,   1.443,9999.000,9999.000,9999.000,9999.000,9999.000,9999.000,9999.000,9999.000
202602230536,   1.467,9999.000,9999.000,9999.000,9999.000,9999.000,9999.000,9999.000,9999.000
202602230542,   1.488,9999.000,9999.000,9999.000,9999.000,9999.000,9999.000,9999.000,9999.000
202602230548,   1.508,9999.000,9999.000,9999.000,9999.000,9999.000,9999.000,9999.000,9999.000
202602230554,   1.524,9999.000,9999.000,9999.000,9999.000,9999.000,9999.000,9999.000,9999.000
202602230600,   1.539,9999.000,   0.400,   0.182,   2.121,   0.000,   1.721,   0.800,   2.521
202602230606,   1.550,9999.000,9999.000,9999.000,9999.000,9999.000,9999.000,9999.000,9999.000
202602230612,   1.560,9999.000,9999.000,9999.000,9999.000,9999.000,9999.000,9999.000,9999.000
202602230618,   1.566,9999.000,9999.000,9999.000,9999.000,9999.000,9999.000,9999.000,9999.000
202602230624,   1.570,9999.000,9999.000,9999.000,9999.000,9999.000,9999.000,9999.000,9999.000
202602230630,   1.572,9999.000,9999.000,9999.000,9999.000,9999.000,9999.000,9999.000,9999.000
202602230636,   1.571,9999.000,9999.000,9999.000,9999.000,9999.000,9999.000,9999.000,9999.000
202602230642,   1.568,9999.000,9999.000,9999.000,9999.000,9999.000,9999.000,9999.000,9999.000
202602230648,   1.562,9999.000,9999.000,9999.000,9999.000,9999.000,9999.000,9999.000,9999.000
202602230654,   1.554,9999.000,9999.000,9999.000,9999.000,9999.000,9999.000,9999.000,9999.000
202602230700,   1.543,9999.000,   0.400,   0.182,   2.125,   0.000,   1.725,   0.800,   2.525
202602230706,   1.531,9999.000,9999.000,9999.000,9999.000,9999.000,9999.000,9999.000,9999.000
202602230712,   1.516,9999.000,9999.000,9999.000,9999.000,9999.000,9999.000,9999.000,9999.000
202602230718,   1.499,9999.000,9999.000,9999.000,9999.000,9999.000,9999.000,9999.000,9999.000
202602230724,   1.480,9999.000,9999.000,9999.000,9999.000,9999.000,9999.000,9999.000,9999.000
202602230730,   1.459,9999.000,9999.000,9999.000,9999.000,9999.000,9999.000,9999.000,9999.000
202602230736,   1.436,9999.000,9999.000,9999.000,9999.000,9999.000,9999.000,9999.000,9999.000
202602230742,   1.411,9999.000,9999.000,9999.000,9999.000,9999.000,9999.000,9999.000,9999.000
202602230748,   1.384,9999.000,9999.000,9999.000,9999.000,9999.000,9999.000,9999.000,9999.000
202602230754,   1.356,9999.000,9999.000,9999.000,9999.000,9999.000,9999.000,9999.000,9999.000
202602230800,   1.326,9999.000,   0.300,   0.182,   1.808,  -0.100,   1.408,   0.800,   2.308
202602230806,   1.295,9999.000,9999.000,9999.000,9999.000,9999.000,9999.000,9999.000,9999.000
202602230812,   1.263,9999.000,9999.000,9999.000,9999.000,9999.000,9999.000,9999.000,9999.000
202602230818,   1.229,9999.000,9999.000,9999.000,9999.000,9999.000,9999.000,9999.000,9999.000
202602230824,   1.194,9999.000,9999.000,9999.000,9999.000,9999.000,9999.000,9999.000,9999.000
202602230830,   1.158,9999.000,9999.000,9999.000,9999.000,9999.000,9999.000,9999.000,9999.000
202602230836,   1.122,9999.000,9999.000,9999.000,9999.000,9999.000,9999.000,9999.000,9999.000
202602230842,   1.084,9999.000,9999.000,9999.000,9999.000,9999.000,9999.000,9999.000,9999.000
202602230848,   1.045,9999.000,9999.000,9999.000,9999.000,9999.000,9999.000,9999.000,9999.000
202602230854,   1.006,9999.000,9999.000,9999.000,9999.000,9999.000,9999.000,9999.000,9999.000
202602230900,   0.966,9999.000,   0.300,   0.182,   1.448,  -0.200,   0.948,   0.800,   1.948
202602230906,   0.926,9999.000,9999.000,9999.000,9999.000,9999.000,9999.000,9999.000,9999.000
202602230912,   0.885,9999.000,9999.000,9999.000,9999.000,9999.000,9999.000,9999.000,9999.000
202602230918,   0.844,9999.000,9999.000,9999.000,9999.000,9999.000,9999.000,9999.000,9999.000
202602230924,   0.802,9999.000,9999.000,9999.000,9999.000,9999.000,9999.000,9999.000,9999.000
202602230930,   0.761,9999.000,9999.000,9999.000,9999.000,9999.000,9999.000,9999.000,9999.000
202602230936,   0.719,9999.000,9999.000,9999.000,9999.000,9999.000,9999.000,9999.000,9999.000
202602230942,   0.677,9999.000,9999.000,9999.000,9999.000,9999.000,9999.000,9999.000,9999.000
202602230948,   0.635,9999.000,9999.000,9999.000,9999.000,9999.000,9999.000,9999.000,9999.000
202602230954,   0.594,9999.000,9999.000,9999.000,9999.000,9999.000,9999.000,9999.000,9999.000
202602231000,   0.552,9999.000,   0.300,   0.182,   1.034,  -0.300,   0.434,   0.800,   1.534
202602231006,   0.511,9999.000,9999.000,9999.000,9999.000,9999.000,9999.000,9999.000,9999.000
202602231012,   0.471,9999.000,9999.000,9999.000,9999.000,9999.000,9999.000,9999.000,9999.000
202602231018,   0.430,9999.000,9999.000,9999.000,9999.000,9999.000,9999.000,9999.000,9999.000
202602231024,   0.391,9999.000,9999.000,9999.000,9999.000,9999.000,9999.000,9999.000,9999.000
202602231030,   0.352,9999.000,9999.000,9999.000,9999.000,9999.000,9999.000,9999.000,9999.000
202602231036,   0.313,9999.000,9999.000,9999.000,9999.000,9999.000,9999.000,9999.000,9999.000
202602231042,   0.276,9999.000,9999.000,9999.000,9999.000,9999.000,9999.000,9999.000,9999.000
202602231048,   0.239,9999.000,9999.000,9999.000,9999.000,9999.000,9999.000,9999.000,9999.000
202602231054,   0.204,9999.000,9999.000,9999.000,9999.000,9999.000,9999.000,9999.000,9999.000
202602231100,   0.169,9999.000,   0.200,   0.182,   0.551,  -0.400,  -0.049,   0.700,   1.051
202602231106,   0.136,9999.000,9999.000,9999.000,9999.000,9999.000,9999.000,9999.000,9999.000
202602231112,   0.103,9999.000,9999.000,9999.000,9999.000,9999.000,9999.000,9999.000,9999.000
202602231118,   0.073,9999.000,9999.000,9999.000,9999.000,9999.000,9999.000,9999.000,9999.000
202602231124,   0.043,9999.000,9999.000,9999.000,9999.000,9999.000,9999.000,9999.000,9999.000
202602231130,   0.015,9999.000,9999.000,9999.000,9999.000,9999.000,9999.000,9999.000,9999.000
202602231136,  -0.010,9999.000,9999.000,9999.000,9999.000,9999.000,9999.000,9999.000,9999.000
202602231142,  -0.034,9999.000,9999.000,9999.000,9999.000,9999.000,9999.000,9999.000,9999.000
202602231148,  -0.057,9999.000,9999.000,9999.000,9999.000,9999.000,9999.000,9999.000,9999.000
202602231154,  -0.078,9999.000,9999.000,9999.000,9999.000,9999.000,9999.000,9999.000,9999.000
202602231200,  -0.096,9999.000,   0.200,   0.182,   0.286,  -0.500,  -0.414,   0.700,   0.786
202602231206,  -0.113,9999.000,9999.000,9999.000,9999.000,9999.000,9999.000,9999.000,9999.000
202602231212,  -0.127,9999.000,9999.000,9999.000,9999.000,9999.000,9999.000,9999.000,9999.000
202602231218,  -0.139,9999.000,9999.000,9999.000,9999.000,9999.000,9999.000,9999.000,9999.000
202602231224,  -0.149,9999.000,9999.000,9999.000,9999.000,9999.000,9999.000,9999.000,9999.000
202602231230,  -0.156,9999.000,9999.000,9999.000,9999.000,9999.000,9999.000,9999.000,9999.000
202602231236,  -0.160,9999.000,9999.000,9999.000,9999.000,9999.000,9999.000,9999.000,9999.000
202602231242,  -0.162,9999.000,9999.000,9999.000,9999.000,9999.000,9999.000,9999.000,9999.000
202602231248,  -0.161,9999.000,9999.000,9999.000,9999.000,9999.000,9999.000,9999.000,9999.000
202602231254,  -0.158,9999.000,9999.000,9999.000,9999.000,9999.000,9999.000,9999.000,9999.000
202602231300,  -0.151,9999.000,   0.200,   0.182,   0.231,  -0.600,  -0.569,   0.700,   0.731
202602231306,  -0.142,9999.000,9999.000,9999.000,9999.000,9999.000,9999.000,9999.000,9999.000
202602231312,  -0.129,9999.000,9999.000,9999.000,9999.000,9999.000,9999.000,9999.000,9999.000
202602231318,  -0.114,9999.000,9999.000,9999.000,9999.000,9999.000,9999.000,9999.000,9999.000
202602231324,  -0.095,9999.000,9999.000,9999.000,9999.000,9999.000,9999.000,9999.000,9999.000
202602231330,  -0.074,9999.000,9999.000,9999.000,9999.000,9999.000,9999.000,9999.000,9999.000
202602231336,  -0.050,9999.000,9999.000,9999.000,9999.000,9999.000,9999.000,9999.000,9999.000
202602231342,  -0.022,9999.000,9999.000,9999.000,9999.000,9999.000,9999.000,9999.000,9999.000
202602231348,   0.008,9999.000,9999.000,9999.000,9999.000,9999.000,9999.000,9999.000,9999.000
202602231354,   0.041,9999.000,9999.000,9999.000,9999.000,9999.000,9999.000,9999.000,9999.000
202602231400,   0.078,9999.000,   0.100,   0.182,   0.360,  -0.700,  -0.440,   0.700,   0.960
202602231406,   0.117,9999.000,9999.000,9999.000,9999.000,9999.000,9999.000,9999.000,9999.000
202602231412,   0.159,9999.000,9999.000,9999.000,9999.000,9999.000,9999.000,9999.000,9999.000
202602231418,   0.204,9999.000,9999.000,9999.000,9999.000,9999.000,9999.000,9999.000,9999.000
202602231424,   0.252,9999.000,9999.000,9999.000,9999.000,9999.000,9999.000,9999.000,9999.000
202602231430,   0.303,9999.000,9999.000,9999.000,9999.000,9999.000,9999.000,9999.000,9999.000
202602231436,   0.355,9999.000,9999.000,9999.000,9999.000,9999.000,9999.000,9999.000,9999.000
202602231442,   0.411,9999.000,9999.000,9999.000,9999.000,9999.000,9999.000,9999.000,9999.000
202602231448,   0.468,9999.000,9999.000,9999.000,9999.000,9999.000,9999.000,9999.000,9999.000
202602231454,   0.527,9999.000,9999.000,9999.000,9999.000,9999.000,9999.000,9999.000,9999.000
202602231500,   0.589,9999.000,   0.100,   0.182,   0.871,  -0.800,  -0.029,   0.700,   1.471
202602231506,   0.652,9999.000,9999.000,9999.000,9999.000,9999.000,9999.000,9999.000,9999.000
202602231512,   0.717,9999.000,9999.000,9999.000,9999.000,9999.000,9999.000,9999.000,9999.000
202602231518,   0.783,9999.000,9999.000,9999.000,9999.000,9999.000,9999.000,9999.000,9999.000
202602231524,   0.850,9999.000,9999.000,9999.000,9999.000,9999.000,9999.000,9999.000,9999.000
202602231530,   0.919,9999.000,9999.000,9999.000,9999.000,9999.000,9999.000,9999.000,9999.000
202602231536,   0.988,9999.000,9999.000,9999.000,9999.000,9999.000,9999.000,9999.000,9999.000
202602231542,   1.058,9999.000,9999.000,9999.000,9999.000,9999.000,9999.000,9999.000,9999.000
202602231548,   1.128,9999.000,9999.000,9999.000,9999.000,9999.000,9999.000,9999.000,9999.000
202602231554,   1.198,9999.000,9999.000,9999.000,9999.000,9999.000,9999.000,9999.000,9999.000
202602231600,   1.268,9999.000,   0.100,   0.182,   1.550,  -0.800,   0.650,   0.700,   2.150
202602231606,   1.339,9999.000,9999.000,9999.000,9999.000,9999.000,9999.000,9999.000,9999.000
202602231612,   1.408,9999.000,9999.000,9999.000,9999.000,9999.000,9999.000,9999.000,9999.000
202602231618,   1.477,9999.000,9999.000,9999.000,9999.000,9999.000,9999.000,9999.000,9999.000
202602231624,   1.545,9999.000,9999.000,9999.000,9999.000,9999.000,9999.000,9999.000,9999.000
202602231630,   1.612,9999.000,9999.000,9999.000,9999.000,9999.000,9999.000,9999.000,9999.000
202602231636,   1.677,9999.000,9999.000,9999.000,9999.000,9999.000,9999.000,9999.000,9999.000
202602231642,   1.741,9999.000,9999.000,9999.000,9999.000,9999.000,9999.000,9999.000,9999.000
202602231648,   1.803,9999.000,9999.000,9999.000,9999.000,9999.000,9999.000,9999.000,9999.000
202602231654,   1.863,9999.000,9999.000,9999.000,9999.000,9999.000,9999.000,9999.000,9999.000
202602231700,   1.921,9999.000,   0.100,   0.182,   2.203,  -0.900,   1.203,   0.700,   2.803
202602231706,   1.977,9999.000,9999.000,9999.000,9999.000,9999.000,9999.000,9999.000,9999.000
202602231712,   2.031,9999.000,9999.000,9999.000,9999.000,9999.000,9999.000,9999.000,9999.000
202602231718,   2.081,9999.000,9999.000,9999.000,9999.000,9999.000,9999.000,9999.000,9999.000
202602231724,   2.130,9999.000,9999.000,9999.000,9999.000,9999.000,9999.000,9999.000,9999.000
202602231730,   2.175,9999.000,9999.000,9999.000,9999.000,9999.000,9999.000,9999.000,9999.000
202602231736,   2.217,9999.000,9999.000,9999.000,9999.000,9999.000,9999.000,9999.000,9999.000
202602231742,   2.256,9999.000,9999.000,9999.000,9999.000,9999.000,9999.000,9999.000,9999.000
202602231748,   2.292,9999.000,9999.000,9999.000,9999.000,9999.000,9999.000,9999.000,9999.000
202602231754,   2.325,9999.000,9999.000,9999.000,9999.000,9999.000,9999.000,9999.000,9999.000
202602231800,   2.355,9999.000,   0.100,   0.182,   2.637,  -0.900,   1.637,   0.700,   3.237
