        TIME,    TIDE,      OB,   SURGE,    BIAS,     TWL,SURGE90p,  TWL90p,SURGE10p,   TWL10p
202607190000,   0.526,9999.000,   0.600,9999.000,   1.126,   0.600,   1.126,   0.700,   1.226
202607190006,   0.552,9999.000,9999.000,9999.000,9999.000,9999.000,9999.000,9999.000,9999.000
202607190012,   0.580,9999.000,9999.000,9999.000,9999.000,9999.000,9999.000,9999.000,9999.000
202607190018,   0.610,9999.000,9999.000,9999.000,9999.000,9999.000,9999.000,9999.000,9999.000
202607190024,   0.642,9999.000,9999.000,9999.000,9999.000,9999.000,9999.000,9999.000,9999.000
202607190030,   0.676,9999.000,9999.000,9999.000,9999.000,9999.000,9999.000,9999.000,9999.000
202607190036,   0.712,9999.000,9999.000,9999.000,9999.000,9999.000,9999.000,9999.000,9999.000
202607190042,   0.749,9999.000,9999.000,9999.000,9999.000,9999.000,9999.000,9999.000,9999.000
202607190048,   0.788,9999.000,9999.000,9999.000,9999.000,9999.000,9999.000,9999.000,9999.000
202607190054,   0.828,9999.000,9999.000,9999.000,9999.000,9999.000,9999.000,9999.000,9999.000
202607190100,   0.869,   1.879,   0.600,   0.410,   1.879,   0.600,   1.879,   0.700,   1.979
202607190106,   0.911,   1.948,9999.000,9999.000,9999.000,9999.000,9999.000,9999.000,9999.000
202607190112,   0.954,   1.918,9999.000,9999.000,9999.000,9999.000,9999.000,9999.000,9999.000
202607190118,   0.997,   2.000,9999.000,9999.000,9999.000,9999.000,9999.000,9999.000,9999.000
202607190124,   1.042,   2.030,9999.000,9999.000,9999.000,9999.000,9999.000,9999.000,9999.000
202607190130,   1.087,   2.099,9999.000,9999.000,9999.000,9999.000,9999.000,9999.000,9999.000
202607190136,   1.132,   2.158,9999.000,9999.000,9999.000,9999.000,9999.000,9999.000,9999.000
202607190142,   1.177,   2.230,9999.000,9999.000,9999.000,9999.000,9999.000,9999.000,9999.000
202607190148,   1.223,   2.299,9999.000,9999.000,9999.000,9999.000,9999.000,9999.000,9999.000
202607190154,   1.269,   2.348,9999.000,9999.000,9999.000,9999.000,9999.000,9999.000,9999.000
202607190200,   1.316,   2.400,   0.700,   0.384,   2.400,   0.600,   2.300,   0.700,   2.400
202607190206,   1.362,   2.430,9999.000,9999.000,9999.000,9999.000,9999.000,9999.000,9999.000
202607190212,   1.408,   2.489,9999.000,9999.000,9999.000,9999.000,9999.000,9999.000,9999.000
202607190218,   1.454,   2.519,9999.000,9999.000,9999.000,9999.000,9999.000,9999.000,9999.000
202607190224,   1.500,   2.610,9999.000,9999.000,9999.000,9999.000,9999.000,9999.000,9999.000
202607190230,   1.545,   2.568,9999.000,9999.000,9999.000,9999.000,9999.000,9999.000,9999.000
202607190236,   1.591,   2.610,9999.000,9999.000,9999.000,9999.000,9999.000,9999.000,9999.000
202607190242,   1.636,   2.620,9999.000,9999.000,9999.000,9999.000,9999.000,9999.000,9999.000
202607190248,   1.680,   2.669,9999.000,9999.000,9999.000,9999.000,9999.000,9999.000,9999.000
202607190254,   1.724,   2.719,9999.000,9999.000,9999.000,9999.000,9999.000,9999.000,9999.000
202607190300,   1.768,   2.787,   0.600,   0.419,   2.787,   0.600,   2.787,   0.700,   2.887
202607190306,   1.810,   2.778,9999.000,9999.000,9999.000,9999.000,9999.000,9999.000,9999.000
202607190312,   1.852,   2.778,9999.000,9999.000,9999.000,9999.000,9999.000,9999.000,9999.000
202607190318,   1.893,   2.778,9999.000,9999.000,9999.000,9999.000,9999.000,9999.000,9999.000
202607190324,   1.933,   2.840,9999.000,9999.000,9999.000,9999.000,9999.000,9999.000,9999.000
202607190330,   1.972,   2.840,9999.000,9999.000,9999.000,9999.000,9999.000,9999.000,9999.000
202607190336,   2.009,   2.948,9999.000,9999.000,9999.000,9999.000,9999.000,9999.000,9999.000
202607190342,   2.045,   2.929,9999.000,9999.000,9999.000,9999.000,9999.000,9999.000,9999.000
202607190348,   2.079,   2.919,9999.000,9999.000,9999.000,9999.000,9999.000,9999.000,9999.000
202607190354,   2.111,   2.948,9999.000,9999.000,9999.000,9999.000,9999.000,9999.000,9999.000
202607190400,   2.141,   3.017,   0.600,   0.276,   3.017,   0.500,   2.917,   0.600,   3.017
202607190406,   2.169,   3.060,9999.000,9999.000,9999.000,9999.000,9999.000,9999.000,9999.000
202607190412,   2.195,   3.099,9999.000,9999.000,9999.000,9999.000,9999.000,9999.000,9999.000
202607190418,   2.218,   3.109,9999.000,9999.000,9999.000,9999.000,9999.000,9999.000,9999.000
202607190424,   2.239,   3.070,9999.000,9999.000,9999.000,9999.000,9999.000,9999.000,9999.000
202607190430,   2.256,   3.017,9999.000,9999.000,9999.000,9999.000,9999.000,9999.000,9999.000
202607190436,   2.271,   3.109,9999.000,9999.000,9999.000,9999.000,9999.000,9999.000,9999.000
202607190442,   2.283,   3.119,9999.000,9999.000,9999.000,9999.000,9999.000,9999.000,9999.000
202607190448,   2.292,   3.178,9999.000,9999.000,9999.000,9999.000,9999.000,9999.000,9999.000
202607190454,   2.298,   3.148,9999.000,9999.000,9999.000,9999.000,9999.000,9999.000,9999.000
202607190500,   2.300,   3.188,   0.500,   0.388,   3.188,   0.400,   3.088,   0.500,   3.188
202607190506,   2.300,   3.178,9999.000,9999.000,9999.000,9999.000,9999.000,9999.000,9999.000
202607190512,   2.296,   3.250,9999.000,9999.000,9999.000,9999.000,9999.000,9999.000,9999.000
202607190518,   2.289,   3.240,9999.000,9999.000,9999.000,9999.000,9999.000,9999.000,9999.000
202607190524,   2.279,   3.207,9999.000,9999.000,9999.000,9999.000,9999.000,9999.000,9999.000
202607190530,   2.266,   3.119,9999.000,9999.000,9999.000,9999.000,9999.000,9999.000,9999.000
202607190536,   2.250,   3.148,9999.000,9999.000,9999.000,9999.000,9999.000,9999.000,9999.000
202607190542,   2.232,   3.138,9999.000,9999.000,9999.000,9999.000,9999.000,9999.000,9999.000
202607190548,   2.210,   3.158,9999.000,9999.000,9999.000,9999.000,9999.000,9999.000,9999.000
202607190554,   2.186,   3.197,9999.000,9999.000,9999.000,9999.000,9999.000,9999.000,9999.000
202607190600,   2.160,   3.089,   0.500,   0.429,   3.089,   0.400,   2.989,   0.600,   3.189
202607190606,   2.132,   3.030,9999.000,9999.000,9999.000,9999.000,9999.000,9999.000,9999.000
202607190612,   2.101,   2.978,9999.000,9999.000,9999.000,9999.000,9999.000,9999.000,9999.000
202607190618,   2.069,   2.948,9999.000,9999.000,9999.000,9999.000,9999.000,9999.000,9999.000
202607190624,   2.034,   2.968,9999.000,9999.000,9999.000,9999.000,9999.000,9999.000,9999.000
202607190630,   1.999,   2.948,9999.000,9999.000,9999.000,9999.000,9999.000,9999.000,9999.000
202607190636,   1.962,   2.879,9999.000,9999.000,9999.000,9999.000,9999.000,9999.000,9999.000
202607190642,   1.924,   2.807,9999.000,9999.000,9999.000,9999.000,9999.000,9999.000,9999.000
202607190648,   1.884,   2.768,9999.000,9999.000,9999.000,9999.000,9999.000,9999.000,9999.000
202607190654,   1.844,   2.758,9999.000,9999.000,9999.000,9999.000,9999.000,9999.000,9999.000
202607190700,   1.803,   2.719,   0.500,   0.416,   2.719,   0.400,   2.619,   0.600,   2.819
202607190706,   1.762,   2.669,9999.000,9999.000,9999.000,9999.000,9999.000,9999.000,9999.000
202607190712,   1.720,   2.610,9999.000,9999.000,9999.000,9999.000,9999.000,9999.000,9999.000
202607190718,   1.677,   2.548,9999.000,9999.000,9999.000,9999.000,9999.000,9999.000,9999.000
202607190724,   1.635,   2.528,9999.000,9999.000,9999.000,9999.000,9999.000,9999.000,9999.000
202607190730,   1.592,   2.499,9999.000,9999.000,9999.000,9999.000,9999.000,9999.000,9999.000
202607190736,   1.548,   2.469,9999.000,9999.000,9999.000,9999.000,9999.000,9999.000,9999.000
202607190742,   1.505,   2.420,9999.000,9999.000,9999.000,9999.000,9999.000,9999.000,9999.000
202607190748,   1.462,   2.358,9999.000,9999.000,9999.000,9999.000,9999.000,9999.000,9999.000
202607190754,   1.419,   2.318,9999.000,9999.000,9999.000,9999.000,9999.000,9999.000,9999.000
202607190800,   1.375,   2.279,   0.500,   0.404,   2.279,   0.400,   2.179,   0.600,   2.379
202607190806,   1.332,   2.259,9999.000,9999.000,9999.000,9999.000,9999.000,9999.000,9999.000
202607190812,   1.289,   2.230,9999.000,9999.000,9999.000,9999.000,9999.000,9999.000,9999.000
202607190818,   1.246,   2.191,9999.000,9999.000,9999.000,9999.000,9999.000,9999.000,9999.000
202607190824,   1.203,   2.138,9999.000,9999.000,9999.000,9999.000,9999.000,9999.000,9999.000
202607190830,   1.161,   2.089,9999.000,9999.000,9999.000,9999.000,9999.000,9999.000,9999.000
202607190836,   1.119,   2.040,9999.000,9999.000,9999.000,9999.000,9999.000,9999.000,9999.000
202607190842,   1.077,   2.010,9999.000,9999.000,9999.000,9999.000,9999.000,9999.000,9999.000
202607190848,   1.036,   1.967,9999.000,9999.000,9999.000,9999.000,9999.000,9999.000,9999.000
202607190854,   0.994,   1.928,9999.000,9999.000,9999.000,9999.000,9999.000,9999.000,9999.000
202607190900,   0.954,   1.899,   0.500,   0.445,   1.899,   0.400,   1.799,   0.500,   1.899
202607190906,   0.914,   1.849,9999.000,9999.000,9999.000,9999.000,9999.000,9999.000,9999.000
202607190912,   0.874,   1.810,9999.000,9999.000,9999.000,9999.000,9999.000,9999.000,9999.000
202607190918,   0.835,   1.790,9999.000,9999.000,9999.000,9999.000,9999.000,9999.000,9999.000
202607190924,   0.797,   1.758,9999.000,9999.000,9999.000,9999.000,9999.000,9999.000,9999.000
202607190930,   0.760,   1.728,9999.000,9999.000,9999.000,9999.000,9999.000,9999.000,9999.000
202607190936,   0.724,   1.689,9999.000,9999.000,9999.000,9999.000,9999.000,9999.000,9999.000
202607190942,   0.688,   1.649,9999.000,9999.000,9999.000,9999.000,9999.000,9999.000,9999.000
202607190948,   0.654,   1.630,9999.000,9999.000,9999.000,9999.000,9999.000,9999.000,9999.000
202607190954,   0.620,   1.590,9999.000,9999.000,9999.000,9999.000,9999.000,9999.000,9999.000
202607191000,   0.588,   1.557,   0.400,   0.569,   1.557,   0.300,   1.457,   0.500,   1.657
202607191006,   0.558,   1.528,9999.000,9999.000,9999.000,9999.000,9999.000,9999.000,9999.000
202607191012,   0.528,   1.508,9999.000,9999.000,9999.000,9999.000,9999.000,9999.000,9999.000
202607191018,   0.500,   1.479,9999.000,9999.000,9999.000,9999.000,9999.000,9999.000,9999.000
202607191024,   0.474,   1.449,9999.000,9999.000,9999.000,9999.000,9999.000,9999.000,9999.000
202607191030,   0.450,   1.420,9999.000,9999.000,9999.000,9999.000,9999.000,9999.000,9999.000
202607191036,   0.427,   1.390,9999.000,9999.000,9999.000,9999.000,9999.000,9999.000,9999.000
202607191042,   0.407,   1.371,9999.000,9999.000,9999.000,9999.000,9999.000,9999.000,9999.000
202607191048,   0.388,   1.348,9999.000,9999.000,9999.000,9999.000,9999.000,9999.000,9999.000
202607191054,   0.371,   1.318,9999.000,9999.000,9999.000,9999.000,9999.000,9999.000,9999.000
202607191100,   0.357,   1.279,   0.300,   0.622,   1.279,   0.300,   1.279,   0.400,   1.379
202607191106,   0.345,   1.259,9999.000,9999.000,9999.000,9999.000,9999.000,9999.000,9999.000
202607191112,   0.335,   1.229,9999.000,9999.000,9999.000,9999.000,9999.000,9999.000,9999.000
202607191118,   0.328,   1.220,9999.000,9999.000,9999.000,9999.000,9999.000,9999.000,9999.000
202607191124,   0.323,   1.190,9999.000,9999.000,9999.000,9999.000,9999.000,9999.000,9999.000
202607191130,   0.320,   1.190,9999.000,9999.000,9999.000,9999.000,9999.000,9999.000,9999.000
202607191136,   0.321,   1.180,9999.000,9999.000,9999.000,9999.000,9999.000,9999.000,9999.000
202607191142,   0.323,   1.161,9999.000,9999.000,9999.000,9999.000,9999.000,9999.000,9999.000
202607191148,   0.329,   1.138,9999.000,9999.000,9999.000,9999.000,9999.000,9999.000,9999.000
202607191154,   0.337,   1.128,9999.000,9999.000,9999.000,9999.000,9999.000,9999.000,9999.000
202607191200,   0.347,   1.118,   0.400,   0.371,   1.118,   0.400,   1.118,   0.500,   1.218
202607191206,   0.360,   1.098,9999.000,9999.000,9999.000,9999.000,9999.000,9999.000,9999.000
202607191212,   0.376,   1.098,9999.000,9999.000,9999.000,9999.000,9999.000,9999.000,9999.000
202607191218,   0.394,   1.088,9999.000,9999.000,9999.000,9999.000,9999.000,9999.000,9999.000
202607191224,   0.414,   1.088,9999.000,9999.000,9999.000,9999.000,9999.000,9999.000,9999.000
202607191230,   0.437,   1.098,9999.000,9999.000,9999.000,9999.000,9999.000,9999.000,9999.000
202607191236,   0.462,   1.108,9999.000,9999.000,9999.000,9999.000,9999.000,9999.000,9999.000
202607191242,   0.489,   1.151,9999.000,9999.000,9999.000,9999.000,9999.000,9999.000,9999.000
202607191248,   0.518,   1.180,9999.000,9999.000,9999.000,9999.000,9999.000,9999.000,9999.000
202607191254,   0.549,   1.200,9999.000,9999.000,9999.000,9999.000,9999.000,9999.000,9999.000
202607191300,   0.582,   1.239,   0.400,   0.257,   1.239,   0.300,   1.139,   0.400,   1.239
202607191306,   0.617,   1.259,9999.000,9999.000,9999.000,9999.000,9999.000,9999.000,9999.000
202607191312,   0.653,   1.279,9999.000,9999.000,9999.000,9999.000,9999.000,9999.000,9999.000
202607191318,   0.690,   1.289,9999.000,9999.000,9999.000,9999.000,9999.000,9999.000,9999.000
202607191324,   0.729,   1.328,9999.000,9999.000,9999.000,9999.000,9999.000,9999.000,9999.000
202607191330,   0.769,   1.361,9999.000,9999.000,9999.000,9999.000,9999.000,9999.000,9999.000
202607191336,   0.810,   1.410,9999.000,9999.000,9999.000,9999.000,9999.000,9999.000,9999.000
202607191342,   0.852,   1.439,9999.000,9999.000,9999.000,9999.000,9999.000,9999.000,9999.000
202607191348,   0.895,   1.518,9999.000,9999.000,9999.000,9999.000,9999.000,9999.000,9999.000
202607191354,   0.938,   1.548,9999.000,9999.000,9999.000,9999.000,9999.000,9999.000,9999.000
202607191400,   0.983,   1.580,   0.300,   0.297,   1.580,   0.300,   1.580,   0.400,   1.680
202607191406,   1.027,   1.620,9999.000,9999.000,9999.000,9999.000,9999.000,9999.000,9999.000
202607191412,   1.072,   1.639,9999.000,9999.000,9999.000,9999.000,9999.000,9999.000,9999.000
202607191418,   1.118,   1.659,9999.000,9999.000,9999.000,9999.000,9999.000,9999.000,9999.000
202607191424,   1.163,   1.708,9999.000,9999.000,9999.000,9999.000,9999.000,9999.000,9999.000
202607191430,   1.209,   1.738,9999.000,9999.000,9999.000,9999.000,9999.000,9999.000,9999.000
202607191436,   1.255,   1.800,9999.000,9999.000,9999.000,9999.000,9999.000,9999.000,9999.000
202607191442,   1.302,   1.849,9999.000,9999.000,9999.000,9999.000,9999.000,9999.000,9999.000
202607191448,   1.348,   1.899,9999.000,9999.000,9999.000,9999.000,9999.000,9999.000,9999.000
202607191454,   1.394,   1.938,9999.000,9999.000,9999.000,9999.000,9999.000,9999.000,9999.000
202607191500,   1.440,   1.990,   0.400,   0.150,   1.990,   0.300,   1.890,   0.400,   1.990
202607191506,   1.486,   2.010,9999.000,9999.000,9999.000,9999.000,9999.000,9999.000,9999.000
202607191512,   1.531,   2.040,9999.000,9999.000,9999.000,9999.000,9999.000,9999.000,9999.000
202607191518,   1.576,   2.099,9999.000,9999.000,9999.000,9999.000,9999.000,9999.000,9999.000
202607191524,   1.621,   2.138,9999.000,9999.000,9999.000,9999.000,9999.000,9999.000,9999.000
202607191530,   1.665,   2.200,9999.000,9999.000,9999.000,9999.000,9999.000,9999.000,9999.000
202607191536,   1.708,   2.269,9999.000,9999.000,9999.000,9999.000,9999.000,9999.000,9999.000
202607191542,   1.751,   2.328,9999.000,9999.000,9999.000,9999.000,9999.000,9999.000,9999.000
202607191548,   1.793,   2.328,9999.000,9999.000,9999.000,9999.000,9999.000,9999.000,9999.000
202607191554,   1.833,   2.377,9999.000,9999.000,9999.000,9999.000,9999.000,9999.000,9999.000
202607191600,   1.872,   2.410,   0.400,   0.138,   2.410,   0.300,   2.310,   0.400,   2.410
202607191606,   1.910,   2.479,9999.000,9999.000,9999.000,9999.000,9999.000,9999.000,9999.000
202607191612,   1.947,   2.489,9999.000,9999.000,9999.000,9999.000,9999.000,9999.000,9999.000
202607191618,   1.981,   2.519,9999.000,9999.000,9999.000,9999.000,9999.000,9999.000,9999.000
202607191624,   2.014,   2.568,9999.000,9999.000,9999.000,9999.000,9999.000,9999.000,9999.000
202607191630,   2.045,   2.597,9999.000,9999.000,9999.000,9999.000,9999.000,9999.000,9999.000
202607191636,   2.073,   2.597,9999.000,9999.000,9999.000,9999.000,9999.000,9999.000,9999.000
202607191642,   2.099,   2.650,9999.000,9999.000,9999.000,9999.000,9999.000,9999.000,9999.000
202607191648,   2.123,   2.728,9999.000,9999.000,9999.000,9999.000,9999.000,9999.000,9999.000
202607191654,   2.144,   2.758,9999.000,9999.000,9999.000,9999.000,9999.000,9999.000,9999.000
202607191700,   2.162,   2.758,   0.400,   0.196,   2.758,   0.300,   2.658,   0.400,   2.758
202607191706,   2.178,   2.768,9999.000,9999.000,9999.000,9999.000,9999.000,9999.000,9999.000
202607191712,   2.191,   2.768,9999.000,9999.000,9999.000,9999.000,9999.000,9999.000,9999.000
202607191718,   2.200,   2.807,9999.000,9999.000,9999.000,9999.000,9999.000,9999.000,9999.000
202607191724,   2.207,   2.820,9999.000,9999.000,9999.000,9999.000,9999.000,9999.000,9999.000
202607191730,   2.211,   2.830,9999.000,9999.000,9999.000,9999.000,9999.000,9999.000,9999.000
202607191736,   2.211,   2.840,9999.000,9999.000,9999.000,9999.000,9999.000,9999.000,9999.000
202607191742,   2.209,   2.860,9999.000,9999.000,9999.000,9999.000,9999.000,9999.000,9999.000
202607191748,   2.204,   2.889,9999.000,9999.000,9999.000,9999.000,9999.000,9999.000,9999.000
202607191754,   2.196,   2.899,9999.000,9999.000,9999.000,9999.000,9999.000,9999.000,9999.000
202607191800,   2.185,   2.889,   0.400,   0.304,   2.889,   0.300,   2.789,   0.400,   2.889
202607191806,   2.171,   2.869,9999.000,9999.000,9999.000,9999.000,9999.000,9999.000,9999.000
202607191812,   2.156,   2.840,9999.000,9999.000,9999.000,9999.000,9999.000,9999.000,9999.000
202607191818,   2.137,   2.840,9999.000,9999.000,9999.000,9999.000,9999.000,9999.000,9999.000
202607191824,   2.117,   2.807,9999.000,9999.000,9999.000,9999.000,9999.000,9999.000,9999.000
202607191830,   2.094,   2.778,9999.000,9999.000,9999.000,9999.000,9999.000,9999.000,9999.000
202607191836,   2.069,   2.768,9999.000,9999.000,9999.000,9999.000,9999.000,9999.000,9999.000
202607191842,   2.043,   2.738,9999.000,9999.000,9999.000,9999.000,9999.000,9999.000,9999.000
202607191848,   2.015,   2.689,9999.000,9999.000,9999.000,9999.000,9999.000,9999.000,9999.000
202607191854,   1.985,   2.660,9999.000,9999.000,9999.000,9999.000,9999.000,9999.000,9999.000
202607191900,   1.955,   2.578,   0.400,   0.223,   2.578,   0.300,   2.478,   0.400,   2.578
202607191906,   1.923,   2.597,9999.000,9999.000,9999.000,9999.000,9999.000,9999.000,9999.000
202607191912,   1.890,   2.597,9999.000,9999.000,9999.000,9999.000,9999.000,9999.000,9999.000
202607191918,   1.856,   2.568,9999.000,9999.000,9999.000,9999.000,9999.000,9999.000,9999.000
202607191924,   1.822,   2.528,9999.000,9999.000,9999.000,9999.000,9999.000,9999.000,9999.000
202607191930,   1.787,   2.479,9999.000,9999.000,9999.000,9999.000,9999.000,9999.000,9999.000
202607191936,   1.751,   2.420,9999.000,9999.000,9999.000,9999.000,9999.000,9999.000,9999.000
202607191942,   1.715,   2.387,9999.000,9999.000,9999.000,9999.000,9999.000,9999.000,9999.000
202607191948,   1.679,   2.348,9999.000,9999.000,9999.000,9999.000,9999.000,9999.000,9999.000
202607191954,   1.642,   2.299,9999.000,9999.000,9999.000,9999.000,9999.000,9999.000,9999.000
202607192000,   1.606,   2.289,   0.400,   0.283,   2.289,   0.300,   2.189,   0.500,   2.389
202607192006,   1.569,   2.220,9999.000,9999.000,9999.000,9999.000,9999.000,9999.000,9999.000
202607192012,   1.532,   2.210,9999.000,9999.000,9999.000,9999.000,9999.000,9999.000,9999.000
202607192018,   1.495,   2.168,9999.000,9999.000,9999.000,9999.000,9999.000,9999.000,9999.000
202607192024,   1.458,   2.138,9999.000,9999.000,9999.000,9999.000,9999.000,9999.000,9999.000
202607192030,   1.421,   2.099,9999.000,9999.000,9999.000,9999.000,9999.000,9999.000,9999.000
202607192036,   1.384,   2.089,9999.000,9999.000,9999.000,9999.000,9999.000,9999.000,9999.000
202607192042,   1.347,   2.020,9999.000,9999.000,9999.000,9999.000,9999.000,9999.000,9999.000
202607192048,   1.311,   2.010,9999.000,9999.000,9999.000,9999.000,9999.000,9999.000,9999.000
202607192054,   1.274,   1.958,9999.000,9999.000,9999.000,9999.000,9999.000,9999.000,9999.000
202607192100,   1.238,   1.928,   0.400,   0.290,   1.928,   0.300,   1.828,   0.500,   2.028
202607192106,   1.202,   1.899,9999.000,9999.000,9999.000,9999.000,9999.000,9999.000,9999.000
202607192112,   1.166,   1.879,9999.000,9999.000,9999.000,9999.000,9999.000,9999.000,9999.000
202607192118,   1.131,   1.849,9999.000,9999.000,9999.000,9999.000,9999.000,9999.000,9999.000
202607192124,   1.095,   1.790,9999.000,9999.000,9999.000,9999.000,9999.000,9999.000,9999.000
202607192130,   1.061,   1.767,9999.000,9999.000,9999.000,9999.000,9999.000,9999.000,9999.000
202607192136,   1.027,   1.728,9999.000,9999.000,9999.000,9999.000,9999.000,9999.000,9999.000
202607192142,   0.993,   1.689,9999.000,9999.000,9999.000,9999.000,9999.000,9999.000,9999.000
202607192148,   0.960,   1.649,9999.000,9999.000,9999.000,9999.000,9999.000,9999.000,9999.000
202607192154,   0.927,   1.620,9999.000,9999.000,9999.000,9999.000,9999.000,9999.000,9999.000
202607192200,   0.896,   1.620,   0.400,   0.324,   1.620,   0.300,   1.520,   0.500,   1.720
202607192206,   0.865,   1.571,9999.000,9999.000,9999.000,9999.000,9999.000,9999.000,9999.000
202607192212,   0.835,   1.548,9999.000,9999.000,9999.000,9999.000,9999.000,9999.000,9999.000
202607192218,   0.806,   1.538,9999.000,9999.000,9999.000,9999.000,9999.000,9999.000,9999.000
202607192224,   0.778,   1.508,9999.000,9999.000,9999.000,9999.000,9999.000,9999.000,9999.000
202607192230,   0.751,   1.479,9999.000,9999.000,9999.000,9999.000,9999.000,9999.000,9999.000
202607192236,   0.725,   1.459,9999.000,9999.000,9999.000,9999.000,9999.000,9999.000,9999.000
202607192242,   0.700,   1.439,9999.000,9999.000,9999.000,9999.000,9999.000,9999.000,9999.000
202607192248,   0.677,   1.400,9999.000,9999.000,9999.000,9999.000,9999.000,9999.000,9999.000
202607192254,   0.655,   1.390,9999.000,9999.000,9999.000,9999.000,9999.000,9999.000,9999.000
202607192300,   0.635,   1.361,   0.400,   0.326,   1.361,   0.400,   1.361,   0.500,   1.461
202607192306,   0.617,   1.348,9999.000,9999.000,9999.000,9999.000,9999.000,9999.000,9999.000
202607192312,   0.600,   1.279,9999.000,9999.000,9999.000,9999.000,9999.000,9999.000,9999.000
202607192318,   0.585,   1.289,9999.000,9999.000,9999.000,9999.000,9999.000,9999.000,9999.000
202607192324,   0.572,   1.289,9999.000,9999.000,9999.000,9999.000,9999.000,9999.000,9999.000
202607192330,   0.560,   1.298,9999.000,9999.000,9999.000,9999.000,9999.000,9999.000,9999.000
202607192336,   0.551,   1.259,9999.000,9999.000,9999.000,9999.000,9999.000,9999.000,9999.000
202607192342,   0.544,   1.269,9999.000,9999.000,9999.000,9999.000,9999.000,9999.000,9999.000
202607192348,   0.539,   1.229,9999.000,9999.000,9999.000,9999.000,9999.000,9999.000,9999.000
202607192354,   0.536,   1.200,9999.000,9999.000,9999.000,9999.000,9999.000,9999.000,9999.000
202607200000,   0.536,   1.200,   0.400,   0.264,   1.200,   0.400,   1.200,   0.400,   1.200
202607200006,   0.537,   1.200,9999.000,9999.000,9999.000,9999.000,9999.000,9999.000,9999.000
202607200012,   0.541,   1.220,9999.000,9999.000,9999.000,9999.000,9999.000,9999.000,9999.000
202607200018,   0.547,   1.210,9999.000,9999.000,9999.000,9999.000,9999.000,9999.000,9999.000
202607200024,   0.556,   1.220,9999.000,9999.000,9999.000,9999.000,9999.000,9999.000,9999.000
202607200030,   0.566,   1.220,9999.000,9999.000,9999.000,9999.000,9999.000,9999.000,9999.000
202607200036,   0.579,   1.229,9999.000,9999.000,9999.000,9999.000,9999.000,9999.000,9999.000
202607200042,   0.594,   1.220,9999.000,9999.000,9999.000,9999.000,9999.000,9999.000,9999.000
202607200048,   0.612,   1.239,9999.000,9999.000,9999.000,9999.000,9999.000,9999.000,9999.000
202607200054,   0.631,   1.259,9999.000,9999.000,9999.000,9999.000,9999.000,9999.000,9999.000
202607200100,   0.653,   1.308,   0.400,   0.255,   1.308,   0.400,   1.308,   0.400,   1.308
202607200106,   0.676,   1.338,9999.000,9999.000,9999.000,9999.000,9999.000,9999.000,9999.000
202607200112,   0.701,   1.348,9999.000,9999.000,9999.000,9999.000,9999.000,9999.000,9999.000
202607200118,   0.728,   1.390,9999.000,9999.000,9999.000,9999.000,9999.000,9999.000,9999.000
202607200124,   0.757,   1.400,9999.000,9999.000,9999.000,9999.000,9999.000,9999.000,9999.000
202607200130,   0.787,   1.449,9999.000,9999.000,9999.000,9999.000,9999.000,9999.000,9999.000
202607200136,   0.819,   1.439,9999.000,9999.000,9999.000,9999.000,9999.000,9999.000,9999.000
202607200142,   0.852,   1.479,9999.000,9999.000,9999.000,9999.000,9999.000,9999.000,9999.000
202607200148,   0.886,   1.498,9999.000,9999.000,9999.000,9999.000,9999.000,9999.000,9999.000
202607200154,   0.921,   1.518,9999.000,9999.000,9999.000,9999.000,9999.000,9999.000,9999.000
202607200200,   0.957,   1.557,   0.400,   0.200,   1.557,   0.400,   1.557,   0.400,   1.557
202607200206,   0.994,   1.571,9999.000,9999.000,9999.000,9999.000,9999.000,9999.000,9999.000
202607200212,   1.032,   1.630,9999.000,9999.000,9999.000,9999.000,9999.000,9999.000,9999.000
202607200218,   1.071,   1.649,9999.000,9999.000,9999.000,9999.000,9999.000,9999.000,9999.000
202607200224,   1.110,   1.699,9999.000,9999.000,9999.000,9999.000,9999.000,9999.000,9999.000
202607200230,   1.149,   1.728,9999.000,9999.000,9999.000,9999.000,9999.000,9999.000,9999.000
202607200236,   1.190,   1.748,9999.000,9999.000,9999.000,9999.000,9999.000,9999.000,9999.000
202607200242,   1.229,   1.781,9999.000,9999.000,9999.000,9999.000,9999.000,9999.000,9999.000
202607200248,   1.269,   1.840,9999.000,9999.000,9999.000,9999.000,9999.000,9999.000,9999.000
202607200254,   1.310,   1.859,9999.000,9999.000,9999.000,9999.000,9999.000,9999.000,9999.000
202607200300,   1.350,   1.899,   0.400,   0.149,   1.899,   0.300,   1.799,   0.400,   1.899
202607200306,   1.390,   1.938,9999.000,9999.000,9999.000,9999.000,9999.000,9999.000,9999.000
202607200312,   1.431,   1.958,9999.000,9999.000,9999.000,9999.000,9999.000,9999.000,9999.000
202607200318,   1.471,   2.010,9999.000,9999.000,9999.000,9999.000,9999.000,9999.000,9999.000
202607200324,   1.511,   2.059,9999.000,9999.000,9999.000,9999.000,9999.000,9999.000,9999.000
202607200330,   1.551,   2.079,9999.000,9999.000,9999.000,9999.000,9999.000,9999.000,9999.000
202607200336,   1.590,   2.128,9999.000,9999.000,9999.000,9999.000,9999.000,9999.000,9999.000
202607200342,   1.629,   2.158,9999.000,9999.000,9999.000,9999.000,9999.000,9999.000,9999.000
202607200348,   1.668,   2.200,9999.000,9999.000,9999.000,9999.000,9999.000,9999.000,9999.000
202607200354,   1.705,   2.250,9999.000,9999.000,9999.000,9999.000,9999.000,9999.000,9999.000
202607200400,   1.742,   2.279,   0.400,   0.137,   2.279,   0.300,   2.179,   0.400,   2.279
202607200406,   1.779,   2.299,9999.000,9999.000,9999.000,9999.000,9999.000,9999.000,9999.000
202607200412,   1.814,   2.328,9999.000,9999.000,9999.000,9999.000,9999.000,9999.000,9999.000
202607200418,   1.848,   2.358,9999.000,9999.000,9999.000,9999.000,9999.000,9999.000,9999.000
202607200424,   1.881,   2.387,9999.000,9999.000,9999.000,9999.000,9999.000,9999.000,9999.000
202607200430,   1.912,   2.430,9999.000,9999.000,9999.000,9999.000,9999.000,9999.000,9999.000
202607200436,   1.942,   2.430,9999.000,9999.000,9999.000,9999.000,9999.000,9999.000,9999.000
202607200442,   1.970,   2.469,9999.000,9999.000,9999.000,9999.000,9999.000,9999.000,9999.000
202607200448,   1.996,   2.479,9999.000,9999.000,9999.000,9999.000,9999.000,9999.000,9999.000
202607200454,   2.021,   2.509,9999.000,9999.000,9999.000,9999.000,9999.000,9999.000,9999.000
202607200500,   2.043,   2.538,   0.300,   0.195,   2.538,   0.300,   2.538,   0.400,   2.638
202607200506,   2.063,   2.538,9999.000,9999.000,9999.000,9999.000,9999.000,9999.000,9999.000
202607200512,   2.080,   2.578,9999.000,9999.000,9999.000,9999.000,9999.000,9999.000,9999.000
202607200518,   2.095,   2.587,9999.000,9999.000,9999.000,9999.000,9999.000,9999.000,9999.000
202607200524,   2.107,   2.630,9999.000,9999.000,9999.000,9999.000,9999.000,9999.000,9999.000
202607200530,   2.117,   2.610,9999.000,9999.000,9999.000,9999.000,9999.000,9999.000,9999.000
202607200536,   2.124,   2.620,9999.000,9999.000,9999.000,9999.000,9999.000,9999.000,9999.000
202607200542,   2.128,   2.620,9999.000,9999.000,9999.000,9999.000,9999.000,9999.000,9999.000
202607200548,   2.129,   2.610,9999.000,9999.000,9999.000,9999.000,9999.000,9999.000,9999.000
202607200554,   2.128,   2.640,9999.000,9999.000,9999.000,9999.000,9999.000,9999.000,9999.000
202607200600,   2.124,   2.630,   0.300,   0.206,   2.630,   0.300,   2.630,   0.400,   2.730
202607200606,   2.116,   2.597,9999.000,9999.000,9999.000,9999.000,9999.000,9999.000,9999.000
202607200612,   2.106,   2.578,9999.000,9999.000,9999.000,9999.000,9999.000,9999.000,9999.000
202607200618,   2.094,   2.558,9999.000,9999.000,9999.000,9999.000,9999.000,9999.000,9999.000
202607200624,   2.079,   2.548,9999.000,9999.000,9999.000,9999.000,9999.000,9999.000,9999.000
202607200630,   2.061,   2.528,9999.000,9999.000,9999.000,9999.000,9999.000,9999.000,9999.000
202607200636,   2.041,   2.509,9999.000,9999.000,9999.000,9999.000,9999.000,9999.000,9999.000
202607200642,   2.018,   2.469,9999.000,9999.000,9999.000,9999.000,9999.000,9999.000,9999.000
202607200648,   1.994,   2.440,9999.000,9999.000,9999.000,9999.000,9999.000,9999.000,9999.000
202607200654,   1.968,   2.420,9999.000,9999.000,9999.000,9999.000,9999.000,9999.000,9999.000
202607200700,   1.940,   2.387,   0.300,   0.147,   2.387,   0.300,   2.387,   0.400,   2.487
202607200706,   1.910,   2.377,9999.000,9999.000,9999.000,9999.000,9999.000,9999.000,9999.000
202607200712,   1.879,   2.328,9999.000,9999.000,9999.000,9999.000,9999.000,9999.000,9999.000
202607200718,   1.846,   2.309,9999.000,9999.000,9999.000,9999.000,9999.000,9999.000,9999.000
202607200724,   1.813,   2.269,9999.000,9999.000,9999.000,9999.000,9999.000,9999.000,9999.000
202607200730,   1.778,   2.230,9999.000,9999.000,9999.000,9999.000,9999.000,9999.000,9999.000
202607200736,   1.743,   2.191,9999.000,9999.000,9999.000,9999.000,9999.000,9999.000,9999.000
202607200742,   1.706,   2.148,9999.000,9999.000,9999.000,9999.000,9999.000,9999.000,9999.000
202607200748,   1.670,   2.109,9999.000,9999.000,9999.000,9999.000,9999.000,9999.000,9999.000
202607200754,   1.632,   2.069,9999.000,9999.000,9999.000,9999.000,9999.000,9999.000,9999.000
202607200800,   1.595,   2.040,   0.300,   0.145,   2.040,   0.300,   2.040,   0.400,   2.140
202607200806,   1.557,   2.000,9999.000,9999.000,9999.000,9999.000,9999.000,9999.000,9999.000
202607200812,   1.518,   1.967,9999.000,9999.000,9999.000,9999.000,9999.000,9999.000,9999.000
202607200818,   1.480,   1.918,9999.000,9999.000,9999.000,9999.000,9999.000,9999.000,9999.000
202607200824,   1.442,   1.899,9999.000,9999.000,9999.000,9999.000,9999.000,9999.000,9999.000
202607200830,   1.404,   1.849,9999.000,9999.000,9999.000,9999.000,9999.000,9999.000,9999.000
202607200836,   1.365,   1.820,9999.000,9999.000,9999.000,9999.000,9999.000,9999.000,9999.000
202607200842,   1.327,   1.781,9999.000,9999.000,9999.000,9999.000,9999.000,9999.000,9999.000
202607200848,   1.289,   1.748,9999.000,9999.000,9999.000,9999.000,9999.000,9999.000,9999.000
202607200854,   1.251,   1.708,9999.000,9999.000,9999.000,9999.000,9999.000,9999.000,9999.000
202607200900,   1.214,   1.689,   0.300,   0.175,   1.689,   0.300,   1.689,   0.400,   1.789
202607200906,   1.177,   1.659,9999.000,9999.000,9999.000,9999.000,9999.000,9999.000,9999.000
202607200912,   1.139,   1.620,9999.000,9999.000,9999.000,9999.000,9999.000,9999.000,9999.000
202607200918,   1.103,   1.600,9999.000,9999.000,9999.000,9999.000,9999.000,9999.000,9999.000
202607200924,   1.066,   1.548,9999.000,9999.000,9999.000,9999.000,9999.000,9999.000,9999.000
202607200930,   1.030,   1.518,9999.000,9999.000,9999.000,9999.000,9999.000,9999.000,9999.000
202607200936,   0.995,   1.479,9999.000,9999.000,9999.000,9999.000,9999.000,9999.000,9999.000
202607200942,   0.960,   1.449,9999.000,9999.000,9999.000,9999.000,9999.000,9999.000,9999.000
202607200948,   0.925,   1.430,9999.000,9999.000,9999.000,9999.000,9999.000,9999.000,9999.000
202607200954,   0.891,   1.400,9999.000,9999.000,9999.000,9999.000,9999.000,9999.000,9999.000
202607201000,   0.858,   1.371,   0.300,   0.213,   1.371,   0.300,   1.371,   0.400,   1.471
202607201006,   0.825,   1.318,9999.000,9999.000,9999.000,9999.000,9999.000,9999.000,9999.000
202607201012,   0.793,   1.298,9999.000,9999.000,9999.000,9999.000,9999.000,9999.000,9999.000
202607201018,   0.761,   1.279,9999.000,9999.000,9999.000,9999.000,9999.000,9999.000,9999.000
202607201024,   0.731,   1.249,9999.000,9999.000,9999.000,9999.000,9999.000,9999.000,9999.000
202607201030,   0.701,   1.229,9999.000,9999.000,9999.000,9999.000,9999.000,9999.000,9999.000
202607201036,   0.672,   1.190,9999.000,9999.000,9999.000,9999.000,9999.000,9999.000,9999.000
202607201042,   0.645,   1.170,9999.000,9999.000,9999.000,9999.000,9999.000,9999.000,9999.000
202607201048,   0.618,   1.138,9999.000,9999.000,9999.000,9999.000,9999.000,9999.000,9999.000
202607201054,   0.592,   1.108,9999.000,9999.000,9999.000,9999.000,9999.000,9999.000,9999.000
202607201100,   0.568,   1.088,   0.300,   0.220,   1.088,   0.300,   1.088,   0.400,   1.188
202607201106,   0.545,   1.059,9999.000,9999.000,9999.000,9999.000,9999.000,9999.000,9999.000
202607201112,   0.523,   1.039,9999.000,9999.000,9999.000,9999.000,9999.000,9999.000,9999.000
202607201118,   0.503,   1.020,9999.000,9999.000,9999.000,9999.000,9999.000,9999.000,9999.000
202607201124,   0.484,   1.000,9999.000,9999.000,9999.000,9999.000,9999.000,9999.000,9999.000
202607201130,   0.467,   0.980,9999.000,9999.000,9999.000,9999.000,9999.000,9999.000,9999.000
202607201136,   0.451,   0.970,9999.000,9999.000,9999.000,9999.000,9999.000,9999.000,9999.000
202607201142,   0.438,   0.951,9999.000,9999.000,9999.000,9999.000,9999.000,9999.000,9999.000
202607201148,   0.426,   0.928,9999.000,9999.000,9999.000,9999.000,9999.000,9999.000,9999.000
202607201154,   0.416,   0.908,9999.000,9999.000,9999.000,9999.000,9999.000,9999.000,9999.000
202607201200,   0.408,   0.898,   0.300,   0.190,   0.898,   0.300,   0.898,   0.400,   0.998
202607201206,   0.402,   0.879,9999.000,9999.000,9999.000,9999.000,9999.000,9999.000,9999.000
202607201212,   0.398,   0.869,9999.000,9999.000,9999.000,9999.000,9999.000,9999.000,9999.000
202607201218,   0.396,   0.859,9999.000,9999.000,9999.000,9999.000,9999.000,9999.000,9999.000
202607201224,   0.396,   0.869,9999.000,9999.000,9999.000,9999.000,9999.000,9999.000,9999.000
202607201230,   0.399,   0.869,9999.000,9999.000,9999.000,9999.000,9999.000,9999.000,9999.000
202607201236,   0.404,   0.879,9999.000,9999.000,9999.000,9999.000,9999.000,9999.000,9999.000
202607201242,   0.411,   0.879,9999.000,9999.000,9999.000,9999.000,9999.000,9999.000,9999.000
202607201248,   0.421,   0.888,9999.000,9999.000,9999.000,9999.000,9999.000,9999.000,9999.000
202607201254,   0.432,   0.888,9999.000,9999.000,9999.000,9999.000,9999.000,9999.000,9999.000
202607201300,   0.447,   0.908,   0.300,   0.161,   0.908,   0.300,   0.908,   0.400,   1.008
202607201306,   0.463,   0.928,9999.000,9999.000,9999.000,9999.000,9999.000,9999.000,9999.000
202607201312,   0.482,   0.961,9999.000,9999.000,9999.000,9999.000,9999.000,9999.000,9999.000
202607201318,   0.503,   0.990,9999.000,9999.000,9999.000,9999.000,9999.000,9999.000,9999.000
202607201324,   0.526,   1.010,9999.000,9999.000,9999.000,9999.000,9999.000,9999.000,9999.000
202607201330,   0.551,   1.039,9999.000,9999.000,9999.000,9999.000,9999.000,9999.000,9999.000
202607201336,   0.578,   1.039,9999.000,9999.000,9999.000,9999.000,9999.000,9999.000,9999.000
202607201342,   0.606,   1.088,9999.000,9999.000,9999.000,9999.000,9999.000,9999.000,9999.000
202607201348,   0.637,   1.118,9999.000,9999.000,9999.000,9999.000,9999.000,9999.000,9999.000
202607201354,   0.670,   1.151,9999.000,9999.000,9999.000,9999.000,9999.000,9999.000,9999.000
202607201400,   0.704,   1.190,   0.300,   0.186,   1.190,   0.300,   1.190,   0.400,   1.290
202607201406,   0.739,   1.210,9999.000,9999.000,9999.000,9999.000,9999.000,9999.000,9999.000
202607201412,   0.776,   1.239,9999.000,9999.000,9999.000,9999.000,9999.000,9999.000,9999.000
202607201418,   0.814,   1.289,9999.000,9999.000,9999.000,9999.000,9999.000,9999.000,9999.000
202607201424,   0.853,   1.318,9999.000,9999.000,9999.000,9999.000,9999.000,9999.000,9999.000
202607201430,   0.893,   1.348,9999.000,9999.000,9999.000,9999.000,9999.000,9999.000,9999.000
202607201436,   0.934,   1.390,9999.000,9999.000,9999.000,9999.000,9999.000,9999.000,9999.000
202607201442,   0.975,   1.430,9999.000,9999.000,9999.000,9999.000,9999.000,9999.000,9999.000
202607201448,   1.018,   1.469,9999.000,9999.000,9999.000,9999.000,9999.000,9999.000,9999.000
202607201454,   1.061,   1.538,9999.000,9999.000,9999.000,9999.000,9999.000,9999.000,9999.000
202607201500,   1.104,   1.590,   0.300,   0.186,   1.590,   0.300,   1.590,   0.400,   1.690
202607201506,   1.148,   1.659,9999.000,9999.000,9999.000,9999.000,9999.000,9999.000,9999.000
202607201512,   1.192,   1.659,9999.000,9999.000,9999.000,9999.000,9999.000,9999.000,9999.000
202607201518,   1.236,   1.728,9999.000,9999.000,9999.000,9999.000,9999.000,9999.000,9999.000
202607201524,   1.280,   1.767,9999.000,9999.000,9999.000,9999.000,9999.000,9999.000,9999.000
202607201530,   1.325,   1.820,9999.000,9999.000,9999.000,9999.000,9999.000,9999.000,9999.000
202607201536,   1.369,   1.859,9999.000,9999.000,9999.000,9999.000,9999.000,9999.000,9999.000
202607201542,   1.413,   1.879,9999.000,9999.000,9999.000,9999.000,9999.000,9999.000,9999.000
202607201548,   1.457,   1.918,9999.000,9999.000,9999.000,9999.000,9999.000,9999.000,9999.000
202607201554,   1.501,   1.958,9999.000,9999.000,9999.000,9999.000,9999.000,9999.000,9999.000
202607201600,   1.545,   2.010,   0.300,   0.165,   2.010,   0.300,   2.010,   0.400,   2.110
202607201606,   1.588,   2.059,9999.000,9999.000,9999.000,9999.000,9999.000,9999.000,9999.000
202607201612,   1.630,   2.089,9999.000,9999.000,9999.000,9999.000,9999.000,9999.000,9999.000
202607201618,   1.672,   2.128,9999.000,9999.000,9999.000,9999.000,9999.000,9999.000,9999.000
202607201624,   1.713,   2.148,9999.000,9999.000,9999.000,9999.000,9999.000,9999.000,9999.000
202607201630,   1.754,   2.230,9999.000,9999.000,9999.000,9999.000,9999.000,9999.000,9999.000
202607201636,   1.793,   2.279,9999.000,9999.000,9999.000,9999.000,9999.000,9999.000,9999.000
202607201642,   1.832,   2.328,9999.000,9999.000,9999.000,9999.000,9999.000,9999.000,9999.000
202607201648,   1.869,   2.368,9999.000,9999.000,9999.000,9999.000,9999.000,9999.000,9999.000
202607201654,   1.905,   2.368,9999.000,9999.000,9999.000,9999.000,9999.000,9999.000,9999.000
202607201700,   1.939,   2.410,   0.400,   0.071,   2.410,   0.300,   2.310,   0.400,   2.410
202607201706,   1.972,   2.430,9999.000,9999.000,9999.000,9999.000,9999.000,9999.000,9999.000
202607201712,   2.003,   2.499,9999.000,9999.000,9999.000,9999.000,9999.000,9999.000,9999.000
202607201718,   2.032,   2.519,9999.000,9999.000,9999.000,9999.000,9999.000,9999.000,9999.000
202607201724,   2.059,   2.578,9999.000,9999.000,9999.000,9999.000,9999.000,9999.000,9999.000
202607201730,   2.084,   2.578,9999.000,9999.000,9999.000,9999.000,9999.000,9999.000,9999.000
202607201736,   2.107,   2.597,9999.000,9999.000,9999.000,9999.000,9999.000,9999.000,9999.000
202607201742,   2.127,   2.620,9999.000,9999.000,9999.000,9999.000,9999.000,9999.000,9999.000
202607201748,   2.145,   2.660,9999.000,9999.000,9999.000,9999.000,9999.000,9999.000,9999.000
202607201754,   2.160,   2.679,9999.000,9999.000,9999.000,9999.000,9999.000,9999.000,9999.000
202607201800,   2.173,   2.699,   0.400,   0.126,   2.699,   0.400,   2.699,   0.400,   2.699
202607201806,   2.183,   2.738,9999.000,9999.000,9999.000,9999.000,9999.000,9999.000,9999.000
202607201812,   2.190,   2.748,9999.000,9999.000,9999.000,9999.000,9999.000,9999.000,9999.000
202607201818,   2.195,   2.778,9999.000,9999.000,9999.000,9999.000,9999.000,9999.000,9999.000
202607201824,   2.196,   2.778,9999.000,9999.000,9999.000,9999.000,9999.000,9999.000,9999.000
202607201830,   2.195,   2.797,9999.000,9999.000,9999.000,9999.000,9999.000,9999.000,9999.000
202607201836,   2.192,   2.797,9999.000,9999.000,9999.000,9999.000,9999.000,9999.000,9999.000
202607201842,   2.185,   2.820,9999.000,9999.000,9999.000,9999.000,9999.000,9999.000,9999.000
202607201848,   2.176,   2.820,9999.000,9999.000,9999.000,9999.000,9999.000,9999.000,9999.000
202607201854,   2.165,   2.840,9999.000,9999.000,9999.000,9999.000,9999.000,9999.000,9999.000
202607201900,   2.151,   2.860,   0.400,   0.309,   2.860,   0.400,   2.860,   0.500,   2.960
202607201906,   2.135,   2.850,9999.000,9999.000,9999.000,9999.000,9999.000,9999.000,9999.000
202607201912,   2.117,   2.820,9999.000,9999.000,9999.000,9999.000,9999.000,9999.000,9999.000
202607201918,   2.098,   2.787,9999.000,9999.000,9999.000,9999.000,9999.000,9999.000,9999.000
202607201924,   2.076,   2.778,9999.000,9999.000,9999.000,9999.000,9999.000,9999.000,9999.000
202607201930,   2.052,   2.768,9999.000,9999.000,9999.000,9999.000,9999.000,9999.000,9999.000
202607201936,   2.027,   2.709,9999.000,9999.000,9999.000,9999.000,9999.000,9999.000,9999.000
202607201942,   2.001,   2.709,9999.000,9999.000,9999.000,9999.000,9999.000,9999.000,9999.000
202607201948,   1.974,   2.660,9999.000,9999.000,9999.000,9999.000,9999.000,9999.000,9999.000
202607201954,   1.945,   2.640,9999.000,9999.000,9999.000,9999.000,9999.000,9999.000,9999.000
202607202000,   1.916,   2.597,   0.400,   0.281,   2.597,   0.400,   2.597,   0.500,   2.697
202607202006,   1.885,   2.578,9999.000,9999.000,9999.000,9999.000,9999.000,9999.000,9999.000
202607202012,   1.854,   2.528,9999.000,9999.000,9999.000,9999.000,9999.000,9999.000,9999.000
202607202018,   1.823,   2.479,9999.000,9999.000,9999.000,9999.000,9999.000,9999.000,9999.000
202607202024,   1.791,   2.459,9999.000,9999.000,9999.000,9999.000,9999.000,9999.000,9999.000
202607202030,   1.758,   2.440,9999.000,9999.000,9999.000,9999.000,9999.000,9999.000,9999.000
202607202036,   1.725,   2.377,9999.000,9999.000,9999.000,9999.000,9999.000,9999.000,9999.000
202607202042,   1.692,   2.348,9999.000,9999.000,9999.000,9999.000,9999.000,9999.000,9999.000
202607202048,   1.659,   2.299,9999.000,9999.000,9999.000,9999.000,9999.000,9999.000,9999.000
202607202054,   1.626,   2.259,9999.000,9999.000,9999.000,9999.000,9999.000,9999.000,9999.000
202607202100,   1.593,   2.200,   0.400,   0.207,   2.200,   0.400,   2.200,   0.500,   2.300
202607202106,   1.559,   2.158,9999.000,9999.000,9999.000,9999.000,9999.000,9999.000,9999.000
202607202112,   1.526,   2.128,9999.000,9999.000,9999.000,9999.000,9999.000,9999.000,9999.000
202607202118,   1.493,   2.099,9999.000,9999.000,9999.000,9999.000,9999.000,9999.000,9999.000
202607202124,   1.460,   2.049,9999.000,9999.000,9999.000,9999.000,9999.000,9999.000,9999.000
202607202130,   1.427,   2.049,9999.000,9999.000,9999.000,9999.000,9999.000,9999.000,9999.000
202607202136,   1.394,   2.000,9999.000,9999.000,9999.000,9999.000,9999.000,9999.000,9999.000
202607202142,   1.361,   1.958,9999.000,9999.000,9999.000,9999.000,9999.000,9999.000,9999.000
202607202148,   1.329,   1.948,9999.000,9999.000,9999.000,9999.000,9999.000,9999.000,9999.000
202607202154,   1.296,   1.908,9999.000,9999.000,9999.000,9999.000,9999.000,9999.000,9999.000
202607202200,   1.264,   1.840,   0.400,   0.176,   1.840,   0.400,   1.840,   0.500,   1.940
202607202206,   1.233,   1.840,9999.000,9999.000,9999.000,9999.000,9999.000,9999.000,9999.000
202607202212,   1.201,   1.820,9999.000,9999.000,9999.000,9999.000,9999.000,9999.000,9999.000
202607202218,   1.170,   1.790,9999.000,9999.000,9999.000,9999.000,9999.000,9999.000,9999.000
202607202224,   1.139,   1.758,9999.000,9999.000,9999.000,9999.000,9999.000,9999.000,9999.000
202607202230,   1.109,   1.728,9999.000,9999.000,9999.000,9999.000,9999.000,9999.000,9999.000
202607202236,   1.079,   1.708,9999.000,9999.000,9999.000,9999.000,9999.000,9999.000,9999.000
202607202242,   1.049,   1.669,9999.000,9999.000,9999.000,9999.000,9999.000,9999.000,9999.000
202607202248,   1.020,   1.649,9999.000,9999.000,9999.000,9999.000,9999.000,9999.000,9999.000
202607202254,   0.992,   1.620,9999.000,9999.000,9999.000,9999.000,9999.000,9999.000,9999.000
202607202300,   0.964,   1.600,   0.500,   0.136,   1.600,   0.400,   1.500,   0.500,   1.600
202607202306,   0.937,   1.557,9999.000,9999.000,9999.000,9999.000,9999.000,9999.000,9999.000
202607202312,   0.911,   1.538,9999.000,9999.000,9999.000,9999.000,9999.000,9999.000,9999.000
202607202318,   0.885,   1.489,9999.000,9999.000,9999.000,9999.000,9999.000,9999.000,9999.000
202607202324,   0.861,   1.479,9999.000,9999.000,9999.000,9999.000,9999.000,9999.000,9999.000
202607202330,   0.837,   1.459,9999.000,9999.000,9999.000,9999.000,9999.000,9999.000,9999.000
202607202336,   0.814,   1.430,9999.000,9999.000,9999.000,9999.000,9999.000,9999.000,9999.000
202607202342,   0.793,   1.410,9999.000,9999.000,9999.000,9999.000,9999.000,9999.000,9999.000
202607202348,   0.772,   1.390,9999.000,9999.000,9999.000,9999.000,9999.000,9999.000,9999.000
202607202354,   0.753,   1.348,9999.000,9999.000,9999.000,9999.000,9999.000,9999.000,9999.000
202607210000,   0.735,   1.328,   0.500,   0.093,   1.328,   0.400,   1.228,   0.500,   1.328
202607210006,   0.718,   1.328,9999.000,9999.000,9999.000,9999.000,9999.000,9999.000,9999.000
202607210012,   0.703,   1.308,9999.000,9999.000,9999.000,9999.000,9999.000,9999.000,9999.000
202607210018,   0.689,   1.298,9999.000,9999.000,9999.000,9999.000,9999.000,9999.000,9999.000
202607210024,   0.677,   1.289,9999.000,9999.000,9999.000,9999.000,9999.000,9999.000,9999.000
202607210030,   0.667,   1.249,9999.000,9999.000,9999.000,9999.000,9999.000,9999.000,9999.000
202607210036,   0.659,   1.259,9999.000,9999.000,9999.000,9999.000,9999.000,9999.000,9999.000
202607210042,   0.652,   1.239,9999.000,9999.000,9999.000,9999.000,9999.000,9999.000,9999.000
202607210048,   0.647,   1.229,9999.000,9999.000,9999.000,9999.000,9999.000,9999.000,9999.000
202607210054,   0.644,   1.239,9999.000,9999.000,9999.000,9999.000,9999.000,9999.000,9999.000
202607210100,   0.643,   1.229,   0.500,   0.086,   1.229,   0.500,   1.229,   0.500,   1.229
202607210106,   0.645,   1.239,9999.000,9999.000,9999.000,9999.000,9999.000,9999.000,9999.000
202607210112,   0.648,   1.239,9999.000,9999.000,9999.000,9999.000,9999.000,9999.000,9999.000
202607210118,   0.653,   1.229,9999.000,9999.000,9999.000,9999.000,9999.000,9999.000,9999.000
202607210124,   0.661,   1.229,9999.000,9999.000,9999.000,9999.000,9999.000,9999.000,9999.000
202607210130,   0.671,   1.210,9999.000,9999.000,9999.000,9999.000,9999.000,9999.000,9999.000
202607210136,   0.682,   1.239,9999.000,9999.000,9999.000,9999.000,9999.000,9999.000,9999.000
202607210142,   0.696,   1.249,9999.000,9999.000,9999.000,9999.000,9999.000,9999.000,9999.000
202607210148,   0.712,   1.279,9999.000,9999.000,9999.000,9999.000,9999.000,9999.000,9999.000
202607210154,   0.729,   1.308,9999.000,9999.000,9999.000,9999.000,9999.000,9999.000,9999.000
202607210200,   0.749,   1.308,   0.500,   0.059,   1.308,   0.500,   1.308,   0.500,   1.308
202607210206,   0.770,   1.338,9999.000,9999.000,9999.000,9999.000,9999.000,9999.000,9999.000
202607210212,   0.793,   1.361,9999.000,9999.000,9999.000,9999.000,9999.000,9999.000,9999.000
202607210218,   0.817,   1.390,9999.000,9999.000,9999.000,9999.000,9999.000,9999.000,9999.000
202607210224,   0.843,   1.410,9999.000,9999.000,9999.000,9999.000,9999.000,9999.000,9999.000
202607210230,   0.871,   1.449,9999.000,9999.000,9999.000,9999.000,9999.000,9999.000,9999.000
202607210236,   0.899,   1.390,9999.000,9999.000,9999.000,9999.000,9999.000,9999.000,9999.000
202607210242,   0.929,   1.420,9999.000,9999.000,9999.000,9999.000,9999.000,9999.000,9999.000
202607210248,   0.960,   1.459,9999.000,9999.000,9999.000,9999.000,9999.000,9999.000,9999.000
202607210254,   0.992,   1.479,9999.000,9999.000,9999.000,9999.000,9999.000,9999.000,9999.000
202607210300,   1.024,   1.508,   0.500,  -0.016,   1.508,   0.500,   1.508,   0.500,   1.508
202607210306,   1.057,   1.538,9999.000,9999.000,9999.000,9999.000,9999.000,9999.000,9999.000
202607210312,   1.091,   1.580,9999.000,9999.000,9999.000,9999.000,9999.000,9999.000,9999.000
202607210318,   1.125,   1.610,9999.000,9999.000,9999.000,9999.000,9999.000,9999.000,9999.000
202607210324,   1.159,   1.659,9999.000,9999.000,9999.000,9999.000,9999.000,9999.000,9999.000
202607210330,   1.194,   1.689,9999.000,9999.000,9999.000,9999.000,9999.000,9999.000,9999.000
202607210336,   1.229,   1.718,9999.000,9999.000,9999.000,9999.000,9999.000,9999.000,9999.000
202607210342,   1.264,   1.758,9999.000,9999.000,9999.000,9999.000,9999.000,9999.000,9999.000
202607210348,   1.299,   1.810,9999.000,9999.000,9999.000,9999.000,9999.000,9999.000,9999.000
202607210354,   1.334,   1.840,9999.000,9999.000,9999.000,9999.000,9999.000,9999.000,9999.000
202607210400,   1.369,   1.889,   0.500,   0.020,   1.889,   0.500,   1.889,   0.500,   1.889
202607210406,   1.404,   1.918,9999.000,9999.000,9999.000,9999.000,9999.000,9999.000,9999.000
202607210412,   1.438,   1.948,9999.000,9999.000,9999.000,9999.000,9999.000,9999.000,9999.000
202607210418,   1.472,   2.000,9999.000,9999.000,9999.000,9999.000,9999.000,9999.000,9999.000
202607210424,   1.506,   2.030,9999.000,9999.000,9999.000,9999.000,9999.000,9999.000,9999.000
202607210430,   1.540,   2.069,9999.000,9999.000,9999.000,9999.000,9999.000,9999.000,9999.000
202607210436,   1.573,   2.099,9999.000,9999.000,9999.000,9999.000,9999.000,9999.000,9999.000
202607210442,   1.605,   2.128,9999.000,9999.000,9999.000,9999.000,9999.000,9999.000,9999.000
202607210448,   1.637,   2.158,9999.000,9999.000,9999.000,9999.000,9999.000,9999.000,9999.000
202607210454,   1.668,   2.200,9999.000,9999.000,9999.000,9999.000,9999.000,9999.000,9999.000
202607210500,   1.698,   2.240,   0.500,   0.042,   2.240,   0.500,   2.240,   0.500,   2.240
202607210506,   1.727,   2.269,9999.000,9999.000,9999.000,9999.000,9999.000,9999.000,9999.000
202607210512,   1.755,   2.299,9999.000,9999.000,9999.000,9999.000,9999.000,9999.000,9999.000
202607210518,   1.781,   2.338,9999.000,9999.000,9999.000,9999.000,9999.000,9999.000,9999.000
202607210524,   1.807,   2.358,9999.000,9999.000,9999.000,9999.000,9999.000,9999.000,9999.000
202607210530,   1.831,   2.377,9999.000,9999.000,9999.000,9999.000,9999.000,9999.000,9999.000
202607210536,   1.853,   2.410,9999.000,9999.000,9999.000,9999.000,9999.000,9999.000,9999.000
202607210542,   1.874,   2.440,9999.000,9999.000,9999.000,9999.000,9999.000,9999.000,9999.000
202607210548,   1.893,   2.450,9999.000,9999.000,9999.000,9999.000,9999.000,9999.000,9999.000
202607210554,   1.910,   2.489,9999.000,9999.000,9999.000,9999.000,9999.000,9999.000,9999.000
202607210600,   1.925,   2.509,   0.500,   0.084,   2.509,   0.500,   2.509,   0.500,   2.509
202607210606,   1.938,   2.519,9999.000,9999.000,9999.000,9999.000,9999.000,9999.000,9999.000
202607210612,   1.949,   2.538,9999.000,9999.000,9999.000,9999.000,9999.000,9999.000,9999.000
202607210618,   1.957,   2.538,9999.000,9999.000,9999.000,9999.000,9999.000,9999.000,9999.000
202607210624,   1.963,   2.548,9999.000,9999.000,9999.000,9999.000,9999.000,9999.000,9999.000
202607210630,   1.966,   2.568,9999.000,9999.000,9999.000,9999.000,9999.000,9999.000,9999.000
202607210636,   1.967,   2.568,9999.000,9999.000,9999.000,9999.000,9999.000,9999.000,9999.000
202607210642,   1.965,   2.587,9999.000,9999.000,9999.000,9999.000,9999.000,9999.000,9999.000
202607210648,   1.961,   2.587,9999.000,9999.000,9999.000,9999.000,9999.000,9999.000,9999.000
202607210654,   1.955,   2.587,9999.000,9999.000,9999.000,9999.000,9999.000,9999.000,9999.000
202607210700,   1.946,   2.558,   0.500,   0.112,   2.558,   0.500,   2.558,   0.500,   2.558
202607210706,   1.935,   2.528,9999.000,9999.000,9999.000,9999.000,9999.000,9999.000,9999.000
202607210712,   1.921,   2.519,9999.000,9999.000,9999.000,9999.000,9999.000,9999.000,9999.000
202607210718,   1.905,   2.489,9999.000,9999.000,9999.000,9999.000,9999.000,9999.000,9999.000
202607210724,   1.887,   2.479,9999.000,9999.000,9999.000,9999.000,9999.000,9999.000,9999.000
202607210730,   1.867,   2.440,9999.000,9999.000,9999.000,9999.000,9999.000,9999.000,9999.000
202607210736,   1.845,   2.410,9999.000,9999.000,9999.000,9999.000,9999.000,9999.000,9999.000
202607210742,   1.822,   2.377,9999.000,9999.000,9999.000,9999.000,9999.000,9999.000,9999.000
202607210748,   1.796,   2.338,9999.000,9999.000,9999.000,9999.000,9999.000,9999.000,9999.000
202607210754,   1.770,   2.338,9999.000,9999.000,9999.000,9999.000,9999.000,9999.000,9999.000
202607210800,   1.742,   2.289,   0.500,   0.047,   2.289,   0.500,   2.289,   0.500,   2.289
202607210806,   1.713,   2.279,9999.000,9999.000,9999.000,9999.000,9999.000,9999.000,9999.000
202607210812,   1.683,   2.240,9999.000,9999.000,9999.000,9999.000,9999.000,9999.000,9999.000
202607210818,   1.652,   2.200,9999.000,9999.000,9999.000,9999.000,9999.000,9999.000,9999.000
202607210824,   1.620,   2.158,9999.000,9999.000,9999.000,9999.000,9999.000,9999.000,9999.000
202607210830,   1.588,   2.128,9999.000,9999.000,9999.000,9999.000,9999.000,9999.000,9999.000
202607210836,   1.555,   2.089,9999.000,9999.000,9999.000,9999.000,9999.000,9999.000,9999.000
202607210842,   1.522,   2.069,9999.000,9999.000,9999.000,9999.000,9999.000,9999.000,9999.000
202607210848,   1.489,   2.030,9999.000,9999.000,9999.000,9999.000,9999.000,9999.000,9999.000
202607210854,   1.455,   1.981,9999.000,9999.000,9999.000,9999.000,9999.000,9999.000,9999.000
202607210900,   1.422,   1.948,   0.500,   0.026,   1.948,   0.500,   1.948,   0.500,   1.948
202607210906,   1.388,   1.918,9999.000,9999.000,9999.000,9999.000,9999.000,9999.000,9999.000
202607210912,   1.355,   1.889,9999.000,9999.000,9999.000,9999.000,9999.000,9999.000,9999.000
202607210918,   1.322,   1.859,9999.000,9999.000,9999.000,9999.000,9999.000,9999.000,9999.000
202607210924,   1.289,   1.830,9999.000,9999.000,9999.000,9999.000,9999.000,9999.000,9999.000
202607210930,   1.256,   1.800,9999.000,9999.000,9999.000,9999.000,9999.000,9999.000,9999.000
202607210936,   1.223,   1.767,9999.000,9999.000,9999.000,9999.000,9999.000,9999.000,9999.000
202607210942,   1.191,   1.738,9999.000,9999.000,9999.000,9999.000,9999.000,9999.000,9999.000
202607210948,   1.159,   1.699,9999.000,9999.000,9999.000,9999.000,9999.000,9999.000,9999.000
202607210954,   1.128,   1.679,9999.000,9999.000,9999.000,9999.000,9999.000,9999.000,9999.000
202607211000,   1.097,   1.649,   0.500,   0.052,   1.649,   0.500,   1.649,   0.600,   1.749
202607211006,   1.066,   1.620,9999.000,9999.000,9999.000,9999.000,9999.000,9999.000,9999.000
202607211012,   1.036,   1.590,9999.000,9999.000,9999.000,9999.000,9999.000,9999.000,9999.000
202607211018,   1.006,   1.571,9999.000,9999.000,9999.000,9999.000,9999.000,9999.000,9999.000
202607211024,   0.976,   1.538,9999.000,9999.000,9999.000,9999.000,9999.000,9999.000,9999.000
202607211030,   0.947,   1.508,9999.000,9999.000,9999.000,9999.000,9999.000,9999.000,9999.000
202607211036,   0.919,   1.479,9999.000,9999.000,9999.000,9999.000,9999.000,9999.000,9999.000
202607211042,   0.891,   1.449,9999.000,9999.000,9999.000,9999.000,9999.000,9999.000,9999.000
202607211048,   0.863,   1.410,9999.000,9999.000,9999.000,9999.000,9999.000,9999.000,9999.000
202607211054,   0.836,   1.380,9999.000,9999.000,9999.000,9999.000,9999.000,9999.000,9999.000
202607211100,   0.810,   1.380,   0.500,   0.070,   1.380,   0.500,   1.380,   0.600,   1.480
202607211106,   0.784,   1.361,9999.000,9999.000,9999.000,9999.000,9999.000,9999.000,9999.000
202607211112,   0.759,   1.328,9999.000,9999.000,9999.000,9999.000,9999.000,9999.000,9999.000
202607211118,   0.734,   1.298,9999.000,9999.000,9999.000,9999.000,9999.000,9999.000,9999.000
202607211124,   0.710,   1.269,9999.000,9999.000,9999.000,9999.000,9999.000,9999.000,9999.000
202607211130,   0.687,   1.249,9999.000,9999.000,9999.000,9999.000,9999.000,9999.000,9999.000
202607211136,   0.665,   1.229,9999.000,9999.000,9999.000,9999.000,9999.000,9999.000,9999.000
202607211142,   0.643,   1.210,9999.000,9999.000,9999.000,9999.000,9999.000,9999.000,9999.000
202607211148,   0.622,   1.190,9999.000,9999.000,9999.000,9999.000,9999.000,9999.000,9999.000
202607211154,   0.603,   1.170,9999.000,9999.000,9999.000,9999.000,9999.000,9999.000,9999.000
202607211200,   0.584,   1.161,   0.600,  -0.023,   1.161,   0.500,   1.061,   0.600,   1.161
202607211206,   0.567,   1.138,9999.000,9999.000,9999.000,9999.000,9999.000,9999.000,9999.000
202607211212,   0.550,   1.118,9999.000,9999.000,9999.000,9999.000,9999.000,9999.000,9999.000
202607211218,   0.535,   1.118,9999.000,9999.000,9999.000,9999.000,9999.000,9999.000,9999.000
202607211224,   0.521,   1.098,9999.000,9999.000,9999.000,9999.000,9999.000,9999.000,9999.000
202607211230,   0.509,   1.108,9999.000,9999.000,9999.000,9999.000,9999.000,9999.000,9999.000
202607211236,   0.498,   1.098,9999.000,9999.000,9999.000,9999.000,9999.000,9999.000,9999.000
202607211242,   0.489,   1.088,9999.000,9999.000,9999.000,9999.000,9999.000,9999.000,9999.000
202607211248,   0.481,   1.079,9999.000,9999.000,9999.000,9999.000,9999.000,9999.000,9999.000
202607211254,   0.475,   1.059,9999.000,9999.000,9999.000,9999.000,9999.000,9999.000,9999.000
202607211300,   0.471,   1.079,   0.600,   0.008,   1.079,   0.500,   0.979,   0.600,   1.079
202607211306,   0.469,   1.079,9999.000,9999.000,9999.000,9999.000,9999.000,9999.000,9999.000
202607211312,   0.469,   1.079,9999.000,9999.000,9999.000,9999.000,9999.000,9999.000,9999.000
202607211318,   0.471,   1.108,9999.000,9999.000,9999.000,9999.000,9999.000,9999.000,9999.000
202607211324,   0.475,   1.118,9999.000,9999.000,9999.000,9999.000,9999.000,9999.000,9999.000
202607211330,   0.481,   1.180,9999.000,9999.000,9999.000,9999.000,9999.000,9999.000,9999.000
202607211336,   0.490,   1.180,9999.000,9999.000,9999.000,9999.000,9999.000,9999.000,9999.000
202607211342,   0.500,   1.170,9999.000,9999.000,9999.000,9999.000,9999.000,9999.000,9999.000
202607211348,   0.513,   1.210,9999.000,9999.000,9999.000,9999.000,9999.000,9999.000,9999.000
202607211354,   0.528,   1.200,9999.000,9999.000,9999.000,9999.000,9999.000,9999.000,9999.000
202607211400,   0.545,   1.259,   0.600,   0.114,   1.259,   0.600,   1.259,   0.600,   1.259
202607211406,   0.565,   1.298,9999.000,9999.000,9999.000,9999.000,9999.000,9999.000,9999.000
202607211412,   0.586,   1.318,9999.000,9999.000,9999.000,9999.000,9999.000,9999.000,9999.000
202607211418,   0.610,   1.371,9999.000,9999.000,9999.000,9999.000,9999.000,9999.000,9999.000
202607211424,   0.635,   1.361,9999.000,9999.000,9999.000,9999.000,9999.000,9999.000,9999.000
202607211430,   0.663,   1.400,9999.000,9999.000,9999.000,9999.000,9999.000,9999.000,9999.000
202607211436,   0.692,   1.439,9999.000,9999.000,9999.000,9999.000,9999.000,9999.000,9999.000
202607211442,   0.723,   1.469,9999.000,9999.000,9999.000,9999.000,9999.000,9999.000,9999.000
202607211448,   0.755,   1.508,9999.000,9999.000,9999.000,9999.000,9999.000,9999.000,9999.000
202607211454,   0.789,   1.557,9999.000,9999.000,9999.000,9999.000,9999.000,9999.000,9999.000
202607211500,   0.825,   1.571,   0.600,   0.146,   1.571,   0.600,   1.571,   0.600,   1.571
202607211506,   0.861,   1.620,9999.000,9999.000,9999.000,9999.000,9999.000,9999.000,9999.000
202607211512,   0.899,   1.649,9999.000,9999.000,9999.000,9999.000,9999.000,9999.000,9999.000
202607211518,   0.937,   1.699,9999.000,9999.000,9999.000,9999.000,9999.000,9999.000,9999.000
202607211524,   0.976,   1.738,9999.000,9999.000,9999.000,9999.000,9999.000,9999.000,9999.000
202607211530,   1.016,   1.781,9999.000,9999.000,9999.000,9999.000,9999.000,9999.000,9999.000
202607211536,   1.057,   1.820,9999.000,9999.000,9999.000,9999.000,9999.000,9999.000,9999.000
202607211542,   1.097,   1.859,9999.000,9999.000,9999.000,9999.000,9999.000,9999.000,9999.000
202607211548,   1.139,   1.899,9999.000,9999.000,9999.000,9999.000,9999.000,9999.000,9999.000
202607211554,   1.180,   1.948,9999.000,9999.000,9999.000,9999.000,9999.000,9999.000,9999.000
202607211600,   1.222,   2.000,   0.600,   0.178,   2.000,   0.600,   2.000,   0.700,   2.100
202607211606,   1.264,   2.030,9999.000,9999.000,9999.000,9999.000,9999.000,9999.000,9999.000
202607211612,   1.306,   2.069,9999.000,9999.000,9999.000,9999.000,9999.000,9999.000,9999.000
202607211618,   1.347,   2.099,9999.000,9999.000,9999.000,9999.000,9999.000,9999.000,9999.000
202607211624,   1.389,   2.138,9999.000,9999.000,9999.000,9999.000,9999.000,9999.000,9999.000
202607211630,   1.430,   2.191,9999.000,9999.000,9999.000,9999.000,9999.000,9999.000,9999.000
202607211636,   1.471,   2.230,9999.000,9999.000,9999.000,9999.000,9999.000,9999.000,9999.000
202607211642,   1.512,   2.279,9999.000,9999.000,9999.000,9999.000,9999.000,9999.000,9999.000
202607211648,   1.553,   2.299,9999.000,9999.000,9999.000,9999.000,9999.000,9999.000,9999.000
202607211654,   1.593,   2.348,9999.000,9999.000,9999.000,9999.000,9999.000,9999.000,9999.000
202607211700,   1.632,   2.368,   0.600,   0.136,   2.368,   0.600,   2.368,   0.700,   2.468
202607211706,   1.671,   2.430,9999.000,9999.000,9999.000,9999.000,9999.000,9999.000,9999.000
202607211712,   1.709,   2.459,9999.000,9999.000,9999.000,9999.000,9999.000,9999.000,9999.000
202607211718,   1.747,   2.499,9999.000,9999.000,9999.000,9999.000,9999.000,9999.000,9999.000
202607211724,   1.783,   2.528,9999.000,9999.000,9999.000,9999.000,9999.000,9999.000,9999.000
202607211730,   1.819,   2.568,9999.000,9999.000,9999.000,9999.000,9999.000,9999.000,9999.000
202607211736,   1.854,   2.610,9999.000,9999.000,9999.000,9999.000,9999.000,9999.000,9999.000
202607211742,   1.887,   2.640,9999.000,9999.000,9999.000,9999.000,9999.000,9999.000,9999.000
202607211748,   1.920,   2.679,9999.000,9999.000,9999.000,9999.000,9999.000,9999.000,9999.000
202607211754,   1.950,   2.709,9999.000,9999.000,9999.000,9999.000,9999.000,9999.000,9999.000
202607211800,   1.980,   2.758,   0.600,   0.178,   2.758,   0.600,   2.758,   0.600,   2.758
202607211806,   2.008,   2.797,9999.000,9999.000,9999.000,9999.000,9999.000,9999.000,9999.000
202607211812,   2.034,   2.830,9999.000,9999.000,9999.000,9999.000,9999.000,9999.000,9999.000
202607211818,   2.058,   2.860,9999.000,9999.000,9999.000,9999.000,9999.000,9999.000,9999.000
202607211824,   2.080,   2.869,9999.000,9999.000,9999.000,9999.000,9999.000,9999.000,9999.000
202607211830,   2.100,   2.889,9999.000,9999.000,9999.000,9999.000,9999.000,9999.000,9999.000
202607211836,   2.118,   2.909,9999.000,9999.000,9999.000,9999.000,9999.000,9999.000,9999.000
202607211842,   2.133,   2.958,9999.000,9999.000,9999.000,9999.000,9999.000,9999.000,9999.000
202607211848,   2.146,   2.978,9999.000,9999.000,9999.000,9999.000,9999.000,9999.000,9999.000
202607211854,   2.157,   3.007,9999.000,9999.000,9999.000,9999.000,9999.000,9999.000,9999.000
202607211900,   2.165,   3.017,   0.600,   0.252,   3.017,   0.600,   3.017,   0.600,   3.017
202607211906,   2.171,   3.050,9999.000,9999.000,9999.000,9999.000,9999.000,9999.000,9999.000
202607211912,   2.174,   3.079,9999.000,9999.000,9999.000,9999.000,9999.000,9999.000,9999.000
202607211918,   2.175,   3.109,9999.000,9999.000,9999.000,9999.000,9999.000,9999.000,9999.000
202607211924,   2.173,   3.119,9999.000,9999.000,9999.000,9999.000,9999.000,9999.000,9999.000
202607211930,   2.168,   3.148,9999.000,9999.000,9999.000,9999.000,9999.000,9999.000,9999.000
202607211936,   2.162,   3.138,9999.000,9999.000,9999.000,9999.000,9999.000,9999.000,9999.000
202607211942,   2.152,   3.099,9999.000,9999.000,9999.000,9999.000,9999.000,9999.000,9999.000
202607211948,   2.141,   3.060,9999.000,9999.000,9999.000,9999.000,9999.000,9999.000,9999.000
202607211954,   2.128,   2.988,9999.000,9999.000,9999.000,9999.000,9999.000,9999.000,9999.000
202607212000,   2.112,   3.070,   0.600,   0.358,   3.070,   0.600,   3.070,   0.700,   3.170
202607212006,   2.095,   3.007,9999.000,9999.000,9999.000,9999.000,9999.000,9999.000,9999.000
202607212012,   2.076,   3.070,9999.000,9999.000,9999.000,9999.000,9999.000,9999.000,9999.000
202607212018,   2.055,   3.007,9999.000,9999.000,9999.000,9999.000,9999.000,9999.000,9999.000
202607212024,   2.033,   3.017,9999.000,9999.000,9999.000,9999.000,9999.000,9999.000,9999.000
202607212030,   2.010,   2.988,9999.000,9999.000,9999.000,9999.000,9999.000,9999.000,9999.000
202607212036,   1.985,   2.988,9999.000,9999.000,9999.000,9999.000,9999.000,9999.000,9999.000
202607212042,   1.959,   2.958,9999.000,9999.000,9999.000,9999.000,9999.000,9999.000,9999.000
202607212048,   1.933,   2.929,9999.000,9999.000,9999.000,9999.000,9999.000,9999.000,9999.000
202607212054,   1.906,   2.869,9999.000,9999.000,9999.000,9999.000,9999.000,9999.000,9999.000
202607212100,   1.878,   2.807,   0.600,   0.329,   2.807,   0.600,   2.807,   0.700,   2.907
202607212106,   1.849,   2.778,9999.000,9999.000,9999.000,9999.000,9999.000,9999.000,9999.000
202607212112,   1.820,   2.748,9999.000,9999.000,9999.000,9999.000,9999.000,9999.000,9999.000
202607212118,   1.791,   2.719,9999.000,9999.000,9999.000,9999.000,9999.000,9999.000,9999.000
202607212124,   1.762,   2.679,9999.000,9999.000,9999.000,9999.000,9999.000,9999.000,9999.000
202607212130,   1.732,   2.640,9999.000,9999.000,9999.000,9999.000,9999.000,9999.000,9999.000
202607212136,   1.703,   2.587,9999.000,9999.000,9999.000,9999.000,9999.000,9999.000,9999.000
202607212142,   1.673,   2.568,9999.000,9999.000,9999.000,9999.000,9999.000,9999.000,9999.000
202607212148,   1.643,   2.538,9999.000,9999.000,9999.000,9999.000,9999.000,9999.000,9999.000
202607212154,   1.614,   2.568,9999.000,9999.000,9999.000,9999.000,9999.000,9999.000,9999.000
202607212200,   1.584,   2.528,   0.700,   0.244,   2.528,   0.600,   2.428,   0.700,   2.528
202607212206,   1.555,   2.499,9999.000,9999.000,9999.000,9999.000,9999.000,9999.000,9999.000
202607212212,   1.526,   2.469,9999.000,9999.000,9999.000,9999.000,9999.000,9999.000,9999.000
202607212218,   1.496,   2.410,9999.000,9999.000,9999.000,9999.000,9999.000,9999.000,9999.000
202607212224,   1.467,   2.368,9999.000,9999.000,9999.000,9999.000,9999.000,9999.000,9999.000
202607212230,   1.438,   2.338,9999.000,9999.000,9999.000,9999.000,9999.000,9999.000,9999.000
202607212236,   1.410,   2.289,9999.000,9999.000,9999.000,9999.000,9999.000,9999.000,9999.000
202607212242,   1.381,   2.240,9999.000,9999.000,9999.000,9999.000,9999.000,9999.000,9999.000
202607212248,   1.353,   2.230,9999.000,9999.000,9999.000,9999.000,9999.000,9999.000,9999.000
202607212254,   1.324,   2.191,9999.000,9999.000,9999.000,9999.000,9999.000,9999.000,9999.000
202607212300,   1.296,   2.168,   0.700,   0.172,   2.168,   0.600,   2.068,   0.700,   2.168
202607212306,   1.268,   2.158,9999.000,9999.000,9999.000,9999.000,9999.000,9999.000,9999.000
202607212312,   1.240,   2.148,9999.000,9999.000,9999.000,9999.000,9999.000,9999.000,9999.000
202607212318,   1.213,   2.109,9999.000,9999.000,9999.000,9999.000,9999.000,9999.000,9999.000
202607212324,   1.185,   2.109,9999.000,9999.000,9999.000,9999.000,9999.000,9999.000,9999.000
202607212330,   1.158,   2.069,9999.000,9999.000,9999.000,9999.000,9999.000,9999.000,9999.000
202607212336,   1.131,   2.020,9999.000,9999.000,9999.000,9999.000,9999.000,9999.000,9999.000
202607212342,   1.104,   1.990,9999.000,9999.000,9999.000,9999.000,9999.000,9999.000,9999.000
202607212348,   1.078,   1.958,9999.000,9999.000,9999.000,9999.000,9999.000,9999.000,9999.000
202607212354,   1.052,   1.958,9999.000,9999.000,9999.000,9999.000,9999.000,9999.000,9999.000
202607220000,   1.026,   1.938,   0.600,   0.312,   1.938,   0.600,   1.938,   0.700,   2.038
202607220006,   1.001,   1.908,9999.000,9999.000,9999.000,9999.000,9999.000,9999.000,9999.000
202607220012,   0.976,   1.879,9999.000,9999.000,9999.000,9999.000,9999.000,9999.000,9999.000
202607220018,   0.952,   1.840,9999.000,9999.000,9999.000,9999.000,9999.000,9999.000,9999.000
202607220024,   0.928,   1.820,9999.000,9999.000,9999.000,9999.000,9999.000,9999.000,9999.000
202607220030,   0.906,   1.800,9999.000,9999.000,9999.000,9999.000,9999.000,9999.000,9999.000
202607220036,   0.884,   1.781,9999.000,9999.000,9999.000,9999.000,9999.000,9999.000,9999.000
202607220042,   0.863,   1.738,9999.000,9999.000,9999.000,9999.000,9999.000,9999.000,9999.000
202607220048,   0.843,   1.718,9999.000,9999.000,9999.000,9999.000,9999.000,9999.000,9999.000
202607220054,   0.824,   1.708,9999.000,9999.000,9999.000,9999.000,9999.000,9999.000,9999.000
202607220100,   0.806,   1.689,   0.600,   0.283,   1.689,   0.600,   1.689,   0.700,   1.789
202607220106,   0.790,   1.689,9999.000,9999.000,9999.000,9999.000,9999.000,9999.000,9999.000
202607220112,   0.775,   1.679,9999.000,9999.000,9999.000,9999.000,9999.000,9999.000,9999.000
202607220118,   0.761,   1.699,9999.000,9999.000,9999.000,9999.000,9999.000,9999.000,9999.000
202607220124,   0.749,   1.679,9999.000,9999.000,9999.000,9999.000,9999.000,9999.000,9999.000
202607220130,   0.739,   1.689,9999.000,9999.000,9999.000,9999.000,9999.000,9999.000,9999.000
202607220136,   0.731,   1.649,9999.000,9999.000,9999.000,9999.000,9999.000,9999.000,9999.000
202607220142,   0.724,   1.669,9999.000,9999.000,9999.000,9999.000,9999.000,9999.000,9999.000
202607220148,   0.720,   1.649,9999.000,9999.000,9999.000,9999.000,9999.000,9999.000,9999.000
202607220154,   0.717,   1.718,9999.000,9999.000,9999.000,9999.000,9999.000,9999.000,9999.000
202607220200,   0.716,   1.738,   0.600,   0.422,   1.738,   0.600,   1.738,   0.700,   1.838
202607220206,   0.718,   1.699,9999.000,9999.000,9999.000,9999.000,9999.000,9999.000,9999.000
202607220212,   0.721,   1.679,9999.000,9999.000,9999.000,9999.000,9999.000,9999.000,9999.000
202607220218,   0.727,   1.679,9999.000,9999.000,9999.000,9999.000,9999.000,9999.000,9999.000
202607220224,   0.734,   1.630,9999.000,9999.000,9999.000,9999.000,9999.000,9999.000,9999.000
202607220230,   0.744,   1.699,9999.000,9999.000,9999.000,9999.000,9999.000,9999.000,9999.000
202607220236,   0.755,   1.630,9999.000,9999.000,9999.000,9999.000,9999.000,9999.000,9999.000
202607220242,   0.769,   1.620,9999.000,9999.000,9999.000,9999.000,9999.000,9999.000,9999.000
202607220248,   0.784,   1.600,9999.000,9999.000,9999.000,9999.000,9999.000,9999.000,9999.000
202607220254,   0.801,   1.649,9999.000,9999.000,9999.000,9999.000,9999.000,9999.000,9999.000
202607220300,   0.820,   1.689,   0.600,   0.269,   1.689,   0.500,   1.589,   0.600,   1.689
202607220306,   0.840,   1.758,9999.000,9999.000,9999.000,9999.000,9999.000,9999.000,9999.000
202607220312,   0.862,   1.790,9999.000,9999.000,9999.000,9999.000,9999.000,9999.000,9999.000
202607220318,   0.885,   1.728,9999.000,9999.000,9999.000,9999.000,9999.000,9999.000,9999.000
202607220324,   0.910,   1.790,9999.000,9999.000,9999.000,9999.000,9999.000,9999.000,9999.000
202607220330,   0.935,   1.758,9999.000,9999.000,9999.000,9999.000,9999.000,9999.000,9999.000
202607220336,   0.961,   1.840,9999.000,9999.000,9999.000,9999.000,9999.000,9999.000,9999.000
202607220342,   0.988,   1.908,9999.000,9999.000,9999.000,9999.000,9999.000,9999.000,9999.000
202607220348,   1.016,   1.938,9999.000,9999.000,9999.000,9999.000,9999.000,9999.000,9999.000
202607220354,   1.045,   1.981,9999.000,9999.000,9999.000,9999.000,9999.000,9999.000,9999.000
202607220400,   1.073,   1.967,   0.500,   0.394,   1.967,   0.500,   1.967,   0.600,   2.067
202607220406,   1.103,   1.990,9999.000,9999.000,9999.000,9999.000,9999.000,9999.000,9999.000
202607220412,   1.132,   2.049,9999.000,9999.000,9999.000,9999.000,9999.000,9999.000,9999.000
202607220418,   1.162,   2.118,9999.000,9999.000,9999.000,9999.000,9999.000,9999.000,9999.000
202607220424,   1.192,   2.158,9999.000,9999.000,9999.000,9999.000,9999.000,9999.000,9999.000
202607220430,   1.221,   2.200,9999.000,9999.000,9999.000,9999.000,9999.000,9999.000,9999.000
202607220436,   1.251,   2.240,9999.000,9999.000,9999.000,9999.000,9999.000,9999.000,9999.000
202607220442,   1.281,   2.230,9999.000,9999.000,9999.000,9999.000,9999.000,9999.000,9999.000
202607220448,   1.311,   2.259,9999.000,9999.000,9999.000,9999.000,9999.000,9999.000,9999.000
202607220454,   1.340,   2.240,9999.000,9999.000,9999.000,9999.000,9999.000,9999.000,9999.000
202607220500,   1.369,   2.250,   0.500,   0.381,   2.250,   0.400,   2.150,   0.500,   2.250
202607220506,   1.398,   2.348,9999.000,9999.000,9999.000,9999.000,9999.000,9999.000,9999.000
202607220512,   1.427,   2.368,9999.000,9999.000,9999.000,9999.000,9999.000,9999.000,9999.000
202607220518,   1.455,   2.440,9999.000,9999.000,9999.000,9999.000,9999.000,9999.000,9999.000
202607220524,   1.483,   2.479,9999.000,9999.000,9999.000,9999.000,9999.000,9999.000,9999.000
202607220530,   1.510,   2.519,9999.000,9999.000,9999.000,9999.000,9999.000,9999.000,9999.000
202607220536,   1.537,   2.578,9999.000,9999.000,9999.000,9999.000,9999.000,9999.000,9999.000
202607220542,   1.564,   2.610,9999.000,9999.000,9999.000,9999.000,9999.000,9999.000,9999.000
202607220548,   1.589,   2.630,9999.000,9999.000,9999.000,9999.000,9999.000,9999.000,9999.000
202607220554,   1.615,   2.640,9999.000,9999.000,9999.000,9999.000,9999.000,9999.000,9999.000
202607220600,   1.639,   2.679,   0.500,   0.540,   2.679,   0.300,   2.479,   0.600,   2.779
202607220606,   1.662,   2.689,9999.000,9999.000,9999.000,9999.000,9999.000,9999.000,9999.000
202607220612,   1.684,   2.719,9999.000,9999.000,9999.000,9999.000,9999.000,9999.000,9999.000
202607220618,   1.706,   2.709,9999.000,9999.000,9999.000,9999.000,9999.000,9999.000,9999.000
202607220624,   1.726,   2.699,9999.000,9999.000,9999.000,9999.000,9999.000,9999.000,9999.000
202607220630,   1.744,   2.719,9999.000,9999.000,9999.000,9999.000,9999.000,9999.000,9999.000
202607220636,   1.761,   2.669,9999.000,9999.000,9999.000,9999.000,9999.000,9999.000,9999.000
202607220642,   1.777,   2.689,9999.000,9999.000,9999.000,9999.000,9999.000,9999.000,9999.000
202607220648,   1.791,   2.738,9999.000,9999.000,9999.000,9999.000,9999.000,9999.000,9999.000
202607220654,   1.803,   2.797,9999.000,9999.000,9999.000,9999.000,9999.000,9999.000,9999.000
202607220700,   1.813,   2.840,   0.400,   0.627,   2.840,   0.300,   2.740,   0.500,   2.940
202607220706,   1.821,   2.719,9999.000,9999.000,9999.000,9999.000,9999.000,9999.000,9999.000
202607220712,   1.827,   2.679,9999.000,9999.000,9999.000,9999.000,9999.000,9999.000,9999.000
202607220718,   1.830,   2.630,9999.000,9999.000,9999.000,9999.000,9999.000,9999.000,9999.000
202607220724,   1.832,   2.597,9999.000,9999.000,9999.000,9999.000,9999.000,9999.000,9999.000
202607220730,   1.831,   2.630,9999.000,9999.000,9999.000,9999.000,9999.000,9999.000,9999.000
202607220736,   1.828,   2.660,9999.000,9999.000,9999.000,9999.000,9999.000,9999.000,9999.000
202607220742,   1.823,   2.610,9999.000,9999.000,9999.000,9999.000,9999.000,9999.000,9999.000
202607220748,   1.816,   2.630,9999.000,9999.000,9999.000,9999.000,9999.000,9999.000,9999.000
202607220754,   1.806,   2.610,9999.000,9999.000,9999.000,9999.000,9999.000,9999.000,9999.000
202607220800,   1.795,   2.660,   0.400,   0.465,   2.660,   0.300,   2.560,   0.500,   2.760
202607220806,   1.781,   2.578,9999.000,9999.000,9999.000,9999.000,9999.000,9999.000,9999.000
202607220812,   1.765,   2.660,9999.000,9999.000,9999.000,9999.000,9999.000,9999.000,9999.000
202607220818,   1.747,   2.610,9999.000,9999.000,9999.000,9999.000,9999.000,9999.000,9999.000
202607220824,   1.728,   2.650,9999.000,9999.000,9999.000,9999.000,9999.000,9999.000,9999.000
202607220830,   1.707,   2.479,9999.000,9999.000,9999.000,9999.000,9999.000,9999.000,9999.000
202607220836,   1.685,   2.479,9999.000,9999.000,9999.000,9999.000,9999.000,9999.000,9999.000
202607220842,   1.661,   2.420,9999.000,9999.000,9999.000,9999.000,9999.000,9999.000,9999.000
202607220848,   1.636,   2.450,9999.000,9999.000,9999.000,9999.000,9999.000,9999.000,9999.000
202607220854,   1.611,   2.499,9999.000,9999.000,9999.000,9999.000,9999.000,9999.000,9999.000
202607220900,   1.584,   2.479,   0.400,   0.495,   2.479,   0.300,   2.379,   0.500,   2.579
202607220906,   1.556,   2.420,9999.000,9999.000,9999.000,9999.000,9999.000,9999.000,9999.000
202607220912,   1.528,   2.459,9999.000,9999.000,9999.000,9999.000,9999.000,9999.000,9999.000
202607220918,   1.500,   2.387,9999.000,9999.000,9999.000,9999.000,9999.000,9999.000,9999.000
202607220924,   1.471,   2.410,9999.000,9999.000,9999.000,9999.000,9999.000,9999.000,9999.000
202607220930,   1.442,   2.348,9999.000,9999.000,9999.000,9999.000,9999.000,9999.000,9999.000
202607220936,   1.413,   2.318,9999.000,9999.000,9999.000,9999.000,9999.000,9999.000,9999.000
202607220942,   1.384,   2.250,9999.000,9999.000,9999.000,9999.000,9999.000,9999.000,9999.000
202607220948,   1.355,   2.299,9999.000,9999.000,9999.000,9999.000,9999.000,9999.000,9999.000
202607220954,   1.326,   2.309,9999.000,9999.000,9999.000,9999.000,9999.000,9999.000,9999.000
202607221000,   1.297,   2.289,   0.400,   0.592,   2.289,   0.200,   2.089,   0.500,   2.389
202607221006,   1.269,   2.210,9999.000,9999.000,9999.000,9999.000,9999.000,9999.000,9999.000
202607221012,   1.241,   2.177,9999.000,9999.000,9999.000,9999.000,9999.000,9999.000,9999.000
202607221018,   1.213,   2.118,9999.000,9999.000,9999.000,9999.000,9999.000,9999.000,9999.000
202607221024,   1.186,   2.158,9999.000,9999.000,9999.000,9999.000,9999.000,9999.000,9999.000
202607221030,   1.159,   2.168,9999.000,9999.000,9999.000,9999.000,9999.000,9999.000,9999.000
202607221036,   1.132,   2.099,9999.000,9999.000,9999.000,9999.000,9999.000,9999.000,9999.000
202607221042,   1.106,   2.059,9999.000,9999.000,9999.000,9999.000,9999.000,9999.000,9999.000
202607221048,   1.080,   1.948,9999.000,9999.000,9999.000,9999.000,9999.000,9999.000,9999.000
202607221054,   1.054,   1.981,9999.000,9999.000,9999.000,9999.000,9999.000,9999.000,9999.000
202607221100,   1.029,   1.938,   0.300,   0.609,   1.938,   0.100,   1.738,   0.500,   2.138
202607221106,   1.005,   1.948,9999.000,9999.000,9999.000,9999.000,9999.000,9999.000,9999.000
202607221112,   0.980,   1.889,9999.000,9999.000,9999.000,9999.000,9999.000,9999.000,9999.000
202607221118,   0.956,   1.869,9999.000,9999.000,9999.000,9999.000,9999.000,9999.000,9999.000
202607221124,   0.932,   1.849,9999.000,9999.000,9999.000,9999.000,9999.000,9999.000,9999.000
202607221130,   0.909,   1.820,9999.000,9999.000,9999.000,9999.000,9999.000,9999.000,9999.000
202607221136,   0.886,   1.810,9999.000,9999.000,9999.000,9999.000,9999.000,9999.000,9999.000
202607221142,   0.863,   1.767,9999.000,9999.000,9999.000,9999.000,9999.000,9999.000,9999.000
202607221148,   0.840,   1.758,9999.000,9999.000,9999.000,9999.000,9999.000,9999.000,9999.000
202607221154,   0.818,   1.718,9999.000,9999.000,9999.000,9999.000,9999.000,9999.000,9999.000
202607221200,   0.796,   1.679,   0.400,   0.483,   1.679,   0.300,   1.579,   0.500,   1.779
202607221206,   0.775,   1.679,9999.000,9999.000,9999.000,9999.000,9999.000,9999.000,9999.000
202607221212,   0.754,   1.620,9999.000,9999.000,9999.000,9999.000,9999.000,9999.000,9999.000
202607221218,   0.733,   1.610,9999.000,9999.000,9999.000,9999.000,9999.000,9999.000,9999.000
202607221224,   0.713,   1.580,9999.000,9999.000,9999.000,9999.000,9999.000,9999.000,9999.000
202607221230,   0.694,   1.571,9999.000,9999.000,9999.000,9999.000,9999.000,9999.000,9999.000
202607221236,   0.675,   1.590,9999.000,9999.000,9999.000,9999.000,9999.000,9999.000,9999.000
202607221242,   0.657,   1.557,9999.000,9999.000,9999.000,9999.000,9999.000,9999.000,9999.000
202607221248,   0.640,   1.518,9999.000,9999.000,9999.000,9999.000,9999.000,9999.000,9999.000
202607221254,   0.623,   1.518,9999.000,9999.000,9999.000,9999.000,9999.000,9999.000,9999.000
202607221300,   0.608,   1.518,   0.300,   0.610,   1.518,   0.200,   1.418,   0.400,   1.618
202607221306,   0.593,   1.518,9999.000,9999.000,9999.000,9999.000,9999.000,9999.000,9999.000
202607221312,   0.580,   1.508,9999.000,9999.000,9999.000,9999.000,9999.000,9999.000,9999.000
202607221318,   0.568,   1.508,9999.000,9999.000,9999.000,9999.000,9999.000,9999.000,9999.000
202607221324,   0.558,   1.479,9999.000,9999.000,9999.000,9999.000,9999.000,9999.000,9999.000
202607221330,   0.548,   1.439,9999.000,9999.000,9999.000,9999.000,9999.000,9999.000,9999.000
202607221336,   0.541,   1.430,9999.000,9999.000,9999.000,9999.000,9999.000,9999.000,9999.000
202607221342,   0.535,   1.400,9999.000,9999.000,9999.000,9999.000,9999.000,9999.000,9999.000
202607221348,   0.531,   1.410,9999.000,9999.000,9999.000,9999.000,9999.000,9999.000,9999.000
202607221354,   0.528,   1.439,9999.000,9999.000,9999.000,9999.000,9999.000,9999.000,9999.000
202607221400,   0.528,   1.439,   0.300,   0.611,   1.439,   0.200,   1.339,   0.400,   1.539
202607221406,   0.529,   1.449,9999.000,9999.000,9999.000,9999.000,9999.000,9999.000,9999.000
202607221412,   0.533,   1.459,9999.000,9999.000,9999.000,9999.000,9999.000,9999.000,9999.000
202607221418,   0.539,   1.449,9999.000,9999.000,9999.000,9999.000,9999.000,9999.000,9999.000
202607221424,   0.547,   1.498,9999.000,9999.000,9999.000,9999.000,9999.000,9999.000,9999.000
202607221430,   0.557,   1.498,9999.000,9999.000,9999.000,9999.000,9999.000,9999.000,9999.000
202607221436,   0.569,   1.508,9999.000,9999.000,9999.000,9999.000,9999.000,9999.000,9999.000
202607221442,   0.583,   1.508,9999.000,9999.000,9999.000,9999.000,9999.000,9999.000,9999.000
202607221448,   0.600,   1.449,9999.000,9999.000,9999.000,9999.000,9999.000,9999.000,9999.000
202607221454,   0.619,   1.498,9999.000,9999.000,9999.000,9999.000,9999.000,9999.000,9999.000
202607221500,   0.639,   1.518,   0.300,   0.579,   1.518,   0.200,   1.418,   0.400,   1.618
202607221506,   0.662,   1.538,9999.000,9999.000,9999.000,9999.000,9999.000,9999.000,9999.000
202607221512,   0.687,   1.557,9999.000,9999.000,9999.000,9999.000,9999.000,9999.000,9999.000
202607221518,   0.713,   1.630,9999.000,9999.000,9999.000,9999.000,9999.000,9999.000,9999.000
202607221524,   0.741,   1.639,9999.000,9999.000,9999.000,9999.000,9999.000,9999.000,9999.000
202607221530,   0.771,   1.738,9999.000,9999.000,9999.000,9999.000,9999.000,9999.000,9999.000
202607221536,   0.802,   1.738,9999.000,9999.000,9999.000,9999.000,9999.000,9999.000,9999.000
202607221542,   0.834,   1.790,9999.000,9999.000,9999.000,9999.000,9999.000,9999.000,9999.000
202607221548,   0.868,   1.790,9999.000,9999.000,9999.000,9999.000,9999.000,9999.000,9999.000
202607221554,   0.903,   1.820,9999.000,9999.000,9999.000,9999.000,9999.000,9999.000,9999.000
202607221600,   0.938,   1.859,   0.200,   0.721,   1.859,   0.200,   1.859,   0.300,   1.959
202607221606,   0.975,   1.899,9999.000,9999.000,9999.000,9999.000,9999.000,9999.000,9999.000
202607221612,   1.012,   1.918,9999.000,9999.000,9999.000,9999.000,9999.000,9999.000,9999.000
202607221618,   1.050,   1.948,9999.000,9999.000,9999.000,9999.000,9999.000,9999.000,9999.000
202607221624,   1.088,   1.967,9999.000,9999.000,9999.000,9999.000,9999.000,9999.000,9999.000
202607221630,   1.126,   2.049,9999.000,9999.000,9999.000,9999.000,9999.000,9999.000,9999.000
202607221636,   1.165,   2.059,9999.000,9999.000,9999.000,9999.000,9999.000,9999.000,9999.000
202607221642,   1.203,   2.118,9999.000,9999.000,9999.000,9999.000,9999.000,9999.000,9999.000
202607221648,   1.242,   2.128,9999.000,9999.000,9999.000,9999.000,9999.000,9999.000,9999.000
202607221654,   1.281,   2.177,9999.000,9999.000,9999.000,9999.000,9999.000,9999.000,9999.000
202607221700,   1.320,   2.210,   0.200,   0.690,   2.210,   0.100,   2.110,   0.300,   2.310
202607221706,   1.359,   2.259,9999.000,9999.000,9999.000,9999.000,9999.000,9999.000,9999.000
202607221712,   1.397,   2.309,9999.000,9999.000,9999.000,9999.000,9999.000,9999.000,9999.000
202607221718,   1.435,   2.368,9999.000,9999.000,9999.000,9999.000,9999.000,9999.000,9999.000
202607221724,   1.473,   2.410,9999.000,9999.000,9999.000,9999.000,9999.000,9999.000,9999.000
202607221730,   1.511,   2.430,9999.000,9999.000,9999.000,9999.000,9999.000,9999.000,9999.000
202607221736,   1.549,   2.459,9999.000,9999.000,9999.000,9999.000,9999.000,9999.000,9999.000
202607221742,   1.586,   2.489,9999.000,9999.000,9999.000,9999.000,9999.000,9999.000,9999.000
202607221748,   1.623,   2.558,9999.000,9999.000,9999.000,9999.000,9999.000,9999.000,9999.000
202607221754,   1.659,   2.587,9999.000,9999.000,9999.000,9999.000,9999.000,9999.000,9999.000
202607221800,   1.695,   2.630,   0.200,   0.735,   2.630,   0.100,   2.530,   0.300,   2.730
202607221806,   1.730,   2.650,9999.000,9999.000,9999.000,9999.000,9999.000,9999.000,9999.000
202607221812,   1.765,   2.679,9999.000,9999.000,9999.000,9999.000,9999.000,9999.000,9999.000
202607221818,   1.798,   2.709,9999.000,9999.000,9999.000,9999.000,9999.000,9999.000,9999.000
202607221824,   1.831,   2.748,9999.000,9999.000,9999.000,9999.000,9999.000,9999.000,9999.000
202607221830,   1.864,   2.787,9999.000,9999.000,9999.000,9999.000,9999.000,9999.000,9999.000
202607221836,   1.895,   2.830,9999.000,9999.000,9999.000,9999.000,9999.000,9999.000,9999.000
202607221842,   1.925,   2.860,9999.000,9999.000,9999.000,9999.000,9999.000,9999.000,9999.000
202607221848,   1.953,   2.899,9999.000,9999.000,9999.000,9999.000,9999.000,9999.000,9999.000
202607221854,   1.981,   2.919,9999.000,9999.000,9999.000,9999.000,9999.000,9999.000,9999.000
202607221900,   2.006,   2.958,   0.200,   0.752,   2.958,   0.100,   2.858,   0.300,   3.058
202607221906,   2.031,   2.988,9999.000,9999.000,9999.000,9999.000,9999.000,9999.000,9999.000
202607221912,   2.053,   3.007,9999.000,9999.000,9999.000,9999.000,9999.000,9999.000,9999.000
202607221918,   2.073,   3.040,9999.000,9999.000,9999.000,9999.000,9999.000,9999.000,9999.000
202607221924,   2.092,   3.050,9999.000,9999.000,9999.000,9999.000,9999.000,9999.000,9999.000
202607221930,   2.108,   3.099,9999.000,9999.000,9999.000,9999.000,9999.000,9999.000,9999.000
202607221936,   2.122,   3.089,9999.000,9999.000,9999.000,9999.000,9999.000,9999.000,9999.000
202607221942,   2.134,   3.158,9999.000,9999.000,9999.000,9999.000,9999.000,9999.000,9999.000
202607221948,   2.144,   3.119,9999.000,9999.000,9999.000,9999.000,9999.000,9999.000,9999.000
202607221954,   2.151,   3.178,9999.000,9999.000,9999.000,9999.000,9999.000,9999.000,9999.000
202607222000,   2.155,   3.138,   0.200,   0.783,   3.138,   0.100,   3.038,   0.300,   3.238
202607222006,   2.158,   3.168,9999.000,9999.000,9999.000,9999.000,9999.000,9999.000,9999.000
202607222012,   2.158,   3.148,9999.000,9999.000,9999.000,9999.000,9999.000,9999.000,9999.000
202607222018,   2.155,   3.207,9999.000,9999.000,9999.000,9999.000,9999.000,9999.000,9999.000
202607222024,   2.150,   3.207,9999.000,9999.000,9999.000,9999.000,9999.000,9999.000,9999.000
202607222030,   2.143,   3.230,9999.000,9999.000,9999.000,9999.000,9999.000,9999.000,9999.000
202607222036,   2.134,   3.178,9999.000,9999.000,9999.000,9999.000,9999.000,9999.000,9999.000
202607222042,   2.123,   3.188,9999.000,9999.000,9999.000,9999.000,9999.000,9999.000,9999.000
202607222048,   2.109,   3.138,9999.000,9999.000,9999.000,9999.000,9999.000,9999.000,9999.000
202607222054,   2.094,   3.168,9999.000,9999.000,9999.000,9999.000,9999.000,9999.000,9999.000
202607222100,   2.078,   3.089,   0.200,   0.811,   3.089,   0.100,   2.989,   0.200,   3.089
202607222106,   2.059,   3.109,9999.000,9999.000,9999.000,9999.000,9999.000,9999.000,9999.000
202607222112,   2.040,   3.070,9999.000,9999.000,9999.000,9999.000,9999.000,9999.000,9999.000
202607222118,   2.019,   3.050,9999.000,9999.000,9999.000,9999.000,9999.000,9999.000,9999.000
202607222124,   1.997,   2.978,9999.000,9999.000,9999.000,9999.000,9999.000,9999.000,9999.000
202607222130,   1.974,   2.978,9999.000,9999.000,9999.000,9999.000,9999.000,9999.000,9999.000
202607222136,   1.950,   2.919,9999.000,9999.000,9999.000,9999.000,9999.000,9999.000,9999.000
202607222142,   1.926,   2.919,9999.000,9999.000,9999.000,9999.000,9999.000,9999.000,9999.000
202607222148,   1.901,   2.889,9999.000,9999.000,9999.000,9999.000,9999.000,9999.000,9999.000
202607222154,   1.875,   2.860,9999.000,9999.000,9999.000,9999.000,9999.000,9999.000,9999.000
202607222200,   1.849,   2.807,   0.100,   0.858,   2.807,   0.000,   2.707,   0.200,   2.907
202607222206,   1.823,   2.768,9999.000,9999.000,9999.000,9999.000,9999.000,9999.000,9999.000
202607222212,   1.797,   2.728,9999.000,9999.000,9999.000,9999.000,9999.000,9999.000,9999.000
202607222218,   1.771,   2.689,9999.000,9999.000,9999.000,9999.000,9999.000,9999.000,9999.000
202607222224,   1.744,   2.669,9999.000,9999.000,9999.000,9999.000,9999.000,9999.000,9999.000
202607222230,   1.718,   2.620,9999.000,9999.000,9999.000,9999.000,9999.000,9999.000,9999.000
202607222236,   1.692,   2.587,9999.000,9999.000,9999.000,9999.000,9999.000,9999.000,9999.000
202607222242,   1.665,   2.568,9999.000,9999.000,9999.000,9999.000,9999.000,9999.000,9999.000
202607222248,   1.639,   2.528,9999.000,9999.000,9999.000,9999.000,9999.000,9999.000,9999.000
202607222254,   1.613,   2.509,9999.000,9999.000,9999.000,9999.000,9999.000,9999.000,9999.000
202607222300,   1.586,   2.469,   0.100,   0.783,   2.469,   0.000,   2.369,   0.200,   2.569
202607222306,   1.560,   2.430,9999.000,9999.000,9999.000,9999.000,9999.000,9999.000,9999.000
202607222312,   1.534,   2.387,9999.000,9999.000,9999.000,9999.000,9999.000,9999.000,9999.000
202607222318,   1.508,   2.358,9999.000,9999.000,9999.000,9999.000,9999.000,9999.000,9999.000
202607222324,   1.481,   2.328,9999.000,9999.000,9999.000,9999.000,9999.000,9999.000,9999.000
202607222330,   1.455,   2.279,9999.000,9999.000,9999.000,9999.000,9999.000,9999.000,9999.000
202607222336,   1.429,   2.259,9999.000,9999.000,9999.000,9999.000,9999.000,9999.000,9999.000
202607222342,   1.403,   2.220,9999.000,9999.000,9999.000,9999.000,9999.000,9999.000,9999.000
202607222348,   1.376,   2.200,9999.000,9999.000,9999.000,9999.000,9999.000,9999.000,9999.000
202607222354,   1.350,   2.168,9999.000,9999.000,9999.000,9999.000,9999.000,9999.000,9999.000
202607230000,   1.323,   2.158,   0.100,   0.735,   2.158,   0.000,   2.058,   0.200,   2.258
202607230006,   1.296,   2.128,9999.000,9999.000,9999.000,9999.000,9999.000,9999.000,9999.000
202607230012,   1.270,   2.118,9999.000,9999.000,9999.000,9999.000,9999.000,9999.000,9999.000
202607230018,   1.243,   2.079,9999.000,9999.000,9999.000,9999.000,9999.000,9999.000,9999.000
202607230024,   1.216,   2.040,9999.000,9999.000,9999.000,9999.000,9999.000,9999.000,9999.000
202607230030,   1.190,   2.010,9999.000,9999.000,9999.000,9999.000,9999.000,9999.000,9999.000
202607230036,   1.163,   1.981,9999.000,9999.000,9999.000,9999.000,9999.000,9999.000,9999.000
202607230042,   1.136,   1.938,9999.000,9999.000,9999.000,9999.000,9999.000,9999.000,9999.000
202607230048,   1.110,   1.908,9999.000,9999.000,9999.000,9999.000,9999.000,9999.000,9999.000
202607230054,   1.084,   1.869,9999.000,9999.000,9999.000,9999.000,9999.000,9999.000,9999.000
202607230100,   1.058,   1.840,   0.100,   0.682,   1.840,   0.000,   1.740,   0.200,   1.940
202607230106,   1.033,   1.820,9999.000,9999.000,9999.000,9999.000,9999.000,9999.000,9999.000
202607230112,   1.008,   1.800,9999.000,9999.000,9999.000,9999.000,9999.000,9999.000,9999.000
202607230118,   0.984,   1.790,9999.000,9999.000,9999.000,9999.000,9999.000,9999.000,9999.000
202607230124,   0.960,   1.767,9999.000,9999.000,9999.000,9999.000,9999.000,9999.000,9999.000
202607230130,   0.937,   1.748,9999.000,9999.000,9999.000,9999.000,9999.000,9999.000,9999.000
202607230136,   0.916,   1.728,9999.000,9999.000,9999.000,9999.000,9999.000,9999.000,9999.000
202607230142,   0.895,   1.699,9999.000,9999.000,9999.000,9999.000,9999.000,9999.000,9999.000
202607230148,   0.875,   1.669,9999.000,9999.000,9999.000,9999.000,9999.000,9999.000,9999.000
202607230154,   0.857,   1.649,9999.000,9999.000,9999.000,9999.000,9999.000,9999.000,9999.000
202607230200,   0.839,   1.630,   0.100,   0.691,   1.630,   0.000,   1.530,   0.100,   1.630
202607230206,   0.824,   1.600,9999.000,9999.000,9999.000,9999.000,9999.000,9999.000,9999.000
202607230212,   0.810,   1.580,9999.000,9999.000,9999.000,9999.000,9999.000,9999.000,9999.000
202607230218,   0.797,   1.557,9999.000,9999.000,9999.000,9999.000,9999.000,9999.000,9999.000
202607230224,   0.786,   1.538,9999.000,9999.000,9999.000,9999.000,9999.000,9999.000,9999.000
202607230230,   0.778,   1.528,9999.000,9999.000,9999.000,9999.000,9999.000,9999.000,9999.000
202607230236,   0.771,   1.469,9999.000,9999.000,9999.000,9999.000,9999.000,9999.000,9999.000
202607230242,   0.765,   1.469,9999.000,9999.000,9999.000,9999.000,9999.000,9999.000,9999.000
202607230248,   0.762,   1.459,9999.000,9999.000,9999.000,9999.000,9999.000,9999.000,9999.000
202607230254,   0.761,   1.439,9999.000,9999.000,9999.000,9999.000,9999.000,9999.000,9999.000
202607230300,   0.762,   1.439,   0.000,   0.677,   1.439,   0.000,   1.439,   0.100,   1.539
202607230306,   0.765,   1.420,9999.000,9999.000,9999.000,9999.000,9999.000,9999.000,9999.000
202607230312,   0.770,   1.410,9999.000,9999.000,9999.000,9999.000,9999.000,9999.000,9999.000
202607230318,   0.777,   1.400,9999.000,9999.000,9999.000,9999.000,9999.000,9999.000,9999.000
202607230324,   0.785,   1.380,9999.000,9999.000,9999.000,9999.000,9999.000,9999.000,9999.000
202607230330,   0.796,   1.390,9999.000,9999.000,9999.000,9999.000,9999.000,9999.000,9999.000
202607230336,   0.808,   1.380,9999.000,9999.000,9999.000,9999.000,9999.000,9999.000,9999.000
202607230342,   0.822,   1.390,9999.000,9999.000,9999.000,9999.000,9999.000,9999.000,9999.000
202607230348,   0.837,   1.400,9999.000,9999.000,9999.000,9999.000,9999.000,9999.000,9999.000
202607230354,   0.854,   1.420,9999.000,9999.000,9999.000,9999.000,9999.000,9999.000,9999.000
202607230400,   0.872,   1.400,   0.000,   0.528,   1.400,   0.000,   1.400,   0.000,   1.400
202607230406,   0.892,   1.400,9999.000,9999.000,9999.000,9999.000,9999.000,9999.000,9999.000
202607230412,   0.912,   1.390,9999.000,9999.000,9999.000,9999.000,9999.000,9999.000,9999.000
202607230418,   0.934,   1.420,9999.000,9999.000,9999.000,9999.000,9999.000,9999.000,9999.000
202607230424,   0.956,   1.410,9999.000,9999.000,9999.000,9999.000,9999.000,9999.000,9999.000
202607230430,   0.979,   1.439,9999.000,9999.000,9999.000,9999.000,9999.000,9999.000,9999.000
202607230436,   1.003,   1.489,9999.000,9999.000,9999.000,9999.000,9999.000,9999.000,9999.000
202607230442,   1.027,   1.489,9999.000,9999.000,9999.000,9999.000,9999.000,9999.000,9999.000
202607230448,   1.051,   1.528,9999.000,9999.000,9999.000,9999.000,9999.000,9999.000,9999.000
202607230454,   1.076,   1.498,9999.000,9999.000,9999.000,9999.000,9999.000,9999.000,9999.000
202607230500,   1.101,   1.508,   0.000,   0.407,   1.508,   0.000,   1.508,   0.000,   1.508
202607230506,   1.127,   1.538,9999.000,9999.000,9999.000,9999.000,9999.000,9999.000,9999.000
202607230512,   1.152,   1.548,9999.000,9999.000,9999.000,9999.000,9999.000,9999.000,9999.000
202607230518,   1.177,   1.590,9999.000,9999.000,9999.000,9999.000,9999.000,9999.000,9999.000
202607230524,   1.203,   1.610,9999.000,9999.000,9999.000,9999.000,9999.000,9999.000,9999.000
202607230530,   1.228,   1.639,9999.000,9999.000,9999.000,9999.000,9999.000,9999.000,9999.000
202607230536,   1.254,   1.649,9999.000,9999.000,9999.000,9999.000,9999.000,9999.000,9999.000
202607230542,   1.279,   1.669,9999.000,9999.000,9999.000,9999.000,9999.000,9999.000,9999.000
202607230548,   1.304,   1.718,9999.000,9999.000,9999.000,9999.000,9999.000,9999.000,9999.000
202607230554,   1.329,   1.738,9999.000,9999.000,9999.000,9999.000,9999.000,9999.000,9999.000
202607230600,   1.354,   1.767,   0.000,   0.413,   1.767,   0.000,   1.767,   0.000,   1.767
202607230606,   1.379,   1.800,9999.000,9999.000,9999.000,9999.000,9999.000,9999.000,9999.000
202607230612,   1.403,   1.820,9999.000,9999.000,9999.000,9999.000,9999.000,9999.000,9999.000
202607230618,   1.428,   1.830,9999.000,9999.000,9999.000,9999.000,9999.000,9999.000,9999.000
202607230624,   1.452,   1.899,9999.000,9999.000,9999.000,9999.000,9999.000,9999.000,9999.000
202607230630,   1.476,   1.889,9999.000,9999.000,9999.000,9999.000,9999.000,9999.000,9999.000
202607230636,   1.499,   1.928,9999.000,9999.000,9999.000,9999.000,9999.000,9999.000,9999.000
202607230642,   1.522,   1.918,9999.000,9999.000,9999.000,9999.000,9999.000,9999.000,9999.000
202607230648,   1.544,   1.928,9999.000,9999.000,9999.000,9999.000,9999.000,9999.000,9999.000
202607230654,   1.566,   1.928,9999.000,9999.000,9999.000,9999.000,9999.000,9999.000,9999.000
202607230700,   1.587,   1.981,   0.000,   0.394,   1.981,   0.000,   1.981,   0.000,   1.981
202607230706,   1.607,   1.967,9999.000,9999.000,9999.000,9999.000,9999.000,9999.000,9999.000
202607230712,   1.626,   2.020,9999.000,9999.000,9999.000,9999.000,9999.000,9999.000,9999.000
202607230718,   1.644,   2.030,9999.000,9999.000,9999.000,9999.000,9999.000,9999.000,9999.000
202607230724,   1.660,   2.020,9999.000,9999.000,9999.000,9999.000,9999.000,9999.000,9999.000
202607230730,   1.676,   2.040,9999.000,9999.000,9999.000,9999.000,9999.000,9999.000,9999.000
202607230736,   1.690,   2.030,9999.000,9999.000,9999.000,9999.000,9999.000,9999.000,9999.000
202607230742,   1.702,   2.040,9999.000,9999.000,9999.000,9999.000,9999.000,9999.000,9999.000
202607230748,   1.712,   2.059,9999.000,9999.000,9999.000,9999.000,9999.000,9999.000,9999.000
202607230754,   1.721,   2.069,9999.000,9999.000,9999.000,9999.000,9999.000,9999.000,9999.000
202607230800,   1.728,   2.059,   0.000,   0.331,   2.059,   0.000,   2.059,   0.000,   2.059
202607230806,   1.732,   2.109,9999.000,9999.000,9999.000,9999.000,9999.000,9999.000,9999.000
202607230812,   1.735,   2.069,9999.000,9999.000,9999.000,9999.000,9999.000,9999.000,9999.000
202607230818,   1.736,   2.059,9999.000,9999.000,9999.000,9999.000,9999.000,9999.000,9999.000
202607230824,   1.734,   2.059,9999.000,9999.000,9999.000,9999.000,9999.000,9999.000,9999.000
202607230830,   1.731,   2.020,9999.000,9999.000,9999.000,9999.000,9999.000,9999.000,9999.000
202607230836,   1.725,   2.049,9999.000,9999.000,9999.000,9999.000,9999.000,9999.000,9999.000
202607230842,   1.717,   2.040,9999.000,9999.000,9999.000,9999.000,9999.000,9999.000,9999.000
202607230848,   1.708,   2.000,9999.000,9999.000,9999.000,9999.000,9999.000,9999.000,9999.000
202607230854,   1.696,   1.990,9999.000,9999.000,9999.000,9999.000,9999.000,9999.000,9999.000
202607230900,   1.682,   1.981,   0.000,   0.299,   1.981,   0.000,   1.981,   0.000,   1.981
202607230906,   1.667,   1.948,9999.000,9999.000,9999.000,9999.000,9999.000,9999.000,9999.000
202607230912,   1.650,   1.967,9999.000,9999.000,9999.000,9999.000,9999.000,9999.000,9999.000
202607230918,   1.632,   1.958,9999.000,9999.000,9999.000,9999.000,9999.000,9999.000,9999.000
202607230924,   1.612,   1.938,9999.000,9999.000,9999.000,9999.000,9999.000,9999.000,9999.000
202607230930,   1.592,   1.928,9999.000,9999.000,9999.000,9999.000,9999.000,9999.000,9999.000
202607230936,   1.570,   1.889,9999.000,9999.000,9999.000,9999.000,9999.000,9999.000,9999.000
202607230942,   1.547,   1.879,9999.000,9999.000,9999.000,9999.000,9999.000,9999.000,9999.000
202607230948,   1.523,   1.830,9999.000,9999.000,9999.000,9999.000,9999.000,9999.000,9999.000
202607230954,   1.499,   1.830,9999.000,9999.000,9999.000,9999.000,9999.000,9999.000,9999.000
202607231000,   1.474,   1.800,   0.000,   0.326,   1.800,   0.000,   1.800,   0.000,   1.800
202607231006,   1.449,   1.767,9999.000,9999.000,9999.000,9999.000,9999.000,9999.000,9999.000
202607231012,   1.424,   1.728,9999.000,9999.000,9999.000,9999.000,9999.000,9999.000,9999.000
202607231018,   1.399,   1.669,9999.000,9999.000,9999.000,9999.000,9999.000,9999.000,9999.000
202607231024,   1.373,   1.639,9999.000,9999.000,9999.000,9999.000,9999.000,9999.000,9999.000
202607231030,   1.348,   1.630,9999.000,9999.000,9999.000,9999.000,9999.000,9999.000,9999.000
202607231036,   1.323,   1.620,9999.000,9999.000,9999.000,9999.000,9999.000,9999.000,9999.000
202607231042,   1.298,   1.600,9999.000,9999.000,9999.000,9999.000,9999.000,9999.000,9999.000
202607231048,   1.273,   1.590,9999.000,9999.000,9999.000,9999.000,9999.000,9999.000,9999.000
202607231054,   1.249,   1.557,9999.000,9999.000,9999.000,9999.000,9999.000,9999.000,9999.000
202607231100,   1.224,   1.528,   0.000,   0.304,   1.528,   0.000,   1.528,   0.000,   1.528
202607231106,   1.200,   1.508,9999.000,9999.000,9999.000,9999.000,9999.000,9999.000,9999.000
202607231112,   1.177,   1.459,9999.000,9999.000,9999.000,9999.000,9999.000,9999.000,9999.000
202607231118,   1.153,   1.439,9999.000,9999.000,9999.000,9999.000,9999.000,9999.000,9999.000
202607231124,   1.130,   1.410,9999.000,9999.000,9999.000,9999.000,9999.000,9999.000,9999.000
202607231130,   1.107,   1.380,9999.000,9999.000,9999.000,9999.000,9999.000,9999.000,9999.000
202607231136,   1.085,   1.348,9999.000,9999.000,9999.000,9999.000,9999.000,9999.000,9999.000
202607231142,   1.062,   1.318,9999.000,9999.000,9999.000,9999.000,9999.000,9999.000,9999.000
202607231148,   1.040,   1.298,9999.000,9999.000,9999.000,9999.000,9999.000,9999.000,9999.000
202607231154,   1.018,   1.269,9999.000,9999.000,9999.000,9999.000,9999.000,9999.000,9999.000
202607231200,   0.996,   1.259,   0.000,   0.263,   1.259,   0.000,   1.259,   0.000,   1.259
202607231206,   0.975,   1.239,9999.000,9999.000,9999.000,9999.000,9999.000,9999.000,9999.000
202607231212,   0.953,   1.210,9999.000,9999.000,9999.000,9999.000,9999.000,9999.000,9999.000
202607231218,   0.932,   1.170,9999.000,9999.000,9999.000,9999.000,9999.000,9999.000,9999.000
202607231224,   0.911,   1.161,9999.000,9999.000,9999.000,9999.000,9999.000,9999.000,9999.000
202607231230,   0.890,   1.138,9999.000,9999.000,9999.000,9999.000,9999.000,9999.000,9999.000
202607231236,   0.869,   1.128,9999.000,9999.000,9999.000,9999.000,9999.000,9999.000,9999.000
202607231242,   0.848,   1.108,9999.000,9999.000,9999.000,9999.000,9999.000,9999.000,9999.000
202607231248,   0.827,   1.088,9999.000,9999.000,9999.000,9999.000,9999.000,9999.000,9999.000
202607231254,   0.807,   1.069,9999.000,9999.000,9999.000,9999.000,9999.000,9999.000,9999.000
202607231300,   0.787,   1.029,   0.000,   0.242,   1.029,   0.000,   1.029,   0.000,   1.029
202607231306,   0.767,   1.010,9999.000,9999.000,9999.000,9999.000,9999.000,9999.000,9999.000
202607231312,   0.748,   0.970,9999.000,9999.000,9999.000,9999.000,9999.000,9999.000,9999.000
202607231318,   0.729,   0.951,9999.000,9999.000,9999.000,9999.000,9999.000,9999.000,9999.000
202607231324,   0.711,   0.951,9999.000,9999.000,9999.000,9999.000,9999.000,9999.000,9999.000
202607231330,   0.694,   0.941,9999.000,9999.000,9999.000,9999.000,9999.000,9999.000,9999.000
202607231336,   0.677,   0.908,9999.000,9999.000,9999.000,9999.000,9999.000,9999.000,9999.000
202607231342,   0.661,   0.908,9999.000,9999.000,9999.000,9999.000,9999.000,9999.000,9999.000
202607231348,   0.646,   0.898,9999.000,9999.000,9999.000,9999.000,9999.000,9999.000,9999.000
202607231354,   0.632,   0.869,9999.000,9999.000,9999.000,9999.000,9999.000,9999.000,9999.000
202607231400,   0.619,   0.859,   0.000,   0.240,   0.859,   0.000,   0.859,   0.000,   0.859
202607231406,   0.607,   0.839,9999.000,9999.000,9999.000,9999.000,9999.000,9999.000,9999.000
202607231412,   0.597,   0.839,9999.000,9999.000,9999.000,9999.000,9999.000,9999.000,9999.000
202607231418,   0.588,   0.810,9999.000,9999.000,9999.000,9999.000,9999.000,9999.000,9999.000
202607231424,   0.581,   0.810,9999.000,9999.000,9999.000,9999.000,9999.000,9999.000,9999.000
202607231430,   0.575,   0.810,9999.000,9999.000,9999.000,9999.000,9999.000,9999.000,9999.000
202607231436,   0.571,   0.780,9999.000,9999.000,9999.000,9999.000,9999.000,9999.000,9999.000
202607231442,   0.569,   0.780,9999.000,9999.000,9999.000,9999.000,9999.000,9999.000,9999.000
202607231448,   0.569,   0.770,9999.000,9999.000,9999.000,9999.000,9999.000,9999.000,9999.000
202607231454,   0.571,   0.741,9999.000,9999.000,9999.000,9999.000,9999.000,9999.000,9999.000
202607231500,   0.574,   0.760,   0.000,   0.186,   0.760,   0.000,   0.760,   0.100,   0.860
202607231506,   0.580,   0.780,9999.000,9999.000,9999.000,9999.000,9999.000,9999.000,9999.000
202607231512,   0.588,   0.790,9999.000,9999.000,9999.000,9999.000,9999.000,9999.000,9999.000
202607231518,   0.598,   0.810,9999.000,9999.000,9999.000,9999.000,9999.000,9999.000,9999.000
202607231524,   0.610,   0.819,9999.000,9999.000,9999.000,9999.000,9999.000,9999.000,9999.000
202607231530,   0.624,   0.839,9999.000,9999.000,9999.000,9999.000,9999.000,9999.000,9999.000
202607231536,   0.640,   0.859,9999.000,9999.000,9999.000,9999.000,9999.000,9999.000,9999.000
202607231542,   0.658,   0.849,9999.000,9999.000,9999.000,9999.000,9999.000,9999.000,9999.000
202607231548,   0.677,   0.859,9999.000,9999.000,9999.000,9999.000,9999.000,9999.000,9999.000
202607231554,   0.699,   0.908,9999.000,9999.000,9999.000,9999.000,9999.000,9999.000,9999.000
202607231600,   0.723,   0.941,   0.000,   0.218,   0.941,   0.000,   0.941,   0.000,   0.941
202607231606,   0.748,   0.961,9999.000,9999.000,9999.000,9999.000,9999.000,9999.000,9999.000
202607231612,   0.774,   1.000,9999.000,9999.000,9999.000,9999.000,9999.000,9999.000,9999.000
202607231618,   0.803,   1.020,9999.000,9999.000,9999.000,9999.000,9999.000,9999.000,9999.000
202607231624,   0.832,   1.029,9999.000,9999.000,9999.000,9999.000,9999.000,9999.000,9999.000
202607231630,   0.863,   1.059,9999.000,9999.000,9999.000,9999.000,9999.000,9999.000,9999.000
202607231636,   0.894,   1.108,9999.000,9999.000,9999.000,9999.000,9999.000,9999.000,9999.000
202607231642,   0.927,   1.128,9999.000,9999.000,9999.000,9999.000,9999.000,9999.000,9999.000
202607231648,   0.960,   1.170,9999.000,9999.000,9999.000,9999.000,9999.000,9999.000,9999.000
202607231654,   0.995,   1.180,9999.000,9999.000,9999.000,9999.000,9999.000,9999.000,9999.000
202607231700,   1.029,   1.220,   0.000,   0.191,   1.220,   0.000,   1.220,   0.100,   1.320
202607231706,   1.065,   1.239,9999.000,9999.000,9999.000,9999.000,9999.000,9999.000,9999.000
202607231712,   1.100,   1.289,9999.000,9999.000,9999.000,9999.000,9999.000,9999.000,9999.000
202607231718,   1.136,   1.338,9999.000,9999.000,9999.000,9999.000,9999.000,9999.000,9999.000
202607231724,   1.173,   1.371,9999.000,9999.000,9999.000,9999.000,9999.000,9999.000,9999.000
202607231730,   1.209,   1.420,9999.000,9999.000,9999.000,9999.000,9999.000,9999.000,9999.000
202607231736,   1.245,   1.449,9999.000,9999.000,9999.000,9999.000,9999.000,9999.000,9999.000
202607231742,   1.282,   1.479,9999.000,9999.000,9999.000,9999.000,9999.000,9999.000,9999.000
202607231748,   1.319,   1.528,9999.000,9999.000,9999.000,9999.000,9999.000,9999.000,9999.000
202607231754,   1.355,   1.571,9999.000,9999.000,9999.000,9999.000,9999.000,9999.000,9999.000
202607231800,   1.392,   1.610,   0.100,   0.118,   1.610,   0.000,   1.510,   0.100,   1.610
202607231806,   1.428,   1.649,9999.000,9999.000,9999.000,9999.000,9999.000,9999.000,9999.000
202607231812,   1.464,   1.679,9999.000,9999.000,9999.000,9999.000,9999.000,9999.000,9999.000
202607231818,   1.500,   1.708,9999.000,9999.000,9999.000,9999.000,9999.000,9999.000,9999.000
202607231824,   1.536,   1.748,9999.000,9999.000,9999.000,9999.000,9999.000,9999.000,9999.000
202607231830,   1.572,   1.767,9999.000,9999.000,9999.000,9999.000,9999.000,9999.000,9999.000
202607231836,   1.607,   1.830,9999.000,9999.000,9999.000,9999.000,9999.000,9999.000,9999.000
202607231842,   1.643,   1.869,9999.000,9999.000,9999.000,9999.000,9999.000,9999.000,9999.000
202607231848,   1.677,   1.918,9999.000,9999.000,9999.000,9999.000,9999.000,9999.000,9999.000
202607231854,   1.712,   1.948,9999.000,9999.000,9999.000,9999.000,9999.000,9999.000,9999.000
202607231900,   1.746,   1.990,   0.100,   0.144,   1.990,   0.000,   1.890,   0.100,   1.990
202607231906,   1.779,   2.020,9999.000,9999.000,9999.000,9999.000,9999.000,9999.000,9999.000
202607231912,   1.812,   2.059,9999.000,9999.000,9999.000,9999.000,9999.000,9999.000,9999.000
202607231918,   1.844,   2.099,9999.000,9999.000,9999.000,9999.000,9999.000,9999.000,9999.000
202607231924,   1.875,   2.109,9999.000,9999.000,9999.000,9999.000,9999.000,9999.000,9999.000
202607231930,   1.905,   2.168,9999.000,9999.000,9999.000,9999.000,9999.000,9999.000,9999.000
202607231936,   1.934,   2.191,9999.000,9999.000,9999.000,9999.000,9999.000,9999.000,9999.000
202607231942,   1.962,   2.230,9999.000,9999.000,9999.000,9999.000,9999.000,9999.000,9999.000
202607231948,   1.988,   2.259,9999.000,9999.000,9999.000,9999.000,9999.000,9999.000,9999.000
202607231954,   2.013,   2.269,9999.000,9999.000,9999.000,9999.000,9999.000,9999.000,9999.000
202607232000,   2.036,   2.289,   0.100,   0.153,   2.289,   0.000,   2.189,   0.100,   2.289
202607232006,   2.057,   2.338,9999.000,9999.000,9999.000,9999.000,9999.000,9999.000,9999.000
202607232012,   2.077,   2.387,9999.000,9999.000,9999.000,9999.000,9999.000,9999.000,9999.000
202607232018,   2.094,   2.400,9999.000,9999.000,9999.000,9999.000,9999.000,9999.000,9999.000
202607232024,   2.110,   2.400,9999.000,9999.000,9999.000,9999.000,9999.000,9999.000,9999.000
202607232030,   2.123,   2.430,9999.000,9999.000,9999.000,9999.000,9999.000,9999.000,9999.000
202607232036,   2.134,   2.440,9999.000,9999.000,9999.000,9999.000,9999.000,9999.000,9999.000
202607232042,   2.142,   2.469,9999.000,9999.000,9999.000,9999.000,9999.000,9999.000,9999.000
202607232048,   2.148,   2.499,9999.000,9999.000,9999.000,9999.000,9999.000,9999.000,9999.000
202607232054,   2.152,   2.519,9999.000,9999.000,9999.000,9999.000,9999.000,9999.000,9999.000
202607232100,   2.154,   2.509,   0.100,   0.255,   2.509,   0.000,   2.409,   0.100,   2.509
202607232106,   2.153,   2.519,9999.000,9999.000,9999.000,9999.000,9999.000,9999.000,9999.000
202607232112,   2.150,   2.538,9999.000,9999.000,9999.000,9999.000,9999.000,9999.000,9999.000
202607232118,   2.145,   2.568,9999.000,9999.000,9999.000,9999.000,9999.000,9999.000,9999.000
202607232124,   2.138,   2.499,9999.000,9999.000,9999.000,9999.000,9999.000,9999.000,9999.000
202607232130,   2.129,   2.489,9999.000,9999.000,9999.000,9999.000,9999.000,9999.000,9999.000
202607232136,   2.118,   2.489,9999.000,9999.000,9999.000,9999.000,9999.000,9999.000,9999.000
202607232142,   2.105,   2.499,9999.000,9999.000,9999.000,9999.000,9999.000,9999.000,9999.000
202607232148,   2.090,   2.489,9999.000,9999.000,9999.000,9999.000,9999.000,9999.000,9999.000
202607232154,   2.075,   2.440,9999.000,9999.000,9999.000,9999.000,9999.000,9999.000,9999.000
202607232200,   2.057,   2.410,   0.100,   0.253,   2.410,   0.000,   2.310,   0.100,   2.410
202607232206,   2.039,   2.377,9999.000,9999.000,9999.000,9999.000,9999.000,9999.000,9999.000
202607232212,   2.019,   2.377,9999.000,9999.000,9999.000,9999.000,9999.000,9999.000,9999.000
202607232218,   1.999,   2.377,9999.000,9999.000,9999.000,9999.000,9999.000,9999.000,9999.000
202607232224,   1.977,   2.348,9999.000,9999.000,9999.000,9999.000,9999.000,9999.000,9999.000
202607232230,   1.956,   2.299,9999.000,9999.000,9999.000,9999.000,9999.000,9999.000,9999.000
202607232236,   1.933,   2.250,9999.000,9999.000,9999.000,9999.000,9999.000,9999.000,9999.000
202607232242,   1.910,   2.240,9999.000,9999.000,9999.000,9999.000,9999.000,9999.000,9999.000
202607232248,   1.886,   2.200,9999.000,9999.000,9999.000,9999.000,9999.000,9999.000,9999.000
202607232254,   1.863,   2.168,9999.000,9999.000,9999.000,9999.000,9999.000,9999.000,9999.000
202607232300,   1.839,   2.148,   0.100,   0.209,   2.148,   0.100,   2.148,   0.100,   2.148
202607232306,   1.815,   2.109,9999.000,9999.000,9999.000,9999.000,9999.000,9999.000,9999.000
202607232312,   1.790,   2.079,9999.000,9999.000,9999.000,9999.000,9999.000,9999.000,9999.000
202607232318,   1.766,   2.040,9999.000,9999.000,9999.000,9999.000,9999.000,9999.000,9999.000
202607232324,   1.741,   2.010,9999.000,9999.000,9999.000,9999.000,9999.000,9999.000,9999.000
202607232330,   1.716,   1.948,9999.000,9999.000,9999.000,9999.000,9999.000,9999.000,9999.000
202607232336,   1.691,   1.928,9999.000,9999.000,9999.000,9999.000,9999.000,9999.000,9999.000
202607232342,   1.666,   1.899,9999.000,9999.000,9999.000,9999.000,9999.000,9999.000,9999.000
202607232348,   1.641,   1.869,9999.000,9999.000,9999.000,9999.000,9999.000,9999.000,9999.000
202607232354,   1.616,   1.840,9999.000,9999.000,9999.000,9999.000,9999.000,9999.000,9999.000
202607240000,   1.591,   1.800,   0.100,   0.109,   1.800,   0.100,   1.800,   0.100,   1.800
202607240006,   1.565,   1.800,9999.000,9999.000,9999.000,9999.000,9999.000,9999.000,9999.000
202607240012,   1.539,   1.758,9999.000,9999.000,9999.000,9999.000,9999.000,9999.000,9999.000
202607240018,   1.513,   1.728,9999.000,9999.000,9999.000,9999.000,9999.000,9999.000,9999.000
202607240024,   1.487,   1.689,9999.000,9999.000,9999.000,9999.000,9999.000,9999.000,9999.000
202607240030,   1.461,   1.669,9999.000,9999.000,9999.000,9999.000,9999.000,9999.000,9999.000
202607240036,   1.434,   1.639,9999.000,9999.000,9999.000,9999.000,9999.000,9999.000,9999.000
202607240042,   1.407,   1.620,9999.000,9999.000,9999.000,9999.000,9999.000,9999.000,9999.000
202607240048,   1.380,   1.590,9999.000,9999.000,9999.000,9999.000,9999.000,9999.000,9999.000
202607240054,   1.353,   1.548,9999.000,9999.000,9999.000,9999.000,9999.000,9999.000,9999.000
202607240100,   1.325,   1.508,   0.100,   0.083,   1.508,   0.100,   1.508,   0.100,   1.508
202607240106,   1.298,   1.489,9999.000,9999.000,9999.000,9999.000,9999.000,9999.000,9999.000
202607240112,   1.270,   1.459,9999.000,9999.000,9999.000,9999.000,9999.000,9999.000,9999.000
202607240118,   1.242,   1.439,9999.000,9999.000,9999.000,9999.000,9999.000,9999.000,9999.000
202607240124,   1.215,   1.420,9999.000,9999.000,9999.000,9999.000,9999.000,9999.000,9999.000
202607240130,   1.187,   1.390,9999.000,9999.000,9999.000,9999.000,9999.000,9999.000,9999.000
202607240136,   1.160,   1.371,9999.000,9999.000,9999.000,9999.000,9999.000,9999.000,9999.000
202607240142,   1.132,   1.348,9999.000,9999.000,9999.000,9999.000,9999.000,9999.000,9999.000
202607240148,   1.105,   1.318,9999.000,9999.000,9999.000,9999.000,9999.000,9999.000,9999.000
202607240154,   1.079,   1.289,9999.000,9999.000,9999.000,9999.000,9999.000,9999.000,9999.000
202607240200,   1.053,   1.269,   0.100,   0.116,   1.269,   0.100,   1.269,   0.100,   1.269
202607240206,   1.028,   1.249,9999.000,9999.000,9999.000,9999.000,9999.000,9999.000,9999.000
202607240212,   1.003,   1.220,9999.000,9999.000,9999.000,9999.000,9999.000,9999.000,9999.000
202607240218,   0.979,   1.200,9999.000,9999.000,9999.000,9999.000,9999.000,9999.000,9999.000
202607240224,   0.957,   1.161,9999.000,9999.000,9999.000,9999.000,9999.000,9999.000,9999.000
202607240230,   0.935,   1.161,9999.000,9999.000,9999.000,9999.000,9999.000,9999.000,9999.000
202607240236,   0.914,   1.128,9999.000,9999.000,9999.000,9999.000,9999.000,9999.000,9999.000
202607240242,   0.894,   1.069,9999.000,9999.000,9999.000,9999.000,9999.000,9999.000,9999.000
202607240248,   0.876,   1.059,9999.000,9999.000,9999.000,9999.000,9999.000,9999.000,9999.000
202607240254,   0.859,   1.029,9999.000,9999.000,9999.000,9999.000,9999.000,9999.000,9999.000
202607240300,   0.844,   1.020,   0.100,   0.076,   1.020,   0.100,   1.020,   0.100,   1.020
202607240306,   0.831,   1.000,9999.000,9999.000,9999.000,9999.000,9999.000,9999.000,9999.000
202607240312,   0.819,   0.990,9999.000,9999.000,9999.000,9999.000,9999.000,9999.000,9999.000
202607240318,   0.808,   0.990,9999.000,9999.000,9999.000,9999.000,9999.000,9999.000,9999.000
202607240324,   0.800,   0.970,9999.000,9999.000,9999.000,9999.000,9999.000,9999.000,9999.000
202607240330,   0.793,   0.961,9999.000,9999.000,9999.000,9999.000,9999.000,9999.000,9999.000
202607240336,   0.788,   0.941,9999.000,9999.000,9999.000,9999.000,9999.000,9999.000,9999.000
202607240342,   0.785,   0.918,9999.000,9999.000,9999.000,9999.000,9999.000,9999.000,9999.000
202607240348,   0.784,   0.918,9999.000,9999.000,9999.000,9999.000,9999.000,9999.000,9999.000
202607240354,   0.785,   0.898,9999.000,9999.000,9999.000,9999.000,9999.000,9999.000,9999.000
202607240400,   0.788,   0.888,   0.100,   0.000,   0.888,   0.100,   0.888,   0.100,   0.888
202607240406,   0.792,   0.898,9999.000,9999.000,9999.000,9999.000,9999.000,9999.000,9999.000
202607240412,   0.798,   0.908,9999.000,9999.000,9999.000,9999.000,9999.000,9999.000,9999.000
202607240418,   0.806,   0.908,9999.000,9999.000,9999.000,9999.000,9999.000,9999.000,9999.000
202607240424,   0.815,   0.888,9999.000,9999.000,9999.000,9999.000,9999.000,9999.000,9999.000
202607240430,   0.826,   0.888,9999.000,9999.000,9999.000,9999.000,9999.000,9999.000,9999.000
202607240436,   0.839,   0.898,9999.000,9999.000,9999.000,9999.000,9999.000,9999.000,9999.000
202607240442,   0.853,   0.908,9999.000,9999.000,9999.000,9999.000,9999.000,9999.000,9999.000
202607240448,   0.868,   0.918,9999.000,9999.000,9999.000,9999.000,9999.000,9999.000,9999.000
202607240454,   0.884,   0.951,9999.000,9999.000,9999.000,9999.000,9999.000,9999.000,9999.000
202607240500,   0.901,   0.970,   0.100,  -0.031,   0.970,   0.100,   0.970,   0.100,   0.970
202607240506,   0.919,   0.970,9999.000,9999.000,9999.000,9999.000,9999.000,9999.000,9999.000
202607240512,   0.938,   0.980,9999.000,9999.000,9999.000,9999.000,9999.000,9999.000,9999.000
202607240518,   0.958,   1.020,9999.000,9999.000,9999.000,9999.000,9999.000,9999.000,9999.000
202607240524,   0.979,   1.029,9999.000,9999.000,9999.000,9999.000,9999.000,9999.000,9999.000
202607240530,   1.000,   1.049,9999.000,9999.000,9999.000,9999.000,9999.000,9999.000,9999.000
202607240536,   1.021,   1.079,9999.000,9999.000,9999.000,9999.000,9999.000,9999.000,9999.000
202607240542,   1.043,   1.088,9999.000,9999.000,9999.000,9999.000,9999.000,9999.000,9999.000
202607240548,   1.065,   1.108,9999.000,9999.000,9999.000,9999.000,9999.000,9999.000,9999.000
202607240554,   1.087,9999.000,9999.000,9999.000,9999.000,9999.000,9999.000,9999.000,9999.000
202607240600,   1.110,9999.000,   0.100,  -0.004,   1.206,   0.100,   1.206,   0.100,   1.206
202607240606,   1.133,9999.000,9999.000,9999.000,9999.000,9999.000,9999.000,9999.000,9999.000
202607240612,   1.156,9999.000,9999.000,9999.000,9999.000,9999.000,9999.000,9999.000,9999.000
202607240618,   1.179,9999.000,9999.000,9999.000,9999.000,9999.000,9999.000,9999.000,9999.000
202607240624,   1.202,9999.000,9999.000,9999.000,9999.000,9999.000,9999.000,9999.000,9999.000
202607240630,   1.226,9999.000,9999.000,9999.000,9999.000,9999.000,9999.000,9999.000,9999.000
202607240636,   1.249,9999.000,9999.000,9999.000,9999.000,9999.000,9999.000,9999.000,9999.000
202607240642,   1.272,9999.000,9999.000,9999.000,9999.000,9999.000,9999.000,9999.000,9999.000
202607240648,   1.296,9999.000,9999.000,9999.000,9999.000,9999.000,9999.000,9999.000,9999.000
202607240654,   1.319,9999.000,9999.000,9999.000,9999.000,9999.000,9999.000,9999.000,9999.000
202607240700,   1.343,9999.000,   0.100,   0.024,   1.467,   0.100,   1.467,   0.200,   1.567
202607240706,   1.366,9999.000,9999.000,9999.000,9999.000,9999.000,9999.000,9999.000,9999.000
202607240712,   1.389,9999.000,9999.000,9999.000,9999.000,9999.000,9999.000,9999.000,9999.000
202607240718,   1.412,9999.000,9999.000,9999.000,9999.000,9999.000,9999.000,9999.000,9999.000
202607240724,   1.435,9999.000,9999.000,9999.000,9999.000,9999.000,9999.000,9999.000,9999.000
202607240730,   1.457,9999.000,9999.000,9999.000,9999.000,9999.000,9999.000,9999.000,9999.000
202607240736,   1.479,9999.000,9999.000,9999.000,9999.000,9999.000,9999.000,9999.000,9999.000
202607240742,   1.501,9999.000,9999.000,9999.000,9999.000,9999.000,9999.000,9999.000,9999.000
202607240748,   1.522,9999.000,9999.000,9999.000,9999.000,9999.000,9999.000,9999.000,9999.000
202607240754,   1.542,9999.000,9999.000,9999.000,9999.000,9999.000,9999.000,9999.000,9999.000
202607240800,   1.561,9999.000,   0.100,   0.051,   1.712,   0.100,   1.712,   0.200,   1.812
202607240806,   1.579,9999.000,9999.000,9999.000,9999.000,9999.000,9999.000,9999.000,9999.000
202607240812,   1.596,9999.000,9999.000,9999.000,9999.000,9999.000,9999.000,9999.000,9999.000
202607240818,   1.612,9999.000,9999.000,9999.000,9999.000,9999.000,9999.000,9999.000,9999.000
202607240824,   1.627,9999.000,9999.000,9999.000,9999.000,9999.000,9999.000,9999.000,9999.000
202607240830,   1.640,9999.000,9999.000,9999.000,9999.000,9999.000,9999.000,9999.000,9999.000
202607240836,   1.651,9999.000,9999.000,9999.000,9999.000,9999.000,9999.000,9999.000,9999.000
202607240842,   1.661,9999.000,9999.000,9999.000,9999.000,9999.000,9999.000,9999.000,9999.000
202607240848,   1.669,9999.000,9999.000,9999.000,9999.000,9999.000,9999.000,9999.000,9999.000
202607240854,   1.675,9999.000,9999.000,9999.000,9999.000,9999.000,9999.000,9999.000,9999.000
202607240900,   1.679,9999.000,   0.200,   0.079,   1.958,   0.100,   1.858,   0.200,   1.958
202607240906,   1.681,9999.000,9999.000,9999.000,9999.000,9999.000,9999.000,9999.000,9999.000
202607240912,   1.682,9999.000,9999.000,9999.000,9999.000,9999.000,9999.000,9999.000,9999.000
202607240918,   1.680,9999.000,9999.000,9999.000,9999.000,9999.000,9999.000,9999.000,9999.000
202607240924,   1.676,9999.000,9999.000,9999.000,9999.000,9999.000,9999.000,9999.000,9999.000
202607240930,   1.670,9999.000,9999.000,9999.000,9999.000,9999.000,9999.000,9999.000,9999.000
202607240936,   1.663,9999.000,9999.000,9999.000,9999.000,9999.000,9999.000,9999.000,9999.000
202607240942,   1.653,9999.000,9999.000,9999.000,9999.000,9999.000,9999.000,9999.000,9999.000
202607240948,   1.642,9999.000,9999.000,9999.000,9999.000,9999.000,9999.000,9999.000,9999.000
202607240954,   1.629,9999.000,9999.000,9999.000,9999.000,9999.000,9999.000,9999.000,9999.000
202607241000,   1.615,9999.000,   0.200,   0.106,   1.921,   0.100,   1.821,   0.200,   1.921
202607241006,   1.599,9999.000,9999.000,9999.000,9999.000,9999.000,9999.000,9999.000,9999.000
202607241012,   1.582,9999.000,9999.000,9999.000,9999.000,9999.000,9999.000,9999.000,9999.000
202607241018,   1.564,9999.000,9999.000,9999.000,9999.000,9999.000,9999.000,9999.000,9999.000
202607241024,   1.544,9999.000,9999.000,9999.000,9999.000,9999.000,9999.000,9999.000,9999.000
202607241030,   1.524,9999.000,9999.000,9999.000,9999.000,9999.000,9999.000,9999.000,9999.000
202607241036,   1.503,9999.000,9999.000,9999.000,9999.000,9999.000,9999.000,9999.000,9999.000
202607241042,   1.482,9999.000,9999.000,9999.000,9999.000,9999.000,9999.000,9999.000,9999.000
202607241048,   1.460,9999.000,9999.000,9999.000,9999.000,9999.000,9999.000,9999.000,9999.000
202607241054,   1.437,9999.000,9999.000,9999.000,9999.000,9999.000,9999.000,9999.000,9999.000
202607241100,   1.414,9999.000,   0.100,   0.134,   1.648,   0.100,   1.648,   0.200,   1.748
202607241106,   1.391,9999.000,9999.000,9999.000,9999.000,9999.000,9999.000,9999.000,9999.000
202607241112,   1.368,9999.000,9999.000,9999.000,9999.000,9999.000,9999.000,9999.000,9999.000
202607241118,   1.345,9999.000,9999.000,9999.000,9999.000,9999.000,9999.000,9999.000,9999.000
202607241124,   1.322,9999.000,9999.000,9999.000,9999.000,9999.000,9999.000,9999.000,9999.000
202607241130,   1.299,9999.000,9999.000,9999.000,9999.000,9999.000,9999.000,9999.000,9999.000
202607241136,   1.276,9999.000,9999.000,9999.000,9999.000,9999.000,9999.000,9999.000,9999.000
202607241142,   1.253,9999.000,9999.000,9999.000,9999.000,9999.000,9999.000,9999.000,9999.000
202607241148,   1.230,9999.000,9999.000,9999.000,9999.000,9999.000,9999.000,9999.000,9999.000
202607241154,   1.208,9999.000,9999.000,9999.000,9999.000,9999.000,9999.000,9999.000,9999.000
202607241200,   1.185,9999.000,   0.100,   0.161,   1.446,   0.100,   1.446,   0.200,   1.546
202607241206,   1.163,9999.000,9999.000,9999.000,9999.000,9999.000,9999.000,9999.000,9999.000
202607241212,   1.141,9999.000,9999.000,9999.000,9999.000,9999.000,9999.000,9999.000,9999.000
202607241218,   1.119,9999.000,9999.000,9999.000,9999.000,9999.000,9999.000,9999.000,9999.000
202607241224,   1.097,9999.000,9999.000,9999.000,9999.000,9999.000,9999.000,9999.000,9999.000
202607241230,   1.075,9999.000,9999.000,9999.000,9999.000,9999.000,9999.000,9999.000,9999.000
202607241236,   1.053,9999.000,9999.000,9999.000,9999.000,9999.000,9999.000,9999.000,9999.000
202607241242,   1.031,9999.000,9999.000,9999.000,9999.000,9999.000,9999.000,9999.000,9999.000
202607241248,   1.010,9999.000,9999.000,9999.000,9999.000,9999.000,9999.000,9999.000,9999.000
202607241254,   0.988,9999.000,9999.000,9999.000,9999.000,9999.000,9999.000,9999.000,9999.000
202607241300,   0.967,9999.000,   0.100,   0.189,   1.256,   0.100,   1.256,   0.200,   1.356
202607241306,   0.946,9999.000,9999.000,9999.000,9999.000,9999.000,9999.000,9999.000,9999.000
202607241312,   0.924,9999.000,9999.000,9999.000,9999.000,9999.000,9999.000,9999.000,9999.000
202607241318,   0.903,9999.000,9999.000,9999.000,9999.000,9999.000,9999.000,9999.000,9999.000
202607241324,   0.882,9999.000,9999.000,9999.000,9999.000,9999.000,9999.000,9999.000,9999.000
202607241330,   0.862,9999.000,9999.000,9999.000,9999.000,9999.000,9999.000,9999.000,9999.000
202607241336,   0.841,9999.000,9999.000,9999.000,9999.000,9999.000,9999.000,9999.000,9999.000
202607241342,   0.821,9999.000,9999.000,9999.000,9999.000,9999.000,9999.000,9999.000,9999.000
202607241348,   0.801,9999.000,9999.000,9999.000,9999.000,9999.000,9999.000,9999.000,9999.000
202607241354,   0.782,9999.000,9999.000,9999.000,9999.000,9999.000,9999.000,9999.000,9999.000
202607241400,   0.763,9999.000,   0.200,   0.216,   1.179,   0.100,   1.079,   0.200,   1.179
202607241406,   0.744,9999.000,9999.000,9999.000,9999.000,9999.000,9999.000,9999.000,9999.000
202607241412,   0.726,9999.000,9999.000,9999.000,9999.000,9999.000,9999.000,9999.000,9999.000
202607241418,   0.709,9999.000,9999.000,9999.000,9999.000,9999.000,9999.000,9999.000,9999.000
202607241424,   0.693,9999.000,9999.000,9999.000,9999.000,9999.000,9999.000,9999.000,9999.000
202607241430,   0.678,9999.000,9999.000,9999.000,9999.000,9999.000,9999.000,9999.000,9999.000
202607241436,   0.663,9999.000,9999.000,9999.000,9999.000,9999.000,9999.000,9999.000,9999.000
202607241442,   0.650,9999.000,9999.000,9999.000,9999.000,9999.000,9999.000,9999.000,9999.000
202607241448,   0.637,9999.000,9999.000,9999.000,9999.000,9999.000,9999.000,9999.000,9999.000
202607241454,   0.626,9999.000,9999.000,9999.000,9999.000,9999.000,9999.000,9999.000,9999.000
202607241500,   0.617,9999.000,   0.200,   0.244,   1.061,   0.200,   1.061,   0.200,   1.061
202607241506,   0.608,9999.000,9999.000,9999.000,9999.000,9999.000,9999.000,9999.000,9999.000
202607241512,   0.602,9999.000,9999.000,9999.000,9999.000,9999.000,9999.000,9999.000,9999.000
202607241518,   0.596,9999.000,9999.000,9999.000,9999.000,9999.000,9999.000,9999.000,9999.000
202607241524,   0.593,9999.000,9999.000,9999.000,9999.000,9999.000,9999.000,9999.000,9999.000
202607241530,   0.591,9999.000,9999.000,9999.000,9999.000,9999.000,9999.000,9999.000,9999.000
202607241536,   0.591,9999.000,9999.000,9999.000,9999.000,9999.000,9999.000,9999.000,9999.000
202607241542,   0.592,9999.000,9999.000,9999.000,9999.000,9999.000,9999.000,9999.000,9999.000
202607241548,   0.596,9999.000,9999.000,9999.000,9999.000,9999.000,9999.000,9999.000,9999.000
202607241554,   0.601,9999.000,9999.000,9999.000,9999.000,9999.000,9999.000,9999.000,9999.000
202607241600,   0.608,9999.000,   0.200,   0.271,   1.079,   0.200,   1.079,   0.300,   1.179
202607241606,   0.618,9999.000,9999.000,9999.000,9999.000,9999.000,9999.000,9999.000,9999.000
202607241612,   0.629,9999.000,9999.000,9999.000,9999.000,9999.000,9999.000,9999.000,9999.000
202607241618,   0.642,9999.000,9999.000,9999.000,9999.000,9999.000,9999.000,9999.000,9999.000
202607241624,   0.657,9999.000,9999.000,9999.000,9999.000,9999.000,9999.000,9999.000,9999.000
202607241630,   0.674,9999.000,9999.000,9999.000,9999.000,9999.000,9999.000,9999.000,9999.000
202607241636,   0.692,9999.000,9999.000,9999.000,9999.000,9999.000,9999.000,9999.000,9999.000
202607241642,   0.713,9999.000,9999.000,9999.000,9999.000,9999.000,9999.000,9999.000,9999.000
202607241648,   0.735,9999.000,9999.000,9999.000,9999.000,9999.000,9999.000,9999.000,9999.000
202607241654,   0.758,9999.000,9999.000,9999.000,9999.000,9999.000,9999.000,9999.000,9999.000
202607241700,   0.783,9999.000,   0.200,   0.298,   1.281,   0.200,   1.281,   0.300,   1.381
202607241706,   0.810,9999.000,9999.000,9999.000,9999.000,9999.000,9999.000,9999.000,9999.000
202607241712,   0.837,9999.000,9999.000,9999.000,9999.000,9999.000,9999.000,9999.000,9999.000
202607241718,   0.866,9999.000,9999.000,9999.000,9999.000,9999.000,9999.000,9999.000,9999.000
202607241724,   0.897,9999.000,9999.000,9999.000,9999.000,9999.000,9999.000,9999.000,9999.000
202607241730,   0.928,9999.000,9999.000,9999.000,9999.000,9999.000,9999.000,9999.000,9999.000
202607241736,   0.960,9999.000,9999.000,9999.000,9999.000,9999.000,9999.000,9999.000,9999.000
202607241742,   0.992,9999.000,9999.000,9999.000,9999.000,9999.000,9999.000,9999.000,9999.000
202607241748,   1.026,9999.000,9999.000,9999.000,9999.000,9999.000,9999.000,9999.000,9999.000
202607241754,   1.060,9999.000,9999.000,9999.000,9999.000,9999.000,9999.000,9999.000,9999.000
202607241800,   1.094,9999.000,   0.200,   0.298,   1.592,   0.200,   1.592,   0.300,   1.692
202607241806,   1.129,9999.000,9999.000,9999.000,9999.000,9999.000,9999.000,9999.000,9999.000
202607241812,   1.164,9999.000,9999.000,9999.000,9999.000,9999.000,9999.000,9999.000,9999.000
202607241818,   1.200,9999.000,9999.000,9999.000,9999.000,9999.000,9999.000,9999.000,9999.000
202607241824,   1.236,9999.000,9999.000,9999.000,9999.000,9999.000,9999.000,9999.000,9999.000
202607241830,   1.272,9999.000,9999.000,9999.000,9999.000,9999.000,9999.000,9999.000,9999.000
202607241836,   1.308,9999.000,9999.000,9999.000,9999.000,9999.000,9999.000,9999.000,9999.000
202607241842,   1.344,9999.000,9999.000,9999.000,9999.000,9999.000,9999.000,9999.000,9999.000
202607241848,   1.380,9999.000,9999.000,9999.000,9999.000,9999.000,9999.000,9999.000,9999.000
202607241854,   1.416,9999.000,9999.000,9999.000,9999.000,9999.000,9999.000,9999.000,9999.000
202607241900,   1.453,9999.000,   0.300,   0.298,   2.051,   0.200,   1.951,   0.300,   2.051
202607241906,   1.489,9999.000,9999.000,9999.000,9999.000,9999.000,9999.000,9999.000,9999.000
202607241912,   1.525,9999.000,9999.000,9999.000,9999.000,9999.000,9999.000,9999.000,9999.000
202607241918,   1.561,9999.000,9999.000,9999.000,9999.000,9999.000,9999.000,9999.000,9999.000
202607241924,   1.597,9999.000,9999.000,9999.000,9999.000,9999.000,9999.000,9999.000,9999.000
202607241930,   1.632,9999.000,9999.000,9999.000,9999.000,9999.000,9999.000,9999.000,9999.000
202607241936,   1.667,9999.000,9999.000,9999.000,9999.000,9999.000,9999.000,9999.000,9999.000
202607241942,   1.702,9999.000,9999.000,9999.000,9999.000,9999.000,9999.000,9999.000,9999.000
202607241948,   1.737,9999.000,9999.000,9999.000,9999.000,9999.000,9999.000,9999.000,9999.000
202607241954,   1.771,9999.000,9999.000,9999.000,9999.000,9999.000,9999.000,9999.000,9999.000
202607242000,   1.804,9999.000,   0.300,   0.298,   2.402,   0.300,   2.402,   0.400,   2.502
202607242006,   1.837,9999.000,9999.000,9999.000,9999.000,9999.000,9999.000,9999.000,9999.000
202607242012,   1.869,9999.000,9999.000,9999.000,9999.000,9999.000,9999.000,9999.000,9999.000
202607242018,   1.900,9999.000,9999.000,9999.000,9999.000,9999.000,9999.000,9999.000,9999.000
202607242024,   1.930,9999.000,9999.000,9999.000,9999.000,9999.000,9999.000,9999.000,9999.000
202607242030,   1.958,9999.000,9999.000,9999.000,9999.000,9999.000,9999.000,9999.000,9999.000
202607242036,   1.986,9999.000,9999.000,9999.000,9999.000,9999.000,9999.000,9999.000,9999.000
202607242042,   2.011,9999.000,9999.000,9999.000,9999.000,9999.000,9999.000,9999.000,9999.000
202607242048,   2.036,9999.000,9999.000,9999.000,9999.000,9999.000,9999.000,9999.000,9999.000
202607242054,   2.058,9999.000,9999.000,9999.000,9999.000,9999.000,9999.000,9999.000,9999.000
202607242100,   2.079,9999.000,   0.300,   0.298,   2.677,   0.300,   2.677,   0.400,   2.777
202607242106,   2.098,9999.000,9999.000,9999.000,9999.000,9999.000,9999.000,9999.000,9999.000
202607242112,   2.115,9999.000,9999.000,9999.000,9999.000,9999.000,9999.000,9999.000,9999.000
202607242118,   2.130,9999.000,9999.000,9999.000,9999.000,9999.000,9999.000,9999.000,9999.000
202607242124,   2.142,9999.000,9999.000,9999.000,9999.000,9999.000,9999.000,9999.000,9999.000
202607242130,   2.153,9999.000,9999.000,9999.000,9999.000,9999.000,9999.000,9999.000,9999.000
202607242136,   2.161,9999.000,9999.000,9999.000,9999.000,9999.000,9999.000,9999.000,9999.000
202607242142,   2.166,9999.000,9999.000,9999.000,9999.000,9999.000,9999.000,9999.000,9999.000
202607242148,   2.170,9999.000,9999.000,9999.000,9999.000,9999.000,9999.000,9999.000,9999.000
202607242154,   2.171,9999.000,9999.000,9999.000,9999.000,9999.000,9999.000,9999.000,9999.000
202607242200,   2.170,9999.000,   0.400,   0.298,   2.868,   0.300,   2.768,   0.400,   2.868
202607242206,   2.167,9999.000,9999.000,9999.000,9999.000,9999.000,9999.000,9999.000,9999.000
202607242212,   2.162,9999.000,9999.000,9999.000,9999.000,9999.000,9999.000,9999.000,9999.000
202607242218,   2.155,9999.000,9999.000,9999.000,9999.000,9999.000,9999.000,9999.000,9999.000
202607242224,   2.146,9999.000,9999.000,9999.000,9999.000,9999.000,9999.000,9999.000,9999.000
202607242230,   2.135,9999.000,9999.000,9999.000,9999.000,9999.000,9999.000,9999.000,9999.000
202607242236,   2.123,9999.000,9999.000,9999.000,9999.000,9999.000,9999.000,9999.000,9999.000
202607242242,   2.109,9999.000,9999.000,9999.000,9999.000,9999.000,9999.000,9999.000,9999.000
202607242248,   2.093,9999.000,9999.000,9999.000,9999.000,9999.000,9999.000,9999.000,9999.000
202607242254,   2.077,9999.000,9999.000,9999.000,9999.000,9999.000,9999.000,9999.000,9999.000
202607242300,   2.059,9999.000,   0.400,   0.298,   2.757,   0.300,   2.657,   0.400,   2.757
202607242306,   2.040,9999.000,9999.000,9999.000,9999.000,9999.000,9999.000,9999.000,9999.000
202607242312,   2.020,9999.000,9999.000,9999.000,9999.000,9999.000,9999.000,9999.000,9999.000
202607242318,   1.999,9999.000,9999.000,9999.000,9999.000,9999.000,9999.000,9999.000,9999.000
202607242324,   1.977,9999.000,9999.000,9999.000,9999.000,9999.000,9999.000,9999.000,9999.000
202607242330,   1.955,9999.000,9999.000,9999.000,9999.000,9999.000,9999.000,9999.000,9999.000
202607242336,   1.932,9999.000,9999.000,9999.000,9999.000,9999.000,9999.000,9999.000,9999.000
202607242342,   1.909,9999.000,9999.000,9999.000,9999.000,9999.000,9999.000,9999.000,9999.000
202607242348,   1.885,9999.000,9999.000,9999.000,9999.000,9999.000,9999.000,9999.000,9999.000
202607242354,   1.861,9999.000,9999.000,9999.000,9999.000,9999.000,9999.000,9999.000,9999.000
202607250000,   1.837,9999.000,   0.400,   0.298,   2.535,   0.400,   2.535,   0.500,   2.635
202607250006,   1.812,9999.000,9999.000,9999.000,9999.000,9999.000,9999.000,9999.000,9999.000
202607250012,   1.787,9999.000,9999.000,9999.000,9999.000,9999.000,9999.000,9999.000,9999.000
202607250018,   1.761,9999.000,9999.000,9999.000,9999.000,9999.000,9999.000,9999.000,9999.000
202607250024,   1.736,9999.000,9999.000,9999.000,9999.000,9999.000,9999.000,9999.000,9999.000
202607250030,   1.710,9999.000,9999.000,9999.000,9999.000,9999.000,9999.000,9999.000,9999.000
202607250036,   1.683,9999.000,9999.000,9999.000,9999.000,9999.000,9999.000,9999.000,9999.000
202607250042,   1.657,9999.000,9999.000,9999.000,9999.000,9999.000,9999.000,9999.000,9999.000
202607250048,   1.630,9999.000,9999.000,9999.000,9999.000,9999.000,9999.000,9999.000,9999.000
202607250054,   1.603,9999.000,9999.000,9999.000,9999.000,9999.000,9999.000,9999.000,9999.000
202607250100,   1.576,9999.000,   0.400,   0.298,   2.274,   0.400,   2.274,   0.500,   2.374
202607250106,   1.549,9999.000,9999.000,9999.000,9999.000,9999.000,9999.000,9999.000,9999.000
202607250112,   1.521,9999.000,9999.000,9999.000,9999.000,9999.000,9999.000,9999.000,9999.000
202607250118,   1.493,9999.000,9999.000,9999.000,9999.000,9999.000,9999.000,9999.000,9999.000
202607250124,   1.465,9999.000,9999.000,9999.000,9999.000,9999.000,9999.000,9999.000,9999.000
202607250130,   1.437,9999.000,9999.000,9999.000,9999.000,9999.000,9999.000,9999.000,9999.000
202607250136,   1.408,9999.000,9999.000,9999.000,9999.000,9999.000,9999.000,9999.000,9999.000
202607250142,   1.379,9999.000,9999.000,9999.000,9999.000,9999.000,9999.000,9999.000,9999.000
202607250148,   1.351,9999.000,9999.000,9999.000,9999.000,9999.000,9999.000,9999.000,9999.000
202607250154,   1.322,9999.000,9999.000,9999.000,9999.000,9999.000,9999.000,9999.000,9999.000
202607250200,   1.293,9999.000,   0.400,   0.298,   1.991,   0.400,   1.991,   0.500,   2.091
202607250206,   1.265,9999.000,9999.000,9999.000,9999.000,9999.000,9999.000,9999.000,9999.000
202607250212,   1.236,9999.000,9999.000,9999.000,9999.000,9999.000,9999.000,9999.000,9999.000
202607250218,   1.208,9999.000,9999.000,9999.000,9999.000,9999.000,9999.000,9999.000,9999.000
202607250224,   1.179,9999.000,9999.000,9999.000,9999.000,9999.000,9999.000,9999.000,9999.000
202607250230,   1.152,9999.000,9999.000,9999.000,9999.000,9999.000,9999.000,9999.000,9999.000
202607250236,   1.124,9999.000,9999.000,9999.000,9999.000,9999.000,9999.000,9999.000,9999.000
202607250242,   1.097,9999.000,9999.000,9999.000,9999.000,9999.000,9999.000,9999.000,9999.000
202607250248,   1.071,9999.000,9999.000,9999.000,9999.000,9999.000,9999.000,9999.000,9999.000
202607250254,   1.045,9999.000,9999.000,9999.000,9999.000,9999.000,9999.000,9999.000,9999.000
202607250300,   1.020,9999.000,   0.400,   0.298,   1.718,   0.400,   1.718,   0.500,   1.818
202607250306,   0.996,9999.000,9999.000,9999.000,9999.000,9999.000,9999.000,9999.000,9999.000
202607250312,   0.972,9999.000,9999.000,9999.000,9999.000,9999.000,9999.000,9999.000,9999.000
202607250318,   0.950,9999.000,9999.000,9999.000,9999.000,9999.000,9999.000,9999.000,9999.000
202607250324,   0.928,9999.000,9999.000,9999.000,9999.000,9999.000,9999.000,9999.000,9999.000
202607250330,   0.908,9999.000,9999.000,9999.000,9999.000,9999.000,9999.000,9999.000,9999.000
202607250336,   0.889,9999.000,9999.000,9999.000,9999.000,9999.000,9999.000,9999.000,9999.000
202607250342,   0.872,9999.000,9999.000,9999.000,9999.000,9999.000,9999.000,9999.000,9999.000
202607250348,   0.855,9999.000,9999.000,9999.000,9999.000,9999.000,9999.000,9999.000,9999.000
202607250354,   0.841,9999.000,9999.000,9999.000,9999.000,9999.000,9999.000,9999.000,9999.000
202607250400,   0.827,9999.000,   0.500,   0.298,   1.625,   0.400,   1.525,   0.500,   1.625
202607250406,   0.816,9999.000,9999.000,9999.000,9999.000,9999.000,9999.000,9999.000,9999.000
202607250412,   0.806,9999.000,9999.000,9999.000,9999.000,9999.000,9999.000,9999.000,9999.000
202607250418,   0.797,9999.000,9999.000,9999.000,9999.000,9999.000,9999.000,9999.000,9999.000
202607250424,   0.791,9999.000,9999.000,9999.000,9999.000,9999.000,9999.000,9999.000,9999.000
202607250430,   0.786,9999.000,9999.000,9999.000,9999.000,9999.000,9999.000,9999.000,9999.000
202607250436,   0.783,9999.000,9999.000,9999.000,9999.000,9999.000,9999.000,9999.000,9999.000
202607250442,   0.782,9999.000,9999.000,9999.000,9999.000,9999.000,9999.000,9999.000,9999.000
202607250448,   0.782,9999.000,9999.000,9999.000,9999.000,9999.000,9999.000,9999.000,9999.000
202607250454,   0.784,9999.000,9999.000,9999.000,9999.000,9999.000,9999.000,9999.000,9999.000
202607250500,   0.788,9999.000,   0.500,   0.298,   1.586,   0.400,   1.486,   0.500,   1.586
202607250506,   0.794,9999.000,9999.000,9999.000,9999.000,9999.000,9999.000,9999.000,9999.000
202607250512,   0.801,9999.000,9999.000,9999.000,9999.000,9999.000,9999.000,9999.000,9999.000
202607250518,   0.810,9999.000,9999.000,9999.000,9999.000,9999.000,9999.000,9999.000,9999.000
202607250524,   0.820,9999.000,9999.000,9999.000,9999.000,9999.000,9999.000,9999.000,9999.000
202607250530,   0.831,9999.000,9999.000,9999.000,9999.000,9999.000,9999.000,9999.000,9999.000
202607250536,   0.844,9999.000,9999.000,9999.000,9999.000,9999.000,9999.000,9999.000,9999.000
202607250542,   0.859,9999.000,9999.000,9999.000,9999.000,9999.000,9999.000,9999.000,9999.000
202607250548,   0.874,9999.000,9999.000,9999.000,9999.000,9999.000,9999.000,9999.000,9999.000
202607250554,   0.890,9999.000,9999.000,9999.000,9999.000,9999.000,9999.000,9999.000,9999.000
202607250600,   0.908,9999.000,   0.500,   0.298,   1.706,   0.400,   1.606,   0.500,   1.706
202607250606,   0.926,9999.000,9999.000,9999.000,9999.000,9999.000,9999.000,9999.000,9999.000
202607250612,   0.945,9999.000,9999.000,9999.000,9999.000,9999.000,9999.000,9999.000,9999.000
202607250618,   0.965,9999.000,9999.000,9999.000,9999.000,9999.000,9999.000,9999.000,9999.000
202607250624,   0.985,9999.000,9999.000,9999.000,9999.000,9999.000,9999.000,9999.000,9999.000
202607250630,   1.006,9999.000,9999.000,9999.000,9999.000,9999.000,9999.000,9999.000,9999.000
202607250636,   1.028,9999.000,9999.000,9999.000,9999.000,9999.000,9999.000,9999.000,9999.000
202607250642,   1.050,9999.000,9999.000,9999.000,9999.000,9999.000,9999.000,9999.000,9999.000
202607250648,   1.072,9999.000,9999.000,9999.000,9999.000,9999.000,9999.000,9999.000,9999.000
202607250654,   1.094,9999.000,9999.000,9999.000,9999.000,9999.000,9999.000,9999.000,9999.000
202607250700,   1.117,9999.000,   0.500,   0.298,   1.915,   0.400,   1.815,   0.500,   1.915
202607250706,   1.140,9999.000,9999.000,9999.000,9999.000,9999.000,9999.000,9999.000,9999.000
202607250712,   1.163,9999.000,9999.000,9999.000,9999.000,9999.000,9999.000,9999.000,9999.000
202607250718,   1.187,9999.000,9999.000,9999.000,9999.000,9999.000,9999.000,9999.000,9999.000
202607250724,   1.210,9999.000,9999.000,9999.000,9999.000,9999.000,9999.000,9999.000,9999.000
202607250730,   1.234,9999.000,9999.000,9999.000,9999.000,9999.000,9999.000,9999.000,9999.000
202607250736,   1.258,9999.000,9999.000,9999.000,9999.000,9999.000,9999.000,9999.000,9999.000
202607250742,   1.282,9999.000,9999.000,9999.000,9999.000,9999.000,9999.000,9999.000,9999.000
202607250748,   1.306,9999.000,9999.000,9999.000,9999.000,9999.000,9999.000,9999.000,9999.000
202607250754,   1.329,9999.000,9999.000,9999.000,9999.000,9999.000,9999.000,9999.000,9999.000
202607250800,   1.353,9999.000,   0.500,   0.298,   2.151,   0.400,   2.051,   0.500,   2.151
202607250806,   1.377,9999.000,9999.000,9999.000,9999.000,9999.000,9999.000,9999.000,9999.000
202607250812,   1.400,9999.000,9999.000,9999.000,9999.000,9999.000,9999.000,9999.000,9999.000
202607250818,   1.423,9999.000,9999.000,9999.000,9999.000,9999.000,9999.000,9999.000,9999.000
202607250824,   1.446,9999.000,9999.000,9999.000,9999.000,9999.000,9999.000,9999.000,9999.000
202607250830,   1.468,9999.000,9999.000,9999.000,9999.000,9999.000,9999.000,9999.000,9999.000
202607250836,   1.489,9999.000,9999.000,9999.000,9999.000,9999.000,9999.000,9999.000,9999.000
202607250842,   1.510,9999.000,9999.000,9999.000,9999.000,9999.000,9999.000,9999.000,9999.000
202607250848,   1.531,9999.000,9999.000,9999.000,9999.000,9999.000,9999.000,9999.000,9999.000
202607250854,   1.550,9999.000,9999.000,9999.000,9999.000,9999.000,9999.000,9999.000,9999.000
202607250900,   1.568,9999.000,   0.500,   0.298,   2.366,   0.400,   2.266,   0.600,   2.466
202607250906,   1.585,9999.000,9999.000,9999.000,9999.000,9999.000,9999.000,9999.000,9999.000
202607250912,   1.601,9999.000,9999.000,9999.000,9999.000,9999.000,9999.000,9999.000,9999.000
202607250918,   1.615,9999.000,9999.000,9999.000,9999.000,9999.000,9999.000,9999.000,9999.000
202607250924,   1.628,9999.000,9999.000,9999.000,9999.000,9999.000,9999.000,9999.000,9999.000
202607250930,   1.640,9999.000,9999.000,9999.000,9999.000,9999.000,9999.000,9999.000,9999.000
202607250936,   1.649,9999.000,9999.000,9999.000,9999.000,9999.000,9999.000,9999.000,9999.000
202607250942,   1.657,9999.000,9999.000,9999.000,9999.000,9999.000,9999.000,9999.000,9999.000
202607250948,   1.663,9999.000,9999.000,9999.000,9999.000,9999.000,9999.000,9999.000,9999.000
202607250954,   1.667,9999.000,9999.000,9999.000,9999.000,9999.000,9999.000,9999.000,9999.000
202607251000,   1.670,9999.000,   0.500,   0.298,   2.468,   0.400,   2.368,   0.600,   2.568
202607251006,   1.670,9999.000,9999.000,9999.000,9999.000,9999.000,9999.000,9999.000,9999.000
202607251012,   1.668,9999.000,9999.000,9999.000,9999.000,9999.000,9999.000,9999.000,9999.000
202607251018,   1.665,9999.000,9999.000,9999.000,9999.000,9999.000,9999.000,9999.000,9999.000
202607251024,   1.659,9999.000,9999.000,9999.000,9999.000,9999.000,9999.000,9999.000,9999.000
202607251030,   1.652,9999.000,9999.000,9999.000,9999.000,9999.000,9999.000,9999.000,9999.000
202607251036,   1.643,9999.000,9999.000,9999.000,9999.000,9999.000,9999.000,9999.000,9999.000
202607251042,   1.632,9999.000,9999.000,9999.000,9999.000,9999.000,9999.000,9999.000,9999.000
202607251048,   1.620,9999.000,9999.000,9999.000,9999.000,9999.000,9999.000,9999.000,9999.000
202607251054,   1.606,9999.000,9999.000,9999.000,9999.000,9999.000,9999.000,9999.000,9999.000
202607251100,   1.590,9999.000,   0.500,   0.298,   2.388,   0.400,   2.288,   0.600,   2.488
202607251106,   1.574,9999.000,9999.000,9999.000,9999.000,9999.000,9999.000,9999.000,9999.000
202607251112,   1.556,9999.000,9999.000,9999.000,9999.000,9999.000,9999.000,9999.000,9999.000
202607251118,   1.537,9999.000,9999.000,9999.000,9999.000,9999.000,9999.000,9999.000,9999.000
202607251124,   1.517,9999.000,9999.000,9999.000,9999.000,9999.000,9999.000,9999.000,9999.000
202607251130,   1.497,9999.000,9999.000,9999.000,9999.000,9999.000,9999.000,9999.000,9999.000
202607251136,   1.475,9999.000,9999.000,9999.000,9999.000,9999.000,9999.000,9999.000,9999.000
202607251142,   1.454,9999.000,9999.000,9999.000,9999.000,9999.000,9999.000,9999.000,9999.000
202607251148,   1.431,9999.000,9999.000,9999.000,9999.000,9999.000,9999.000,9999.000,9999.000
202607251154,   1.408,9999.000,9999.000,9999.000,9999.000,9999.000,9999.000,9999.000,9999.000
202607251200,   1.385,9999.000,   0.500,   0.298,   2.183,   0.400,   2.083,   0.600,   2.283
202607251206,   1.362,9999.000,9999.000,9999.000,9999.000,9999.000,9999.000,9999.000,9999.000
202607251212,   1.338,9999.000,9999.000,9999.000,9999.000,9999.000,9999.000,9999.000,9999.000
202607251218,   1.315,9999.000,9999.000,9999.000,9999.000,9999.000,9999.000,9999.000,9999.000
202607251224,   1.291,9999.000,9999.000,9999.000,9999.000,9999.000,9999.000,9999.000,9999.000
202607251230,   1.267,9999.000,9999.000,9999.000,9999.000,9999.000,9999.000,9999.000,9999.000
202607251236,   1.243,9999.000,9999.000,9999.000,9999.000,9999.000,9999.000,9999.000,9999.000
202607251242,   1.220,9999.000,9999.000,9999.000,9999.000,9999.000,9999.000,9999.000,9999.000
202607251248,   1.196,9999.000,9999.000,9999.000,9999.000,9999.000,9999.000,9999.000,9999.000
202607251254,   1.172,9999.000,9999.000,9999.000,9999.000,9999.000,9999.000,9999.000,9999.000
202607251300,   1.149,9999.000,   0.500,   0.298,   1.947,   0.400,   1.847,   0.600,   2.047
202607251306,   1.126,9999.000,9999.000,9999.000,9999.000,9999.000,9999.000,9999.000,9999.000
202607251312,   1.102,9999.000,9999.000,9999.000,9999.000,9999.000,9999.000,9999.000,9999.000
202607251318,   1.079,9999.000,9999.000,9999.000,9999.000,9999.000,9999.000,9999.000,9999.000
202607251324,   1.056,9999.000,9999.000,9999.000,9999.000,9999.000,9999.000,9999.000,9999.000
202607251330,   1.033,9999.000,9999.000,9999.000,9999.000,9999.000,9999.000,9999.000,9999.000
202607251336,   1.011,9999.000,9999.000,9999.000,9999.000,9999.000,9999.000,9999.000,9999.000
202607251342,   0.988,9999.000,9999.000,9999.000,9999.000,9999.000,9999.000,9999.000,9999.000
202607251348,   0.966,9999.000,9999.000,9999.000,9999.000,9999.000,9999.000,9999.000,9999.000
202607251354,   0.944,9999.000,9999.000,9999.000,9999.000,9999.000,9999.000,9999.000,9999.000
202607251400,   0.922,9999.000,   0.500,   0.298,   1.720,   0.400,   1.620,   0.600,   1.820
202607251406,   0.900,9999.000,9999.000,9999.000,9999.000,9999.000,9999.000,9999.000,9999.000
202607251412,   0.879,9999.000,9999.000,9999.000,9999.000,9999.000,9999.000,9999.000,9999.000
202607251418,   0.858,9999.000,9999.000,9999.000,9999.000,9999.000,9999.000,9999.000,9999.000
202607251424,   0.837,9999.000,9999.000,9999.000,9999.000,9999.000,9999.000,9999.000,9999.000
202607251430,   0.817,9999.000,9999.000,9999.000,9999.000,9999.000,9999.000,9999.000,9999.000
202607251436,   0.797,9999.000,9999.000,9999.000,9999.000,9999.000,9999.000,9999.000,9999.000
202607251442,   0.778,9999.000,9999.000,9999.000,9999.000,9999.000,9999.000,9999.000,9999.000
202607251448,   0.759,9999.000,9999.000,9999.000,9999.000,9999.000,9999.000,9999.000,9999.000
202607251454,   0.741,9999.000,9999.000,9999.000,9999.000,9999.000,9999.000,9999.000,9999.000
202607251500,   0.724,9999.000,   0.600,   0.298,   1.622,   0.500,   1.522,   0.700,   1.722
202607251506,   0.707,9999.000,9999.000,9999.000,9999.000,9999.000,9999.000,9999.000,9999.000
202607251512,   0.691,9999.000,9999.000,9999.000,9999.000,9999.000,9999.000,9999.000,9999.000
202607251518,   0.676,9999.000,9999.000,9999.000,9999.000,9999.000,9999.000,9999.000,9999.000
202607251524,   0.662,9999.000,9999.000,9999.000,9999.000,9999.000,9999.000,9999.000,9999.000
202607251530,   0.649,9999.000,9999.000,9999.000,9999.000,9999.000,9999.000,9999.000,9999.000
202607251536,   0.637,9999.000,9999.000,9999.000,9999.000,9999.000,9999.000,9999.000,9999.000
202607251542,   0.626,9999.000,9999.000,9999.000,9999.000,9999.000,9999.000,9999.000,9999.000
202607251548,   0.617,9999.000,9999.000,9999.000,9999.000,9999.000,9999.000,9999.000,9999.000
202607251554,   0.609,9999.000,9999.000,9999.000,9999.000,9999.000,9999.000,9999.000,9999.000
202607251600,   0.602,9999.000,   0.600,   0.298,   1.500,   0.500,   1.400,   0.700,   1.600
202607251606,   0.596,9999.000,9999.000,9999.000,9999.000,9999.000,9999.000,9999.000,9999.000
202607251612,   0.592,9999.000,9999.000,9999.000,9999.000,9999.000,9999.000,9999.000,9999.000
202607251618,   0.590,9999.000,9999.000,9999.000,9999.000,9999.000,9999.000,9999.000,9999.000
202607251624,   0.589,9999.000,9999.000,9999.000,9999.000,9999.000,9999.000,9999.000,9999.000
202607251630,   0.590,9999.000,9999.000,9999.000,9999.000,9999.000,9999.000,9999.000,9999.000
202607251636,   0.593,9999.000,9999.000,9999.000,9999.000,9999.000,9999.000,9999.000,9999.000
202607251642,   0.597,9999.000,9999.000,9999.000,9999.000,9999.000,9999.000,9999.000,9999.000
202607251648,   0.604,9999.000,9999.000,9999.000,9999.000,9999.000,9999.000,9999.000,9999.000
202607251654,   0.612,9999.000,9999.000,9999.000,9999.000,9999.000,9999.000,9999.000,9999.000
202607251700,   0.622,9999.000,   0.600,   0.298,   1.520,   0.500,   1.420,   0.700,   1.620
202607251706,   0.634,9999.000,9999.000,9999.000,9999.000,9999.000,9999.000,9999.000,9999.000
202607251712,   0.648,9999.000,9999.000,9999.000,9999.000,9999.000,9999.000,9999.000,9999.000
202607251718,   0.663,9999.000,9999.000,9999.000,9999.000,9999.000,9999.000,9999.000,9999.000
202607251724,   0.681,9999.000,9999.000,9999.000,9999.000,9999.000,9999.000,9999.000,9999.000
202607251730,   0.700,9999.000,9999.000,9999.000,9999.000,9999.000,9999.000,9999.000,9999.000
202607251736,   0.721,9999.000,9999.000,9999.000,9999.000,9999.000,9999.000,9999.000,9999.000
202607251742,   0.744,9999.000,9999.000,9999.000,9999.000,9999.000,9999.000,9999.000,9999.000
202607251748,   0.768,9999.000,9999.000,9999.000,9999.000,9999.000,9999.000,9999.000,9999.000
202607251754,   0.794,9999.000,9999.000,9999.000,9999.000,9999.000,9999.000,9999.000,9999.000
202607251800,   0.821,9999.000,   0.600,   0.298,   1.719,   0.500,   1.619,   0.700,   1.819
202607251806,   0.850,9999.000,9999.000,9999.000,9999.000,9999.000,9999.000,9999.000,9999.000
202607251812,   0.880,9999.000,9999.000,9999.000,9999.000,9999.000,9999.000,9999.000,9999.000
202607251818,   0.911,9999.000,9999.000,9999.000,9999.000,9999.000,9999.000,9999.000,9999.000
202607251824,   0.943,9999.000,9999.000,9999.000,9999.000,9999.000,9999.000,9999.000,9999.000
202607251830,   0.976,9999.000,9999.000,9999.000,9999.000,9999.000,9999.000,9999.000,9999.000
202607251836,   1.010,9999.000,9999.000,9999.000,9999.000,9999.000,9999.000,9999.000,9999.000
202607251842,   1.044,9999.000,9999.000,9999.000,9999.000,9999.000,9999.000,9999.000,9999.000
202607251848,   1.079,9999.000,9999.000,9999.000,9999.000,9999.000,9999.000,9999.000,9999.000
202607251854,   1.115,9999.000,9999.000,9999.000,9999.000,9999.000,9999.000,9999.000,9999.000
202607251900,   1.151,9999.000,   0.700,   0.298,   2.149,   0.600,   2.049,   0.800,   2.249
202607251906,   1.188,9999.000,9999.000,9999.000,9999.000,9999.000,9999.000,9999.000,9999.000
202607251912,   1.225,9999.000,9999.000,9999.000,9999.000,9999.000,9999.000,9999.000,9999.000
202607251918,   1.262,9999.000,9999.000,9999.000,9999.000,9999.000,9999.000,9999.000,9999.000
202607251924,   1.299,9999.000,9999.000,9999.000,9999.000,9999.000,9999.000,9999.000,9999.000
202607251930,   1.337,9999.000,9999.000,9999.000,9999.000,9999.000,9999.000,9999.000,9999.000
202607251936,   1.374,9999.000,9999.000,9999.000,9999.000,9999.000,9999.000,9999.000,9999.000
202607251942,   1.412,9999.000,9999.000,9999.000,9999.000,9999.000,9999.000,9999.000,9999.000
202607251948,   1.449,9999.000,9999.000,9999.000,9999.000,9999.000,9999.000,9999.000,9999.000
202607251954,   1.487,9999.000,9999.000,9999.000,9999.000,9999.000,9999.000,9999.000,9999.000
202607252000,   1.524,9999.000,   0.700,   0.298,   2.522,   0.600,   2.422,   0.800,   2.622
202607252006,   1.561,9999.000,9999.000,9999.000,9999.000,9999.000,9999.000,9999.000,9999.000
202607252012,   1.599,9999.000,9999.000,9999.000,9999.000,9999.000,9999.000,9999.000,9999.000
202607252018,   1.635,9999.000,9999.000,9999.000,9999.000,9999.000,9999.000,9999.000,9999.000
202607252024,   1.672,9999.000,9999.000,9999.000,9999.000,9999.000,9999.000,9999.000,9999.000
202607252030,   1.708,9999.000,9999.000,9999.000,9999.000,9999.000,9999.000,9999.000,9999.000
202607252036,   1.744,9999.000,9999.000,9999.000,9999.000,9999.000,9999.000,9999.000,9999.000
202607252042,   1.779,9999.000,9999.000,9999.000,9999.000,9999.000,9999.000,9999.000,9999.000
202607252048,   1.814,9999.000,9999.000,9999.000,9999.000,9999.000,9999.000,9999.000,9999.000
202607252054,   1.848,9999.000,9999.000,9999.000,9999.000,9999.000,9999.000,9999.000,9999.000
202607252100,   1.882,9999.000,   0.700,   0.298,   2.880,   0.600,   2.780,   0.800,   2.980
202607252106,   1.914,9999.000,9999.000,9999.000,9999.000,9999.000,9999.000,9999.000,9999.000
202607252112,   1.945,9999.000,9999.000,9999.000,9999.000,9999.000,9999.000,9999.000,9999.000
202607252118,   1.975,9999.000,9999.000,9999.000,9999.000,9999.000,9999.000,9999.000,9999.000
202607252124,   2.004,9999.000,9999.000,9999.000,9999.000,9999.000,9999.000,9999.000,9999.000
202607252130,   2.032,9999.000,9999.000,9999.000,9999.000,9999.000,9999.000,9999.000,9999.000
202607252136,   2.058,9999.000,9999.000,9999.000,9999.000,9999.000,9999.000,9999.000,9999.000
202607252142,   2.082,9999.000,9999.000,9999.000,9999.000,9999.000,9999.000,9999.000,9999.000
202607252148,   2.105,9999.000,9999.000,9999.000,9999.000,9999.000,9999.000,9999.000,9999.000
202607252154,   2.126,9999.000,9999.000,9999.000,9999.000,9999.000,9999.000,9999.000,9999.000
202607252200,   2.144,9999.000,   0.700,   0.298,   3.142,   0.600,   3.042,   0.800,   3.242
202607252206,   2.161,9999.000,9999.000,9999.000,9999.000,9999.000,9999.000,9999.000,9999.000
202607252212,   2.176,9999.000,9999.000,9999.000,9999.000,9999.000,9999.000,9999.000,9999.000
202607252218,   2.188,9999.000,9999.000,9999.000,9999.000,9999.000,9999.000,9999.000,9999.000
202607252224,   2.198,9999.000,9999.000,9999.000,9999.000,9999.000,9999.000,9999.000,9999.000
202607252230,   2.206,9999.000,9999.000,9999.000,9999.000,9999.000,9999.000,9999.000,9999.000
202607252236,   2.211,9999.000,9999.000,9999.000,9999.000,9999.000,9999.000,9999.000,9999.000
202607252242,   2.214,9999.000,9999.000,9999.000,9999.000,9999.000,9999.000,9999.000,9999.000
202607252248,   2.215,9999.000,9999.000,9999.000,9999.000,9999.000,9999.000,9999.000,9999.000
202607252254,   2.214,9999.000,9999.000,9999.000,9999.000,9999.000,9999.000,9999.000,9999.000
202607252300,   2.210,9999.000,   0.700,   0.298,   3.208,   0.600,   3.108,   0.800,   3.308
202607252306,   2.204,9999.000,9999.000,9999.000,9999.000,9999.000,9999.000,9999.000,9999.000
202607252312,   2.196,9999.000,9999.000,9999.000,9999.000,9999.000,9999.000,9999.000,9999.000
202607252318,   2.186,9999.000,9999.000,9999.000,9999.000,9999.000,9999.000,9999.000,9999.000
202607252324,   2.175,9999.000,9999.000,9999.000,9999.000,9999.000,9999.000,9999.000,9999.000
202607252330,   2.161,9999.000,9999.000,9999.000,9999.000,9999.000,9999.000,9999.000,9999.000
202607252336,   2.146,9999.000,9999.000,9999.000,9999.000,9999.000,9999.000,9999.000,9999.000
202607252342,   2.129,9999.000,9999.000,9999.000,9999.000,9999.000,9999.000,9999.000,9999.000
202607252348,   2.111,9999.000,9999.000,9999.000,9999.000,9999.000,9999.000,9999.000,9999.000
202607252354,   2.091,9999.000,9999.000,9999.000,9999.000,9999.000,9999.000,9999.000,9999.000
202607260000,   2.071,9999.000,   0.700,   0.298,   3.069,   0.600,   2.969,   0.800,   3.169
202607260006,   2.049,9999.000,9999.000,9999.000,9999.000,9999.000,9999.000,9999.000,9999.000
202607260012,   2.026,9999.000,9999.000,9999.000,9999.000,9999.000,9999.000,9999.000,9999.000
202607260018,   2.002,9999.000,9999.000,9999.000,9999.000,9999.000,9999.000,9999.000,9999.000
202607260024,   1.978,9999.000,9999.000,9999.000,9999.000,9999.000,9999.000,9999.000,9999.000
202607260030,   1.953,9999.000,9999.000,9999.000,9999.000,9999.000,9999.000,9999.000,9999.000
202607260036,   1.927,9999.000,9999.000,9999.000,9999.000,9999.000,9999.000,9999.000,9999.000
202607260042,   1.901,9999.000,9999.000,9999.000,9999.000,9999.000,9999.000,9999.000,9999.000
202607260048,   1.874,9999.000,9999.000,9999.000,9999.000,9999.000,9999.000,9999.000,9999.000
202607260054,   1.847,9999.000,9999.000,9999.000,9999.000,9999.000,9999.000,9999.000,9999.000
202607260100,   1.819,9999.000,   0.700,   0.298,   2.817,   0.600,   2.717,   0.800,   2.917
202607260106,   1.791,9999.000,9999.000,9999.000,9999.000,9999.000,9999.000,9999.000,9999.000
202607260112,   1.763,9999.000,9999.000,9999.000,9999.000,9999.000,9999.000,9999.000,9999.000
202607260118,   1.735,9999.000,9999.000,9999.000,9999.000,9999.000,9999.000,9999.000,9999.000
202607260124,   1.706,9999.000,9999.000,9999.000,9999.000,9999.000,9999.000,9999.000,9999.000
202607260130,   1.677,9999.000,9999.000,9999.000,9999.000,9999.000,9999.000,9999.000,9999.000
202607260136,   1.648,9999.000,9999.000,9999.000,9999.000,9999.000,9999.000,9999.000,9999.000
202607260142,   1.619,9999.000,9999.000,9999.000,9999.000,9999.000,9999.000,9999.000,9999.000
202607260148,   1.589,9999.000,9999.000,9999.000,9999.000,9999.000,9999.000,9999.000,9999.000
202607260154,   1.560,9999.000,9999.000,9999.000,9999.000,9999.000,9999.000,9999.000,9999.000
202607260200,   1.530,9999.000,   0.700,   0.298,   2.528,   0.600,   2.428,   0.800,   2.628
202607260206,   1.501,9999.000,9999.000,9999.000,9999.000,9999.000,9999.000,9999.000,9999.000
202607260212,   1.471,9999.000,9999.000,9999.000,9999.000,9999.000,9999.000,9999.000,9999.000
202607260218,   1.441,9999.000,9999.000,9999.000,9999.000,9999.000,9999.000,9999.000,9999.000
202607260224,   1.411,9999.000,9999.000,9999.000,9999.000,9999.000,9999.000,9999.000,9999.000
202607260230,   1.381,9999.000,9999.000,9999.000,9999.000,9999.000,9999.000,9999.000,9999.000
202607260236,   1.352,9999.000,9999.000,9999.000,9999.000,9999.000,9999.000,9999.000,9999.000
202607260242,   1.322,9999.000,9999.000,9999.000,9999.000,9999.000,9999.000,9999.000,9999.000
202607260248,   1.292,9999.000,9999.000,9999.000,9999.000,9999.000,9999.000,9999.000,9999.000
202607260254,   1.263,9999.000,9999.000,9999.000,9999.000,9999.000,9999.000,9999.000,9999.000
202607260300,   1.234,9999.000,   0.700,   0.298,   2.232,   0.700,   2.232,   0.800,   2.332
202607260306,   1.205,9999.000,9999.000,9999.000,9999.000,9999.000,9999.000,9999.000,9999.000
202607260312,   1.176,9999.000,9999.000,9999.000,9999.000,9999.000,9999.000,9999.000,9999.000
202607260318,   1.148,9999.000,9999.000,9999.000,9999.000,9999.000,9999.000,9999.000,9999.000
202607260324,   1.120,9999.000,9999.000,9999.000,9999.000,9999.000,9999.000,9999.000,9999.000
202607260330,   1.092,9999.000,9999.000,9999.000,9999.000,9999.000,9999.000,9999.000,9999.000
202607260336,   1.065,9999.000,9999.000,9999.000,9999.000,9999.000,9999.000,9999.000,9999.000
202607260342,   1.038,9999.000,9999.000,9999.000,9999.000,9999.000,9999.000,9999.000,9999.000
202607260348,   1.013,9999.000,9999.000,9999.000,9999.000,9999.000,9999.000,9999.000,9999.000
202607260354,   0.988,9999.000,9999.000,9999.000,9999.000,9999.000,9999.000,9999.000,9999.000
202607260400,   0.963,9999.000,   0.700,   0.298,   1.961,   0.700,   1.961,   0.900,   2.161
202607260406,   0.940,9999.000,9999.000,9999.000,9999.000,9999.000,9999.000,9999.000,9999.000
202607260412,   0.918,9999.000,9999.000,9999.000,9999.000,9999.000,9999.000,9999.000,9999.000
202607260418,   0.896,9999.000,9999.000,9999.000,9999.000,9999.000,9999.000,9999.000,9999.000
202607260424,   0.876,9999.000,9999.000,9999.000,9999.000,9999.000,9999.000,9999.000,9999.000
202607260430,   0.857,9999.000,9999.000,9999.000,9999.000,9999.000,9999.000,9999.000,9999.000
202607260436,   0.840,9999.000,9999.000,9999.000,9999.000,9999.000,9999.000,9999.000,9999.000
202607260442,   0.823,9999.000,9999.000,9999.000,9999.000,9999.000,9999.000,9999.000,9999.000
202607260448,   0.809,9999.000,9999.000,9999.000,9999.000,9999.000,9999.000,9999.000,9999.000
202607260454,   0.795,9999.000,9999.000,9999.000,9999.000,9999.000,9999.000,9999.000,9999.000
202607260500,   0.784,9999.000,   0.700,   0.298,   1.782,   0.700,   1.782,   0.800,   1.882
202607260506,   0.774,9999.000,9999.000,9999.000,9999.000,9999.000,9999.000,9999.000,9999.000
202607260512,   0.766,9999.000,9999.000,9999.000,9999.000,9999.000,9999.000,9999.000,9999.000
202607260518,   0.759,9999.000,9999.000,9999.000,9999.000,9999.000,9999.000,9999.000,9999.000
202607260524,   0.755,9999.000,9999.000,9999.000,9999.000,9999.000,9999.000,9999.000,9999.000
202607260530,   0.752,9999.000,9999.000,9999.000,9999.000,9999.000,9999.000,9999.000,9999.000
202607260536,   0.751,9999.000,9999.000,9999.000,9999.000,9999.000,9999.000,9999.000,9999.000
202607260542,   0.752,9999.000,9999.000,9999.000,9999.000,9999.000,9999.000,9999.000,9999.000
202607260548,   0.754,9999.000,9999.000,9999.000,9999.000,9999.000,9999.000,9999.000,9999.000
202607260554,   0.759,9999.000,9999.000,9999.000,9999.000,9999.000,9999.000,9999.000,9999.000
202607260600,   0.765,9999.000,   0.700,   0.298,   1.763,   0.700,   1.763,   0.800,   1.863
202607260606,   0.773,9999.000,9999.000,9999.000,9999.000,9999.000,9999.000,9999.000,9999.000
202607260612,   0.783,9999.000,9999.000,9999.000,9999.000,9999.000,9999.000,9999.000,9999.000
202607260618,   0.794,9999.000,9999.000,9999.000,9999.000,9999.000,9999.000,9999.000,9999.000
202607260624,   0.807,9999.000,9999.000,9999.000,9999.000,9999.000,9999.000,9999.000,9999.000
202607260630,   0.821,9999.000,9999.000,9999.000,9999.000,9999.000,9999.000,9999.000,9999.000
202607260636,   0.836,9999.000,9999.000,9999.000,9999.000,9999.000,9999.000,9999.000,9999.000
202607260642,   0.853,9999.000,9999.000,9999.000,9999.000,9999.000,9999.000,9999.000,9999.000
202607260648,   0.871,9999.000,9999.000,9999.000,9999.000,9999.000,9999.000,9999.000,9999.000
202607260654,   0.890,9999.000,9999.000,9999.000,9999.000,9999.000,9999.000,9999.000,9999.000
202607260700,   0.910,9999.000,   0.700,   0.298,   1.908,   0.700,   1.908,   0.800,   2.008
202607260706,   0.930,9999.000,9999.000,9999.000,9999.000,9999.000,9999.000,9999.000,9999.000
202607260712,   0.952,9999.000,9999.000,9999.000,9999.000,9999.000,9999.000,9999.000,9999.000
202607260718,   0.974,9999.000,9999.000,9999.000,9999.000,9999.000,9999.000,9999.000,9999.000
202607260724,   0.997,9999.000,9999.000,9999.000,9999.000,9999.000,9999.000,9999.000,9999.000
202607260730,   1.020,9999.000,9999.000,9999.000,9999.000,9999.000,9999.000,9999.000,9999.000
202607260736,   1.043,9999.000,9999.000,9999.000,9999.000,9999.000,9999.000,9999.000,9999.000
202607260742,   1.067,9999.000,9999.000,9999.000,9999.000,9999.000,9999.000,9999.000,9999.000
202607260748,   1.092,9999.000,9999.000,9999.000,9999.000,9999.000,9999.000,9999.000,9999.000
202607260754,   1.116,9999.000,9999.000,9999.000,9999.000,9999.000,9999.000,9999.000,9999.000
202607260800,   1.141,9999.000,   0.800,   0.298,   2.239,   0.700,   2.139,   0.800,   2.239
202607260806,   1.166,9999.000,9999.000,9999.000,9999.000,9999.000,9999.000,9999.000,9999.000
202607260812,   1.191,9999.000,9999.000,9999.000,9999.000,9999.000,9999.000,9999.000,9999.000
202607260818,   1.216,9999.000,9999.000,9999.000,9999.000,9999.000,9999.000,9999.000,9999.000
202607260824,   1.241,9999.000,9999.000,9999.000,9999.000,9999.000,9999.000,9999.000,9999.000
202607260830,   1.267,9999.000,9999.000,9999.000,9999.000,9999.000,9999.000,9999.000,9999.000
202607260836,   1.292,9999.000,9999.000,9999.000,9999.000,9999.000,9999.000,9999.000,9999.000
202607260842,   1.317,9999.000,9999.000,9999.000,9999.000,9999.000,9999.000,9999.000,9999.000
202607260848,   1.342,9999.000,9999.000,9999.000,9999.000,9999.000,9999.000,9999.000,9999.000
202607260854,   1.367,9999.000,9999.000,9999.000,9999.000,9999.000,9999.000,9999.000,9999.000
202607260900,   1.392,9999.000,   0.800,   0.298,   2.490,   0.700,   2.390,   0.800,   2.490
202607260906,   1.417,9999.000,9999.000,9999.000,9999.000,9999.000,9999.000,9999.000,9999.000
202607260912,   1.441,9999.000,9999.000,9999.000,9999.000,9999.000,9999.000,9999.000,9999.000
202607260918,   1.465,9999.000,9999.000,9999.000,9999.000,9999.000,9999.000,9999.000,9999.000
202607260924,   1.488,9999.000,9999.000,9999.000,9999.000,9999.000,9999.000,9999.000,9999.000
202607260930,   1.511,9999.000,9999.000,9999.000,9999.000,9999.000,9999.000,9999.000,9999.000
202607260936,   1.532,9999.000,9999.000,9999.000,9999.000,9999.000,9999.000,9999.000,9999.000
202607260942,   1.554,9999.000,9999.000,9999.000,9999.000,9999.000,9999.000,9999.000,9999.000
202607260948,   1.574,9999.000,9999.000,9999.000,9999.000,9999.000,9999.000,9999.000,9999.000
202607260954,   1.593,9999.000,9999.000,9999.000,9999.000,9999.000,9999.000,9999.000,9999.000
202607261000,   1.610,9999.000,   0.800,   0.298,   2.708,   0.700,   2.608,   0.900,   2.808
202607261006,   1.627,9999.000,9999.000,9999.000,9999.000,9999.000,9999.000,9999.000,9999.000
202607261012,   1.642,9999.000,9999.000,9999.000,9999.000,9999.000,9999.000,9999.000,9999.000
202607261018,   1.655,9999.000,9999.000,9999.000,9999.000,9999.000,9999.000,9999.000,9999.000
202607261024,   1.667,9999.000,9999.000,9999.000,9999.000,9999.000,9999.000,9999.000,9999.000
202607261030,   1.677,9999.000,9999.000,9999.000,9999.000,9999.000,9999.000,9999.000,9999.000
202607261036,   1.685,9999.000,9999.000,9999.000,9999.000,9999.000,9999.000,9999.000,9999.000
202607261042,   1.691,9999.000,9999.000,9999.000,9999.000,9999.000,9999.000,9999.000,9999.000
202607261048,   1.695,9999.000,9999.000,9999.000,9999.000,9999.000,9999.000,9999.000,9999.000
202607261054,   1.697,9999.000,9999.000,9999.000,9999.000,9999.000,9999.000,9999.000,9999.000
202607261100,   1.697,9999.000,   0.800,   0.298,   2.795,   0.700,   2.695,   0.900,   2.895
202607261106,   1.695,9999.000,9999.000,9999.000,9999.000,9999.000,9999.000,9999.000,9999.000
202607261112,   1.691,9999.000,9999.000,9999.000,9999.000,9999.000,9999.000,9999.000,9999.000
202607261118,   1.685,9999.000,9999.000,9999.000,9999.000,9999.000,9999.000,9999.000,9999.000
202607261124,   1.677,9999.000,9999.000,9999.000,9999.000,9999.000,9999.000,9999.000,9999.000
202607261130,   1.667,9999.000,9999.000,9999.000,9999.000,9999.000,9999.000,9999.000,9999.000
202607261136,   1.655,9999.000,9999.000,9999.000,9999.000,9999.000,9999.000,9999.000,9999.000
202607261142,   1.641,9999.000,9999.000,9999.000,9999.000,9999.000,9999.000,9999.000,9999.000
202607261148,   1.626,9999.000,9999.000,9999.000,9999.000,9999.000,9999.000,9999.000,9999.000
202607261154,   1.609,9999.000,9999.000,9999.000,9999.000,9999.000,9999.000,9999.000,9999.000
202607261200,   1.591,9999.000,   0.800,   0.298,   2.689,   0.700,   2.589,   0.900,   2.789
202607261206,   1.571,9999.000,9999.000,9999.000,9999.000,9999.000,9999.000,9999.000,9999.000
202607261212,   1.550,9999.000,9999.000,9999.000,9999.000,9999.000,9999.000,9999.000,9999.000
202607261218,   1.528,9999.000,9999.000,9999.000,9999.000,9999.000,9999.000,9999.000,9999.000
202607261224,   1.506,9999.000,9999.000,9999.000,9999.000,9999.000,9999.000,9999.000,9999.000
202607261230,   1.482,9999.000,9999.000,9999.000,9999.000,9999.000,9999.000,9999.000,9999.000
202607261236,   1.458,9999.000,9999.000,9999.000,9999.000,9999.000,9999.000,9999.000,9999.000
202607261242,   1.433,9999.000,9999.000,9999.000,9999.000,9999.000,9999.000,9999.000,9999.000
202607261248,   1.408,9999.000,9999.000,9999.000,9999.000,9999.000,9999.000,9999.000,9999.000
202607261254,   1.382,9999.000,9999.000,9999.000,9999.000,9999.000,9999.000,9999.000,9999.000
202607261300,   1.356,9999.000,   0.800,   0.298,   2.454,   0.700,   2.354,   0.900,   2.554
202607261306,   1.330,9999.000,9999.000,9999.000,9999.000,9999.000,9999.000,9999.000,9999.000
202607261312,   1.304,9999.000,9999.000,9999.000,9999.000,9999.000,9999.000,9999.000,9999.000
202607261318,   1.278,9999.000,9999.000,9999.000,9999.000,9999.000,9999.000,9999.000,9999.000
202607261324,   1.251,9999.000,9999.000,9999.000,9999.000,9999.000,9999.000,9999.000,9999.000
202607261330,   1.225,9999.000,9999.000,9999.000,9999.000,9999.000,9999.000,9999.000,9999.000
202607261336,   1.199,9999.000,9999.000,9999.000,9999.000,9999.000,9999.000,9999.000,9999.000
202607261342,   1.174,9999.000,9999.000,9999.000,9999.000,9999.000,9999.000,9999.000,9999.000
202607261348,   1.148,9999.000,9999.000,9999.000,9999.000,9999.000,9999.000,9999.000,9999.000
202607261354,   1.123,9999.000,9999.000,9999.000,9999.000,9999.000,9999.000,9999.000,9999.000
202607261400,   1.098,9999.000,   0.800,   0.298,   2.196,   0.700,   2.096,   0.900,   2.296
202607261406,   1.073,9999.000,9999.000,9999.000,9999.000,9999.000,9999.000,9999.000,9999.000
202607261412,   1.048,9999.000,9999.000,9999.000,9999.000,9999.000,9999.000,9999.000,9999.000
202607261418,   1.024,9999.000,9999.000,9999.000,9999.000,9999.000,9999.000,9999.000,9999.000
202607261424,   1.000,9999.000,9999.000,9999.000,9999.000,9999.000,9999.000,9999.000,9999.000
202607261430,   0.977,9999.000,9999.000,9999.000,9999.000,9999.000,9999.000,9999.000,9999.000
202607261436,   0.953,9999.000,9999.000,9999.000,9999.000,9999.000,9999.000,9999.000,9999.000
202607261442,   0.931,9999.000,9999.000,9999.000,9999.000,9999.000,9999.000,9999.000,9999.000
202607261448,   0.908,9999.000,9999.000,9999.000,9999.000,9999.000,9999.000,9999.000,9999.000
202607261454,   0.886,9999.000,9999.000,9999.000,9999.000,9999.000,9999.000,9999.000,9999.000
202607261500,   0.864,9999.000,   0.800,   0.298,   1.962,   0.700,   1.862,   0.900,   2.062
202607261506,   0.843,9999.000,9999.000,9999.000,9999.000,9999.000,9999.000,9999.000,9999.000
202607261512,   0.822,9999.000,9999.000,9999.000,9999.000,9999.000,9999.000,9999.000,9999.000
202607261518,   0.801,9999.000,9999.000,9999.000,9999.000,9999.000,9999.000,9999.000,9999.000
202607261524,   0.782,9999.000,9999.000,9999.000,9999.000,9999.000,9999.000,9999.000,9999.000
202607261530,   0.762,9999.000,9999.000,9999.000,9999.000,9999.000,9999.000,9999.000,9999.000
202607261536,   0.743,9999.000,9999.000,9999.000,9999.000,9999.000,9999.000,9999.000,9999.000
202607261542,   0.725,9999.000,9999.000,9999.000,9999.000,9999.000,9999.000,9999.000,9999.000
202607261548,   0.707,9999.000,9999.000,9999.000,9999.000,9999.000,9999.000,9999.000,9999.000
202607261554,   0.690,9999.000,9999.000,9999.000,9999.000,9999.000,9999.000,9999.000,9999.000
202607261600,   0.674,9999.000,   0.800,   0.298,   1.772,   0.700,   1.672,   0.900,   1.872
202607261606,   0.659,9999.000,9999.000,9999.000,9999.000,9999.000,9999.000,9999.000,9999.000
202607261612,   0.644,9999.000,9999.000,9999.000,9999.000,9999.000,9999.000,9999.000,9999.000
202607261618,   0.631,9999.000,9999.000,9999.000,9999.000,9999.000,9999.000,9999.000,9999.000
202607261624,   0.618,9999.000,9999.000,9999.000,9999.000,9999.000,9999.000,9999.000,9999.000
202607261630,   0.607,9999.000,9999.000,9999.000,9999.000,9999.000,9999.000,9999.000,9999.000
202607261636,   0.597,9999.000,9999.000,9999.000,9999.000,9999.000,9999.000,9999.000,9999.000
202607261642,   0.588,9999.000,9999.000,9999.000,9999.000,9999.000,9999.000,9999.000,9999.000
202607261648,   0.580,9999.000,9999.000,9999.000,9999.000,9999.000,9999.000,9999.000,9999.000
202607261654,   0.574,9999.000,9999.000,9999.000,9999.000,9999.000,9999.000,9999.000,9999.000
202607261700,   0.569,9999.000,   0.900,   0.298,   1.767,   0.800,   1.667,   1.000,   1.867
202607261706,   0.566,9999.000,9999.000,9999.000,9999.000,9999.000,9999.000,9999.000,9999.000
202607261712,   0.564,9999.000,9999.000,9999.000,9999.000,9999.000,9999.000,9999.000,9999.000
202607261718,   0.564,9999.000,9999.000,9999.000,9999.000,9999.000,9999.000,9999.000,9999.000
202607261724,   0.566,9999.000,9999.000,9999.000,9999.000,9999.000,9999.000,9999.000,9999.000
202607261730,   0.570,9999.000,9999.000,9999.000,9999.000,9999.000,9999.000,9999.000,9999.000
202607261736,   0.576,9999.000,9999.000,9999.000,9999.000,9999.000,9999.000,9999.000,9999.000
202607261742,   0.583,9999.000,9999.000,9999.000,9999.000,9999.000,9999.000,9999.000,9999.000
202607261748,   0.593,9999.000,9999.000,9999.000,9999.000,9999.000,9999.000,9999.000,9999.000
202607261754,   0.605,9999.000,9999.000,9999.000,9999.000,9999.000,9999.000,9999.000,9999.000
202607261800,   0.619,9999.000,   0.900,   0.298,   1.817,   0.800,   1.717,   1.000,   1.917
202607261806,   0.634,9999.000,9999.000,9999.000,9999.000,9999.000,9999.000,9999.000,9999.000
202607261812,   0.652,9999.000,9999.000,9999.000,9999.000,9999.000,9999.000,9999.000,9999.000
202607261818,   0.672,9999.000,9999.000,9999.000,9999.000,9999.000,9999.000,9999.000,9999.000
202607261824,   0.693,9999.000,9999.000,9999.000,9999.000,9999.000,9999.000,9999.000,9999.000
202607261830,   0.717,9999.000,9999.000,9999.000,9999.000,9999.000,9999.000,9999.000,9999.000
202607261836,   0.742,9999.000,9999.000,9999.000,9999.000,9999.000,9999.000,9999.000,9999.000
202607261842,   0.769,9999.000,9999.000,9999.000,9999.000,9999.000,9999.000,9999.000,9999.000
202607261848,   0.797,9999.000,9999.000,9999.000,9999.000,9999.000,9999.000,9999.000,9999.000
202607261854,   0.827,9999.000,9999.000,9999.000,9999.000,9999.000,9999.000,9999.000,9999.000
202607261900,   0.858,9999.000,   0.900,   0.298,   2.056,   0.800,   1.956,   1.000,   2.156
202607261906,   0.891,9999.000,9999.000,9999.000,9999.000,9999.000,9999.000,9999.000,9999.000
202607261912,   0.925,9999.000,9999.000,9999.000,9999.000,9999.000,9999.000,9999.000,9999.000
202607261918,   0.960,9999.000,9999.000,9999.000,9999.000,9999.000,9999.000,9999.000,9999.000
202607261924,   0.995,9999.000,9999.000,9999.000,9999.000,9999.000,9999.000,9999.000,9999.000
202607261930,   1.032,9999.000,9999.000,9999.000,9999.000,9999.000,9999.000,9999.000,9999.000
202607261936,   1.069,9999.000,9999.000,9999.000,9999.000,9999.000,9999.000,9999.000,9999.000
202607261942,   1.107,9999.000,9999.000,9999.000,9999.000,9999.000,9999.000,9999.000,9999.000
202607261948,   1.146,9999.000,9999.000,9999.000,9999.000,9999.000,9999.000,9999.000,9999.000
202607261954,   1.185,9999.000,9999.000,9999.000,9999.000,9999.000,9999.000,9999.000,9999.000
202607262000,   1.224,9999.000,   0.900,   0.298,   2.422,   0.800,   2.322,   1.000,   2.522
202607262006,   1.263,9999.000,9999.000,9999.000,9999.000,9999.000,9999.000,9999.000,9999.000
202607262012,   1.303,9999.000,9999.000,9999.000,9999.000,9999.000,9999.000,9999.000,9999.000
202607262018,   1.342,9999.000,9999.000,9999.000,9999.000,9999.000,9999.000,9999.000,9999.000
202607262024,   1.382,9999.000,9999.000,9999.000,9999.000,9999.000,9999.000,9999.000,9999.000
202607262030,   1.422,9999.000,9999.000,9999.000,9999.000,9999.000,9999.000,9999.000,9999.000
202607262036,   1.461,9999.000,9999.000,9999.000,9999.000,9999.000,9999.000,9999.000,9999.000
202607262042,   1.501,9999.000,9999.000,9999.000,9999.000,9999.000,9999.000,9999.000,9999.000
202607262048,   1.541,9999.000,9999.000,9999.000,9999.000,9999.000,9999.000,9999.000,9999.000
202607262054,   1.580,9999.000,9999.000,9999.000,9999.000,9999.000,9999.000,9999.000,9999.000
202607262100,   1.619,9999.000,   0.900,   0.298,   2.817,   0.800,   2.717,   1.100,   3.017
202607262106,   1.658,9999.000,9999.000,9999.000,9999.000,9999.000,9999.000,9999.000,9999.000
202607262112,   1.696,9999.000,9999.000,9999.000,9999.000,9999.000,9999.000,9999.000,9999.000
202607262118,   1.735,9999.000,9999.000,9999.000,9999.000,9999.000,9999.000,9999.000,9999.000
202607262124,   1.772,9999.000,9999.000,9999.000,9999.000,9999.000,9999.000,9999.000,9999.000
202607262130,   1.810,9999.000,9999.000,9999.000,9999.000,9999.000,9999.000,9999.000,9999.000
202607262136,   1.847,9999.000,9999.000,9999.000,9999.000,9999.000,9999.000,9999.000,9999.000
202607262142,   1.883,9999.000,9999.000,9999.000,9999.000,9999.000,9999.000,9999.000,9999.000
202607262148,   1.918,9999.000,9999.000,9999.000,9999.000,9999.000,9999.000,9999.000,9999.000
202607262154,   1.952,9999.000,9999.000,9999.000,9999.000,9999.000,9999.000,9999.000,9999.000
202607262200,   1.986,9999.000,   1.000,   0.298,   3.284,   0.900,   3.184,   1.100,   3.384
202607262206,   2.018,9999.000,9999.000,9999.000,9999.000,9999.000,9999.000,9999.000,9999.000
202607262212,   2.049,9999.000,9999.000,9999.000,9999.000,9999.000,9999.000,9999.000,9999.000
202607262218,   2.078,9999.000,9999.000,9999.000,9999.000,9999.000,9999.000,9999.000,9999.000
202607262224,   2.106,9999.000,9999.000,9999.000,9999.000,9999.000,9999.000,9999.000,9999.000
202607262230,   2.132,9999.000,9999.000,9999.000,9999.000,9999.000,9999.000,9999.000,9999.000
202607262236,   2.157,9999.000,9999.000,9999.000,9999.000,9999.000,9999.000,9999.000,9999.000
202607262242,   2.180,9999.000,9999.000,9999.000,9999.000,9999.000,9999.000,9999.000,9999.000
202607262248,   2.200,9999.000,9999.000,9999.000,9999.000,9999.000,9999.000,9999.000,9999.000
202607262254,   2.218,9999.000,9999.000,9999.000,9999.000,9999.000,9999.000,9999.000,9999.000
202607262300,   2.234,9999.000,   1.000,   0.298,   3.532,   0.900,   3.432,   1.100,   3.632
202607262306,   2.248,9999.000,9999.000,9999.000,9999.000,9999.000,9999.000,9999.000,9999.000
202607262312,   2.259,9999.000,9999.000,9999.000,9999.000,9999.000,9999.000,9999.000,9999.000
202607262318,   2.268,9999.000,9999.000,9999.000,9999.000,9999.000,9999.000,9999.000,9999.000
202607262324,   2.274,9999.000,9999.000,9999.000,9999.000,9999.000,9999.000,9999.000,9999.000
202607262330,   2.278,9999.000,9999.000,9999.000,9999.000,9999.000,9999.000,9999.000,9999.000
202607262336,   2.279,9999.000,9999.000,9999.000,9999.000,9999.000,9999.000,9999.000,9999.000
202607262342,   2.277,9999.000,9999.000,9999.000,9999.000,9999.000,9999.000,9999.000,9999.000
202607262348,   2.273,9999.000,9999.000,9999.000,9999.000,9999.000,9999.000,9999.000,9999.000
202607262354,   2.267,9999.000,9999.000,9999.000,9999.000,9999.000,9999.000,9999.000,9999.000
202607270000,   2.258,9999.000,   1.000,   0.298,   3.556,   0.900,   3.456,   1.100,   3.656
202607270006,   2.247,9999.000,9999.000,9999.000,9999.000,9999.000,9999.000,9999.000,9999.000
202607270012,   2.234,9999.000,9999.000,9999.000,9999.000,9999.000,9999.000,9999.000,9999.000
202607270018,   2.219,9999.000,9999.000,9999.000,9999.000,9999.000,9999.000,9999.000,9999.000
202607270024,   2.201,9999.000,9999.000,9999.000,9999.000,9999.000,9999.000,9999.000,9999.000
202607270030,   2.183,9999.000,9999.000,9999.000,9999.000,9999.000,9999.000,9999.000,9999.000
202607270036,   2.162,9999.000,9999.000,9999.000,9999.000,9999.000,9999.000,9999.000,9999.000
202607270042,   2.140,9999.000,9999.000,9999.000,9999.000,9999.000,9999.000,9999.000,9999.000
202607270048,   2.116,9999.000,9999.000,9999.000,9999.000,9999.000,9999.000,9999.000,9999.000
202607270054,   2.091,9999.000,9999.000,9999.000,9999.000,9999.000,9999.000,9999.000,9999.000
202607270100,   2.065,9999.000,   1.000,   0.298,   3.363,   0.900,   3.263,   1.100,   3.463
202607270106,   2.039,9999.000,9999.000,9999.000,9999.000,9999.000,9999.000,9999.000,9999.000
202607270112,   2.011,9999.000,9999.000,9999.000,9999.000,9999.000,9999.000,9999.000,9999.000
202607270118,   1.982,9999.000,9999.000,9999.000,9999.000,9999.000,9999.000,9999.000,9999.000
202607270124,   1.953,9999.000,9999.000,9999.000,9999.000,9999.000,9999.000,9999.000,9999.000
202607270130,   1.923,9999.000,9999.000,9999.000,9999.000,9999.000,9999.000,9999.000,9999.000
202607270136,   1.893,9999.000,9999.000,9999.000,9999.000,9999.000,9999.000,9999.000,9999.000
202607270142,   1.863,9999.000,9999.000,9999.000,9999.000,9999.000,9999.000,9999.000,9999.000
202607270148,   1.832,9999.000,9999.000,9999.000,9999.000,9999.000,9999.000,9999.000,9999.000
202607270154,   1.801,9999.000,9999.000,9999.000,9999.000,9999.000,9999.000,9999.000,9999.000
202607270200,   1.770,9999.000,   1.000,   0.298,   3.068,   0.900,   2.968,   1.100,   3.168
202607270206,   1.739,9999.000,9999.000,9999.000,9999.000,9999.000,9999.000,9999.000,9999.000
202607270212,   1.707,9999.000,9999.000,9999.000,9999.000,9999.000,9999.000,9999.000,9999.000
202607270218,   1.676,9999.000,9999.000,9999.000,9999.000,9999.000,9999.000,9999.000,9999.000
202607270224,   1.645,9999.000,9999.000,9999.000,9999.000,9999.000,9999.000,9999.000,9999.000
202607270230,   1.613,9999.000,9999.000,9999.000,9999.000,9999.000,9999.000,9999.000,9999.000
202607270236,   1.582,9999.000,9999.000,9999.000,9999.000,9999.000,9999.000,9999.000,9999.000
202607270242,   1.550,9999.000,9999.000,9999.000,9999.000,9999.000,9999.000,9999.000,9999.000
202607270248,   1.519,9999.000,9999.000,9999.000,9999.000,9999.000,9999.000,9999.000,9999.000
202607270254,   1.487,9999.000,9999.000,9999.000,9999.000,9999.000,9999.000,9999.000,9999.000
202607270300,   1.456,9999.000,   1.000,   0.298,   2.754,   0.900,   2.654,   1.100,   2.854
202607270306,   1.425,9999.000,9999.000,9999.000,9999.000,9999.000,9999.000,9999.000,9999.000
202607270312,   1.394,9999.000,9999.000,9999.000,9999.000,9999.000,9999.000,9999.000,9999.000
202607270318,   1.363,9999.000,9999.000,9999.000,9999.000,9999.000,9999.000,9999.000,9999.000
202607270324,   1.332,9999.000,9999.000,9999.000,9999.000,9999.000,9999.000,9999.000,9999.000
202607270330,   1.301,9999.000,9999.000,9999.000,9999.000,9999.000,9999.000,9999.000,9999.000
202607270336,   1.270,9999.000,9999.000,9999.000,9999.000,9999.000,9999.000,9999.000,9999.000
202607270342,   1.239,9999.000,9999.000,9999.000,9999.000,9999.000,9999.000,9999.000,9999.000
202607270348,   1.209,9999.000,9999.000,9999.000,9999.000,9999.000,9999.000,9999.000,9999.000
202607270354,   1.179,9999.000,9999.000,9999.000,9999.000,9999.000,9999.000,9999.000,9999.000
202607270400,   1.149,9999.000,   1.000,   0.298,   2.447,   0.900,   2.347,   1.100,   2.547
202607270406,   1.119,9999.000,9999.000,9999.000,9999.000,9999.000,9999.000,9999.000,9999.000
202607270412,   1.090,9999.000,9999.000,9999.000,9999.000,9999.000,9999.000,9999.000,9999.000
202607270418,   1.061,9999.000,9999.000,9999.000,9999.000,9999.000,9999.000,9999.000,9999.000
202607270424,   1.033,9999.000,9999.000,9999.000,9999.000,9999.000,9999.000,9999.000,9999.000
202607270430,   1.005,9999.000,9999.000,9999.000,9999.000,9999.000,9999.000,9999.000,9999.000
202607270436,   0.978,9999.000,9999.000,9999.000,9999.000,9999.000,9999.000,9999.000,9999.000
202607270442,   0.951,9999.000,9999.000,9999.000,9999.000,9999.000,9999.000,9999.000,9999.000
202607270448,   0.926,9999.000,9999.000,9999.000,9999.000,9999.000,9999.000,9999.000,9999.000
202607270454,   0.901,9999.000,9999.000,9999.000,9999.000,9999.000,9999.000,9999.000,9999.000
202607270500,   0.877,9999.000,   1.000,   0.298,   2.175,   0.900,   2.075,   1.100,   2.275
202607270506,   0.854,9999.000,9999.000,9999.000,9999.000,9999.000,9999.000,9999.000,9999.000
202607270512,   0.833,9999.000,9999.000,9999.000,9999.000,9999.000,9999.000,9999.000,9999.000
202607270518,   0.813,9999.000,9999.000,9999.000,9999.000,9999.000,9999.000,9999.000,9999.000
202607270524,   0.794,9999.000,9999.000,9999.000,9999.000,9999.000,9999.000,9999.000,9999.000
202607270530,   0.776,9999.000,9999.000,9999.000,9999.000,9999.000,9999.000,9999.000,9999.000
202607270536,   0.761,9999.000,9999.000,9999.000,9999.000,9999.000,9999.000,9999.000,9999.000
202607270542,   0.746,9999.000,9999.000,9999.000,9999.000,9999.000,9999.000,9999.000,9999.000
202607270548,   0.734,9999.000,9999.000,9999.000,9999.000,9999.000,9999.000,9999.000,9999.000
202607270554,   0.723,9999.000,9999.000,9999.000,9999.000,9999.000,9999.000,9999.000,9999.000
202607270600,   0.715,9999.000,   1.000,   0.298,   2.013,   0.900,   1.913,   1.100,   2.113
202607270606,   0.708,9999.000,9999.000,9999.000,9999.000,9999.000,9999.000,9999.000,9999.000
202607270612,   0.703,9999.000,9999.000,9999.000,9999.000,9999.000,9999.000,9999.000,9999.000
202607270618,   0.700,9999.000,9999.000,9999.000,9999.000,9999.000,9999.000,9999.000,9999.000
202607270624,   0.700,9999.000,9999.000,9999.000,9999.000,9999.000,9999.000,9999.000,9999.000
202607270630,   0.701,9999.000,9999.000,9999.000,9999.000,9999.000,9999.000,9999.000,9999.000
202607270636,   0.704,9999.000,9999.000,9999.000,9999.000,9999.000,9999.000,9999.000,9999.000
202607270642,   0.710,9999.000,9999.000,9999.000,9999.000,9999.000,9999.000,9999.000,9999.000
202607270648,   0.717,9999.000,9999.000,9999.000,9999.000,9999.000,9999.000,9999.000,9999.000
202607270654,   0.726,9999.000,9999.000,9999.000,9999.000,9999.000,9999.000,9999.000,9999.000
202607270700,   0.737,9999.000,   1.000,   0.298,   2.035,   0.900,   1.935,   1.100,   2.135
202607270706,   0.750,9999.000,9999.000,9999.000,9999.000,9999.000,9999.000,9999.000,9999.000
202607270712,   0.764,9999.000,9999.000,9999.000,9999.000,9999.000,9999.000,9999.000,9999.000
202607270718,   0.780,9999.000,9999.000,9999.000,9999.000,9999.000,9999.000,9999.000,9999.000
202607270724,   0.798,9999.000,9999.000,9999.000,9999.000,9999.000,9999.000,9999.000,9999.000
202607270730,   0.816,9999.000,9999.000,9999.000,9999.000,9999.000,9999.000,9999.000,9999.000
202607270736,   0.836,9999.000,9999.000,9999.000,9999.000,9999.000,9999.000,9999.000,9999.000
202607270742,   0.858,9999.000,9999.000,9999.000,9999.000,9999.000,9999.000,9999.000,9999.000
202607270748,   0.880,9999.000,9999.000,9999.000,9999.000,9999.000,9999.000,9999.000,9999.000
202607270754,   0.903,9999.000,9999.000,9999.000,9999.000,9999.000,9999.000,9999.000,9999.000
202607270800,   0.927,9999.000,   1.000,   0.298,   2.225,   0.900,   2.125,   1.100,   2.325
202607270806,   0.951,9999.000,9999.000,9999.000,9999.000,9999.000,9999.000,9999.000,9999.000
202607270812,   0.977,9999.000,9999.000,9999.000,9999.000,9999.000,9999.000,9999.000,9999.000
202607270818,   1.002,9999.000,9999.000,9999.000,9999.000,9999.000,9999.000,9999.000,9999.000
202607270824,   1.028,9999.000,9999.000,9999.000,9999.000,9999.000,9999.000,9999.000,9999.000
202607270830,   1.055,9999.000,9999.000,9999.000,9999.000,9999.000,9999.000,9999.000,9999.000
202607270836,   1.082,9999.000,9999.000,9999.000,9999.000,9999.000,9999.000,9999.000,9999.000
202607270842,   1.109,9999.000,9999.000,9999.000,9999.000,9999.000,9999.000,9999.000,9999.000
202607270848,   1.136,9999.000,9999.000,9999.000,9999.000,9999.000,9999.000,9999.000,9999.000
202607270854,   1.163,9999.000,9999.000,9999.000,9999.000,9999.000,9999.000,9999.000,9999.000
202607270900,   1.191,9999.000,   1.000,   0.298,   2.489,   0.900,   2.389,   1.100,   2.589
202607270906,   1.218,9999.000,9999.000,9999.000,9999.000,9999.000,9999.000,9999.000,9999.000
202607270912,   1.246,9999.000,9999.000,9999.000,9999.000,9999.000,9999.000,9999.000,9999.000
202607270918,   1.274,9999.000,9999.000,9999.000,9999.000,9999.000,9999.000,9999.000,9999.000
202607270924,   1.302,9999.000,9999.000,9999.000,9999.000,9999.000,9999.000,9999.000,9999.000
202607270930,   1.329,9999.000,9999.000,9999.000,9999.000,9999.000,9999.000,9999.000,9999.000
202607270936,   1.357,9999.000,9999.000,9999.000,9999.000,9999.000,9999.000,9999.000,9999.000
202607270942,   1.384,9999.000,9999.000,9999.000,9999.000,9999.000,9999.000,9999.000,9999.000
202607270948,   1.411,9999.000,9999.000,9999.000,9999.000,9999.000,9999.000,9999.000,9999.000
202607270954,   1.438,9999.000,9999.000,9999.000,9999.000,9999.000,9999.000,9999.000,9999.000
202607271000,   1.465,9999.000,   1.000,   0.298,   2.763,   0.900,   2.663,   1.100,   2.863
202607271006,   1.491,9999.000,9999.000,9999.000,9999.000,9999.000,9999.000,9999.000,9999.000
202607271012,   1.517,9999.000,9999.000,9999.000,9999.000,9999.000,9999.000,9999.000,9999.000
202607271018,   1.542,9999.000,9999.000,9999.000,9999.000,9999.000,9999.000,9999.000,9999.000
202607271024,   1.566,9999.000,9999.000,9999.000,9999.000,9999.000,9999.000,9999.000,9999.000
202607271030,   1.589,9999.000,9999.000,9999.000,9999.000,9999.000,9999.000,9999.000,9999.000
202607271036,   1.611,9999.000,9999.000,9999.000,9999.000,9999.000,9999.000,9999.000,9999.000
202607271042,   1.633,9999.000,9999.000,9999.000,9999.000,9999.000,9999.000,9999.000,9999.000
202607271048,   1.652,9999.000,9999.000,9999.000,9999.000,9999.000,9999.000,9999.000,9999.000
202607271054,   1.671,9999.000,9999.000,9999.000,9999.000,9999.000,9999.000,9999.000,9999.000
202607271100,   1.688,9999.000,   1.000,   0.298,   2.986,   0.900,   2.886,   1.100,   3.086
202607271106,   1.703,9999.000,9999.000,9999.000,9999.000,9999.000,9999.000,9999.000,9999.000
202607271112,   1.716,9999.000,9999.000,9999.000,9999.000,9999.000,9999.000,9999.000,9999.000
202607271118,   1.727,9999.000,9999.000,9999.000,9999.000,9999.000,9999.000,9999.000,9999.000
202607271124,   1.736,9999.000,9999.000,9999.000,9999.000,9999.000,9999.000,9999.000,9999.000
202607271130,   1.743,9999.000,9999.000,9999.000,9999.000,9999.000,9999.000,9999.000,9999.000
202607271136,   1.748,9999.000,9999.000,9999.000,9999.000,9999.000,9999.000,9999.000,9999.000
202607271142,   1.751,9999.000,9999.000,9999.000,9999.000,9999.000,9999.000,9999.000,9999.000
202607271148,   1.751,9999.000,9999.000,9999.000,9999.000,9999.000,9999.000,9999.000,9999.000
202607271154,   1.749,9999.000,9999.000,9999.000,9999.000,9999.000,9999.000,9999.000,9999.000
202607271200,   1.744,9999.000,   1.000,   0.298,   3.042,   0.900,   2.942,   1.100,   3.142
202607271206,   1.738,9999.000,9999.000,9999.000,9999.000,9999.000,9999.000,9999.000,9999.000
202607271212,   1.729,9999.000,9999.000,9999.000,9999.000,9999.000,9999.000,9999.000,9999.000
202607271218,   1.718,9999.000,9999.000,9999.000,9999.000,9999.000,9999.000,9999.000,9999.000
202607271224,   1.704,9999.000,9999.000,9999.000,9999.000,9999.000,9999.000,9999.000,9999.000
202607271230,   1.689,9999.000,9999.000,9999.000,9999.000,9999.000,9999.000,9999.000,9999.000
202607271236,   1.672,9999.000,9999.000,9999.000,9999.000,9999.000,9999.000,9999.000,9999.000
202607271242,   1.653,9999.000,9999.000,9999.000,9999.000,9999.000,9999.000,9999.000,9999.000
202607271248,   1.632,9999.000,9999.000,9999.000,9999.000,9999.000,9999.000,9999.000,9999.000
202607271254,   1.610,9999.000,9999.000,9999.000,9999.000,9999.000,9999.000,9999.000,9999.000
202607271300,   1.587,9999.000,   0.900,   0.298,   2.785,   0.800,   2.685,   1.100,   2.985
202607271306,   1.562,9999.000,9999.000,9999.000,9999.000,9999.000,9999.000,9999.000,9999.000
202607271312,   1.537,9999.000,9999.000,9999.000,9999.000,9999.000,9999.000,9999.000,9999.000
202607271318,   1.510,9999.000,9999.000,9999.000,9999.000,9999.000,9999.000,9999.000,9999.000
202607271324,   1.483,9999.000,9999.000,9999.000,9999.000,9999.000,9999.000,9999.000,9999.000
202607271330,   1.455,9999.000,9999.000,9999.000,9999.000,9999.000,9999.000,9999.000,9999.000
202607271336,   1.427,9999.000,9999.000,9999.000,9999.000,9999.000,9999.000,9999.000,9999.000
202607271342,   1.398,9999.000,9999.000,9999.000,9999.000,9999.000,9999.000,9999.000,9999.000
202607271348,   1.369,9999.000,9999.000,9999.000,9999.000,9999.000,9999.000,9999.000,9999.000
202607271354,   1.340,9999.000,9999.000,9999.000,9999.000,9999.000,9999.000,9999.000,9999.000
202607271400,   1.311,9999.000,   1.000,   0.298,   2.609,   0.900,   2.509,   1.100,   2.709
202607271406,   1.282,9999.000,9999.000,9999.000,9999.000,9999.000,9999.000,9999.000,9999.000
202607271412,   1.254,9999.000,9999.000,9999.000,9999.000,9999.000,9999.000,9999.000,9999.000
202607271418,   1.225,9999.000,9999.000,9999.000,9999.000,9999.000,9999.000,9999.000,9999.000
202607271424,   1.197,9999.000,9999.000,9999.000,9999.000,9999.000,9999.000,9999.000,9999.000
202607271430,   1.169,9999.000,9999.000,9999.000,9999.000,9999.000,9999.000,9999.000,9999.000
202607271436,   1.142,9999.000,9999.000,9999.000,9999.000,9999.000,9999.000,9999.000,9999.000
202607271442,   1.114,9999.000,9999.000,9999.000,9999.000,9999.000,9999.000,9999.000,9999.000
202607271448,   1.088,9999.000,9999.000,9999.000,9999.000,9999.000,9999.000,9999.000,9999.000
202607271454,   1.061,9999.000,9999.000,9999.000,9999.000,9999.000,9999.000,9999.000,9999.000
202607271500,   1.035,9999.000,   1.000,   0.298,   2.333,   0.900,   2.233,   1.100,   2.433
202607271506,   1.010,9999.000,9999.000,9999.000,9999.000,9999.000,9999.000,9999.000,9999.000
202607271512,   0.984,9999.000,9999.000,9999.000,9999.000,9999.000,9999.000,9999.000,9999.000
202607271518,   0.960,9999.000,9999.000,9999.000,9999.000,9999.000,9999.000,9999.000,9999.000
202607271524,   0.935,9999.000,9999.000,9999.000,9999.000,9999.000,9999.000,9999.000,9999.000
202607271530,   0.911,9999.000,9999.000,9999.000,9999.000,9999.000,9999.000,9999.000,9999.000
202607271536,   0.888,9999.000,9999.000,9999.000,9999.000,9999.000,9999.000,9999.000,9999.000
202607271542,   0.865,9999.000,9999.000,9999.000,9999.000,9999.000,9999.000,9999.000,9999.000
202607271548,   0.842,9999.000,9999.000,9999.000,9999.000,9999.000,9999.000,9999.000,9999.000
202607271554,   0.820,9999.000,9999.000,9999.000,9999.000,9999.000,9999.000,9999.000,9999.000
202607271600,   0.798,9999.000,   1.000,   0.298,   2.096,   0.900,   1.996,   1.100,   2.196
202607271606,   0.776,9999.000,9999.000,9999.000,9999.000,9999.000,9999.000,9999.000,9999.000
202607271612,   0.755,9999.000,9999.000,9999.000,9999.000,9999.000,9999.000,9999.000,9999.000
202607271618,   0.735,9999.000,9999.000,9999.000,9999.000,9999.000,9999.000,9999.000,9999.000
202607271624,   0.715,9999.000,9999.000,9999.000,9999.000,9999.000,9999.000,9999.000,9999.000
202607271630,   0.696,9999.000,9999.000,9999.000,9999.000,9999.000,9999.000,9999.000,9999.000
202607271636,   0.677,9999.000,9999.000,9999.000,9999.000,9999.000,9999.000,9999.000,9999.000
202607271642,   0.659,9999.000,9999.000,9999.000,9999.000,9999.000,9999.000,9999.000,9999.000
202607271648,   0.642,9999.000,9999.000,9999.000,9999.000,9999.000,9999.000,9999.000,9999.000
202607271654,   0.625,9999.000,9999.000,9999.000,9999.000,9999.000,9999.000,9999.000,9999.000
202607271700,   0.610,9999.000,   1.000,   0.298,   1.908,   0.900,   1.808,   1.100,   2.008
202607271706,   0.595,9999.000,9999.000,9999.000,9999.000,9999.000,9999.000,9999.000,9999.000
202607271712,   0.582,9999.000,9999.000,9999.000,9999.000,9999.000,9999.000,9999.000,9999.000
202607271718,   0.570,9999.000,9999.000,9999.000,9999.000,9999.000,9999.000,9999.000,9999.000
202607271724,   0.559,9999.000,9999.000,9999.000,9999.000,9999.000,9999.000,9999.000,9999.000
202607271730,   0.549,9999.000,9999.000,9999.000,9999.000,9999.000,9999.000,9999.000,9999.000
202607271736,   0.541,9999.000,9999.000,9999.000,9999.000,9999.000,9999.000,9999.000,9999.000
202607271742,   0.534,9999.000,9999.000,9999.000,9999.000,9999.000,9999.000,9999.000,9999.000
202607271748,   0.529,9999.000,9999.000,9999.000,9999.000,9999.000,9999.000,9999.000,9999.000
202607271754,   0.525,9999.000,9999.000,9999.000,9999.000,9999.000,9999.000,9999.000,9999.000
202607271800,   0.524,9999.000,   1.000,   0.298,   1.822,   0.900,   1.722,   1.100,   1.922
202607271806,   0.524,9999.000,9999.000,9999.000,9999.000,9999.000,9999.000,9999.000,9999.000
202607271812,   0.526,9999.000,9999.000,9999.000,9999.000,9999.000,9999.000,9999.000,9999.000
202607271818,   0.531,9999.000,9999.000,9999.000,9999.000,9999.000,9999.000,9999.000,9999.000
202607271824,   0.537,9999.000,9999.000,9999.000,9999.000,9999.000,9999.000,9999.000,9999.000
202607271830,   0.546,9999.000,9999.000,9999.000,9999.000,9999.000,9999.000,9999.000,9999.000
202607271836,   0.556,9999.000,9999.000,9999.000,9999.000,9999.000,9999.000,9999.000,9999.000
202607271842,   0.569,9999.000,9999.000,9999.000,9999.000,9999.000,9999.000,9999.000,9999.000
202607271848,   0.584,9999.000,9999.000,9999.000,9999.000,9999.000,9999.000,9999.000,9999.000
202607271854,   0.602,9999.000,9999.000,9999.000,9999.000,9999.000,9999.000,9999.000,9999.000
202607271900,   0.621,9999.000,   1.000,   0.298,   1.919,   0.900,   1.819,   1.100,   2.019
202607271906,   0.643,9999.000,9999.000,9999.000,9999.000,9999.000,9999.000,9999.000,9999.000
202607271912,   0.666,9999.000,9999.000,9999.000,9999.000,9999.000,9999.000,9999.000,9999.000
202607271918,   0.692,9999.000,9999.000,9999.000,9999.000,9999.000,9999.000,9999.000,9999.000
202607271924,   0.719,9999.000,9999.000,9999.000,9999.000,9999.000,9999.000,9999.000,9999.000
202607271930,   0.748,9999.000,9999.000,9999.000,9999.000,9999.000,9999.000,9999.000,9999.000
202607271936,   0.779,9999.000,9999.000,9999.000,9999.000,9999.000,9999.000,9999.000,9999.000
202607271942,   0.812,9999.000,9999.000,9999.000,9999.000,9999.000,9999.000,9999.000,9999.000
202607271948,   0.846,9999.000,9999.000,9999.000,9999.000,9999.000,9999.000,9999.000,9999.000
202607271954,   0.881,9999.000,9999.000,9999.000,9999.000,9999.000,9999.000,9999.000,9999.000
202607272000,   0.918,9999.000,   1.000,   0.298,   2.216,   0.900,   2.116,   1.100,   2.316
202607272006,   0.955,9999.000,9999.000,9999.000,9999.000,9999.000,9999.000,9999.000,9999.000
202607272012,   0.994,9999.000,9999.000,9999.000,9999.000,9999.000,9999.000,9999.000,9999.000
202607272018,   1.033,9999.000,9999.000,9999.000,9999.000,9999.000,9999.000,9999.000,9999.000
202607272024,   1.074,9999.000,9999.000,9999.000,9999.000,9999.000,9999.000,9999.000,9999.000
202607272030,   1.114,9999.000,9999.000,9999.000,9999.000,9999.000,9999.000,9999.000,9999.000
202607272036,   1.156,9999.000,9999.000,9999.000,9999.000,9999.000,9999.000,9999.000,9999.000
202607272042,   1.197,9999.000,9999.000,9999.000,9999.000,9999.000,9999.000,9999.000,9999.000
202607272048,   1.239,9999.000,9999.000,9999.000,9999.000,9999.000,9999.000,9999.000,9999.000
202607272054,   1.282,9999.000,9999.000,9999.000,9999.000,9999.000,9999.000,9999.000,9999.000
202607272100,   1.324,9999.000,   1.000,   0.298,   2.622,   0.900,   2.522,   1.100,   2.722
202607272106,   1.366,9999.000,9999.000,9999.000,9999.000,9999.000,9999.000,9999.000,9999.000
202607272112,   1.409,9999.000,9999.000,9999.000,9999.000,9999.000,9999.000,9999.000,9999.000
202607272118,   1.451,9999.000,9999.000,9999.000,9999.000,9999.000,9999.000,9999.000,9999.000
202607272124,   1.494,9999.000,9999.000,9999.000,9999.000,9999.000,9999.000,9999.000,9999.000
202607272130,   1.536,9999.000,9999.000,9999.000,9999.000,9999.000,9999.000,9999.000,9999.000
202607272136,   1.578,9999.000,9999.000,9999.000,9999.000,9999.000,9999.000,9999.000,9999.000
202607272142,   1.620,9999.000,9999.000,9999.000,9999.000,9999.000,9999.000,9999.000,9999.000
202607272148,   1.662,9999.000,9999.000,9999.000,9999.000,9999.000,9999.000,9999.000,9999.000
202607272154,   1.703,9999.000,9999.000,9999.000,9999.000,9999.000,9999.000,9999.000,9999.000
202607272200,   1.744,9999.000,   1.000,   0.298,   3.042,   0.900,   2.942,   1.100,   3.142
202607272206,   1.785,9999.000,9999.000,9999.000,9999.000,9999.000,9999.000,9999.000,9999.000
202607272212,   1.825,9999.000,9999.000,9999.000,9999.000,9999.000,9999.000,9999.000,9999.000
202607272218,   1.864,9999.000,9999.000,9999.000,9999.000,9999.000,9999.000,9999.000,9999.000
202607272224,   1.903,9999.000,9999.000,9999.000,9999.000,9999.000,9999.000,9999.000,9999.000
202607272230,   1.942,9999.000,9999.000,9999.000,9999.000,9999.000,9999.000,9999.000,9999.000
202607272236,   1.979,9999.000,9999.000,9999.000,9999.000,9999.000,9999.000,9999.000,9999.000
202607272242,   2.015,9999.000,9999.000,9999.000,9999.000,9999.000,9999.000,9999.000,9999.000
202607272248,   2.050,9999.000,9999.000,9999.000,9999.000,9999.000,9999.000,9999.000,9999.000
202607272254,   2.084,9999.000,9999.000,9999.000,9999.000,9999.000,9999.000,9999.000,9999.000
202607272300,   2.117,9999.000,   1.000,   0.298,   3.415,   0.900,   3.315,   1.100,   3.515
202607272306,   2.147,9999.000,9999.000,9999.000,9999.000,9999.000,9999.000,9999.000,9999.000
202607272312,   2.177,9999.000,9999.000,9999.000,9999.000,9999.000,9999.000,9999.000,9999.000
202607272318,   2.204,9999.000,9999.000,9999.000,9999.000,9999.000,9999.000,9999.000,9999.000
202607272324,   2.229,9999.000,9999.000,9999.000,9999.000,9999.000,9999.000,9999.000,9999.000
202607272330,   2.252,9999.000,9999.000,9999.000,9999.000,9999.000,9999.000,9999.000,9999.000
202607272336,   2.273,9999.000,9999.000,9999.000,9999.000,9999.000,9999.000,9999.000,9999.000
202607272342,   2.291,9999.000,9999.000,9999.000,9999.000,9999.000,9999.000,9999.000,9999.000
202607272348,   2.307,9999.000,9999.000,9999.000,9999.000,9999.000,9999.000,9999.000,9999.000
202607272354,   2.320,9999.000,9999.000,9999.000,9999.000,9999.000,9999.000,9999.000,9999.000
202607280000,   2.330,9999.000,   1.000,   0.298,   3.628,   0.900,   3.528,   1.100,   3.728
202607280006,   2.338,9999.000,9999.000,9999.000,9999.000,9999.000,9999.000,9999.000,9999.000
202607280012,   2.343,9999.000,9999.000,9999.000,9999.000,9999.000,9999.000,9999.000,9999.000
202607280018,   2.345,9999.000,9999.000,9999.000,9999.000,9999.000,9999.000,9999.000,9999.000
202607280024,   2.344,9999.000,9999.000,9999.000,9999.000,9999.000,9999.000,9999.000,9999.000
202607280030,   2.340,9999.000,9999.000,9999.000,9999.000,9999.000,9999.000,9999.000,9999.000
202607280036,   2.334,9999.000,9999.000,9999.000,9999.000,9999.000,9999.000,9999.000,9999.000
202607280042,   2.325,9999.000,9999.000,9999.000,9999.000,9999.000,9999.000,9999.000,9999.000
202607280048,   2.313,9999.000,9999.000,9999.000,9999.000,9999.000,9999.000,9999.000,9999.000
202607280054,   2.299,9999.000,9999.000,9999.000,9999.000,9999.000,9999.000,9999.000,9999.000
202607280100,   2.283,9999.000,   1.000,   0.298,   3.581,   0.900,   3.481,   1.100,   3.681
202607280106,   2.264,9999.000,9999.000,9999.000,9999.000,9999.000,9999.000,9999.000,9999.000
202607280112,   2.244,9999.000,9999.000,9999.000,9999.000,9999.000,9999.000,9999.000,9999.000
202607280118,   2.221,9999.000,9999.000,9999.000,9999.000,9999.000,9999.000,9999.000,9999.000
202607280124,   2.197,9999.000,9999.000,9999.000,9999.000,9999.000,9999.000,9999.000,9999.000
202607280130,   2.171,9999.000,9999.000,9999.000,9999.000,9999.000,9999.000,9999.000,9999.000
202607280136,   2.144,9999.000,9999.000,9999.000,9999.000,9999.000,9999.000,9999.000,9999.000
202607280142,   2.115,9999.000,9999.000,9999.000,9999.000,9999.000,9999.000,9999.000,9999.000
202607280148,   2.085,9999.000,9999.000,9999.000,9999.000,9999.000,9999.000,9999.000,9999.000
202607280154,   2.055,9999.000,9999.000,9999.000,9999.000,9999.000,9999.000,9999.000,9999.000
202607280200,   2.023,9999.000,   1.000,   0.298,   3.321,   0.900,   3.221,   1.100,   3.421
202607280206,   1.991,9999.000,9999.000,9999.000,9999.000,9999.000,9999.000,9999.000,9999.000
202607280212,   1.959,9999.000,9999.000,9999.000,9999.000,9999.000,9999.000,9999.000,9999.000
202607280218,   1.925,9999.000,9999.000,9999.000,9999.000,9999.000,9999.000,9999.000,9999.000
202607280224,   1.892,9999.000,9999.000,9999.000,9999.000,9999.000,9999.000,9999.000,9999.000
202607280230,   1.858,9999.000,9999.000,9999.000,9999.000,9999.000,9999.000,9999.000,9999.000
202607280236,   1.825,9999.000,9999.000,9999.000,9999.000,9999.000,9999.000,9999.000,9999.000
202607280242,   1.791,9999.000,9999.000,9999.000,9999.000,9999.000,9999.000,9999.000,9999.000
202607280248,   1.757,9999.000,9999.000,9999.000,9999.000,9999.000,9999.000,9999.000,9999.000
202607280254,   1.723,9999.000,9999.000,9999.000,9999.000,9999.000,9999.000,9999.000,9999.000
202607280300,   1.689,9999.000,   1.000,   0.298,   2.987,   0.900,   2.887,   1.100,   3.087
202607280306,   1.655,9999.000,9999.000,9999.000,9999.000,9999.000,9999.000,9999.000,9999.000
202607280312,   1.621,9999.000,9999.000,9999.000,9999.000,9999.000,9999.000,9999.000,9999.000
202607280318,   1.587,9999.000,9999.000,9999.000,9999.000,9999.000,9999.000,9999.000,9999.000
202607280324,   1.553,9999.000,9999.000,9999.000,9999.000,9999.000,9999.000,9999.000,9999.000
202607280330,   1.520,9999.000,9999.000,9999.000,9999.000,9999.000,9999.000,9999.000,9999.000
202607280336,   1.486,9999.000,9999.000,9999.000,9999.000,9999.000,9999.000,9999.000,9999.000
202607280342,   1.453,9999.000,9999.000,9999.000,9999.000,9999.000,9999.000,9999.000,9999.000
202607280348,   1.419,9999.000,9999.000,9999.000,9999.000,9999.000,9999.000,9999.000,9999.000
202607280354,   1.386,9999.000,9999.000,9999.000,9999.000,9999.000,9999.000,9999.000,9999.000
202607280400,   1.353,9999.000,   1.000,   0.298,   2.651,   0.900,   2.551,   1.100,   2.751
202607280406,   1.319,9999.000,9999.000,9999.000,9999.000,9999.000,9999.000,9999.000,9999.000
202607280412,   1.286,9999.000,9999.000,9999.000,9999.000,9999.000,9999.000,9999.000,9999.000
202607280418,   1.253,9999.000,9999.000,9999.000,9999.000,9999.000,9999.000,9999.000,9999.000
202607280424,   1.221,9999.000,9999.000,9999.000,9999.000,9999.000,9999.000,9999.000,9999.000
202607280430,   1.188,9999.000,9999.000,9999.000,9999.000,9999.000,9999.000,9999.000,9999.000
202607280436,   1.156,9999.000,9999.000,9999.000,9999.000,9999.000,9999.000,9999.000,9999.000
202607280442,   1.124,9999.000,9999.000,9999.000,9999.000,9999.000,9999.000,9999.000,9999.000
202607280448,   1.092,9999.000,9999.000,9999.000,9999.000,9999.000,9999.000,9999.000,9999.000
202607280454,   1.060,9999.000,9999.000,9999.000,9999.000,9999.000,9999.000,9999.000,9999.000
202607280500,   1.029,9999.000,   1.000,   0.298,   2.327,   0.800,   2.127,   1.100,   2.427
202607280506,   0.999,9999.000,9999.000,9999.000,9999.000,9999.000,9999.000,9999.000,9999.000
202607280512,   0.969,9999.000,9999.000,9999.000,9999.000,9999.000,9999.000,9999.000,9999.000
202607280518,   0.940,9999.000,9999.000,9999.000,9999.000,9999.000,9999.000,9999.000,9999.000
202607280524,   0.911,9999.000,9999.000,9999.000,9999.000,9999.000,9999.000,9999.000,9999.000
202607280530,   0.884,9999.000,9999.000,9999.000,9999.000,9999.000,9999.000,9999.000,9999.000
202607280536,   0.857,9999.000,9999.000,9999.000,9999.000,9999.000,9999.000,9999.000,9999.000
202607280542,   0.831,9999.000,9999.000,9999.000,9999.000,9999.000,9999.000,9999.000,9999.000
202607280548,   0.807,9999.000,9999.000,9999.000,9999.000,9999.000,9999.000,9999.000,9999.000
202607280554,   0.784,9999.000,9999.000,9999.000,9999.000,9999.000,9999.000,9999.000,9999.000
202607280600,   0.762,9999.000,   0.900,   0.298,   1.960,   0.800,   1.860,   1.100,   2.160
