        TIME,    TIDE,      OB,   SURGE,    BIAS,     TWL,SURGE90p,  TWL90p,SURGE10p,   TWL10p
202607190000,   0.232,9999.000,   0.200,9999.000,   0.432,   0.200,   0.432,   0.200,   0.432
202607190006,   0.228,9999.000,9999.000,9999.000,9999.000,9999.000,9999.000,9999.000,9999.000
202607190012,   0.228,9999.000,9999.000,9999.000,9999.000,9999.000,9999.000,9999.000,9999.000
202607190018,   0.231,9999.000,9999.000,9999.000,9999.000,9999.000,9999.000,9999.000,9999.000
202607190024,   0.237,9999.000,9999.000,9999.000,9999.000,9999.000,9999.000,9999.000,9999.000
202607190030,   0.246,9999.000,9999.000,9999.000,9999.000,9999.000,9999.000,9999.000,9999.000
202607190036,   0.259,9999.000,9999.000,9999.000,9999.000,9999.000,9999.000,9999.000,9999.000
202607190042,   0.274,9999.000,9999.000,9999.000,9999.000,9999.000,9999.000,9999.000,9999.000
202607190048,   0.293,9999.000,9999.000,9999.000,9999.000,9999.000,9999.000,9999.000,9999.000
202607190054,   0.316,9999.000,9999.000,9999.000,9999.000,9999.000,9999.000,9999.000,9999.000
202607190100,   0.341,9999.000,   0.200,9999.000,   0.541,   0.200,   0.541,   0.200,   0.541
202607190106,   0.369,9999.000,9999.000,9999.000,9999.000,9999.000,9999.000,9999.000,9999.000
202607190112,   0.401,9999.000,9999.000,9999.000,9999.000,9999.000,9999.000,9999.000,9999.000
202607190118,   0.436,9999.000,9999.000,9999.000,9999.000,9999.000,9999.000,9999.000,9999.000
202607190124,   0.474,9999.000,9999.000,9999.000,9999.000,9999.000,9999.000,9999.000,9999.000
202607190130,   0.515,9999.000,9999.000,9999.000,9999.000,9999.000,9999.000,9999.000,9999.000
202607190136,   0.558,9999.000,9999.000,9999.000,9999.000,9999.000,9999.000,9999.000,9999.000
202607190142,   0.605,9999.000,9999.000,9999.000,9999.000,9999.000,9999.000,9999.000,9999.000
202607190148,   0.654,9999.000,9999.000,9999.000,9999.000,9999.000,9999.000,9999.000,9999.000
202607190154,   0.706,9999.000,9999.000,9999.000,9999.000,9999.000,9999.000,9999.000,9999.000
202607190200,   0.761,9999.000,   0.200,9999.000,   0.961,   0.200,   0.961,   0.200,   0.961
202607190206,   0.818,9999.000,9999.000,9999.000,9999.000,9999.000,9999.000,9999.000,9999.000
202607190212,   0.878,9999.000,9999.000,9999.000,9999.000,9999.000,9999.000,9999.000,9999.000
202607190218,   0.940,9999.000,9999.000,9999.000,9999.000,9999.000,9999.000,9999.000,9999.000
202607190224,   1.005,9999.000,9999.000,9999.000,9999.000,9999.000,9999.000,9999.000,9999.000
202607190230,   1.071,9999.000,9999.000,9999.000,9999.000,9999.000,9999.000,9999.000,9999.000
202607190236,   1.139,9999.000,9999.000,9999.000,9999.000,9999.000,9999.000,9999.000,9999.000
202607190242,   1.210,9999.000,9999.000,9999.000,9999.000,9999.000,9999.000,9999.000,9999.000
202607190248,   1.282,9999.000,9999.000,9999.000,9999.000,9999.000,9999.000,9999.000,9999.000
202607190254,   1.355,9999.000,9999.000,9999.000,9999.000,9999.000,9999.000,9999.000,9999.000
202607190300,   1.430,9999.000,   0.200,9999.000,   1.630,   0.200,   1.630,   0.200,   1.630
202607190306,   1.507,9999.000,9999.000,9999.000,9999.000,9999.000,9999.000,9999.000,9999.000
202607190312,   1.584,9999.000,9999.000,9999.000,9999.000,9999.000,9999.000,9999.000,9999.000
202607190318,   1.663,9999.000,9999.000,9999.000,9999.000,9999.000,9999.000,9999.000,9999.000
202607190324,   1.743,9999.000,9999.000,9999.000,9999.000,9999.000,9999.000,9999.000,9999.000
202607190330,   1.823,9999.000,9999.000,9999.000,9999.000,9999.000,9999.000,9999.000,9999.000
202607190336,   1.904,9999.000,9999.000,9999.000,9999.000,9999.000,9999.000,9999.000,9999.000
202607190342,   1.985,9999.000,9999.000,9999.000,9999.000,9999.000,9999.000,9999.000,9999.000
202607190348,   2.066,9999.000,9999.000,9999.000,9999.000,9999.000,9999.000,9999.000,9999.000
202607190354,   2.148,9999.000,9999.000,9999.000,9999.000,9999.000,9999.000,9999.000,9999.000
202607190400,   2.229,9999.000,   0.200,9999.000,   2.429,   0.200,   2.429,   0.200,   2.429
202607190406,   2.310,9999.000,9999.000,9999.000,9999.000,9999.000,9999.000,9999.000,9999.000
202607190412,   2.391,9999.000,9999.000,9999.000,9999.000,9999.000,9999.000,9999.000,9999.000
202607190418,   2.471,9999.000,9999.000,9999.000,9999.000,9999.000,9999.000,9999.000,9999.000
202607190424,   2.550,9999.000,9999.000,9999.000,9999.000,9999.000,9999.000,9999.000,9999.000
202607190430,   2.629,9999.000,9999.000,9999.000,9999.000,9999.000,9999.000,9999.000,9999.000
202607190436,   2.706,9999.000,9999.000,9999.000,9999.000,9999.000,9999.000,9999.000,9999.000
202607190442,   2.783,9999.000,9999.000,9999.000,9999.000,9999.000,9999.000,9999.000,9999.000
202607190448,   2.857,9999.000,9999.000,9999.000,9999.000,9999.000,9999.000,9999.000,9999.000
202607190454,   2.931,9999.000,9999.000,9999.000,9999.000,9999.000,9999.000,9999.000,9999.000
202607190500,   3.002,9999.000,   0.200,9999.000,   3.202,   0.200,   3.202,   0.200,   3.202
202607190506,   3.072,9999.000,9999.000,9999.000,9999.000,9999.000,9999.000,9999.000,9999.000
202607190512,   3.140,9999.000,9999.000,9999.000,9999.000,9999.000,9999.000,9999.000,9999.000
202607190518,   3.205,9999.000,9999.000,9999.000,9999.000,9999.000,9999.000,9999.000,9999.000
202607190524,   3.269,9999.000,9999.000,9999.000,9999.000,9999.000,9999.000,9999.000,9999.000
202607190530,   3.330,9999.000,9999.000,9999.000,9999.000,9999.000,9999.000,9999.000,9999.000
202607190536,   3.389,9999.000,9999.000,9999.000,9999.000,9999.000,9999.000,9999.000,9999.000
202607190542,   3.445,9999.000,9999.000,9999.000,9999.000,9999.000,9999.000,9999.000,9999.000
202607190548,   3.498,9999.000,9999.000,9999.000,9999.000,9999.000,9999.000,9999.000,9999.000
202607190554,   3.549,9999.000,9999.000,9999.000,9999.000,9999.000,9999.000,9999.000,9999.000
202607190600,   3.596,9999.000,   0.200,9999.000,   3.796,   0.200,   3.796,   0.200,   3.796
202607190606,   3.641,9999.000,9999.000,9999.000,9999.000,9999.000,9999.000,9999.000,9999.000
202607190612,   3.683,9999.000,9999.000,9999.000,9999.000,9999.000,9999.000,9999.000,9999.000
202607190618,   3.721,9999.000,9999.000,9999.000,9999.000,9999.000,9999.000,9999.000,9999.000
202607190624,   3.756,9999.000,9999.000,9999.000,9999.000,9999.000,9999.000,9999.000,9999.000
202607190630,   3.788,9999.000,9999.000,9999.000,9999.000,9999.000,9999.000,9999.000,9999.000
202607190636,   3.817,9999.000,9999.000,9999.000,9999.000,9999.000,9999.000,9999.000,9999.000
202607190642,   3.843,9999.000,9999.000,9999.000,9999.000,9999.000,9999.000,9999.000,9999.000
202607190648,   3.865,9999.000,9999.000,9999.000,9999.000,9999.000,9999.000,9999.000,9999.000
202607190654,   3.884,9999.000,9999.000,9999.000,9999.000,9999.000,9999.000,9999.000,9999.000
202607190700,   3.899,9999.000,   0.200,9999.000,   4.099,   0.200,   4.099,   0.200,   4.099
202607190706,   3.911,9999.000,9999.000,9999.000,9999.000,9999.000,9999.000,9999.000,9999.000
202607190712,   3.920,9999.000,9999.000,9999.000,9999.000,9999.000,9999.000,9999.000,9999.000
202607190718,   3.925,9999.000,9999.000,9999.000,9999.000,9999.000,9999.000,9999.000,9999.000
202607190724,   3.927,9999.000,9999.000,9999.000,9999.000,9999.000,9999.000,9999.000,9999.000
202607190730,   3.925,9999.000,9999.000,9999.000,9999.000,9999.000,9999.000,9999.000,9999.000
202607190736,   3.920,9999.000,9999.000,9999.000,9999.000,9999.000,9999.000,9999.000,9999.000
202607190742,   3.912,9999.000,9999.000,9999.000,9999.000,9999.000,9999.000,9999.000,9999.000
202607190748,   3.901,9999.000,9999.000,9999.000,9999.000,9999.000,9999.000,9999.000,9999.000
202607190754,   3.887,9999.000,9999.000,9999.000,9999.000,9999.000,9999.000,9999.000,9999.000
202607190800,   3.869,9999.000,   0.200,9999.000,   4.069,   0.200,   4.069,   0.200,   4.069
202607190806,   3.849,9999.000,9999.000,9999.000,9999.000,9999.000,9999.000,9999.000,9999.000
202607190812,   3.826,9999.000,9999.000,9999.000,9999.000,9999.000,9999.000,9999.000,9999.000
202607190818,   3.799,9999.000,9999.000,9999.000,9999.000,9999.000,9999.000,9999.000,9999.000
202607190824,   3.770,9999.000,9999.000,9999.000,9999.000,9999.000,9999.000,9999.000,9999.000
202607190830,   3.739,9999.000,9999.000,9999.000,9999.000,9999.000,9999.000,9999.000,9999.000
202607190836,   3.704,9999.000,9999.000,9999.000,9999.000,9999.000,9999.000,9999.000,9999.000
202607190842,   3.668,9999.000,9999.000,9999.000,9999.000,9999.000,9999.000,9999.000,9999.000
202607190848,   3.629,9999.000,9999.000,9999.000,9999.000,9999.000,9999.000,9999.000,9999.000
202607190854,   3.587,9999.000,9999.000,9999.000,9999.000,9999.000,9999.000,9999.000,9999.000
202607190900,   3.544,9999.000,   0.200,9999.000,   3.744,   0.200,   3.744,   0.200,   3.744
202607190906,   3.498,9999.000,9999.000,9999.000,9999.000,9999.000,9999.000,9999.000,9999.000
202607190912,   3.451,9999.000,9999.000,9999.000,9999.000,9999.000,9999.000,9999.000,9999.000
202607190918,   3.402,9999.000,9999.000,9999.000,9999.000,9999.000,9999.000,9999.000,9999.000
202607190924,   3.351,9999.000,9999.000,9999.000,9999.000,9999.000,9999.000,9999.000,9999.000
202607190930,   3.299,9999.000,9999.000,9999.000,9999.000,9999.000,9999.000,9999.000,9999.000
202607190936,   3.246,9999.000,9999.000,9999.000,9999.000,9999.000,9999.000,9999.000,9999.000
202607190942,   3.191,9999.000,9999.000,9999.000,9999.000,9999.000,9999.000,9999.000,9999.000
202607190948,   3.135,9999.000,9999.000,9999.000,9999.000,9999.000,9999.000,9999.000,9999.000
202607190954,   3.078,9999.000,9999.000,9999.000,9999.000,9999.000,9999.000,9999.000,9999.000
202607191000,   3.021,9999.000,   0.200,9999.000,   3.221,   0.100,   3.121,   0.200,   3.221
202607191006,   2.963,9999.000,9999.000,9999.000,9999.000,9999.000,9999.000,9999.000,9999.000
202607191012,   2.904,9999.000,9999.000,9999.000,9999.000,9999.000,9999.000,9999.000,9999.000
202607191018,   2.845,9999.000,9999.000,9999.000,9999.000,9999.000,9999.000,9999.000,9999.000
202607191024,   2.785,9999.000,9999.000,9999.000,9999.000,9999.000,9999.000,9999.000,9999.000
202607191030,   2.726,9999.000,9999.000,9999.000,9999.000,9999.000,9999.000,9999.000,9999.000
202607191036,   2.666,9999.000,9999.000,9999.000,9999.000,9999.000,9999.000,9999.000,9999.000
202607191042,   2.607,9999.000,9999.000,9999.000,9999.000,9999.000,9999.000,9999.000,9999.000
202607191048,   2.548,9999.000,9999.000,9999.000,9999.000,9999.000,9999.000,9999.000,9999.000
202607191054,   2.489,9999.000,9999.000,9999.000,9999.000,9999.000,9999.000,9999.000,9999.000
202607191100,   2.431,9999.000,   0.100,9999.000,   2.531,   0.100,   2.531,   0.100,   2.531
202607191106,   2.374,9999.000,9999.000,9999.000,9999.000,9999.000,9999.000,9999.000,9999.000
202607191112,   2.317,9999.000,9999.000,9999.000,9999.000,9999.000,9999.000,9999.000,9999.000
202607191118,   2.261,9999.000,9999.000,9999.000,9999.000,9999.000,9999.000,9999.000,9999.000
202607191124,   2.206,9999.000,9999.000,9999.000,9999.000,9999.000,9999.000,9999.000,9999.000
202607191130,   2.153,9999.000,9999.000,9999.000,9999.000,9999.000,9999.000,9999.000,9999.000
202607191136,   2.101,9999.000,9999.000,9999.000,9999.000,9999.000,9999.000,9999.000,9999.000
202607191142,   2.050,9999.000,9999.000,9999.000,9999.000,9999.000,9999.000,9999.000,9999.000
202607191148,   2.000,9999.000,9999.000,9999.000,9999.000,9999.000,9999.000,9999.000,9999.000
202607191154,   1.952,9999.000,9999.000,9999.000,9999.000,9999.000,9999.000,9999.000,9999.000
202607191200,   1.906,9999.000,   0.200,9999.000,   2.106,   0.200,   2.106,   0.200,   2.106
202607191206,   1.861,9999.000,9999.000,9999.000,9999.000,9999.000,9999.000,9999.000,9999.000
202607191212,   1.818,9999.000,9999.000,9999.000,9999.000,9999.000,9999.000,9999.000,9999.000
202607191218,   1.777,9999.000,9999.000,9999.000,9999.000,9999.000,9999.000,9999.000,9999.000
202607191224,   1.738,9999.000,9999.000,9999.000,9999.000,9999.000,9999.000,9999.000,9999.000
202607191230,   1.702,9999.000,9999.000,9999.000,9999.000,9999.000,9999.000,9999.000,9999.000
202607191236,   1.667,9999.000,9999.000,9999.000,9999.000,9999.000,9999.000,9999.000,9999.000
202607191242,   1.634,9999.000,9999.000,9999.000,9999.000,9999.000,9999.000,9999.000,9999.000
202607191248,   1.604,9999.000,9999.000,9999.000,9999.000,9999.000,9999.000,9999.000,9999.000
202607191254,   1.576,9999.000,9999.000,9999.000,9999.000,9999.000,9999.000,9999.000,9999.000
202607191300,   1.550,9999.000,   0.200,9999.000,   1.750,   0.200,   1.750,   0.200,   1.750
202607191306,   1.526,9999.000,9999.000,9999.000,9999.000,9999.000,9999.000,9999.000,9999.000
202607191312,   1.505,9999.000,9999.000,9999.000,9999.000,9999.000,9999.000,9999.000,9999.000
202607191318,   1.487,9999.000,9999.000,9999.000,9999.000,9999.000,9999.000,9999.000,9999.000
202607191324,   1.470,9999.000,9999.000,9999.000,9999.000,9999.000,9999.000,9999.000,9999.000
202607191330,   1.457,9999.000,9999.000,9999.000,9999.000,9999.000,9999.000,9999.000,9999.000
202607191336,   1.445,9999.000,9999.000,9999.000,9999.000,9999.000,9999.000,9999.000,9999.000
202607191342,   1.436,9999.000,9999.000,9999.000,9999.000,9999.000,9999.000,9999.000,9999.000
202607191348,   1.430,9999.000,9999.000,9999.000,9999.000,9999.000,9999.000,9999.000,9999.000
202607191354,   1.426,9999.000,9999.000,9999.000,9999.000,9999.000,9999.000,9999.000,9999.000
202607191400,   1.424,9999.000,   0.200,9999.000,   1.624,   0.100,   1.524,   0.200,   1.624
202607191406,   1.425,9999.000,9999.000,9999.000,9999.000,9999.000,9999.000,9999.000,9999.000
202607191412,   1.428,9999.000,9999.000,9999.000,9999.000,9999.000,9999.000,9999.000,9999.000
202607191418,   1.433,9999.000,9999.000,9999.000,9999.000,9999.000,9999.000,9999.000,9999.000
202607191424,   1.441,9999.000,9999.000,9999.000,9999.000,9999.000,9999.000,9999.000,9999.000
202607191430,   1.451,9999.000,9999.000,9999.000,9999.000,9999.000,9999.000,9999.000,9999.000
202607191436,   1.463,9999.000,9999.000,9999.000,9999.000,9999.000,9999.000,9999.000,9999.000
202607191442,   1.477,9999.000,9999.000,9999.000,9999.000,9999.000,9999.000,9999.000,9999.000
202607191448,   1.493,9999.000,9999.000,9999.000,9999.000,9999.000,9999.000,9999.000,9999.000
202607191454,   1.511,9999.000,9999.000,9999.000,9999.000,9999.000,9999.000,9999.000,9999.000
202607191500,   1.532,9999.000,   0.200,9999.000,   1.732,   0.100,   1.632,   0.200,   1.732
202607191506,   1.553,9999.000,9999.000,9999.000,9999.000,9999.000,9999.000,9999.000,9999.000
202607191512,   1.577,9999.000,9999.000,9999.000,9999.000,9999.000,9999.000,9999.000,9999.000
202607191518,   1.602,9999.000,9999.000,9999.000,9999.000,9999.000,9999.000,9999.000,9999.000
202607191524,   1.629,9999.000,9999.000,9999.000,9999.000,9999.000,9999.000,9999.000,9999.000
202607191530,   1.657,9999.000,9999.000,9999.000,9999.000,9999.000,9999.000,9999.000,9999.000
202607191536,   1.687,9999.000,9999.000,9999.000,9999.000,9999.000,9999.000,9999.000,9999.000
202607191542,   1.717,9999.000,9999.000,9999.000,9999.000,9999.000,9999.000,9999.000,9999.000
202607191548,   1.749,9999.000,9999.000,9999.000,9999.000,9999.000,9999.000,9999.000,9999.000
202607191554,   1.782,9999.000,9999.000,9999.000,9999.000,9999.000,9999.000,9999.000,9999.000
202607191600,   1.815,9999.000,   0.100,9999.000,   1.915,   0.100,   1.915,   0.200,   2.015
202607191606,   1.850,9999.000,9999.000,9999.000,9999.000,9999.000,9999.000,9999.000,9999.000
202607191612,   1.885,9999.000,9999.000,9999.000,9999.000,9999.000,9999.000,9999.000,9999.000
202607191618,   1.920,9999.000,9999.000,9999.000,9999.000,9999.000,9999.000,9999.000,9999.000
202607191624,   1.956,9999.000,9999.000,9999.000,9999.000,9999.000,9999.000,9999.000,9999.000
202607191630,   1.992,9999.000,9999.000,9999.000,9999.000,9999.000,9999.000,9999.000,9999.000
202607191636,   2.028,9999.000,9999.000,9999.000,9999.000,9999.000,9999.000,9999.000,9999.000
202607191642,   2.064,9999.000,9999.000,9999.000,9999.000,9999.000,9999.000,9999.000,9999.000
202607191648,   2.100,9999.000,9999.000,9999.000,9999.000,9999.000,9999.000,9999.000,9999.000
202607191654,   2.135,9999.000,9999.000,9999.000,9999.000,9999.000,9999.000,9999.000,9999.000
202607191700,   2.170,9999.000,   0.100,9999.000,   2.270,   0.100,   2.270,   0.200,   2.370
202607191706,   2.205,9999.000,9999.000,9999.000,9999.000,9999.000,9999.000,9999.000,9999.000
202607191712,   2.239,9999.000,9999.000,9999.000,9999.000,9999.000,9999.000,9999.000,9999.000
202607191718,   2.272,9999.000,9999.000,9999.000,9999.000,9999.000,9999.000,9999.000,9999.000
202607191724,   2.304,9999.000,9999.000,9999.000,9999.000,9999.000,9999.000,9999.000,9999.000
202607191730,   2.335,9999.000,9999.000,9999.000,9999.000,9999.000,9999.000,9999.000,9999.000
202607191736,   2.364,9999.000,9999.000,9999.000,9999.000,9999.000,9999.000,9999.000,9999.000
202607191742,   2.393,9999.000,9999.000,9999.000,9999.000,9999.000,9999.000,9999.000,9999.000
202607191748,   2.420,9999.000,9999.000,9999.000,9999.000,9999.000,9999.000,9999.000,9999.000
202607191754,   2.446,9999.000,9999.000,9999.000,9999.000,9999.000,9999.000,9999.000,9999.000
202607191800,   2.470,9999.000,   0.100,9999.000,   2.570,   0.100,   2.570,   0.100,   2.570
202607191806,   2.492,9999.000,9999.000,9999.000,9999.000,9999.000,9999.000,9999.000,9999.000
202607191812,   2.513,9999.000,9999.000,9999.000,9999.000,9999.000,9999.000,9999.000,9999.000
202607191818,   2.531,9999.000,9999.000,9999.000,9999.000,9999.000,9999.000,9999.000,9999.000
202607191824,   2.548,9999.000,9999.000,9999.000,9999.000,9999.000,9999.000,9999.000,9999.000
202607191830,   2.563,9999.000,9999.000,9999.000,9999.000,9999.000,9999.000,9999.000,9999.000
202607191836,   2.576,9999.000,9999.000,9999.000,9999.000,9999.000,9999.000,9999.000,9999.000
202607191842,   2.586,9999.000,9999.000,9999.000,9999.000,9999.000,9999.000,9999.000,9999.000
202607191848,   2.595,9999.000,9999.000,9999.000,9999.000,9999.000,9999.000,9999.000,9999.000
202607191854,   2.601,9999.000,9999.000,9999.000,9999.000,9999.000,9999.000,9999.000,9999.000
202607191900,   2.605,9999.000,   0.100,9999.000,   2.705,   0.100,   2.705,   0.100,   2.705
202607191906,   2.607,9999.000,9999.000,9999.000,9999.000,9999.000,9999.000,9999.000,9999.000
202607191912,   2.606,9999.000,9999.000,9999.000,9999.000,9999.000,9999.000,9999.000,9999.000
202607191918,   2.604,9999.000,9999.000,9999.000,9999.000,9999.000,9999.000,9999.000,9999.000
202607191924,   2.599,9999.000,9999.000,9999.000,9999.000,9999.000,9999.000,9999.000,9999.000
202607191930,   2.591,9999.000,9999.000,9999.000,9999.000,9999.000,9999.000,9999.000,9999.000
202607191936,   2.581,9999.000,9999.000,9999.000,9999.000,9999.000,9999.000,9999.000,9999.000
202607191942,   2.569,9999.000,9999.000,9999.000,9999.000,9999.000,9999.000,9999.000,9999.000
202607191948,   2.555,9999.000,9999.000,9999.000,9999.000,9999.000,9999.000,9999.000,9999.000
202607191954,   2.539,9999.000,9999.000,9999.000,9999.000,9999.000,9999.000,9999.000,9999.000
202607192000,   2.520,9999.000,   0.100,9999.000,   2.620,   0.100,   2.620,   0.100,   2.620
202607192006,   2.499,9999.000,9999.000,9999.000,9999.000,9999.000,9999.000,9999.000,9999.000
202607192012,   2.477,9999.000,9999.000,9999.000,9999.000,9999.000,9999.000,9999.000,9999.000
202607192018,   2.452,9999.000,9999.000,9999.000,9999.000,9999.000,9999.000,9999.000,9999.000
202607192024,   2.425,9999.000,9999.000,9999.000,9999.000,9999.000,9999.000,9999.000,9999.000
202607192030,   2.396,9999.000,9999.000,9999.000,9999.000,9999.000,9999.000,9999.000,9999.000
202607192036,   2.366,9999.000,9999.000,9999.000,9999.000,9999.000,9999.000,9999.000,9999.000
202607192042,   2.334,9999.000,9999.000,9999.000,9999.000,9999.000,9999.000,9999.000,9999.000
202607192048,   2.300,9999.000,9999.000,9999.000,9999.000,9999.000,9999.000,9999.000,9999.000
202607192054,   2.264,9999.000,9999.000,9999.000,9999.000,9999.000,9999.000,9999.000,9999.000
202607192100,   2.227,9999.000,   0.100,9999.000,   2.327,   0.100,   2.327,   0.100,   2.327
202607192106,   2.189,9999.000,9999.000,9999.000,9999.000,9999.000,9999.000,9999.000,9999.000
202607192112,   2.150,9999.000,9999.000,9999.000,9999.000,9999.000,9999.000,9999.000,9999.000
202607192118,   2.109,9999.000,9999.000,9999.000,9999.000,9999.000,9999.000,9999.000,9999.000
202607192124,   2.068,9999.000,9999.000,9999.000,9999.000,9999.000,9999.000,9999.000,9999.000
202607192130,   2.025,9999.000,9999.000,9999.000,9999.000,9999.000,9999.000,9999.000,9999.000
202607192136,   1.982,9999.000,9999.000,9999.000,9999.000,9999.000,9999.000,9999.000,9999.000
202607192142,   1.938,9999.000,9999.000,9999.000,9999.000,9999.000,9999.000,9999.000,9999.000
202607192148,   1.893,9999.000,9999.000,9999.000,9999.000,9999.000,9999.000,9999.000,9999.000
202607192154,   1.848,9999.000,9999.000,9999.000,9999.000,9999.000,9999.000,9999.000,9999.000
202607192200,   1.803,9999.000,   0.100,9999.000,   1.903,   0.100,   1.903,   0.100,   1.903
202607192206,   1.757,9999.000,9999.000,9999.000,9999.000,9999.000,9999.000,9999.000,9999.000
202607192212,   1.712,9999.000,9999.000,9999.000,9999.000,9999.000,9999.000,9999.000,9999.000
202607192218,   1.667,9999.000,9999.000,9999.000,9999.000,9999.000,9999.000,9999.000,9999.000
202607192224,   1.621,9999.000,9999.000,9999.000,9999.000,9999.000,9999.000,9999.000,9999.000
202607192230,   1.576,9999.000,9999.000,9999.000,9999.000,9999.000,9999.000,9999.000,9999.000
202607192236,   1.532,9999.000,9999.000,9999.000,9999.000,9999.000,9999.000,9999.000,9999.000
202607192242,   1.488,9999.000,9999.000,9999.000,9999.000,9999.000,9999.000,9999.000,9999.000
202607192248,   1.445,9999.000,9999.000,9999.000,9999.000,9999.000,9999.000,9999.000,9999.000
202607192254,   1.403,9999.000,9999.000,9999.000,9999.000,9999.000,9999.000,9999.000,9999.000
202607192300,   1.361,9999.000,   0.100,9999.000,   1.461,   0.100,   1.461,   0.100,   1.461
202607192306,   1.321,9999.000,9999.000,9999.000,9999.000,9999.000,9999.000,9999.000,9999.000
202607192312,   1.282,9999.000,9999.000,9999.000,9999.000,9999.000,9999.000,9999.000,9999.000
202607192318,   1.244,9999.000,9999.000,9999.000,9999.000,9999.000,9999.000,9999.000,9999.000
202607192324,   1.208,9999.000,9999.000,9999.000,9999.000,9999.000,9999.000,9999.000,9999.000
202607192330,   1.173,9999.000,9999.000,9999.000,9999.000,9999.000,9999.000,9999.000,9999.000
202607192336,   1.139,9999.000,9999.000,9999.000,9999.000,9999.000,9999.000,9999.000,9999.000
202607192342,   1.108,9999.000,9999.000,9999.000,9999.000,9999.000,9999.000,9999.000,9999.000
202607192348,   1.078,9999.000,9999.000,9999.000,9999.000,9999.000,9999.000,9999.000,9999.000
202607192354,   1.050,9999.000,9999.000,9999.000,9999.000,9999.000,9999.000,9999.000,9999.000
202607200000,   1.024,9999.000,   0.000,9999.000,   1.024,   0.000,   1.024,   0.000,   1.024
202607200006,   1.001,9999.000,9999.000,9999.000,9999.000,9999.000,9999.000,9999.000,9999.000
202607200012,   0.979,9999.000,9999.000,9999.000,9999.000,9999.000,9999.000,9999.000,9999.000
202607200018,   0.960,9999.000,9999.000,9999.000,9999.000,9999.000,9999.000,9999.000,9999.000
202607200024,   0.943,9999.000,9999.000,9999.000,9999.000,9999.000,9999.000,9999.000,9999.000
202607200030,   0.928,9999.000,9999.000,9999.000,9999.000,9999.000,9999.000,9999.000,9999.000
202607200036,   0.916,9999.000,9999.000,9999.000,9999.000,9999.000,9999.000,9999.000,9999.000
202607200042,   0.907,9999.000,9999.000,9999.000,9999.000,9999.000,9999.000,9999.000,9999.000
202607200048,   0.900,9999.000,9999.000,9999.000,9999.000,9999.000,9999.000,9999.000,9999.000
202607200054,   0.895,9999.000,9999.000,9999.000,9999.000,9999.000,9999.000,9999.000,9999.000
202607200100,   0.894,9999.000,   0.000,9999.000,   0.894,   0.000,   0.894,   0.000,   0.894
202607200106,   0.895,9999.000,9999.000,9999.000,9999.000,9999.000,9999.000,9999.000,9999.000
202607200112,   0.899,9999.000,9999.000,9999.000,9999.000,9999.000,9999.000,9999.000,9999.000
202607200118,   0.905,9999.000,9999.000,9999.000,9999.000,9999.000,9999.000,9999.000,9999.000
202607200124,   0.914,9999.000,9999.000,9999.000,9999.000,9999.000,9999.000,9999.000,9999.000
202607200130,   0.926,9999.000,9999.000,9999.000,9999.000,9999.000,9999.000,9999.000,9999.000
202607200136,   0.941,9999.000,9999.000,9999.000,9999.000,9999.000,9999.000,9999.000,9999.000
202607200142,   0.959,9999.000,9999.000,9999.000,9999.000,9999.000,9999.000,9999.000,9999.000
202607200148,   0.980,9999.000,9999.000,9999.000,9999.000,9999.000,9999.000,9999.000,9999.000
202607200154,   1.003,9999.000,9999.000,9999.000,9999.000,9999.000,9999.000,9999.000,9999.000
202607200200,   1.029,9999.000,   0.000,9999.000,   1.029,   0.000,   1.029,   0.000,   1.029
202607200206,   1.058,9999.000,9999.000,9999.000,9999.000,9999.000,9999.000,9999.000,9999.000
202607200212,   1.089,9999.000,9999.000,9999.000,9999.000,9999.000,9999.000,9999.000,9999.000
202607200218,   1.123,9999.000,9999.000,9999.000,9999.000,9999.000,9999.000,9999.000,9999.000
202607200224,   1.160,9999.000,9999.000,9999.000,9999.000,9999.000,9999.000,9999.000,9999.000
202607200230,   1.199,9999.000,9999.000,9999.000,9999.000,9999.000,9999.000,9999.000,9999.000
202607200236,   1.241,9999.000,9999.000,9999.000,9999.000,9999.000,9999.000,9999.000,9999.000
202607200242,   1.286,9999.000,9999.000,9999.000,9999.000,9999.000,9999.000,9999.000,9999.000
202607200248,   1.332,9999.000,9999.000,9999.000,9999.000,9999.000,9999.000,9999.000,9999.000
202607200254,   1.381,9999.000,9999.000,9999.000,9999.000,9999.000,9999.000,9999.000,9999.000
202607200300,   1.433,9999.000,   0.000,9999.000,   1.433,   0.000,   1.433,   0.000,   1.433
202607200306,   1.486,9999.000,9999.000,9999.000,9999.000,9999.000,9999.000,9999.000,9999.000
202607200312,   1.542,9999.000,9999.000,9999.000,9999.000,9999.000,9999.000,9999.000,9999.000
202607200318,   1.599,9999.000,9999.000,9999.000,9999.000,9999.000,9999.000,9999.000,9999.000
202607200324,   1.658,9999.000,9999.000,9999.000,9999.000,9999.000,9999.000,9999.000,9999.000
202607200330,   1.719,9999.000,9999.000,9999.000,9999.000,9999.000,9999.000,9999.000,9999.000
202607200336,   1.782,9999.000,9999.000,9999.000,9999.000,9999.000,9999.000,9999.000,9999.000
202607200342,   1.846,9999.000,9999.000,9999.000,9999.000,9999.000,9999.000,9999.000,9999.000
202607200348,   1.911,9999.000,9999.000,9999.000,9999.000,9999.000,9999.000,9999.000,9999.000
202607200354,   1.978,9999.000,9999.000,9999.000,9999.000,9999.000,9999.000,9999.000,9999.000
202607200400,   2.046,9999.000,   0.000,9999.000,   2.046,   0.000,   2.046,   0.000,   2.046
202607200406,   2.114,9999.000,9999.000,9999.000,9999.000,9999.000,9999.000,9999.000,9999.000
202607200412,   2.184,9999.000,9999.000,9999.000,9999.000,9999.000,9999.000,9999.000,9999.000
202607200418,   2.254,9999.000,9999.000,9999.000,9999.000,9999.000,9999.000,9999.000,9999.000
202607200424,   2.325,9999.000,9999.000,9999.000,9999.000,9999.000,9999.000,9999.000,9999.000
202607200430,   2.396,9999.000,9999.000,9999.000,9999.000,9999.000,9999.000,9999.000,9999.000
202607200436,   2.467,9999.000,9999.000,9999.000,9999.000,9999.000,9999.000,9999.000,9999.000
202607200442,   2.539,9999.000,9999.000,9999.000,9999.000,9999.000,9999.000,9999.000,9999.000
202607200448,   2.610,9999.000,9999.000,9999.000,9999.000,9999.000,9999.000,9999.000,9999.000
202607200454,   2.681,9999.000,9999.000,9999.000,9999.000,9999.000,9999.000,9999.000,9999.000
202607200500,   2.751,9999.000,   0.000,9999.000,   2.751,   0.000,   2.751,   0.000,   2.751
202607200506,   2.821,9999.000,9999.000,9999.000,9999.000,9999.000,9999.000,9999.000,9999.000
202607200512,   2.890,9999.000,9999.000,9999.000,9999.000,9999.000,9999.000,9999.000,9999.000
202607200518,   2.959,9999.000,9999.000,9999.000,9999.000,9999.000,9999.000,9999.000,9999.000
202607200524,   3.026,9999.000,9999.000,9999.000,9999.000,9999.000,9999.000,9999.000,9999.000
202607200530,   3.092,9999.000,9999.000,9999.000,9999.000,9999.000,9999.000,9999.000,9999.000
202607200536,   3.157,9999.000,9999.000,9999.000,9999.000,9999.000,9999.000,9999.000,9999.000
202607200542,   3.220,9999.000,9999.000,9999.000,9999.000,9999.000,9999.000,9999.000,9999.000
202607200548,   3.282,9999.000,9999.000,9999.000,9999.000,9999.000,9999.000,9999.000,9999.000
202607200554,   3.341,9999.000,9999.000,9999.000,9999.000,9999.000,9999.000,9999.000,9999.000
202607200600,   3.399,9999.000,   0.000,9999.000,   3.399,   0.000,   3.399,   0.000,   3.399
202607200606,   3.455,9999.000,9999.000,9999.000,9999.000,9999.000,9999.000,9999.000,9999.000
202607200612,   3.508,9999.000,9999.000,9999.000,9999.000,9999.000,9999.000,9999.000,9999.000
202607200618,   3.559,9999.000,9999.000,9999.000,9999.000,9999.000,9999.000,9999.000,9999.000
202607200624,   3.608,9999.000,9999.000,9999.000,9999.000,9999.000,9999.000,9999.000,9999.000
202607200630,   3.654,9999.000,9999.000,9999.000,9999.000,9999.000,9999.000,9999.000,9999.000
202607200636,   3.697,9999.000,9999.000,9999.000,9999.000,9999.000,9999.000,9999.000,9999.000
202607200642,   3.738,9999.000,9999.000,9999.000,9999.000,9999.000,9999.000,9999.000,9999.000
202607200648,   3.775,9999.000,9999.000,9999.000,9999.000,9999.000,9999.000,9999.000,9999.000
202607200654,   3.810,9999.000,9999.000,9999.000,9999.000,9999.000,9999.000,9999.000,9999.000
202607200700,   3.842,9999.000,   0.000,9999.000,   3.842,   0.000,   3.842,   0.000,   3.842
202607200706,   3.870,9999.000,9999.000,9999.000,9999.000,9999.000,9999.000,9999.000,9999.000
202607200712,   3.896,9999.000,9999.000,9999.000,9999.000,9999.000,9999.000,9999.000,9999.000
202607200718,   3.918,9999.000,9999.000,9999.000,9999.000,9999.000,9999.000,9999.000,9999.000
202607200724,   3.936,9999.000,9999.000,9999.000,9999.000,9999.000,9999.000,9999.000,9999.000
202607200730,   3.952,9999.000,9999.000,9999.000,9999.000,9999.000,9999.000,9999.000,9999.000
202607200736,   3.964,9999.000,9999.000,9999.000,9999.000,9999.000,9999.000,9999.000,9999.000
202607200742,   3.972,9999.000,9999.000,9999.000,9999.000,9999.000,9999.000,9999.000,9999.000
202607200748,   3.977,9999.000,9999.000,9999.000,9999.000,9999.000,9999.000,9999.000,9999.000
202607200754,   3.979,9999.000,9999.000,9999.000,9999.000,9999.000,9999.000,9999.000,9999.000
202607200800,   3.977,9999.000,   0.000,9999.000,   3.977,   0.000,   3.977,   0.000,   3.977
202607200806,   3.972,9999.000,9999.000,9999.000,9999.000,9999.000,9999.000,9999.000,9999.000
202607200812,   3.963,9999.000,9999.000,9999.000,9999.000,9999.000,9999.000,9999.000,9999.000
202607200818,   3.951,9999.000,9999.000,9999.000,9999.000,9999.000,9999.000,9999.000,9999.000
202607200824,   3.936,9999.000,9999.000,9999.000,9999.000,9999.000,9999.000,9999.000,9999.000
202607200830,   3.917,9999.000,9999.000,9999.000,9999.000,9999.000,9999.000,9999.000,9999.000
202607200836,   3.895,9999.000,9999.000,9999.000,9999.000,9999.000,9999.000,9999.000,9999.000
202607200842,   3.870,9999.000,9999.000,9999.000,9999.000,9999.000,9999.000,9999.000,9999.000
202607200848,   3.841,9999.000,9999.000,9999.000,9999.000,9999.000,9999.000,9999.000,9999.000
202607200854,   3.810,9999.000,9999.000,9999.000,9999.000,9999.000,9999.000,9999.000,9999.000
202607200900,   3.775,9999.000,   0.000,9999.000,   3.775,   0.000,   3.775,   0.000,   3.775
202607200906,   3.738,9999.000,9999.000,9999.000,9999.000,9999.000,9999.000,9999.000,9999.000
202607200912,   3.697,9999.000,9999.000,9999.000,9999.000,9999.000,9999.000,9999.000,9999.000
202607200918,   3.654,9999.000,9999.000,9999.000,9999.000,9999.000,9999.000,9999.000,9999.000
202607200924,   3.608,9999.000,9999.000,9999.000,9999.000,9999.000,9999.000,9999.000,9999.000
202607200930,   3.560,9999.000,9999.000,9999.000,9999.000,9999.000,9999.000,9999.000,9999.000
202607200936,   3.509,9999.000,9999.000,9999.000,9999.000,9999.000,9999.000,9999.000,9999.000
202607200942,   3.456,9999.000,9999.000,9999.000,9999.000,9999.000,9999.000,9999.000,9999.000
202607200948,   3.400,9999.000,9999.000,9999.000,9999.000,9999.000,9999.000,9999.000,9999.000
202607200954,   3.343,9999.000,9999.000,9999.000,9999.000,9999.000,9999.000,9999.000,9999.000
202607201000,   3.283,9999.000,   0.000,9999.000,   3.283,   0.000,   3.283,   0.000,   3.283
202607201006,   3.222,9999.000,9999.000,9999.000,9999.000,9999.000,9999.000,9999.000,9999.000
202607201012,   3.159,9999.000,9999.000,9999.000,9999.000,9999.000,9999.000,9999.000,9999.000
202607201018,   3.094,9999.000,9999.000,9999.000,9999.000,9999.000,9999.000,9999.000,9999.000
202607201024,   3.028,9999.000,9999.000,9999.000,9999.000,9999.000,9999.000,9999.000,9999.000
202607201030,   2.961,9999.000,9999.000,9999.000,9999.000,9999.000,9999.000,9999.000,9999.000
202607201036,   2.892,9999.000,9999.000,9999.000,9999.000,9999.000,9999.000,9999.000,9999.000
202607201042,   2.823,9999.000,9999.000,9999.000,9999.000,9999.000,9999.000,9999.000,9999.000
202607201048,   2.753,9999.000,9999.000,9999.000,9999.000,9999.000,9999.000,9999.000,9999.000
202607201054,   2.682,9999.000,9999.000,9999.000,9999.000,9999.000,9999.000,9999.000,9999.000
202607201100,   2.610,9999.000,   0.000,9999.000,   2.610,   0.000,   2.610,   0.000,   2.610
202607201106,   2.538,9999.000,9999.000,9999.000,9999.000,9999.000,9999.000,9999.000,9999.000
202607201112,   2.466,9999.000,9999.000,9999.000,9999.000,9999.000,9999.000,9999.000,9999.000
202607201118,   2.393,9999.000,9999.000,9999.000,9999.000,9999.000,9999.000,9999.000,9999.000
202607201124,   2.321,9999.000,9999.000,9999.000,9999.000,9999.000,9999.000,9999.000,9999.000
202607201130,   2.249,9999.000,9999.000,9999.000,9999.000,9999.000,9999.000,9999.000,9999.000
202607201136,   2.177,9999.000,9999.000,9999.000,9999.000,9999.000,9999.000,9999.000,9999.000
202607201142,   2.106,9999.000,9999.000,9999.000,9999.000,9999.000,9999.000,9999.000,9999.000
202607201148,   2.035,9999.000,9999.000,9999.000,9999.000,9999.000,9999.000,9999.000,9999.000
202607201154,   1.965,9999.000,9999.000,9999.000,9999.000,9999.000,9999.000,9999.000,9999.000
202607201200,   1.896,9999.000,   0.000,9999.000,   1.896,   0.000,   1.896,   0.000,   1.896
202607201206,   1.828,9999.000,9999.000,9999.000,9999.000,9999.000,9999.000,9999.000,9999.000
202607201212,   1.761,9999.000,9999.000,9999.000,9999.000,9999.000,9999.000,9999.000,9999.000
202607201218,   1.695,9999.000,9999.000,9999.000,9999.000,9999.000,9999.000,9999.000,9999.000
202607201224,   1.631,9999.000,9999.000,9999.000,9999.000,9999.000,9999.000,9999.000,9999.000
202607201230,   1.568,9999.000,9999.000,9999.000,9999.000,9999.000,9999.000,9999.000,9999.000
202607201236,   1.507,9999.000,9999.000,9999.000,9999.000,9999.000,9999.000,9999.000,9999.000
202607201242,   1.448,9999.000,9999.000,9999.000,9999.000,9999.000,9999.000,9999.000,9999.000
202607201248,   1.390,9999.000,9999.000,9999.000,9999.000,9999.000,9999.000,9999.000,9999.000
202607201254,   1.334,9999.000,9999.000,9999.000,9999.000,9999.000,9999.000,9999.000,9999.000
202607201300,   1.281,9999.000,   0.000,9999.000,   1.281,   0.000,   1.281,   0.000,   1.281
202607201306,   1.229,9999.000,9999.000,9999.000,9999.000,9999.000,9999.000,9999.000,9999.000
202607201312,   1.180,9999.000,9999.000,9999.000,9999.000,9999.000,9999.000,9999.000,9999.000
202607201318,   1.134,9999.000,9999.000,9999.000,9999.000,9999.000,9999.000,9999.000,9999.000
202607201324,   1.089,9999.000,9999.000,9999.000,9999.000,9999.000,9999.000,9999.000,9999.000
202607201330,   1.047,9999.000,9999.000,9999.000,9999.000,9999.000,9999.000,9999.000,9999.000
202607201336,   1.008,9999.000,9999.000,9999.000,9999.000,9999.000,9999.000,9999.000,9999.000
202607201342,   0.971,9999.000,9999.000,9999.000,9999.000,9999.000,9999.000,9999.000,9999.000
202607201348,   0.937,9999.000,9999.000,9999.000,9999.000,9999.000,9999.000,9999.000,9999.000
202607201354,   0.906,9999.000,9999.000,9999.000,9999.000,9999.000,9999.000,9999.000,9999.000
202607201400,   0.877,9999.000,   0.000,9999.000,   0.877,   0.000,   0.877,   0.000,   0.877
202607201406,   0.852,9999.000,9999.000,9999.000,9999.000,9999.000,9999.000,9999.000,9999.000
202607201412,   0.829,9999.000,9999.000,9999.000,9999.000,9999.000,9999.000,9999.000,9999.000
202607201418,   0.809,9999.000,9999.000,9999.000,9999.000,9999.000,9999.000,9999.000,9999.000
202607201424,   0.792,9999.000,9999.000,9999.000,9999.000,9999.000,9999.000,9999.000,9999.000
202607201430,   0.778,9999.000,9999.000,9999.000,9999.000,9999.000,9999.000,9999.000,9999.000
202607201436,   0.767,9999.000,9999.000,9999.000,9999.000,9999.000,9999.000,9999.000,9999.000
202607201442,   0.758,9999.000,9999.000,9999.000,9999.000,9999.000,9999.000,9999.000,9999.000
202607201448,   0.753,9999.000,9999.000,9999.000,9999.000,9999.000,9999.000,9999.000,9999.000
202607201454,   0.751,9999.000,9999.000,9999.000,9999.000,9999.000,9999.000,9999.000,9999.000
202607201500,   0.751,9999.000,   0.000,9999.000,   0.751,   0.000,   0.751,   0.000,   0.751
202607201506,   0.755,9999.000,9999.000,9999.000,9999.000,9999.000,9999.000,9999.000,9999.000
202607201512,   0.761,9999.000,9999.000,9999.000,9999.000,9999.000,9999.000,9999.000,9999.000
202607201518,   0.770,9999.000,9999.000,9999.000,9999.000,9999.000,9999.000,9999.000,9999.000
202607201524,   0.781,9999.000,9999.000,9999.000,9999.000,9999.000,9999.000,9999.000,9999.000
202607201530,   0.796,9999.000,9999.000,9999.000,9999.000,9999.000,9999.000,9999.000,9999.000
202607201536,   0.813,9999.000,9999.000,9999.000,9999.000,9999.000,9999.000,9999.000,9999.000
202607201542,   0.832,9999.000,9999.000,9999.000,9999.000,9999.000,9999.000,9999.000,9999.000
202607201548,   0.854,9999.000,9999.000,9999.000,9999.000,9999.000,9999.000,9999.000,9999.000
202607201554,   0.879,9999.000,9999.000,9999.000,9999.000,9999.000,9999.000,9999.000,9999.000
202607201600,   0.906,9999.000,   0.000,9999.000,   0.906,   0.000,   0.906,   0.000,   0.906
202607201606,   0.935,9999.000,9999.000,9999.000,9999.000,9999.000,9999.000,9999.000,9999.000
202607201612,   0.966,9999.000,9999.000,9999.000,9999.000,9999.000,9999.000,9999.000,9999.000
202607201618,   0.999,9999.000,9999.000,9999.000,9999.000,9999.000,9999.000,9999.000,9999.000
202607201624,   1.034,9999.000,9999.000,9999.000,9999.000,9999.000,9999.000,9999.000,9999.000
202607201630,   1.072,9999.000,9999.000,9999.000,9999.000,9999.000,9999.000,9999.000,9999.000
202607201636,   1.110,9999.000,9999.000,9999.000,9999.000,9999.000,9999.000,9999.000,9999.000
202607201642,   1.151,9999.000,9999.000,9999.000,9999.000,9999.000,9999.000,9999.000,9999.000
202607201648,   1.192,9999.000,9999.000,9999.000,9999.000,9999.000,9999.000,9999.000,9999.000
202607201654,   1.235,9999.000,9999.000,9999.000,9999.000,9999.000,9999.000,9999.000,9999.000
202607201700,   1.280,9999.000,   0.000,9999.000,   1.280,   0.000,   1.280,   0.000,   1.280
202607201706,   1.325,9999.000,9999.000,9999.000,9999.000,9999.000,9999.000,9999.000,9999.000
202607201712,   1.372,9999.000,9999.000,9999.000,9999.000,9999.000,9999.000,9999.000,9999.000
202607201718,   1.419,9999.000,9999.000,9999.000,9999.000,9999.000,9999.000,9999.000,9999.000
202607201724,   1.466,9999.000,9999.000,9999.000,9999.000,9999.000,9999.000,9999.000,9999.000
202607201730,   1.515,9999.000,9999.000,9999.000,9999.000,9999.000,9999.000,9999.000,9999.000
202607201736,   1.563,9999.000,9999.000,9999.000,9999.000,9999.000,9999.000,9999.000,9999.000
202607201742,   1.612,9999.000,9999.000,9999.000,9999.000,9999.000,9999.000,9999.000,9999.000
202607201748,   1.661,9999.000,9999.000,9999.000,9999.000,9999.000,9999.000,9999.000,9999.000
202607201754,   1.710,9999.000,9999.000,9999.000,9999.000,9999.000,9999.000,9999.000,9999.000
202607201800,   1.759,9999.000,   0.000,9999.000,   1.759,   0.000,   1.759,   0.000,   1.759
202607201806,   1.808,9999.000,9999.000,9999.000,9999.000,9999.000,9999.000,9999.000,9999.000
202607201812,   1.856,9999.000,9999.000,9999.000,9999.000,9999.000,9999.000,9999.000,9999.000
202607201818,   1.903,9999.000,9999.000,9999.000,9999.000,9999.000,9999.000,9999.000,9999.000
202607201824,   1.950,9999.000,9999.000,9999.000,9999.000,9999.000,9999.000,9999.000,9999.000
202607201830,   1.995,9999.000,9999.000,9999.000,9999.000,9999.000,9999.000,9999.000,9999.000
202607201836,   2.040,9999.000,9999.000,9999.000,9999.000,9999.000,9999.000,9999.000,9999.000
202607201842,   2.084,9999.000,9999.000,9999.000,9999.000,9999.000,9999.000,9999.000,9999.000
202607201848,   2.127,9999.000,9999.000,9999.000,9999.000,9999.000,9999.000,9999.000,9999.000
202607201854,   2.168,9999.000,9999.000,9999.000,9999.000,9999.000,9999.000,9999.000,9999.000
202607201900,   2.207,9999.000,   0.000,9999.000,   2.207,   0.000,   2.207,   0.000,   2.207
202607201906,   2.246,9999.000,9999.000,9999.000,9999.000,9999.000,9999.000,9999.000,9999.000
202607201912,   2.282,9999.000,9999.000,9999.000,9999.000,9999.000,9999.000,9999.000,9999.000
202607201918,   2.317,9999.000,9999.000,9999.000,9999.000,9999.000,9999.000,9999.000,9999.000
202607201924,   2.350,9999.000,9999.000,9999.000,9999.000,9999.000,9999.000,9999.000,9999.000
202607201930,   2.381,9999.000,9999.000,9999.000,9999.000,9999.000,9999.000,9999.000,9999.000
202607201936,   2.410,9999.000,9999.000,9999.000,9999.000,9999.000,9999.000,9999.000,9999.000
202607201942,   2.437,9999.000,9999.000,9999.000,9999.000,9999.000,9999.000,9999.000,9999.000
202607201948,   2.462,9999.000,9999.000,9999.000,9999.000,9999.000,9999.000,9999.000,9999.000
202607201954,   2.485,9999.000,9999.000,9999.000,9999.000,9999.000,9999.000,9999.000,9999.000
202607202000,   2.505,9999.000,   0.000,9999.000,   2.505,   0.000,   2.505,   0.100,   2.605
202607202006,   2.524,9999.000,9999.000,9999.000,9999.000,9999.000,9999.000,9999.000,9999.000
202607202012,   2.540,9999.000,9999.000,9999.000,9999.000,9999.000,9999.000,9999.000,9999.000
202607202018,   2.554,9999.000,9999.000,9999.000,9999.000,9999.000,9999.000,9999.000,9999.000
202607202024,   2.565,9999.000,9999.000,9999.000,9999.000,9999.000,9999.000,9999.000,9999.000
202607202030,   2.574,9999.000,9999.000,9999.000,9999.000,9999.000,9999.000,9999.000,9999.000
202607202036,   2.581,9999.000,9999.000,9999.000,9999.000,9999.000,9999.000,9999.000,9999.000
202607202042,   2.586,9999.000,9999.000,9999.000,9999.000,9999.000,9999.000,9999.000,9999.000
202607202048,   2.588,9999.000,9999.000,9999.000,9999.000,9999.000,9999.000,9999.000,9999.000
202607202054,   2.589,9999.000,9999.000,9999.000,9999.000,9999.000,9999.000,9999.000,9999.000
202607202100,   2.586,9999.000,   0.000,9999.000,   2.586,   0.000,   2.586,   0.100,   2.686
202607202106,   2.582,9999.000,9999.000,9999.000,9999.000,9999.000,9999.000,9999.000,9999.000
202607202112,   2.576,9999.000,9999.000,9999.000,9999.000,9999.000,9999.000,9999.000,9999.000
202607202118,   2.567,9999.000,9999.000,9999.000,9999.000,9999.000,9999.000,9999.000,9999.000
202607202124,   2.557,9999.000,9999.000,9999.000,9999.000,9999.000,9999.000,9999.000,9999.000
202607202130,   2.544,9999.000,9999.000,9999.000,9999.000,9999.000,9999.000,9999.000,9999.000
202607202136,   2.530,9999.000,9999.000,9999.000,9999.000,9999.000,9999.000,9999.000,9999.000
202607202142,   2.513,9999.000,9999.000,9999.000,9999.000,9999.000,9999.000,9999.000,9999.000
202607202148,   2.495,9999.000,9999.000,9999.000,9999.000,9999.000,9999.000,9999.000,9999.000
202607202154,   2.476,9999.000,9999.000,9999.000,9999.000,9999.000,9999.000,9999.000,9999.000
202607202200,   2.454,9999.000,   0.000,9999.000,   2.454,   0.000,   2.454,   0.100,   2.554
202607202206,   2.431,9999.000,9999.000,9999.000,9999.000,9999.000,9999.000,9999.000,9999.000
202607202212,   2.407,9999.000,9999.000,9999.000,9999.000,9999.000,9999.000,9999.000,9999.000
202607202218,   2.381,9999.000,9999.000,9999.000,9999.000,9999.000,9999.000,9999.000,9999.000
202607202224,   2.355,9999.000,9999.000,9999.000,9999.000,9999.000,9999.000,9999.000,9999.000
202607202230,   2.327,9999.000,9999.000,9999.000,9999.000,9999.000,9999.000,9999.000,9999.000
202607202236,   2.298,9999.000,9999.000,9999.000,9999.000,9999.000,9999.000,9999.000,9999.000
202607202242,   2.268,9999.000,9999.000,9999.000,9999.000,9999.000,9999.000,9999.000,9999.000
202607202248,   2.237,9999.000,9999.000,9999.000,9999.000,9999.000,9999.000,9999.000,9999.000
202607202254,   2.206,9999.000,9999.000,9999.000,9999.000,9999.000,9999.000,9999.000,9999.000
202607202300,   2.174,9999.000,   0.000,9999.000,   2.174,   0.000,   2.174,   0.100,   2.274
202607202306,   2.142,9999.000,9999.000,9999.000,9999.000,9999.000,9999.000,9999.000,9999.000
202607202312,   2.110,9999.000,9999.000,9999.000,9999.000,9999.000,9999.000,9999.000,9999.000
202607202318,   2.077,9999.000,9999.000,9999.000,9999.000,9999.000,9999.000,9999.000,9999.000
202607202324,   2.044,9999.000,9999.000,9999.000,9999.000,9999.000,9999.000,9999.000,9999.000
202607202330,   2.011,9999.000,9999.000,9999.000,9999.000,9999.000,9999.000,9999.000,9999.000
202607202336,   1.979,9999.000,9999.000,9999.000,9999.000,9999.000,9999.000,9999.000,9999.000
202607202342,   1.947,9999.000,9999.000,9999.000,9999.000,9999.000,9999.000,9999.000,9999.000
202607202348,   1.915,9999.000,9999.000,9999.000,9999.000,9999.000,9999.000,9999.000,9999.000
202607202354,   1.883,9999.000,9999.000,9999.000,9999.000,9999.000,9999.000,9999.000,9999.000
202607210000,   1.852,9999.000,   0.100,9999.000,   1.952,   0.000,   1.852,   0.100,   1.952
202607210006,   1.822,9999.000,9999.000,9999.000,9999.000,9999.000,9999.000,9999.000,9999.000
202607210012,   1.793,9999.000,9999.000,9999.000,9999.000,9999.000,9999.000,9999.000,9999.000
202607210018,   1.765,9999.000,9999.000,9999.000,9999.000,9999.000,9999.000,9999.000,9999.000
202607210024,   1.738,9999.000,9999.000,9999.000,9999.000,9999.000,9999.000,9999.000,9999.000
202607210030,   1.712,9999.000,9999.000,9999.000,9999.000,9999.000,9999.000,9999.000,9999.000
202607210036,   1.687,9999.000,9999.000,9999.000,9999.000,9999.000,9999.000,9999.000,9999.000
202607210042,   1.664,9999.000,9999.000,9999.000,9999.000,9999.000,9999.000,9999.000,9999.000
202607210048,   1.642,9999.000,9999.000,9999.000,9999.000,9999.000,9999.000,9999.000,9999.000
202607210054,   1.621,9999.000,9999.000,9999.000,9999.000,9999.000,9999.000,9999.000,9999.000
202607210100,   1.602,9999.000,   0.100,9999.000,   1.702,   0.000,   1.602,   0.100,   1.702
202607210106,   1.585,9999.000,9999.000,9999.000,9999.000,9999.000,9999.000,9999.000,9999.000
202607210112,   1.570,9999.000,9999.000,9999.000,9999.000,9999.000,9999.000,9999.000,9999.000
202607210118,   1.557,9999.000,9999.000,9999.000,9999.000,9999.000,9999.000,9999.000,9999.000
202607210124,   1.545,9999.000,9999.000,9999.000,9999.000,9999.000,9999.000,9999.000,9999.000
202607210130,   1.536,9999.000,9999.000,9999.000,9999.000,9999.000,9999.000,9999.000,9999.000
202607210136,   1.529,9999.000,9999.000,9999.000,9999.000,9999.000,9999.000,9999.000,9999.000
202607210142,   1.524,9999.000,9999.000,9999.000,9999.000,9999.000,9999.000,9999.000,9999.000
202607210148,   1.520,9999.000,9999.000,9999.000,9999.000,9999.000,9999.000,9999.000,9999.000
202607210154,   1.520,9999.000,9999.000,9999.000,9999.000,9999.000,9999.000,9999.000,9999.000
202607210200,   1.521,9999.000,   0.100,9999.000,   1.621,   0.000,   1.521,   0.100,   1.621
202607210206,   1.525,9999.000,9999.000,9999.000,9999.000,9999.000,9999.000,9999.000,9999.000
202607210212,   1.531,9999.000,9999.000,9999.000,9999.000,9999.000,9999.000,9999.000,9999.000
202607210218,   1.540,9999.000,9999.000,9999.000,9999.000,9999.000,9999.000,9999.000,9999.000
202607210224,   1.550,9999.000,9999.000,9999.000,9999.000,9999.000,9999.000,9999.000,9999.000
202607210230,   1.564,9999.000,9999.000,9999.000,9999.000,9999.000,9999.000,9999.000,9999.000
202607210236,   1.579,9999.000,9999.000,9999.000,9999.000,9999.000,9999.000,9999.000,9999.000
202607210242,   1.597,9999.000,9999.000,9999.000,9999.000,9999.000,9999.000,9999.000,9999.000
202607210248,   1.618,9999.000,9999.000,9999.000,9999.000,9999.000,9999.000,9999.000,9999.000
202607210254,   1.641,9999.000,9999.000,9999.000,9999.000,9999.000,9999.000,9999.000,9999.000
202607210300,   1.666,9999.000,   0.100,9999.000,   1.766,   0.000,   1.666,   0.100,   1.766
202607210306,   1.694,9999.000,9999.000,9999.000,9999.000,9999.000,9999.000,9999.000,9999.000
202607210312,   1.723,9999.000,9999.000,9999.000,9999.000,9999.000,9999.000,9999.000,9999.000
202607210318,   1.756,9999.000,9999.000,9999.000,9999.000,9999.000,9999.000,9999.000,9999.000
202607210324,   1.790,9999.000,9999.000,9999.000,9999.000,9999.000,9999.000,9999.000,9999.000
202607210330,   1.826,9999.000,9999.000,9999.000,9999.000,9999.000,9999.000,9999.000,9999.000
202607210336,   1.865,9999.000,9999.000,9999.000,9999.000,9999.000,9999.000,9999.000,9999.000
202607210342,   1.906,9999.000,9999.000,9999.000,9999.000,9999.000,9999.000,9999.000,9999.000
202607210348,   1.948,9999.000,9999.000,9999.000,9999.000,9999.000,9999.000,9999.000,9999.000
202607210354,   1.993,9999.000,9999.000,9999.000,9999.000,9999.000,9999.000,9999.000,9999.000
202607210400,   2.040,9999.000,   0.100,9999.000,   2.140,   0.000,   2.040,   0.100,   2.140
202607210406,   2.088,9999.000,9999.000,9999.000,9999.000,9999.000,9999.000,9999.000,9999.000
202607210412,   2.138,9999.000,9999.000,9999.000,9999.000,9999.000,9999.000,9999.000,9999.000
202607210418,   2.189,9999.000,9999.000,9999.000,9999.000,9999.000,9999.000,9999.000,9999.000
202607210424,   2.242,9999.000,9999.000,9999.000,9999.000,9999.000,9999.000,9999.000,9999.000
202607210430,   2.296,9999.000,9999.000,9999.000,9999.000,9999.000,9999.000,9999.000,9999.000
202607210436,   2.351,9999.000,9999.000,9999.000,9999.000,9999.000,9999.000,9999.000,9999.000
202607210442,   2.408,9999.000,9999.000,9999.000,9999.000,9999.000,9999.000,9999.000,9999.000
202607210448,   2.465,9999.000,9999.000,9999.000,9999.000,9999.000,9999.000,9999.000,9999.000
202607210454,   2.524,9999.000,9999.000,9999.000,9999.000,9999.000,9999.000,9999.000,9999.000
202607210500,   2.583,9999.000,   0.100,9999.000,   2.683,   0.000,   2.583,   0.100,   2.683
202607210506,   2.643,9999.000,9999.000,9999.000,9999.000,9999.000,9999.000,9999.000,9999.000
202607210512,   2.703,9999.000,9999.000,9999.000,9999.000,9999.000,9999.000,9999.000,9999.000
202607210518,   2.763,9999.000,9999.000,9999.000,9999.000,9999.000,9999.000,9999.000,9999.000
202607210524,   2.824,9999.000,9999.000,9999.000,9999.000,9999.000,9999.000,9999.000,9999.000
202607210530,   2.884,9999.000,9999.000,9999.000,9999.000,9999.000,9999.000,9999.000,9999.000
202607210536,   2.944,9999.000,9999.000,9999.000,9999.000,9999.000,9999.000,9999.000,9999.000
202607210542,   3.005,9999.000,9999.000,9999.000,9999.000,9999.000,9999.000,9999.000,9999.000
202607210548,   3.064,9999.000,9999.000,9999.000,9999.000,9999.000,9999.000,9999.000,9999.000
202607210554,   3.123,9999.000,9999.000,9999.000,9999.000,9999.000,9999.000,9999.000,9999.000
202607210600,   3.182,9999.000,   0.100,9999.000,   3.282,   0.100,   3.282,   0.100,   3.282
202607210606,   3.239,9999.000,9999.000,9999.000,9999.000,9999.000,9999.000,9999.000,9999.000
202607210612,   3.295,9999.000,9999.000,9999.000,9999.000,9999.000,9999.000,9999.000,9999.000
202607210618,   3.350,9999.000,9999.000,9999.000,9999.000,9999.000,9999.000,9999.000,9999.000
202607210624,   3.404,9999.000,9999.000,9999.000,9999.000,9999.000,9999.000,9999.000,9999.000
202607210630,   3.456,9999.000,9999.000,9999.000,9999.000,9999.000,9999.000,9999.000,9999.000
202607210636,   3.507,9999.000,9999.000,9999.000,9999.000,9999.000,9999.000,9999.000,9999.000
202607210642,   3.556,9999.000,9999.000,9999.000,9999.000,9999.000,9999.000,9999.000,9999.000
202607210648,   3.603,9999.000,9999.000,9999.000,9999.000,9999.000,9999.000,9999.000,9999.000
202607210654,   3.648,9999.000,9999.000,9999.000,9999.000,9999.000,9999.000,9999.000,9999.000
202607210700,   3.690,9999.000,   0.100,9999.000,   3.790,   0.100,   3.790,   0.100,   3.790
202607210706,   3.731,9999.000,9999.000,9999.000,9999.000,9999.000,9999.000,9999.000,9999.000
202607210712,   3.768,9999.000,9999.000,9999.000,9999.000,9999.000,9999.000,9999.000,9999.000
202607210718,   3.804,9999.000,9999.000,9999.000,9999.000,9999.000,9999.000,9999.000,9999.000
202607210724,   3.837,9999.000,9999.000,9999.000,9999.000,9999.000,9999.000,9999.000,9999.000
202607210730,   3.866,9999.000,9999.000,9999.000,9999.000,9999.000,9999.000,9999.000,9999.000
202607210736,   3.893,9999.000,9999.000,9999.000,9999.000,9999.000,9999.000,9999.000,9999.000
202607210742,   3.918,9999.000,9999.000,9999.000,9999.000,9999.000,9999.000,9999.000,9999.000
202607210748,   3.939,9999.000,9999.000,9999.000,9999.000,9999.000,9999.000,9999.000,9999.000
202607210754,   3.957,9999.000,9999.000,9999.000,9999.000,9999.000,9999.000,9999.000,9999.000
202607210800,   3.971,9999.000,   0.100,9999.000,   4.071,   0.000,   3.971,   0.100,   4.071
202607210806,   3.983,9999.000,9999.000,9999.000,9999.000,9999.000,9999.000,9999.000,9999.000
202607210812,   3.991,9999.000,9999.000,9999.000,9999.000,9999.000,9999.000,9999.000,9999.000
202607210818,   3.996,9999.000,9999.000,9999.000,9999.000,9999.000,9999.000,9999.000,9999.000
202607210824,   3.998,9999.000,9999.000,9999.000,9999.000,9999.000,9999.000,9999.000,9999.000
202607210830,   3.996,9999.000,9999.000,9999.000,9999.000,9999.000,9999.000,9999.000,9999.000
202607210836,   3.991,9999.000,9999.000,9999.000,9999.000,9999.000,9999.000,9999.000,9999.000
202607210842,   3.982,9999.000,9999.000,9999.000,9999.000,9999.000,9999.000,9999.000,9999.000
202607210848,   3.970,9999.000,9999.000,9999.000,9999.000,9999.000,9999.000,9999.000,9999.000
202607210854,   3.954,9999.000,9999.000,9999.000,9999.000,9999.000,9999.000,9999.000,9999.000
202607210900,   3.935,9999.000,   0.100,9999.000,   4.035,   0.000,   3.935,   0.100,   4.035
202607210906,   3.913,9999.000,9999.000,9999.000,9999.000,9999.000,9999.000,9999.000,9999.000
202607210912,   3.887,9999.000,9999.000,9999.000,9999.000,9999.000,9999.000,9999.000,9999.000
202607210918,   3.858,9999.000,9999.000,9999.000,9999.000,9999.000,9999.000,9999.000,9999.000
202607210924,   3.826,9999.000,9999.000,9999.000,9999.000,9999.000,9999.000,9999.000,9999.000
202607210930,   3.790,9999.000,9999.000,9999.000,9999.000,9999.000,9999.000,9999.000,9999.000
202607210936,   3.751,9999.000,9999.000,9999.000,9999.000,9999.000,9999.000,9999.000,9999.000
202607210942,   3.709,9999.000,9999.000,9999.000,9999.000,9999.000,9999.000,9999.000,9999.000
202607210948,   3.664,9999.000,9999.000,9999.000,9999.000,9999.000,9999.000,9999.000,9999.000
202607210954,   3.617,9999.000,9999.000,9999.000,9999.000,9999.000,9999.000,9999.000,9999.000
202607211000,   3.566,9999.000,   0.000,9999.000,   3.566,   0.000,   3.566,   0.100,   3.666
202607211006,   3.512,9999.000,9999.000,9999.000,9999.000,9999.000,9999.000,9999.000,9999.000
202607211012,   3.456,9999.000,9999.000,9999.000,9999.000,9999.000,9999.000,9999.000,9999.000
202607211018,   3.398,9999.000,9999.000,9999.000,9999.000,9999.000,9999.000,9999.000,9999.000
202607211024,   3.336,9999.000,9999.000,9999.000,9999.000,9999.000,9999.000,9999.000,9999.000
202607211030,   3.273,9999.000,9999.000,9999.000,9999.000,9999.000,9999.000,9999.000,9999.000
202607211036,   3.207,9999.000,9999.000,9999.000,9999.000,9999.000,9999.000,9999.000,9999.000
202607211042,   3.139,9999.000,9999.000,9999.000,9999.000,9999.000,9999.000,9999.000,9999.000
202607211048,   3.070,9999.000,9999.000,9999.000,9999.000,9999.000,9999.000,9999.000,9999.000
202607211054,   2.998,9999.000,9999.000,9999.000,9999.000,9999.000,9999.000,9999.000,9999.000
202607211100,   2.925,9999.000,   0.000,9999.000,   2.925,   0.000,   2.925,   0.000,   2.925
202607211106,   2.850,9999.000,9999.000,9999.000,9999.000,9999.000,9999.000,9999.000,9999.000
202607211112,   2.774,9999.000,9999.000,9999.000,9999.000,9999.000,9999.000,9999.000,9999.000
202607211118,   2.697,9999.000,9999.000,9999.000,9999.000,9999.000,9999.000,9999.000,9999.000
202607211124,   2.618,9999.000,9999.000,9999.000,9999.000,9999.000,9999.000,9999.000,9999.000
202607211130,   2.539,9999.000,9999.000,9999.000,9999.000,9999.000,9999.000,9999.000,9999.000
202607211136,   2.458,9999.000,9999.000,9999.000,9999.000,9999.000,9999.000,9999.000,9999.000
202607211142,   2.377,9999.000,9999.000,9999.000,9999.000,9999.000,9999.000,9999.000,9999.000
202607211148,   2.296,9999.000,9999.000,9999.000,9999.000,9999.000,9999.000,9999.000,9999.000
202607211154,   2.214,9999.000,9999.000,9999.000,9999.000,9999.000,9999.000,9999.000,9999.000
202607211200,   2.132,9999.000,   0.100,9999.000,   2.232,   0.000,   2.132,   0.100,   2.232
202607211206,   2.050,9999.000,9999.000,9999.000,9999.000,9999.000,9999.000,9999.000,9999.000
202607211212,   1.968,9999.000,9999.000,9999.000,9999.000,9999.000,9999.000,9999.000,9999.000
202607211218,   1.887,9999.000,9999.000,9999.000,9999.000,9999.000,9999.000,9999.000,9999.000
202607211224,   1.806,9999.000,9999.000,9999.000,9999.000,9999.000,9999.000,9999.000,9999.000
202607211230,   1.725,9999.000,9999.000,9999.000,9999.000,9999.000,9999.000,9999.000,9999.000
202607211236,   1.645,9999.000,9999.000,9999.000,9999.000,9999.000,9999.000,9999.000,9999.000
202607211242,   1.566,9999.000,9999.000,9999.000,9999.000,9999.000,9999.000,9999.000,9999.000
202607211248,   1.488,9999.000,9999.000,9999.000,9999.000,9999.000,9999.000,9999.000,9999.000
202607211254,   1.411,9999.000,9999.000,9999.000,9999.000,9999.000,9999.000,9999.000,9999.000
202607211300,   1.336,9999.000,   0.100,9999.000,   1.436,   0.000,   1.336,   0.100,   1.436
202607211306,   1.261,9999.000,9999.000,9999.000,9999.000,9999.000,9999.000,9999.000,9999.000
202607211312,   1.189,9999.000,9999.000,9999.000,9999.000,9999.000,9999.000,9999.000,9999.000
202607211318,   1.118,9999.000,9999.000,9999.000,9999.000,9999.000,9999.000,9999.000,9999.000
202607211324,   1.049,9999.000,9999.000,9999.000,9999.000,9999.000,9999.000,9999.000,9999.000
202607211330,   0.982,9999.000,9999.000,9999.000,9999.000,9999.000,9999.000,9999.000,9999.000
202607211336,   0.917,9999.000,9999.000,9999.000,9999.000,9999.000,9999.000,9999.000,9999.000
202607211342,   0.854,9999.000,9999.000,9999.000,9999.000,9999.000,9999.000,9999.000,9999.000
202607211348,   0.794,9999.000,9999.000,9999.000,9999.000,9999.000,9999.000,9999.000,9999.000
202607211354,   0.736,9999.000,9999.000,9999.000,9999.000,9999.000,9999.000,9999.000,9999.000
202607211400,   0.680,9999.000,   0.100,9999.000,   0.780,   0.100,   0.780,   0.100,   0.780
202607211406,   0.627,9999.000,9999.000,9999.000,9999.000,9999.000,9999.000,9999.000,9999.000
202607211412,   0.577,9999.000,9999.000,9999.000,9999.000,9999.000,9999.000,9999.000,9999.000
202607211418,   0.529,9999.000,9999.000,9999.000,9999.000,9999.000,9999.000,9999.000,9999.000
202607211424,   0.484,9999.000,9999.000,9999.000,9999.000,9999.000,9999.000,9999.000,9999.000
202607211430,   0.443,9999.000,9999.000,9999.000,9999.000,9999.000,9999.000,9999.000,9999.000
202607211436,   0.404,9999.000,9999.000,9999.000,9999.000,9999.000,9999.000,9999.000,9999.000
202607211442,   0.368,9999.000,9999.000,9999.000,9999.000,9999.000,9999.000,9999.000,9999.000
202607211448,   0.336,9999.000,9999.000,9999.000,9999.000,9999.000,9999.000,9999.000,9999.000
202607211454,   0.306,9999.000,9999.000,9999.000,9999.000,9999.000,9999.000,9999.000,9999.000
202607211500,   0.280,9999.000,   0.100,9999.000,   0.380,   0.100,   0.380,   0.100,   0.380
202607211506,   0.257,9999.000,9999.000,9999.000,9999.000,9999.000,9999.000,9999.000,9999.000
202607211512,   0.237,9999.000,9999.000,9999.000,9999.000,9999.000,9999.000,9999.000,9999.000
202607211518,   0.221,9999.000,9999.000,9999.000,9999.000,9999.000,9999.000,9999.000,9999.000
202607211524,   0.208,9999.000,9999.000,9999.000,9999.000,9999.000,9999.000,9999.000,9999.000
202607211530,   0.198,9999.000,9999.000,9999.000,9999.000,9999.000,9999.000,9999.000,9999.000
202607211536,   0.192,9999.000,9999.000,9999.000,9999.000,9999.000,9999.000,9999.000,9999.000
202607211542,   0.188,9999.000,9999.000,9999.000,9999.000,9999.000,9999.000,9999.000,9999.000
202607211548,   0.189,9999.000,9999.000,9999.000,9999.000,9999.000,9999.000,9999.000,9999.000
202607211554,   0.192,9999.000,9999.000,9999.000,9999.000,9999.000,9999.000,9999.000,9999.000
202607211600,   0.199,9999.000,   0.100,9999.000,   0.299,   0.100,   0.299,   0.100,   0.299
202607211606,   0.209,9999.000,9999.000,9999.000,9999.000,9999.000,9999.000,9999.000,9999.000
202607211612,   0.222,9999.000,9999.000,9999.000,9999.000,9999.000,9999.000,9999.000,9999.000
202607211618,   0.238,9999.000,9999.000,9999.000,9999.000,9999.000,9999.000,9999.000,9999.000
202607211624,   0.257,9999.000,9999.000,9999.000,9999.000,9999.000,9999.000,9999.000,9999.000
202607211630,   0.280,9999.000,9999.000,9999.000,9999.000,9999.000,9999.000,9999.000,9999.000
202607211636,   0.305,9999.000,9999.000,9999.000,9999.000,9999.000,9999.000,9999.000,9999.000
202607211642,   0.333,9999.000,9999.000,9999.000,9999.000,9999.000,9999.000,9999.000,9999.000
202607211648,   0.364,9999.000,9999.000,9999.000,9999.000,9999.000,9999.000,9999.000,9999.000
202607211654,   0.398,9999.000,9999.000,9999.000,9999.000,9999.000,9999.000,9999.000,9999.000
202607211700,   0.434,9999.000,   0.000,9999.000,   0.434,   0.000,   0.434,   0.100,   0.534
202607211706,   0.473,9999.000,9999.000,9999.000,9999.000,9999.000,9999.000,9999.000,9999.000
202607211712,   0.514,9999.000,9999.000,9999.000,9999.000,9999.000,9999.000,9999.000,9999.000
202607211718,   0.558,9999.000,9999.000,9999.000,9999.000,9999.000,9999.000,9999.000,9999.000
202607211724,   0.603,9999.000,9999.000,9999.000,9999.000,9999.000,9999.000,9999.000,9999.000
202607211730,   0.651,9999.000,9999.000,9999.000,9999.000,9999.000,9999.000,9999.000,9999.000
202607211736,   0.701,9999.000,9999.000,9999.000,9999.000,9999.000,9999.000,9999.000,9999.000
202607211742,   0.752,9999.000,9999.000,9999.000,9999.000,9999.000,9999.000,9999.000,9999.000
202607211748,   0.805,9999.000,9999.000,9999.000,9999.000,9999.000,9999.000,9999.000,9999.000
202607211754,   0.860,9999.000,9999.000,9999.000,9999.000,9999.000,9999.000,9999.000,9999.000
202607211800,   0.915,9999.000,   0.000,9999.000,   0.915,   0.000,   0.915,   0.100,   1.015
202607211806,   0.973,9999.000,9999.000,9999.000,9999.000,9999.000,9999.000,9999.000,9999.000
202607211812,   1.031,9999.000,9999.000,9999.000,9999.000,9999.000,9999.000,9999.000,9999.000
202607211818,   1.090,9999.000,9999.000,9999.000,9999.000,9999.000,9999.000,9999.000,9999.000
202607211824,   1.150,9999.000,9999.000,9999.000,9999.000,9999.000,9999.000,9999.000,9999.000
202607211830,   1.211,9999.000,9999.000,9999.000,9999.000,9999.000,9999.000,9999.000,9999.000
202607211836,   1.272,9999.000,9999.000,9999.000,9999.000,9999.000,9999.000,9999.000,9999.000
202607211842,   1.333,9999.000,9999.000,9999.000,9999.000,9999.000,9999.000,9999.000,9999.000
202607211848,   1.395,9999.000,9999.000,9999.000,9999.000,9999.000,9999.000,9999.000,9999.000
202607211854,   1.456,9999.000,9999.000,9999.000,9999.000,9999.000,9999.000,9999.000,9999.000
202607211900,   1.518,9999.000,   0.000,9999.000,   1.518,   0.000,   1.518,   0.000,   1.518
202607211906,   1.579,9999.000,9999.000,9999.000,9999.000,9999.000,9999.000,9999.000,9999.000
202607211912,   1.640,9999.000,9999.000,9999.000,9999.000,9999.000,9999.000,9999.000,9999.000
202607211918,   1.700,9999.000,9999.000,9999.000,9999.000,9999.000,9999.000,9999.000,9999.000
202607211924,   1.760,9999.000,9999.000,9999.000,9999.000,9999.000,9999.000,9999.000,9999.000
202607211930,   1.819,9999.000,9999.000,9999.000,9999.000,9999.000,9999.000,9999.000,9999.000
202607211936,   1.876,9999.000,9999.000,9999.000,9999.000,9999.000,9999.000,9999.000,9999.000
202607211942,   1.933,9999.000,9999.000,9999.000,9999.000,9999.000,9999.000,9999.000,9999.000
202607211948,   1.989,9999.000,9999.000,9999.000,9999.000,9999.000,9999.000,9999.000,9999.000
202607211954,   2.043,9999.000,9999.000,9999.000,9999.000,9999.000,9999.000,9999.000,9999.000
202607212000,   2.095,9999.000,   0.000,9999.000,   2.095,   0.000,   2.095,   0.000,   2.095
202607212006,   2.147,9999.000,9999.000,9999.000,9999.000,9999.000,9999.000,9999.000,9999.000
202607212012,   2.196,9999.000,9999.000,9999.000,9999.000,9999.000,9999.000,9999.000,9999.000
202607212018,   2.244,9999.000,9999.000,9999.000,9999.000,9999.000,9999.000,9999.000,9999.000
202607212024,   2.290,9999.000,9999.000,9999.000,9999.000,9999.000,9999.000,9999.000,9999.000
202607212030,   2.334,9999.000,9999.000,9999.000,9999.000,9999.000,9999.000,9999.000,9999.000
202607212036,   2.376,9999.000,9999.000,9999.000,9999.000,9999.000,9999.000,9999.000,9999.000
202607212042,   2.416,9999.000,9999.000,9999.000,9999.000,9999.000,9999.000,9999.000,9999.000
202607212048,   2.454,9999.000,9999.000,9999.000,9999.000,9999.000,9999.000,9999.000,9999.000
202607212054,   2.490,9999.000,9999.000,9999.000,9999.000,9999.000,9999.000,9999.000,9999.000
202607212100,   2.523,9999.000,   0.000,9999.000,   2.523,   0.000,   2.523,   0.000,   2.523
202607212106,   2.554,9999.000,9999.000,9999.000,9999.000,9999.000,9999.000,9999.000,9999.000
202607212112,   2.583,9999.000,9999.000,9999.000,9999.000,9999.000,9999.000,9999.000,9999.000
202607212118,   2.610,9999.000,9999.000,9999.000,9999.000,9999.000,9999.000,9999.000,9999.000
202607212124,   2.634,9999.000,9999.000,9999.000,9999.000,9999.000,9999.000,9999.000,9999.000
202607212130,   2.656,9999.000,9999.000,9999.000,9999.000,9999.000,9999.000,9999.000,9999.000
202607212136,   2.675,9999.000,9999.000,9999.000,9999.000,9999.000,9999.000,9999.000,9999.000
202607212142,   2.692,9999.000,9999.000,9999.000,9999.000,9999.000,9999.000,9999.000,9999.000
202607212148,   2.707,9999.000,9999.000,9999.000,9999.000,9999.000,9999.000,9999.000,9999.000
202607212154,   2.719,9999.000,9999.000,9999.000,9999.000,9999.000,9999.000,9999.000,9999.000
202607212200,   2.730,9999.000,   0.000,9999.000,   2.730,   0.000,   2.730,   0.000,   2.730
202607212206,   2.737,9999.000,9999.000,9999.000,9999.000,9999.000,9999.000,9999.000,9999.000
202607212212,   2.743,9999.000,9999.000,9999.000,9999.000,9999.000,9999.000,9999.000,9999.000
202607212218,   2.747,9999.000,9999.000,9999.000,9999.000,9999.000,9999.000,9999.000,9999.000
202607212224,   2.748,9999.000,9999.000,9999.000,9999.000,9999.000,9999.000,9999.000,9999.000
202607212230,   2.747,9999.000,9999.000,9999.000,9999.000,9999.000,9999.000,9999.000,9999.000
202607212236,   2.744,9999.000,9999.000,9999.000,9999.000,9999.000,9999.000,9999.000,9999.000
202607212242,   2.740,9999.000,9999.000,9999.000,9999.000,9999.000,9999.000,9999.000,9999.000
202607212248,   2.733,9999.000,9999.000,9999.000,9999.000,9999.000,9999.000,9999.000,9999.000
202607212254,   2.725,9999.000,9999.000,9999.000,9999.000,9999.000,9999.000,9999.000,9999.000
202607212300,   2.715,9999.000,   0.000,9999.000,   2.715,   0.000,   2.715,   0.000,   2.715
202607212306,   2.703,9999.000,9999.000,9999.000,9999.000,9999.000,9999.000,9999.000,9999.000
202607212312,   2.690,9999.000,9999.000,9999.000,9999.000,9999.000,9999.000,9999.000,9999.000
202607212318,   2.675,9999.000,9999.000,9999.000,9999.000,9999.000,9999.000,9999.000,9999.000
202607212324,   2.659,9999.000,9999.000,9999.000,9999.000,9999.000,9999.000,9999.000,9999.000
202607212330,   2.642,9999.000,9999.000,9999.000,9999.000,9999.000,9999.000,9999.000,9999.000
202607212336,   2.623,9999.000,9999.000,9999.000,9999.000,9999.000,9999.000,9999.000,9999.000
202607212342,   2.604,9999.000,9999.000,9999.000,9999.000,9999.000,9999.000,9999.000,9999.000
202607212348,   2.583,9999.000,9999.000,9999.000,9999.000,9999.000,9999.000,9999.000,9999.000
202607212354,   2.562,9999.000,9999.000,9999.000,9999.000,9999.000,9999.000,9999.000,9999.000
202607220000,   2.540,9999.000,   0.000,9999.000,   2.540,   0.000,   2.540,   0.000,   2.540
202607220006,   2.517,9999.000,9999.000,9999.000,9999.000,9999.000,9999.000,9999.000,9999.000
202607220012,   2.494,9999.000,9999.000,9999.000,9999.000,9999.000,9999.000,9999.000,9999.000
202607220018,   2.471,9999.000,9999.000,9999.000,9999.000,9999.000,9999.000,9999.000,9999.000
202607220024,   2.447,9999.000,9999.000,9999.000,9999.000,9999.000,9999.000,9999.000,9999.000
202607220030,   2.423,9999.000,9999.000,9999.000,9999.000,9999.000,9999.000,9999.000,9999.000
202607220036,   2.399,9999.000,9999.000,9999.000,9999.000,9999.000,9999.000,9999.000,9999.000
202607220042,   2.375,9999.000,9999.000,9999.000,9999.000,9999.000,9999.000,9999.000,9999.000
202607220048,   2.351,9999.000,9999.000,9999.000,9999.000,9999.000,9999.000,9999.000,9999.000
202607220054,   2.327,9999.000,9999.000,9999.000,9999.000,9999.000,9999.000,9999.000,9999.000
202607220100,   2.304,9999.000,   0.000,9999.000,   2.304,   0.000,   2.304,   0.000,   2.304
202607220106,   2.282,9999.000,9999.000,9999.000,9999.000,9999.000,9999.000,9999.000,9999.000
202607220112,   2.260,9999.000,9999.000,9999.000,9999.000,9999.000,9999.000,9999.000,9999.000
202607220118,   2.238,9999.000,9999.000,9999.000,9999.000,9999.000,9999.000,9999.000,9999.000
202607220124,   2.218,9999.000,9999.000,9999.000,9999.000,9999.000,9999.000,9999.000,9999.000
202607220130,   2.198,9999.000,9999.000,9999.000,9999.000,9999.000,9999.000,9999.000,9999.000
202607220136,   2.179,9999.000,9999.000,9999.000,9999.000,9999.000,9999.000,9999.000,9999.000
202607220142,   2.162,9999.000,9999.000,9999.000,9999.000,9999.000,9999.000,9999.000,9999.000
202607220148,   2.146,9999.000,9999.000,9999.000,9999.000,9999.000,9999.000,9999.000,9999.000
202607220154,   2.130,9999.000,9999.000,9999.000,9999.000,9999.000,9999.000,9999.000,9999.000
202607220200,   2.117,9999.000,   0.000,9999.000,   2.117,  -0.100,   2.017,   0.000,   2.117
202607220206,   2.104,9999.000,9999.000,9999.000,9999.000,9999.000,9999.000,9999.000,9999.000
202607220212,   2.093,9999.000,9999.000,9999.000,9999.000,9999.000,9999.000,9999.000,9999.000
202607220218,   2.084,9999.000,9999.000,9999.000,9999.000,9999.000,9999.000,9999.000,9999.000
202607220224,   2.076,9999.000,9999.000,9999.000,9999.000,9999.000,9999.000,9999.000,9999.000
202607220230,   2.070,9999.000,9999.000,9999.000,9999.000,9999.000,9999.000,9999.000,9999.000
202607220236,   2.066,9999.000,9999.000,9999.000,9999.000,9999.000,9999.000,9999.000,9999.000
202607220242,   2.064,9999.000,9999.000,9999.000,9999.000,9999.000,9999.000,9999.000,9999.000
202607220248,   2.063,9999.000,9999.000,9999.000,9999.000,9999.000,9999.000,9999.000,9999.000
202607220254,   2.065,9999.000,9999.000,9999.000,9999.000,9999.000,9999.000,9999.000,9999.000
202607220300,   2.068,9999.000,   0.000,9999.000,   2.068,   0.000,   2.068,   0.000,   2.068
202607220306,   2.073,9999.000,9999.000,9999.000,9999.000,9999.000,9999.000,9999.000,9999.000
202607220312,   2.080,9999.000,9999.000,9999.000,9999.000,9999.000,9999.000,9999.000,9999.000
202607220318,   2.090,9999.000,9999.000,9999.000,9999.000,9999.000,9999.000,9999.000,9999.000
202607220324,   2.101,9999.000,9999.000,9999.000,9999.000,9999.000,9999.000,9999.000,9999.000
202607220330,   2.114,9999.000,9999.000,9999.000,9999.000,9999.000,9999.000,9999.000,9999.000
202607220336,   2.129,9999.000,9999.000,9999.000,9999.000,9999.000,9999.000,9999.000,9999.000
202607220342,   2.147,9999.000,9999.000,9999.000,9999.000,9999.000,9999.000,9999.000,9999.000
202607220348,   2.166,9999.000,9999.000,9999.000,9999.000,9999.000,9999.000,9999.000,9999.000
202607220354,   2.188,9999.000,9999.000,9999.000,9999.000,9999.000,9999.000,9999.000,9999.000
202607220400,   2.211,9999.000,   0.000,9999.000,   2.211,   0.000,   2.211,   0.000,   2.211
202607220406,   2.237,9999.000,9999.000,9999.000,9999.000,9999.000,9999.000,9999.000,9999.000
202607220412,   2.264,9999.000,9999.000,9999.000,9999.000,9999.000,9999.000,9999.000,9999.000
202607220418,   2.293,9999.000,9999.000,9999.000,9999.000,9999.000,9999.000,9999.000,9999.000
202607220424,   2.324,9999.000,9999.000,9999.000,9999.000,9999.000,9999.000,9999.000,9999.000
202607220430,   2.357,9999.000,9999.000,9999.000,9999.000,9999.000,9999.000,9999.000,9999.000
202607220436,   2.392,9999.000,9999.000,9999.000,9999.000,9999.000,9999.000,9999.000,9999.000
202607220442,   2.428,9999.000,9999.000,9999.000,9999.000,9999.000,9999.000,9999.000,9999.000
202607220448,   2.466,9999.000,9999.000,9999.000,9999.000,9999.000,9999.000,9999.000,9999.000
202607220454,   2.506,9999.000,9999.000,9999.000,9999.000,9999.000,9999.000,9999.000,9999.000
202607220500,   2.546,9999.000,   0.000,9999.000,   2.546,  -0.100,   2.446,   0.000,   2.546
202607220506,   2.589,9999.000,9999.000,9999.000,9999.000,9999.000,9999.000,9999.000,9999.000
202607220512,   2.632,9999.000,9999.000,9999.000,9999.000,9999.000,9999.000,9999.000,9999.000
202607220518,   2.677,9999.000,9999.000,9999.000,9999.000,9999.000,9999.000,9999.000,9999.000
202607220524,   2.723,9999.000,9999.000,9999.000,9999.000,9999.000,9999.000,9999.000,9999.000
202607220530,   2.769,9999.000,9999.000,9999.000,9999.000,9999.000,9999.000,9999.000,9999.000
202607220536,   2.817,9999.000,9999.000,9999.000,9999.000,9999.000,9999.000,9999.000,9999.000
202607220542,   2.865,9999.000,9999.000,9999.000,9999.000,9999.000,9999.000,9999.000,9999.000
202607220548,   2.914,9999.000,9999.000,9999.000,9999.000,9999.000,9999.000,9999.000,9999.000
202607220554,   2.963,9999.000,9999.000,9999.000,9999.000,9999.000,9999.000,9999.000,9999.000
202607220600,   3.013,9999.000,  -0.100,9999.000,   2.913,  -0.100,   2.913,  -0.100,   2.913
202607220606,   3.063,9999.000,9999.000,9999.000,9999.000,9999.000,9999.000,9999.000,9999.000
202607220612,   3.112,9999.000,9999.000,9999.000,9999.000,9999.000,9999.000,9999.000,9999.000
202607220618,   3.162,9999.000,9999.000,9999.000,9999.000,9999.000,9999.000,9999.000,9999.000
202607220624,   3.212,9999.000,9999.000,9999.000,9999.000,9999.000,9999.000,9999.000,9999.000
202607220630,   3.261,9999.000,9999.000,9999.000,9999.000,9999.000,9999.000,9999.000,9999.000
202607220636,   3.310,9999.000,9999.000,9999.000,9999.000,9999.000,9999.000,9999.000,9999.000
202607220642,   3.358,9999.000,9999.000,9999.000,9999.000,9999.000,9999.000,9999.000,9999.000
202607220648,   3.406,9999.000,9999.000,9999.000,9999.000,9999.000,9999.000,9999.000,9999.000
202607220654,   3.452,9999.000,9999.000,9999.000,9999.000,9999.000,9999.000,9999.000,9999.000
202607220700,   3.497,9999.000,  -0.100,9999.000,   3.397,  -0.100,   3.397,  -0.100,   3.397
202607220706,   3.542,9999.000,9999.000,9999.000,9999.000,9999.000,9999.000,9999.000,9999.000
202607220712,   3.584,9999.000,9999.000,9999.000,9999.000,9999.000,9999.000,9999.000,9999.000
202607220718,   3.626,9999.000,9999.000,9999.000,9999.000,9999.000,9999.000,9999.000,9999.000
202607220724,   3.665,9999.000,9999.000,9999.000,9999.000,9999.000,9999.000,9999.000,9999.000
202607220730,   3.703,9999.000,9999.000,9999.000,9999.000,9999.000,9999.000,9999.000,9999.000
202607220736,   3.739,9999.000,9999.000,9999.000,9999.000,9999.000,9999.000,9999.000,9999.000
202607220742,   3.773,9999.000,9999.000,9999.000,9999.000,9999.000,9999.000,9999.000,9999.000
202607220748,   3.805,9999.000,9999.000,9999.000,9999.000,9999.000,9999.000,9999.000,9999.000
202607220754,   3.835,9999.000,9999.000,9999.000,9999.000,9999.000,9999.000,9999.000,9999.000
202607220800,   3.862,9999.000,  -0.100,9999.000,   3.762,  -0.200,   3.662,  -0.100,   3.762
202607220806,   3.886,9999.000,9999.000,9999.000,9999.000,9999.000,9999.000,9999.000,9999.000
202607220812,   3.908,9999.000,9999.000,9999.000,9999.000,9999.000,9999.000,9999.000,9999.000
202607220818,   3.928,9999.000,9999.000,9999.000,9999.000,9999.000,9999.000,9999.000,9999.000
202607220824,   3.944,9999.000,9999.000,9999.000,9999.000,9999.000,9999.000,9999.000,9999.000
202607220830,   3.958,9999.000,9999.000,9999.000,9999.000,9999.000,9999.000,9999.000,9999.000
202607220836,   3.968,9999.000,9999.000,9999.000,9999.000,9999.000,9999.000,9999.000,9999.000
202607220842,   3.976,9999.000,9999.000,9999.000,9999.000,9999.000,9999.000,9999.000,9999.000
202607220848,   3.981,9999.000,9999.000,9999.000,9999.000,9999.000,9999.000,9999.000,9999.000
202607220854,   3.982,9999.000,9999.000,9999.000,9999.000,9999.000,9999.000,9999.000,9999.000
202607220900,   3.980,9999.000,  -0.200,9999.000,   3.780,  -0.200,   3.780,  -0.200,   3.780
202607220906,   3.975,9999.000,9999.000,9999.000,9999.000,9999.000,9999.000,9999.000,9999.000
202607220912,   3.967,9999.000,9999.000,9999.000,9999.000,9999.000,9999.000,9999.000,9999.000
202607220918,   3.955,9999.000,9999.000,9999.000,9999.000,9999.000,9999.000,9999.000,9999.000
202607220924,   3.940,9999.000,9999.000,9999.000,9999.000,9999.000,9999.000,9999.000,9999.000
202607220930,   3.921,9999.000,9999.000,9999.000,9999.000,9999.000,9999.000,9999.000,9999.000
202607220936,   3.900,9999.000,9999.000,9999.000,9999.000,9999.000,9999.000,9999.000,9999.000
202607220942,   3.875,9999.000,9999.000,9999.000,9999.000,9999.000,9999.000,9999.000,9999.000
202607220948,   3.846,9999.000,9999.000,9999.000,9999.000,9999.000,9999.000,9999.000,9999.000
202607220954,   3.815,9999.000,9999.000,9999.000,9999.000,9999.000,9999.000,9999.000,9999.000
202607221000,   3.780,9999.000,  -0.200,9999.000,   3.580,  -0.200,   3.580,  -0.100,   3.680
202607221006,   3.741,9999.000,9999.000,9999.000,9999.000,9999.000,9999.000,9999.000,9999.000
202607221012,   3.700,9999.000,9999.000,9999.000,9999.000,9999.000,9999.000,9999.000,9999.000
202607221018,   3.655,9999.000,9999.000,9999.000,9999.000,9999.000,9999.000,9999.000,9999.000
202607221024,   3.608,9999.000,9999.000,9999.000,9999.000,9999.000,9999.000,9999.000,9999.000
202607221030,   3.557,9999.000,9999.000,9999.000,9999.000,9999.000,9999.000,9999.000,9999.000
202607221036,   3.503,9999.000,9999.000,9999.000,9999.000,9999.000,9999.000,9999.000,9999.000
202607221042,   3.447,9999.000,9999.000,9999.000,9999.000,9999.000,9999.000,9999.000,9999.000
202607221048,   3.388,9999.000,9999.000,9999.000,9999.000,9999.000,9999.000,9999.000,9999.000
202607221054,   3.326,9999.000,9999.000,9999.000,9999.000,9999.000,9999.000,9999.000,9999.000
202607221100,   3.262,9999.000,  -0.200,9999.000,   3.062,  -0.200,   3.062,  -0.100,   3.162
202607221106,   3.195,9999.000,9999.000,9999.000,9999.000,9999.000,9999.000,9999.000,9999.000
202607221112,   3.126,9999.000,9999.000,9999.000,9999.000,9999.000,9999.000,9999.000,9999.000
202607221118,   3.054,9999.000,9999.000,9999.000,9999.000,9999.000,9999.000,9999.000,9999.000
202607221124,   2.981,9999.000,9999.000,9999.000,9999.000,9999.000,9999.000,9999.000,9999.000
202607221130,   2.905,9999.000,9999.000,9999.000,9999.000,9999.000,9999.000,9999.000,9999.000
202607221136,   2.828,9999.000,9999.000,9999.000,9999.000,9999.000,9999.000,9999.000,9999.000
202607221142,   2.749,9999.000,9999.000,9999.000,9999.000,9999.000,9999.000,9999.000,9999.000
202607221148,   2.668,9999.000,9999.000,9999.000,9999.000,9999.000,9999.000,9999.000,9999.000
202607221154,   2.586,9999.000,9999.000,9999.000,9999.000,9999.000,9999.000,9999.000,9999.000
202607221200,   2.503,9999.000,  -0.200,9999.000,   2.303,  -0.200,   2.303,  -0.200,   2.303
202607221206,   2.418,9999.000,9999.000,9999.000,9999.000,9999.000,9999.000,9999.000,9999.000
202607221212,   2.333,9999.000,9999.000,9999.000,9999.000,9999.000,9999.000,9999.000,9999.000
202607221218,   2.247,9999.000,9999.000,9999.000,9999.000,9999.000,9999.000,9999.000,9999.000
202607221224,   2.160,9999.000,9999.000,9999.000,9999.000,9999.000,9999.000,9999.000,9999.000
202607221230,   2.072,9999.000,9999.000,9999.000,9999.000,9999.000,9999.000,9999.000,9999.000
202607221236,   1.984,9999.000,9999.000,9999.000,9999.000,9999.000,9999.000,9999.000,9999.000
202607221242,   1.896,9999.000,9999.000,9999.000,9999.000,9999.000,9999.000,9999.000,9999.000
202607221248,   1.808,9999.000,9999.000,9999.000,9999.000,9999.000,9999.000,9999.000,9999.000
202607221254,   1.720,9999.000,9999.000,9999.000,9999.000,9999.000,9999.000,9999.000,9999.000
202607221300,   1.633,9999.000,  -0.200,9999.000,   1.433,  -0.200,   1.433,  -0.200,   1.433
202607221306,   1.545,9999.000,9999.000,9999.000,9999.000,9999.000,9999.000,9999.000,9999.000
202607221312,   1.459,9999.000,9999.000,9999.000,9999.000,9999.000,9999.000,9999.000,9999.000
202607221318,   1.373,9999.000,9999.000,9999.000,9999.000,9999.000,9999.000,9999.000,9999.000
202607221324,   1.288,9999.000,9999.000,9999.000,9999.000,9999.000,9999.000,9999.000,9999.000
202607221330,   1.204,9999.000,9999.000,9999.000,9999.000,9999.000,9999.000,9999.000,9999.000
202607221336,   1.121,9999.000,9999.000,9999.000,9999.000,9999.000,9999.000,9999.000,9999.000
202607221342,   1.039,9999.000,9999.000,9999.000,9999.000,9999.000,9999.000,9999.000,9999.000
202607221348,   0.959,9999.000,9999.000,9999.000,9999.000,9999.000,9999.000,9999.000,9999.000
202607221354,   0.881,9999.000,9999.000,9999.000,9999.000,9999.000,9999.000,9999.000,9999.000
202607221400,   0.804,9999.000,  -0.200,9999.000,   0.604,  -0.200,   0.604,  -0.200,   0.604
202607221406,   0.729,9999.000,9999.000,9999.000,9999.000,9999.000,9999.000,9999.000,9999.000
202607221412,   0.656,9999.000,9999.000,9999.000,9999.000,9999.000,9999.000,9999.000,9999.000
202607221418,   0.586,9999.000,9999.000,9999.000,9999.000,9999.000,9999.000,9999.000,9999.000
202607221424,   0.517,9999.000,9999.000,9999.000,9999.000,9999.000,9999.000,9999.000,9999.000
202607221430,   0.451,9999.000,9999.000,9999.000,9999.000,9999.000,9999.000,9999.000,9999.000
202607221436,   0.388,9999.000,9999.000,9999.000,9999.000,9999.000,9999.000,9999.000,9999.000
202607221442,   0.327,9999.000,9999.000,9999.000,9999.000,9999.000,9999.000,9999.000,9999.000
202607221448,   0.269,9999.000,9999.000,9999.000,9999.000,9999.000,9999.000,9999.000,9999.000
202607221454,   0.213,9999.000,9999.000,9999.000,9999.000,9999.000,9999.000,9999.000,9999.000
202607221500,   0.161,9999.000,  -0.200,9999.000,  -0.039,  -0.200,  -0.039,  -0.200,  -0.039
202607221506,   0.111,9999.000,9999.000,9999.000,9999.000,9999.000,9999.000,9999.000,9999.000
202607221512,   0.065,9999.000,9999.000,9999.000,9999.000,9999.000,9999.000,9999.000,9999.000
202607221518,   0.021,9999.000,9999.000,9999.000,9999.000,9999.000,9999.000,9999.000,9999.000
202607221524,  -0.018,9999.000,9999.000,9999.000,9999.000,9999.000,9999.000,9999.000,9999.000
202607221530,  -0.054,9999.000,9999.000,9999.000,9999.000,9999.000,9999.000,9999.000,9999.000
202607221536,  -0.088,9999.000,9999.000,9999.000,9999.000,9999.000,9999.000,9999.000,9999.000
202607221542,  -0.118,9999.000,9999.000,9999.000,9999.000,9999.000,9999.000,9999.000,9999.000
202607221548,  -0.144,9999.000,9999.000,9999.000,9999.000,9999.000,9999.000,9999.000,9999.000
202607221554,  -0.167,9999.000,9999.000,9999.000,9999.000,9999.000,9999.000,9999.000,9999.000
202607221600,  -0.187,9999.000,  -0.200,9999.000,  -0.387,  -0.200,  -0.387,  -0.100,  -0.287
202607221606,  -0.203,9999.000,9999.000,9999.000,9999.000,9999.000,9999.000,9999.000,9999.000
202607221612,  -0.215,9999.000,9999.000,9999.000,9999.000,9999.000,9999.000,9999.000,9999.000
202607221618,  -0.224,9999.000,9999.000,9999.000,9999.000,9999.000,9999.000,9999.000,9999.000
202607221624,  -0.229,9999.000,9999.000,9999.000,9999.000,9999.000,9999.000,9999.000,9999.000
202607221630,  -0.231,9999.000,9999.000,9999.000,9999.000,9999.000,9999.000,9999.000,9999.000
202607221636,  -0.229,9999.000,9999.000,9999.000,9999.000,9999.000,9999.000,9999.000,9999.000
202607221642,  -0.224,9999.000,9999.000,9999.000,9999.000,9999.000,9999.000,9999.000,9999.000
202607221648,  -0.215,9999.000,9999.000,9999.000,9999.000,9999.000,9999.000,9999.000,9999.000
202607221654,  -0.202,9999.000,9999.000,9999.000,9999.000,9999.000,9999.000,9999.000,9999.000
202607221700,  -0.186,9999.000,  -0.200,9999.000,  -0.386,  -0.200,  -0.386,  -0.100,  -0.286
202607221706,  -0.167,9999.000,9999.000,9999.000,9999.000,9999.000,9999.000,9999.000,9999.000
202607221712,  -0.144,9999.000,9999.000,9999.000,9999.000,9999.000,9999.000,9999.000,9999.000
202607221718,  -0.118,9999.000,9999.000,9999.000,9999.000,9999.000,9999.000,9999.000,9999.000
202607221724,  -0.089,9999.000,9999.000,9999.000,9999.000,9999.000,9999.000,9999.000,9999.000
202607221730,  -0.057,9999.000,9999.000,9999.000,9999.000,9999.000,9999.000,9999.000,9999.000
202607221736,  -0.021,9999.000,9999.000,9999.000,9999.000,9999.000,9999.000,9999.000,9999.000
202607221742,   0.016,9999.000,9999.000,9999.000,9999.000,9999.000,9999.000,9999.000,9999.000
202607221748,   0.057,9999.000,9999.000,9999.000,9999.000,9999.000,9999.000,9999.000,9999.000
202607221754,   0.102,9999.000,9999.000,9999.000,9999.000,9999.000,9999.000,9999.000,9999.000
202607221800,   0.148,9999.000,  -0.200,9999.000,  -0.052,  -0.200,  -0.052,  -0.200,  -0.052
202607221806,   0.198,9999.000,9999.000,9999.000,9999.000,9999.000,9999.000,9999.000,9999.000
202607221812,   0.249,9999.000,9999.000,9999.000,9999.000,9999.000,9999.000,9999.000,9999.000
202607221818,   0.303,9999.000,9999.000,9999.000,9999.000,9999.000,9999.000,9999.000,9999.000
202607221824,   0.360,9999.000,9999.000,9999.000,9999.000,9999.000,9999.000,9999.000,9999.000
202607221830,   0.418,9999.000,9999.000,9999.000,9999.000,9999.000,9999.000,9999.000,9999.000
202607221836,   0.478,9999.000,9999.000,9999.000,9999.000,9999.000,9999.000,9999.000,9999.000
202607221842,   0.540,9999.000,9999.000,9999.000,9999.000,9999.000,9999.000,9999.000,9999.000
202607221848,   0.604,9999.000,9999.000,9999.000,9999.000,9999.000,9999.000,9999.000,9999.000
202607221854,   0.669,9999.000,9999.000,9999.000,9999.000,9999.000,9999.000,9999.000,9999.000
202607221900,   0.736,9999.000,  -0.200,9999.000,   0.536,  -0.200,   0.536,  -0.200,   0.536
202607221906,   0.803,9999.000,9999.000,9999.000,9999.000,9999.000,9999.000,9999.000,9999.000
202607221912,   0.872,9999.000,9999.000,9999.000,9999.000,9999.000,9999.000,9999.000,9999.000
202607221918,   0.942,9999.000,9999.000,9999.000,9999.000,9999.000,9999.000,9999.000,9999.000
202607221924,   1.012,9999.000,9999.000,9999.000,9999.000,9999.000,9999.000,9999.000,9999.000
202607221930,   1.083,9999.000,9999.000,9999.000,9999.000,9999.000,9999.000,9999.000,9999.000
202607221936,   1.154,9999.000,9999.000,9999.000,9999.000,9999.000,9999.000,9999.000,9999.000
202607221942,   1.226,9999.000,9999.000,9999.000,9999.000,9999.000,9999.000,9999.000,9999.000
202607221948,   1.297,9999.000,9999.000,9999.000,9999.000,9999.000,9999.000,9999.000,9999.000
202607221954,   1.369,9999.000,9999.000,9999.000,9999.000,9999.000,9999.000,9999.000,9999.000
202607222000,   1.440,9999.000,  -0.200,9999.000,   1.240,  -0.200,   1.240,  -0.200,   1.240
202607222006,   1.511,9999.000,9999.000,9999.000,9999.000,9999.000,9999.000,9999.000,9999.000
202607222012,   1.582,9999.000,9999.000,9999.000,9999.000,9999.000,9999.000,9999.000,9999.000
202607222018,   1.652,9999.000,9999.000,9999.000,9999.000,9999.000,9999.000,9999.000,9999.000
202607222024,   1.721,9999.000,9999.000,9999.000,9999.000,9999.000,9999.000,9999.000,9999.000
202607222030,   1.789,9999.000,9999.000,9999.000,9999.000,9999.000,9999.000,9999.000,9999.000
202607222036,   1.856,9999.000,9999.000,9999.000,9999.000,9999.000,9999.000,9999.000,9999.000
202607222042,   1.922,9999.000,9999.000,9999.000,9999.000,9999.000,9999.000,9999.000,9999.000
202607222048,   1.986,9999.000,9999.000,9999.000,9999.000,9999.000,9999.000,9999.000,9999.000
202607222054,   2.050,9999.000,9999.000,9999.000,9999.000,9999.000,9999.000,9999.000,9999.000
202607222100,   2.111,9999.000,  -0.300,9999.000,   1.811,  -0.300,   1.811,  -0.200,   1.911
202607222106,   2.171,9999.000,9999.000,9999.000,9999.000,9999.000,9999.000,9999.000,9999.000
202607222112,   2.229,9999.000,9999.000,9999.000,9999.000,9999.000,9999.000,9999.000,9999.000
202607222118,   2.286,9999.000,9999.000,9999.000,9999.000,9999.000,9999.000,9999.000,9999.000
202607222124,   2.340,9999.000,9999.000,9999.000,9999.000,9999.000,9999.000,9999.000,9999.000
202607222130,   2.392,9999.000,9999.000,9999.000,9999.000,9999.000,9999.000,9999.000,9999.000
202607222136,   2.443,9999.000,9999.000,9999.000,9999.000,9999.000,9999.000,9999.000,9999.000
202607222142,   2.491,9999.000,9999.000,9999.000,9999.000,9999.000,9999.000,9999.000,9999.000
202607222148,   2.537,9999.000,9999.000,9999.000,9999.000,9999.000,9999.000,9999.000,9999.000
202607222154,   2.581,9999.000,9999.000,9999.000,9999.000,9999.000,9999.000,9999.000,9999.000
202607222200,   2.622,9999.000,  -0.300,9999.000,   2.322,  -0.300,   2.322,  -0.200,   2.422
202607222206,   2.661,9999.000,9999.000,9999.000,9999.000,9999.000,9999.000,9999.000,9999.000
202607222212,   2.698,9999.000,9999.000,9999.000,9999.000,9999.000,9999.000,9999.000,9999.000
202607222218,   2.732,9999.000,9999.000,9999.000,9999.000,9999.000,9999.000,9999.000,9999.000
202607222224,   2.764,9999.000,9999.000,9999.000,9999.000,9999.000,9999.000,9999.000,9999.000
202607222230,   2.794,9999.000,9999.000,9999.000,9999.000,9999.000,9999.000,9999.000,9999.000
202607222236,   2.821,9999.000,9999.000,9999.000,9999.000,9999.000,9999.000,9999.000,9999.000
202607222242,   2.845,9999.000,9999.000,9999.000,9999.000,9999.000,9999.000,9999.000,9999.000
202607222248,   2.868,9999.000,9999.000,9999.000,9999.000,9999.000,9999.000,9999.000,9999.000
202607222254,   2.888,9999.000,9999.000,9999.000,9999.000,9999.000,9999.000,9999.000,9999.000
202607222300,   2.905,9999.000,  -0.200,9999.000,   2.705,  -0.300,   2.605,  -0.200,   2.705
202607222306,   2.920,9999.000,9999.000,9999.000,9999.000,9999.000,9999.000,9999.000,9999.000
202607222312,   2.933,9999.000,9999.000,9999.000,9999.000,9999.000,9999.000,9999.000,9999.000
202607222318,   2.944,9999.000,9999.000,9999.000,9999.000,9999.000,9999.000,9999.000,9999.000
202607222324,   2.953,9999.000,9999.000,9999.000,9999.000,9999.000,9999.000,9999.000,9999.000
202607222330,   2.959,9999.000,9999.000,9999.000,9999.000,9999.000,9999.000,9999.000,9999.000
202607222336,   2.964,9999.000,9999.000,9999.000,9999.000,9999.000,9999.000,9999.000,9999.000
202607222342,   2.966,9999.000,9999.000,9999.000,9999.000,9999.000,9999.000,9999.000,9999.000
202607222348,   2.967,9999.000,9999.000,9999.000,9999.000,9999.000,9999.000,9999.000,9999.000
202607222354,   2.965,9999.000,9999.000,9999.000,9999.000,9999.000,9999.000,9999.000,9999.000
202607230000,   2.962,9999.000,  -0.200,9999.000,   2.762,  -0.300,   2.662,  -0.200,   2.762
202607230006,   2.958,9999.000,9999.000,9999.000,9999.000,9999.000,9999.000,9999.000,9999.000
202607230012,   2.951,9999.000,9999.000,9999.000,9999.000,9999.000,9999.000,9999.000,9999.000
202607230018,   2.944,9999.000,9999.000,9999.000,9999.000,9999.000,9999.000,9999.000,9999.000
202607230024,   2.934,9999.000,9999.000,9999.000,9999.000,9999.000,9999.000,9999.000,9999.000
202607230030,   2.924,9999.000,9999.000,9999.000,9999.000,9999.000,9999.000,9999.000,9999.000
202607230036,   2.912,9999.000,9999.000,9999.000,9999.000,9999.000,9999.000,9999.000,9999.000
202607230042,   2.899,9999.000,9999.000,9999.000,9999.000,9999.000,9999.000,9999.000,9999.000
202607230048,   2.885,9999.000,9999.000,9999.000,9999.000,9999.000,9999.000,9999.000,9999.000
202607230054,   2.871,9999.000,9999.000,9999.000,9999.000,9999.000,9999.000,9999.000,9999.000
202607230100,   2.855,9999.000,  -0.300,9999.000,   2.555,  -0.300,   2.555,  -0.200,   2.655
202607230106,   2.839,9999.000,9999.000,9999.000,9999.000,9999.000,9999.000,9999.000,9999.000
202607230112,   2.822,9999.000,9999.000,9999.000,9999.000,9999.000,9999.000,9999.000,9999.000
202607230118,   2.805,9999.000,9999.000,9999.000,9999.000,9999.000,9999.000,9999.000,9999.000
202607230124,   2.787,9999.000,9999.000,9999.000,9999.000,9999.000,9999.000,9999.000,9999.000
202607230130,   2.769,9999.000,9999.000,9999.000,9999.000,9999.000,9999.000,9999.000,9999.000
202607230136,   2.751,9999.000,9999.000,9999.000,9999.000,9999.000,9999.000,9999.000,9999.000
202607230142,   2.733,9999.000,9999.000,9999.000,9999.000,9999.000,9999.000,9999.000,9999.000
202607230148,   2.715,9999.000,9999.000,9999.000,9999.000,9999.000,9999.000,9999.000,9999.000
202607230154,   2.697,9999.000,9999.000,9999.000,9999.000,9999.000,9999.000,9999.000,9999.000
202607230200,   2.679,9999.000,  -0.300,9999.000,   2.379,  -0.300,   2.379,  -0.200,   2.479
202607230206,   2.662,9999.000,9999.000,9999.000,9999.000,9999.000,9999.000,9999.000,9999.000
202607230212,   2.645,9999.000,9999.000,9999.000,9999.000,9999.000,9999.000,9999.000,9999.000
202607230218,   2.628,9999.000,9999.000,9999.000,9999.000,9999.000,9999.000,9999.000,9999.000
202607230224,   2.613,9999.000,9999.000,9999.000,9999.000,9999.000,9999.000,9999.000,9999.000
202607230230,   2.598,9999.000,9999.000,9999.000,9999.000,9999.000,9999.000,9999.000,9999.000
202607230236,   2.583,9999.000,9999.000,9999.000,9999.000,9999.000,9999.000,9999.000,9999.000
202607230242,   2.570,9999.000,9999.000,9999.000,9999.000,9999.000,9999.000,9999.000,9999.000
202607230248,   2.558,9999.000,9999.000,9999.000,9999.000,9999.000,9999.000,9999.000,9999.000
202607230254,   2.547,9999.000,9999.000,9999.000,9999.000,9999.000,9999.000,9999.000,9999.000
202607230300,   2.537,9999.000,  -0.300,9999.000,   2.237,  -0.300,   2.237,  -0.300,   2.237
202607230306,   2.528,9999.000,9999.000,9999.000,9999.000,9999.000,9999.000,9999.000,9999.000
202607230312,   2.520,9999.000,9999.000,9999.000,9999.000,9999.000,9999.000,9999.000,9999.000
202607230318,   2.514,9999.000,9999.000,9999.000,9999.000,9999.000,9999.000,9999.000,9999.000
202607230324,   2.509,9999.000,9999.000,9999.000,9999.000,9999.000,9999.000,9999.000,9999.000
202607230330,   2.505,9999.000,9999.000,9999.000,9999.000,9999.000,9999.000,9999.000,9999.000
202607230336,   2.504,9999.000,9999.000,9999.000,9999.000,9999.000,9999.000,9999.000,9999.000
202607230342,   2.503,9999.000,9999.000,9999.000,9999.000,9999.000,9999.000,9999.000,9999.000
202607230348,   2.504,9999.000,9999.000,9999.000,9999.000,9999.000,9999.000,9999.000,9999.000
202607230354,   2.507,9999.000,9999.000,9999.000,9999.000,9999.000,9999.000,9999.000,9999.000
202607230400,   2.512,9999.000,  -0.300,9999.000,   2.212,  -0.300,   2.212,  -0.300,   2.212
202607230406,   2.518,9999.000,9999.000,9999.000,9999.000,9999.000,9999.000,9999.000,9999.000
202607230412,   2.526,9999.000,9999.000,9999.000,9999.000,9999.000,9999.000,9999.000,9999.000
202607230418,   2.535,9999.000,9999.000,9999.000,9999.000,9999.000,9999.000,9999.000,9999.000
202607230424,   2.547,9999.000,9999.000,9999.000,9999.000,9999.000,9999.000,9999.000,9999.000
202607230430,   2.560,9999.000,9999.000,9999.000,9999.000,9999.000,9999.000,9999.000,9999.000
202607230436,   2.574,9999.000,9999.000,9999.000,9999.000,9999.000,9999.000,9999.000,9999.000
202607230442,   2.591,9999.000,9999.000,9999.000,9999.000,9999.000,9999.000,9999.000,9999.000
202607230448,   2.609,9999.000,9999.000,9999.000,9999.000,9999.000,9999.000,9999.000,9999.000
202607230454,   2.629,9999.000,9999.000,9999.000,9999.000,9999.000,9999.000,9999.000,9999.000
202607230500,   2.650,9999.000,  -0.300,9999.000,   2.350,  -0.400,   2.250,  -0.300,   2.350
202607230506,   2.673,9999.000,9999.000,9999.000,9999.000,9999.000,9999.000,9999.000,9999.000
202607230512,   2.698,9999.000,9999.000,9999.000,9999.000,9999.000,9999.000,9999.000,9999.000
202607230518,   2.724,9999.000,9999.000,9999.000,9999.000,9999.000,9999.000,9999.000,9999.000
202607230524,   2.752,9999.000,9999.000,9999.000,9999.000,9999.000,9999.000,9999.000,9999.000
202607230530,   2.781,9999.000,9999.000,9999.000,9999.000,9999.000,9999.000,9999.000,9999.000
202607230536,   2.811,9999.000,9999.000,9999.000,9999.000,9999.000,9999.000,9999.000,9999.000
202607230542,   2.843,9999.000,9999.000,9999.000,9999.000,9999.000,9999.000,9999.000,9999.000
202607230548,   2.876,9999.000,9999.000,9999.000,9999.000,9999.000,9999.000,9999.000,9999.000
202607230554,   2.910,9999.000,9999.000,9999.000,9999.000,9999.000,9999.000,9999.000,9999.000
202607230600,   2.945,9999.000,  -0.300,9999.000,   2.645,  -0.300,   2.645,  -0.300,   2.645
202607230606,   2.981,9999.000,9999.000,9999.000,9999.000,9999.000,9999.000,9999.000,9999.000
202607230612,   3.018,9999.000,9999.000,9999.000,9999.000,9999.000,9999.000,9999.000,9999.000
202607230618,   3.056,9999.000,9999.000,9999.000,9999.000,9999.000,9999.000,9999.000,9999.000
202607230624,   3.095,9999.000,9999.000,9999.000,9999.000,9999.000,9999.000,9999.000,9999.000
202607230630,   3.134,9999.000,9999.000,9999.000,9999.000,9999.000,9999.000,9999.000,9999.000
202607230636,   3.173,9999.000,9999.000,9999.000,9999.000,9999.000,9999.000,9999.000,9999.000
202607230642,   3.213,9999.000,9999.000,9999.000,9999.000,9999.000,9999.000,9999.000,9999.000
202607230648,   3.253,9999.000,9999.000,9999.000,9999.000,9999.000,9999.000,9999.000,9999.000
202607230654,   3.293,9999.000,9999.000,9999.000,9999.000,9999.000,9999.000,9999.000,9999.000
202607230700,   3.333,9999.000,  -0.300,9999.000,   3.033,  -0.300,   3.033,  -0.300,   3.033
202607230706,   3.373,9999.000,9999.000,9999.000,9999.000,9999.000,9999.000,9999.000,9999.000
202607230712,   3.412,9999.000,9999.000,9999.000,9999.000,9999.000,9999.000,9999.000,9999.000
202607230718,   3.452,9999.000,9999.000,9999.000,9999.000,9999.000,9999.000,9999.000,9999.000
202607230724,   3.490,9999.000,9999.000,9999.000,9999.000,9999.000,9999.000,9999.000,9999.000
202607230730,   3.528,9999.000,9999.000,9999.000,9999.000,9999.000,9999.000,9999.000,9999.000
202607230736,   3.565,9999.000,9999.000,9999.000,9999.000,9999.000,9999.000,9999.000,9999.000
202607230742,   3.601,9999.000,9999.000,9999.000,9999.000,9999.000,9999.000,9999.000,9999.000
202607230748,   3.636,9999.000,9999.000,9999.000,9999.000,9999.000,9999.000,9999.000,9999.000
202607230754,   3.670,9999.000,9999.000,9999.000,9999.000,9999.000,9999.000,9999.000,9999.000
202607230800,   3.702,9999.000,  -0.300,9999.000,   3.402,  -0.400,   3.302,  -0.300,   3.402
202607230806,   3.733,9999.000,9999.000,9999.000,9999.000,9999.000,9999.000,9999.000,9999.000
202607230812,   3.763,9999.000,9999.000,9999.000,9999.000,9999.000,9999.000,9999.000,9999.000
202607230818,   3.790,9999.000,9999.000,9999.000,9999.000,9999.000,9999.000,9999.000,9999.000
202607230824,   3.816,9999.000,9999.000,9999.000,9999.000,9999.000,9999.000,9999.000,9999.000
202607230830,   3.839,9999.000,9999.000,9999.000,9999.000,9999.000,9999.000,9999.000,9999.000
202607230836,   3.861,9999.000,9999.000,9999.000,9999.000,9999.000,9999.000,9999.000,9999.000
202607230842,   3.880,9999.000,9999.000,9999.000,9999.000,9999.000,9999.000,9999.000,9999.000
202607230848,   3.897,9999.000,9999.000,9999.000,9999.000,9999.000,9999.000,9999.000,9999.000
202607230854,   3.911,9999.000,9999.000,9999.000,9999.000,9999.000,9999.000,9999.000,9999.000
202607230900,   3.923,9999.000,  -0.300,9999.000,   3.623,  -0.400,   3.523,  -0.300,   3.623
202607230906,   3.933,9999.000,9999.000,9999.000,9999.000,9999.000,9999.000,9999.000,9999.000
202607230912,   3.939,9999.000,9999.000,9999.000,9999.000,9999.000,9999.000,9999.000,9999.000
202607230918,   3.943,9999.000,9999.000,9999.000,9999.000,9999.000,9999.000,9999.000,9999.000
202607230924,   3.944,9999.000,9999.000,9999.000,9999.000,9999.000,9999.000,9999.000,9999.000
202607230930,   3.942,9999.000,9999.000,9999.000,9999.000,9999.000,9999.000,9999.000,9999.000
202607230936,   3.937,9999.000,9999.000,9999.000,9999.000,9999.000,9999.000,9999.000,9999.000
202607230942,   3.929,9999.000,9999.000,9999.000,9999.000,9999.000,9999.000,9999.000,9999.000
202607230948,   3.918,9999.000,9999.000,9999.000,9999.000,9999.000,9999.000,9999.000,9999.000
202607230954,   3.903,9999.000,9999.000,9999.000,9999.000,9999.000,9999.000,9999.000,9999.000
202607231000,   3.886,9999.000,  -0.300,9999.000,   3.586,  -0.400,   3.486,  -0.300,   3.586
202607231006,   3.865,9999.000,9999.000,9999.000,9999.000,9999.000,9999.000,9999.000,9999.000
202607231012,   3.842,9999.000,9999.000,9999.000,9999.000,9999.000,9999.000,9999.000,9999.000
202607231018,   3.814,9999.000,9999.000,9999.000,9999.000,9999.000,9999.000,9999.000,9999.000
202607231024,   3.784,9999.000,9999.000,9999.000,9999.000,9999.000,9999.000,9999.000,9999.000
202607231030,   3.751,9999.000,9999.000,9999.000,9999.000,9999.000,9999.000,9999.000,9999.000
202607231036,   3.714,9999.000,9999.000,9999.000,9999.000,9999.000,9999.000,9999.000,9999.000
202607231042,   3.675,9999.000,9999.000,9999.000,9999.000,9999.000,9999.000,9999.000,9999.000
202607231048,   3.632,9999.000,9999.000,9999.000,9999.000,9999.000,9999.000,9999.000,9999.000
202607231054,   3.586,9999.000,9999.000,9999.000,9999.000,9999.000,9999.000,9999.000,9999.000
202607231100,   3.537,9999.000,  -0.400,9999.000,   3.137,  -0.400,   3.137,  -0.300,   3.237
202607231106,   3.485,9999.000,9999.000,9999.000,9999.000,9999.000,9999.000,9999.000,9999.000
202607231112,   3.430,9999.000,9999.000,9999.000,9999.000,9999.000,9999.000,9999.000,9999.000
202607231118,   3.372,9999.000,9999.000,9999.000,9999.000,9999.000,9999.000,9999.000,9999.000
202607231124,   3.312,9999.000,9999.000,9999.000,9999.000,9999.000,9999.000,9999.000,9999.000
202607231130,   3.249,9999.000,9999.000,9999.000,9999.000,9999.000,9999.000,9999.000,9999.000
202607231136,   3.183,9999.000,9999.000,9999.000,9999.000,9999.000,9999.000,9999.000,9999.000
202607231142,   3.115,9999.000,9999.000,9999.000,9999.000,9999.000,9999.000,9999.000,9999.000
202607231148,   3.045,9999.000,9999.000,9999.000,9999.000,9999.000,9999.000,9999.000,9999.000
202607231154,   2.972,9999.000,9999.000,9999.000,9999.000,9999.000,9999.000,9999.000,9999.000
202607231200,   2.897,9999.000,  -0.200,9999.000,   2.697,  -0.200,   2.697,  -0.200,   2.697
202607231206,   2.820,9999.000,9999.000,9999.000,9999.000,9999.000,9999.000,9999.000,9999.000
202607231212,   2.741,9999.000,9999.000,9999.000,9999.000,9999.000,9999.000,9999.000,9999.000
202607231218,   2.661,9999.000,9999.000,9999.000,9999.000,9999.000,9999.000,9999.000,9999.000
202607231224,   2.579,9999.000,9999.000,9999.000,9999.000,9999.000,9999.000,9999.000,9999.000
202607231230,   2.495,9999.000,9999.000,9999.000,9999.000,9999.000,9999.000,9999.000,9999.000
202607231236,   2.410,9999.000,9999.000,9999.000,9999.000,9999.000,9999.000,9999.000,9999.000
202607231242,   2.323,9999.000,9999.000,9999.000,9999.000,9999.000,9999.000,9999.000,9999.000
202607231248,   2.236,9999.000,9999.000,9999.000,9999.000,9999.000,9999.000,9999.000,9999.000
202607231254,   2.147,9999.000,9999.000,9999.000,9999.000,9999.000,9999.000,9999.000,9999.000
202607231300,   2.058,9999.000,  -0.200,9999.000,   1.858,  -0.200,   1.858,  -0.200,   1.858
202607231306,   1.968,9999.000,9999.000,9999.000,9999.000,9999.000,9999.000,9999.000,9999.000
202607231312,   1.878,9999.000,9999.000,9999.000,9999.000,9999.000,9999.000,9999.000,9999.000
202607231318,   1.787,9999.000,9999.000,9999.000,9999.000,9999.000,9999.000,9999.000,9999.000
202607231324,   1.697,9999.000,9999.000,9999.000,9999.000,9999.000,9999.000,9999.000,9999.000
202607231330,   1.606,9999.000,9999.000,9999.000,9999.000,9999.000,9999.000,9999.000,9999.000
202607231336,   1.515,9999.000,9999.000,9999.000,9999.000,9999.000,9999.000,9999.000,9999.000
202607231342,   1.425,9999.000,9999.000,9999.000,9999.000,9999.000,9999.000,9999.000,9999.000
202607231348,   1.335,9999.000,9999.000,9999.000,9999.000,9999.000,9999.000,9999.000,9999.000
202607231354,   1.245,9999.000,9999.000,9999.000,9999.000,9999.000,9999.000,9999.000,9999.000
202607231400,   1.157,9999.000,  -0.300,9999.000,   0.857,  -0.300,   0.857,  -0.200,   0.957
202607231406,   1.069,9999.000,9999.000,9999.000,9999.000,9999.000,9999.000,9999.000,9999.000
202607231412,   0.983,9999.000,9999.000,9999.000,9999.000,9999.000,9999.000,9999.000,9999.000
202607231418,   0.897,9999.000,9999.000,9999.000,9999.000,9999.000,9999.000,9999.000,9999.000
202607231424,   0.813,9999.000,9999.000,9999.000,9999.000,9999.000,9999.000,9999.000,9999.000
202607231430,   0.731,9999.000,9999.000,9999.000,9999.000,9999.000,9999.000,9999.000,9999.000
202607231436,   0.650,9999.000,9999.000,9999.000,9999.000,9999.000,9999.000,9999.000,9999.000
202607231442,   0.571,9999.000,9999.000,9999.000,9999.000,9999.000,9999.000,9999.000,9999.000
202607231448,   0.493,9999.000,9999.000,9999.000,9999.000,9999.000,9999.000,9999.000,9999.000
202607231454,   0.418,9999.000,9999.000,9999.000,9999.000,9999.000,9999.000,9999.000,9999.000
202607231500,   0.345,9999.000,  -0.300,9999.000,   0.045,  -0.300,   0.045,  -0.200,   0.145
202607231506,   0.275,9999.000,9999.000,9999.000,9999.000,9999.000,9999.000,9999.000,9999.000
202607231512,   0.206,9999.000,9999.000,9999.000,9999.000,9999.000,9999.000,9999.000,9999.000
202607231518,   0.141,9999.000,9999.000,9999.000,9999.000,9999.000,9999.000,9999.000,9999.000
202607231524,   0.078,9999.000,9999.000,9999.000,9999.000,9999.000,9999.000,9999.000,9999.000
202607231530,   0.017,9999.000,9999.000,9999.000,9999.000,9999.000,9999.000,9999.000,9999.000
202607231536,  -0.039,9999.000,9999.000,9999.000,9999.000,9999.000,9999.000,9999.000,9999.000
202607231542,  -0.094,9999.000,9999.000,9999.000,9999.000,9999.000,9999.000,9999.000,9999.000
202607231548,  -0.145,9999.000,9999.000,9999.000,9999.000,9999.000,9999.000,9999.000,9999.000
202607231554,  -0.194,9999.000,9999.000,9999.000,9999.000,9999.000,9999.000,9999.000,9999.000
202607231600,  -0.239,9999.000,  -0.300,9999.000,  -0.539,  -0.300,  -0.539,  -0.200,  -0.439
202607231606,  -0.281,9999.000,9999.000,9999.000,9999.000,9999.000,9999.000,9999.000,9999.000
202607231612,  -0.319,9999.000,9999.000,9999.000,9999.000,9999.000,9999.000,9999.000,9999.000
202607231618,  -0.354,9999.000,9999.000,9999.000,9999.000,9999.000,9999.000,9999.000,9999.000
202607231624,  -0.386,9999.000,9999.000,9999.000,9999.000,9999.000,9999.000,9999.000,9999.000
202607231630,  -0.414,9999.000,9999.000,9999.000,9999.000,9999.000,9999.000,9999.000,9999.000
202607231636,  -0.438,9999.000,9999.000,9999.000,9999.000,9999.000,9999.000,9999.000,9999.000
202607231642,  -0.459,9999.000,9999.000,9999.000,9999.000,9999.000,9999.000,9999.000,9999.000
202607231648,  -0.476,9999.000,9999.000,9999.000,9999.000,9999.000,9999.000,9999.000,9999.000
202607231654,  -0.490,9999.000,9999.000,9999.000,9999.000,9999.000,9999.000,9999.000,9999.000
202607231700,  -0.499,9999.000,  -0.300,9999.000,  -0.799,  -0.300,  -0.799,  -0.200,  -0.699
202607231706,  -0.506,9999.000,9999.000,9999.000,9999.000,9999.000,9999.000,9999.000,9999.000
202607231712,  -0.508,9999.000,9999.000,9999.000,9999.000,9999.000,9999.000,9999.000,9999.000
202607231718,  -0.507,9999.000,9999.000,9999.000,9999.000,9999.000,9999.000,9999.000,9999.000
202607231724,  -0.502,9999.000,9999.000,9999.000,9999.000,9999.000,9999.000,9999.000,9999.000
202607231730,  -0.493,9999.000,9999.000,9999.000,9999.000,9999.000,9999.000,9999.000,9999.000
202607231736,  -0.481,9999.000,9999.000,9999.000,9999.000,9999.000,9999.000,9999.000,9999.000
202607231742,  -0.465,9999.000,9999.000,9999.000,9999.000,9999.000,9999.000,9999.000,9999.000
202607231748,  -0.446,9999.000,9999.000,9999.000,9999.000,9999.000,9999.000,9999.000,9999.000
202607231754,  -0.423,9999.000,9999.000,9999.000,9999.000,9999.000,9999.000,9999.000,9999.000
202607231800,  -0.396,9999.000,  -0.300,9999.000,  -0.696,  -0.300,  -0.696,  -0.200,  -0.596
202607231806,  -0.367,9999.000,9999.000,9999.000,9999.000,9999.000,9999.000,9999.000,9999.000
202607231812,  -0.334,9999.000,9999.000,9999.000,9999.000,9999.000,9999.000,9999.000,9999.000
202607231818,  -0.297,9999.000,9999.000,9999.000,9999.000,9999.000,9999.000,9999.000,9999.000
202607231824,  -0.258,9999.000,9999.000,9999.000,9999.000,9999.000,9999.000,9999.000,9999.000
202607231830,  -0.215,9999.000,9999.000,9999.000,9999.000,9999.000,9999.000,9999.000,9999.000
202607231836,  -0.169,9999.000,9999.000,9999.000,9999.000,9999.000,9999.000,9999.000,9999.000
202607231842,  -0.121,9999.000,9999.000,9999.000,9999.000,9999.000,9999.000,9999.000,9999.000
202607231848,  -0.070,9999.000,9999.000,9999.000,9999.000,9999.000,9999.000,9999.000,9999.000
202607231854,  -0.016,9999.000,9999.000,9999.000,9999.000,9999.000,9999.000,9999.000,9999.000
202607231900,   0.040,9999.000,  -0.300,9999.000,  -0.260,  -0.300,  -0.260,  -0.200,  -0.160
202607231906,   0.099,9999.000,9999.000,9999.000,9999.000,9999.000,9999.000,9999.000,9999.000
202607231912,   0.160,9999.000,9999.000,9999.000,9999.000,9999.000,9999.000,9999.000,9999.000
202607231918,   0.223,9999.000,9999.000,9999.000,9999.000,9999.000,9999.000,9999.000,9999.000
202607231924,   0.289,9999.000,9999.000,9999.000,9999.000,9999.000,9999.000,9999.000,9999.000
202607231930,   0.356,9999.000,9999.000,9999.000,9999.000,9999.000,9999.000,9999.000,9999.000
202607231936,   0.425,9999.000,9999.000,9999.000,9999.000,9999.000,9999.000,9999.000,9999.000
202607231942,   0.496,9999.000,9999.000,9999.000,9999.000,9999.000,9999.000,9999.000,9999.000
202607231948,   0.568,9999.000,9999.000,9999.000,9999.000,9999.000,9999.000,9999.000,9999.000
202607231954,   0.641,9999.000,9999.000,9999.000,9999.000,9999.000,9999.000,9999.000,9999.000
202607232000,   0.716,9999.000,  -0.300,9999.000,   0.416,  -0.300,   0.416,  -0.200,   0.516
202607232006,   0.791,9999.000,9999.000,9999.000,9999.000,9999.000,9999.000,9999.000,9999.000
202607232012,   0.867,9999.000,9999.000,9999.000,9999.000,9999.000,9999.000,9999.000,9999.000
202607232018,   0.944,9999.000,9999.000,9999.000,9999.000,9999.000,9999.000,9999.000,9999.000
202607232024,   1.022,9999.000,9999.000,9999.000,9999.000,9999.000,9999.000,9999.000,9999.000
202607232030,   1.100,9999.000,9999.000,9999.000,9999.000,9999.000,9999.000,9999.000,9999.000
202607232036,   1.178,9999.000,9999.000,9999.000,9999.000,9999.000,9999.000,9999.000,9999.000
202607232042,   1.256,9999.000,9999.000,9999.000,9999.000,9999.000,9999.000,9999.000,9999.000
202607232048,   1.333,9999.000,9999.000,9999.000,9999.000,9999.000,9999.000,9999.000,9999.000
202607232054,   1.411,9999.000,9999.000,9999.000,9999.000,9999.000,9999.000,9999.000,9999.000
202607232100,   1.488,9999.000,  -0.300,9999.000,   1.188,  -0.300,   1.188,  -0.300,   1.188
202607232106,   1.565,9999.000,9999.000,9999.000,9999.000,9999.000,9999.000,9999.000,9999.000
202607232112,   1.641,9999.000,9999.000,9999.000,9999.000,9999.000,9999.000,9999.000,9999.000
202607232118,   1.716,9999.000,9999.000,9999.000,9999.000,9999.000,9999.000,9999.000,9999.000
202607232124,   1.790,9999.000,9999.000,9999.000,9999.000,9999.000,9999.000,9999.000,9999.000
202607232130,   1.863,9999.000,9999.000,9999.000,9999.000,9999.000,9999.000,9999.000,9999.000
202607232136,   1.935,9999.000,9999.000,9999.000,9999.000,9999.000,9999.000,9999.000,9999.000
202607232142,   2.005,9999.000,9999.000,9999.000,9999.000,9999.000,9999.000,9999.000,9999.000
202607232148,   2.074,9999.000,9999.000,9999.000,9999.000,9999.000,9999.000,9999.000,9999.000
202607232154,   2.142,9999.000,9999.000,9999.000,9999.000,9999.000,9999.000,9999.000,9999.000
202607232200,   2.207,9999.000,  -0.300,9999.000,   1.907,  -0.300,   1.907,  -0.300,   1.907
202607232206,   2.271,9999.000,9999.000,9999.000,9999.000,9999.000,9999.000,9999.000,9999.000
202607232212,   2.333,9999.000,9999.000,9999.000,9999.000,9999.000,9999.000,9999.000,9999.000
202607232218,   2.393,9999.000,9999.000,9999.000,9999.000,9999.000,9999.000,9999.000,9999.000
202607232224,   2.451,9999.000,9999.000,9999.000,9999.000,9999.000,9999.000,9999.000,9999.000
202607232230,   2.507,9999.000,9999.000,9999.000,9999.000,9999.000,9999.000,9999.000,9999.000
202607232236,   2.561,9999.000,9999.000,9999.000,9999.000,9999.000,9999.000,9999.000,9999.000
202607232242,   2.613,9999.000,9999.000,9999.000,9999.000,9999.000,9999.000,9999.000,9999.000
202607232248,   2.662,9999.000,9999.000,9999.000,9999.000,9999.000,9999.000,9999.000,9999.000
202607232254,   2.709,9999.000,9999.000,9999.000,9999.000,9999.000,9999.000,9999.000,9999.000
202607232300,   2.754,9999.000,  -0.300,9999.000,   2.454,  -0.300,   2.454,  -0.300,   2.454
202607232306,   2.796,9999.000,9999.000,9999.000,9999.000,9999.000,9999.000,9999.000,9999.000
202607232312,   2.836,9999.000,9999.000,9999.000,9999.000,9999.000,9999.000,9999.000,9999.000
202607232318,   2.873,9999.000,9999.000,9999.000,9999.000,9999.000,9999.000,9999.000,9999.000
202607232324,   2.908,9999.000,9999.000,9999.000,9999.000,9999.000,9999.000,9999.000,9999.000
202607232330,   2.941,9999.000,9999.000,9999.000,9999.000,9999.000,9999.000,9999.000,9999.000
202607232336,   2.971,9999.000,9999.000,9999.000,9999.000,9999.000,9999.000,9999.000,9999.000
202607232342,   2.999,9999.000,9999.000,9999.000,9999.000,9999.000,9999.000,9999.000,9999.000
202607232348,   3.024,9999.000,9999.000,9999.000,9999.000,9999.000,9999.000,9999.000,9999.000
202607232354,   3.047,9999.000,9999.000,9999.000,9999.000,9999.000,9999.000,9999.000,9999.000
202607240000,   3.068,9999.000,  -0.500,9999.000,   2.568,  -0.500,   2.568,  -0.500,   2.568
202607240006,   3.086,9999.000,9999.000,9999.000,9999.000,9999.000,9999.000,9999.000,9999.000
202607240012,   3.103,9999.000,9999.000,9999.000,9999.000,9999.000,9999.000,9999.000,9999.000
202607240018,   3.117,9999.000,9999.000,9999.000,9999.000,9999.000,9999.000,9999.000,9999.000
202607240024,   3.129,9999.000,9999.000,9999.000,9999.000,9999.000,9999.000,9999.000,9999.000
202607240030,   3.139,9999.000,9999.000,9999.000,9999.000,9999.000,9999.000,9999.000,9999.000
202607240036,   3.147,9999.000,9999.000,9999.000,9999.000,9999.000,9999.000,9999.000,9999.000
202607240042,   3.153,9999.000,9999.000,9999.000,9999.000,9999.000,9999.000,9999.000,9999.000
202607240048,   3.157,9999.000,9999.000,9999.000,9999.000,9999.000,9999.000,9999.000,9999.000
202607240054,   3.159,9999.000,9999.000,9999.000,9999.000,9999.000,9999.000,9999.000,9999.000
202607240100,   3.160,9999.000,  -0.500,9999.000,   2.660,  -0.500,   2.660,  -0.500,   2.660
202607240106,   3.159,9999.000,9999.000,9999.000,9999.000,9999.000,9999.000,9999.000,9999.000
202607240112,   3.157,9999.000,9999.000,9999.000,9999.000,9999.000,9999.000,9999.000,9999.000
202607240118,   3.153,9999.000,9999.000,9999.000,9999.000,9999.000,9999.000,9999.000,9999.000
202607240124,   3.148,9999.000,9999.000,9999.000,9999.000,9999.000,9999.000,9999.000,9999.000
202607240130,   3.141,9999.000,9999.000,9999.000,9999.000,9999.000,9999.000,9999.000,9999.000
202607240136,   3.134,9999.000,9999.000,9999.000,9999.000,9999.000,9999.000,9999.000,9999.000
202607240142,   3.125,9999.000,9999.000,9999.000,9999.000,9999.000,9999.000,9999.000,9999.000
202607240148,   3.116,9999.000,9999.000,9999.000,9999.000,9999.000,9999.000,9999.000,9999.000
202607240154,   3.105,9999.000,9999.000,9999.000,9999.000,9999.000,9999.000,9999.000,9999.000
202607240200,   3.094,9999.000,  -0.500,9999.000,   2.594,  -0.500,   2.594,  -0.500,   2.594
202607240206,   3.082,9999.000,9999.000,9999.000,9999.000,9999.000,9999.000,9999.000,9999.000
202607240212,   3.070,9999.000,9999.000,9999.000,9999.000,9999.000,9999.000,9999.000,9999.000
202607240218,   3.057,9999.000,9999.000,9999.000,9999.000,9999.000,9999.000,9999.000,9999.000
202607240224,   3.044,9999.000,9999.000,9999.000,9999.000,9999.000,9999.000,9999.000,9999.000
202607240230,   3.030,9999.000,9999.000,9999.000,9999.000,9999.000,9999.000,9999.000,9999.000
202607240236,   3.016,9999.000,9999.000,9999.000,9999.000,9999.000,9999.000,9999.000,9999.000
202607240242,   3.003,9999.000,9999.000,9999.000,9999.000,9999.000,9999.000,9999.000,9999.000
202607240248,   2.989,9999.000,9999.000,9999.000,9999.000,9999.000,9999.000,9999.000,9999.000
202607240254,   2.975,9999.000,9999.000,9999.000,9999.000,9999.000,9999.000,9999.000,9999.000
202607240300,   2.962,9999.000,  -0.500,9999.000,   2.462,  -0.600,   2.362,  -0.500,   2.462
202607240306,   2.949,9999.000,9999.000,9999.000,9999.000,9999.000,9999.000,9999.000,9999.000
202607240312,   2.936,9999.000,9999.000,9999.000,9999.000,9999.000,9999.000,9999.000,9999.000
202607240318,   2.924,9999.000,9999.000,9999.000,9999.000,9999.000,9999.000,9999.000,9999.000
202607240324,   2.912,9999.000,9999.000,9999.000,9999.000,9999.000,9999.000,9999.000,9999.000
202607240330,   2.901,9999.000,9999.000,9999.000,9999.000,9999.000,9999.000,9999.000,9999.000
202607240336,   2.891,9999.000,9999.000,9999.000,9999.000,9999.000,9999.000,9999.000,9999.000
202607240342,   2.882,9999.000,9999.000,9999.000,9999.000,9999.000,9999.000,9999.000,9999.000
202607240348,   2.873,9999.000,9999.000,9999.000,9999.000,9999.000,9999.000,9999.000,9999.000
202607240354,   2.865,9999.000,9999.000,9999.000,9999.000,9999.000,9999.000,9999.000,9999.000
202607240400,   2.859,9999.000,  -0.500,9999.000,   2.359,  -0.600,   2.259,  -0.500,   2.359
202607240406,   2.853,9999.000,9999.000,9999.000,9999.000,9999.000,9999.000,9999.000,9999.000
202607240412,   2.848,9999.000,9999.000,9999.000,9999.000,9999.000,9999.000,9999.000,9999.000
202607240418,   2.845,9999.000,9999.000,9999.000,9999.000,9999.000,9999.000,9999.000,9999.000
202607240424,   2.843,9999.000,9999.000,9999.000,9999.000,9999.000,9999.000,9999.000,9999.000
202607240430,   2.842,9999.000,9999.000,9999.000,9999.000,9999.000,9999.000,9999.000,9999.000
202607240436,   2.842,9999.000,9999.000,9999.000,9999.000,9999.000,9999.000,9999.000,9999.000
202607240442,   2.844,9999.000,9999.000,9999.000,9999.000,9999.000,9999.000,9999.000,9999.000
202607240448,   2.847,9999.000,9999.000,9999.000,9999.000,9999.000,9999.000,9999.000,9999.000
202607240454,   2.851,9999.000,9999.000,9999.000,9999.000,9999.000,9999.000,9999.000,9999.000
202607240500,   2.857,9999.000,  -0.500,9999.000,   2.357,  -0.600,   2.257,  -0.500,   2.357
202607240506,   2.864,9999.000,9999.000,9999.000,9999.000,9999.000,9999.000,9999.000,9999.000
202607240512,   2.873,9999.000,9999.000,9999.000,9999.000,9999.000,9999.000,9999.000,9999.000
202607240518,   2.883,9999.000,9999.000,9999.000,9999.000,9999.000,9999.000,9999.000,9999.000
202607240524,   2.895,9999.000,9999.000,9999.000,9999.000,9999.000,9999.000,9999.000,9999.000
202607240530,   2.908,9999.000,9999.000,9999.000,9999.000,9999.000,9999.000,9999.000,9999.000
202607240536,   2.922,9999.000,9999.000,9999.000,9999.000,9999.000,9999.000,9999.000,9999.000
202607240542,   2.938,9999.000,9999.000,9999.000,9999.000,9999.000,9999.000,9999.000,9999.000
202607240548,   2.955,9999.000,9999.000,9999.000,9999.000,9999.000,9999.000,9999.000,9999.000
202607240554,   2.973,9999.000,9999.000,9999.000,9999.000,9999.000,9999.000,9999.000,9999.000
202607240600,   2.993,9999.000,  -0.500,9999.000,   2.493,  -0.600,   2.393,  -0.500,   2.493
202607240606,   3.014,9999.000,9999.000,9999.000,9999.000,9999.000,9999.000,9999.000,9999.000
202607240612,   3.036,9999.000,9999.000,9999.000,9999.000,9999.000,9999.000,9999.000,9999.000
202607240618,   3.059,9999.000,9999.000,9999.000,9999.000,9999.000,9999.000,9999.000,9999.000
202607240624,   3.084,9999.000,9999.000,9999.000,9999.000,9999.000,9999.000,9999.000,9999.000
202607240630,   3.109,9999.000,9999.000,9999.000,9999.000,9999.000,9999.000,9999.000,9999.000
202607240636,   3.136,9999.000,9999.000,9999.000,9999.000,9999.000,9999.000,9999.000,9999.000
202607240642,   3.163,9999.000,9999.000,9999.000,9999.000,9999.000,9999.000,9999.000,9999.000
202607240648,   3.191,9999.000,9999.000,9999.000,9999.000,9999.000,9999.000,9999.000,9999.000
202607240654,   3.220,9999.000,9999.000,9999.000,9999.000,9999.000,9999.000,9999.000,9999.000
202607240700,   3.250,9999.000,  -0.600,9999.000,   2.650,  -0.600,   2.650,  -0.500,   2.750
202607240706,   3.280,9999.000,9999.000,9999.000,9999.000,9999.000,9999.000,9999.000,9999.000
202607240712,   3.311,9999.000,9999.000,9999.000,9999.000,9999.000,9999.000,9999.000,9999.000
202607240718,   3.342,9999.000,9999.000,9999.000,9999.000,9999.000,9999.000,9999.000,9999.000
202607240724,   3.373,9999.000,9999.000,9999.000,9999.000,9999.000,9999.000,9999.000,9999.000
202607240730,   3.404,9999.000,9999.000,9999.000,9999.000,9999.000,9999.000,9999.000,9999.000
202607240736,   3.436,9999.000,9999.000,9999.000,9999.000,9999.000,9999.000,9999.000,9999.000
202607240742,   3.467,9999.000,9999.000,9999.000,9999.000,9999.000,9999.000,9999.000,9999.000
202607240748,   3.499,9999.000,9999.000,9999.000,9999.000,9999.000,9999.000,9999.000,9999.000
202607240754,   3.530,9999.000,9999.000,9999.000,9999.000,9999.000,9999.000,9999.000,9999.000
202607240800,   3.560,9999.000,  -0.600,9999.000,   2.960,  -0.600,   2.960,  -0.600,   2.960
202607240806,   3.590,9999.000,9999.000,9999.000,9999.000,9999.000,9999.000,9999.000,9999.000
202607240812,   3.619,9999.000,9999.000,9999.000,9999.000,9999.000,9999.000,9999.000,9999.000
202607240818,   3.648,9999.000,9999.000,9999.000,9999.000,9999.000,9999.000,9999.000,9999.000
202607240824,   3.676,9999.000,9999.000,9999.000,9999.000,9999.000,9999.000,9999.000,9999.000
202607240830,   3.702,9999.000,9999.000,9999.000,9999.000,9999.000,9999.000,9999.000,9999.000
202607240836,   3.728,9999.000,9999.000,9999.000,9999.000,9999.000,9999.000,9999.000,9999.000
202607240842,   3.752,9999.000,9999.000,9999.000,9999.000,9999.000,9999.000,9999.000,9999.000
202607240848,   3.775,9999.000,9999.000,9999.000,9999.000,9999.000,9999.000,9999.000,9999.000
202607240854,   3.796,9999.000,9999.000,9999.000,9999.000,9999.000,9999.000,9999.000,9999.000
202607240900,   3.816,9999.000,  -0.600,9999.000,   3.216,  -0.600,   3.216,  -0.600,   3.216
202607240906,   3.833,9999.000,9999.000,9999.000,9999.000,9999.000,9999.000,9999.000,9999.000
202607240912,   3.849,9999.000,9999.000,9999.000,9999.000,9999.000,9999.000,9999.000,9999.000
202607240918,   3.863,9999.000,9999.000,9999.000,9999.000,9999.000,9999.000,9999.000,9999.000
202607240924,   3.875,9999.000,9999.000,9999.000,9999.000,9999.000,9999.000,9999.000,9999.000
202607240930,   3.885,9999.000,9999.000,9999.000,9999.000,9999.000,9999.000,9999.000,9999.000
202607240936,   3.893,9999.000,9999.000,9999.000,9999.000,9999.000,9999.000,9999.000,9999.000
202607240942,   3.898,9999.000,9999.000,9999.000,9999.000,9999.000,9999.000,9999.000,9999.000
202607240948,   3.900,9999.000,9999.000,9999.000,9999.000,9999.000,9999.000,9999.000,9999.000
202607240954,   3.900,9999.000,9999.000,9999.000,9999.000,9999.000,9999.000,9999.000,9999.000
202607241000,   3.898,9999.000,  -0.600,9999.000,   3.298,  -0.600,   3.298,  -0.600,   3.298
202607241006,   3.892,9999.000,9999.000,9999.000,9999.000,9999.000,9999.000,9999.000,9999.000
202607241012,   3.884,9999.000,9999.000,9999.000,9999.000,9999.000,9999.000,9999.000,9999.000
202607241018,   3.874,9999.000,9999.000,9999.000,9999.000,9999.000,9999.000,9999.000,9999.000
202607241024,   3.860,9999.000,9999.000,9999.000,9999.000,9999.000,9999.000,9999.000,9999.000
202607241030,   3.843,9999.000,9999.000,9999.000,9999.000,9999.000,9999.000,9999.000,9999.000
202607241036,   3.824,9999.000,9999.000,9999.000,9999.000,9999.000,9999.000,9999.000,9999.000
202607241042,   3.801,9999.000,9999.000,9999.000,9999.000,9999.000,9999.000,9999.000,9999.000
202607241048,   3.776,9999.000,9999.000,9999.000,9999.000,9999.000,9999.000,9999.000,9999.000
202607241054,   3.747,9999.000,9999.000,9999.000,9999.000,9999.000,9999.000,9999.000,9999.000
202607241100,   3.716,9999.000,  -0.600,9999.000,   3.116,  -0.600,   3.116,  -0.600,   3.116
202607241106,   3.681,9999.000,9999.000,9999.000,9999.000,9999.000,9999.000,9999.000,9999.000
202607241112,   3.644,9999.000,9999.000,9999.000,9999.000,9999.000,9999.000,9999.000,9999.000
202607241118,   3.603,9999.000,9999.000,9999.000,9999.000,9999.000,9999.000,9999.000,9999.000
202607241124,   3.560,9999.000,9999.000,9999.000,9999.000,9999.000,9999.000,9999.000,9999.000
202607241130,   3.513,9999.000,9999.000,9999.000,9999.000,9999.000,9999.000,9999.000,9999.000
202607241136,   3.464,9999.000,9999.000,9999.000,9999.000,9999.000,9999.000,9999.000,9999.000
202607241142,   3.412,9999.000,9999.000,9999.000,9999.000,9999.000,9999.000,9999.000,9999.000
202607241148,   3.357,9999.000,9999.000,9999.000,9999.000,9999.000,9999.000,9999.000,9999.000
202607241154,   3.299,9999.000,9999.000,9999.000,9999.000,9999.000,9999.000,9999.000,9999.000
202607241200,   3.239,9999.000,  -0.600,9999.000,   2.639,  -0.600,   2.639,  -0.600,   2.639
202607241206,   3.176,9999.000,9999.000,9999.000,9999.000,9999.000,9999.000,9999.000,9999.000
202607241212,   3.110,9999.000,9999.000,9999.000,9999.000,9999.000,9999.000,9999.000,9999.000
202607241218,   3.042,9999.000,9999.000,9999.000,9999.000,9999.000,9999.000,9999.000,9999.000
202607241224,   2.972,9999.000,9999.000,9999.000,9999.000,9999.000,9999.000,9999.000,9999.000
202607241230,   2.900,9999.000,9999.000,9999.000,9999.000,9999.000,9999.000,9999.000,9999.000
202607241236,   2.825,9999.000,9999.000,9999.000,9999.000,9999.000,9999.000,9999.000,9999.000
202607241242,   2.748,9999.000,9999.000,9999.000,9999.000,9999.000,9999.000,9999.000,9999.000
202607241248,   2.670,9999.000,9999.000,9999.000,9999.000,9999.000,9999.000,9999.000,9999.000
202607241254,   2.590,9999.000,9999.000,9999.000,9999.000,9999.000,9999.000,9999.000,9999.000
202607241300,   2.508,9999.000,  -0.600,9999.000,   1.908,  -0.600,   1.908,  -0.600,   1.908
202607241306,   2.424,9999.000,9999.000,9999.000,9999.000,9999.000,9999.000,9999.000,9999.000
202607241312,   2.339,9999.000,9999.000,9999.000,9999.000,9999.000,9999.000,9999.000,9999.000
202607241318,   2.253,9999.000,9999.000,9999.000,9999.000,9999.000,9999.000,9999.000,9999.000
202607241324,   2.166,9999.000,9999.000,9999.000,9999.000,9999.000,9999.000,9999.000,9999.000
202607241330,   2.078,9999.000,9999.000,9999.000,9999.000,9999.000,9999.000,9999.000,9999.000
202607241336,   1.989,9999.000,9999.000,9999.000,9999.000,9999.000,9999.000,9999.000,9999.000
202607241342,   1.899,9999.000,9999.000,9999.000,9999.000,9999.000,9999.000,9999.000,9999.000
202607241348,   1.809,9999.000,9999.000,9999.000,9999.000,9999.000,9999.000,9999.000,9999.000
202607241354,   1.718,9999.000,9999.000,9999.000,9999.000,9999.000,9999.000,9999.000,9999.000
202607241400,   1.627,9999.000,  -0.600,9999.000,   1.027,  -0.600,   1.027,  -0.600,   1.027
202607241406,   1.536,9999.000,9999.000,9999.000,9999.000,9999.000,9999.000,9999.000,9999.000
202607241412,   1.445,9999.000,9999.000,9999.000,9999.000,9999.000,9999.000,9999.000,9999.000
202607241418,   1.354,9999.000,9999.000,9999.000,9999.000,9999.000,9999.000,9999.000,9999.000
202607241424,   1.264,9999.000,9999.000,9999.000,9999.000,9999.000,9999.000,9999.000,9999.000
202607241430,   1.174,9999.000,9999.000,9999.000,9999.000,9999.000,9999.000,9999.000,9999.000
202607241436,   1.084,9999.000,9999.000,9999.000,9999.000,9999.000,9999.000,9999.000,9999.000
202607241442,   0.996,9999.000,9999.000,9999.000,9999.000,9999.000,9999.000,9999.000,9999.000
202607241448,   0.908,9999.000,9999.000,9999.000,9999.000,9999.000,9999.000,9999.000,9999.000
202607241454,   0.822,9999.000,9999.000,9999.000,9999.000,9999.000,9999.000,9999.000,9999.000
202607241500,   0.737,9999.000,  -0.600,9999.000,   0.137,  -0.600,   0.137,  -0.600,   0.137
202607241506,   0.653,9999.000,9999.000,9999.000,9999.000,9999.000,9999.000,9999.000,9999.000
202607241512,   0.571,9999.000,9999.000,9999.000,9999.000,9999.000,9999.000,9999.000,9999.000
202607241518,   0.490,9999.000,9999.000,9999.000,9999.000,9999.000,9999.000,9999.000,9999.000
202607241524,   0.411,9999.000,9999.000,9999.000,9999.000,9999.000,9999.000,9999.000,9999.000
202607241530,   0.335,9999.000,9999.000,9999.000,9999.000,9999.000,9999.000,9999.000,9999.000
202607241536,   0.260,9999.000,9999.000,9999.000,9999.000,9999.000,9999.000,9999.000,9999.000
202607241542,   0.187,9999.000,9999.000,9999.000,9999.000,9999.000,9999.000,9999.000,9999.000
202607241548,   0.117,9999.000,9999.000,9999.000,9999.000,9999.000,9999.000,9999.000,9999.000
202607241554,   0.049,9999.000,9999.000,9999.000,9999.000,9999.000,9999.000,9999.000,9999.000
202607241600,  -0.016,9999.000,  -0.600,9999.000,  -0.616,  -0.700,  -0.716,  -0.600,  -0.616
202607241606,  -0.078,9999.000,9999.000,9999.000,9999.000,9999.000,9999.000,9999.000,9999.000
202607241612,  -0.138,9999.000,9999.000,9999.000,9999.000,9999.000,9999.000,9999.000,9999.000
202607241618,  -0.195,9999.000,9999.000,9999.000,9999.000,9999.000,9999.000,9999.000,9999.000
202607241624,  -0.250,9999.000,9999.000,9999.000,9999.000,9999.000,9999.000,9999.000,9999.000
202607241630,  -0.301,9999.000,9999.000,9999.000,9999.000,9999.000,9999.000,9999.000,9999.000
202607241636,  -0.349,9999.000,9999.000,9999.000,9999.000,9999.000,9999.000,9999.000,9999.000
202607241642,  -0.394,9999.000,9999.000,9999.000,9999.000,9999.000,9999.000,9999.000,9999.000
202607241648,  -0.435,9999.000,9999.000,9999.000,9999.000,9999.000,9999.000,9999.000,9999.000
202607241654,  -0.474,9999.000,9999.000,9999.000,9999.000,9999.000,9999.000,9999.000,9999.000
202607241700,  -0.509,9999.000,  -0.600,9999.000,  -1.109,  -0.700,  -1.209,  -0.600,  -1.109
202607241706,  -0.540,9999.000,9999.000,9999.000,9999.000,9999.000,9999.000,9999.000,9999.000
202607241712,  -0.568,9999.000,9999.000,9999.000,9999.000,9999.000,9999.000,9999.000,9999.000
202607241718,  -0.592,9999.000,9999.000,9999.000,9999.000,9999.000,9999.000,9999.000,9999.000
202607241724,  -0.613,9999.000,9999.000,9999.000,9999.000,9999.000,9999.000,9999.000,9999.000
202607241730,  -0.630,9999.000,9999.000,9999.000,9999.000,9999.000,9999.000,9999.000,9999.000
202607241736,  -0.644,9999.000,9999.000,9999.000,9999.000,9999.000,9999.000,9999.000,9999.000
202607241742,  -0.653,9999.000,9999.000,9999.000,9999.000,9999.000,9999.000,9999.000,9999.000
202607241748,  -0.660,9999.000,9999.000,9999.000,9999.000,9999.000,9999.000,9999.000,9999.000
202607241754,  -0.662,9999.000,9999.000,9999.000,9999.000,9999.000,9999.000,9999.000,9999.000
202607241800,  -0.661,9999.000,  -0.600,9999.000,  -1.261,  -0.700,  -1.361,  -0.600,  -1.261
202607241806,  -0.656,9999.000,9999.000,9999.000,9999.000,9999.000,9999.000,9999.000,9999.000
202607241812,  -0.647,9999.000,9999.000,9999.000,9999.000,9999.000,9999.000,9999.000,9999.000
202607241818,  -0.635,9999.000,9999.000,9999.000,9999.000,9999.000,9999.000,9999.000,9999.000
202607241824,  -0.619,9999.000,9999.000,9999.000,9999.000,9999.000,9999.000,9999.000,9999.000
202607241830,  -0.600,9999.000,9999.000,9999.000,9999.000,9999.000,9999.000,9999.000,9999.000
202607241836,  -0.577,9999.000,9999.000,9999.000,9999.000,9999.000,9999.000,9999.000,9999.000
202607241842,  -0.551,9999.000,9999.000,9999.000,9999.000,9999.000,9999.000,9999.000,9999.000
202607241848,  -0.521,9999.000,9999.000,9999.000,9999.000,9999.000,9999.000,9999.000,9999.000
202607241854,  -0.488,9999.000,9999.000,9999.000,9999.000,9999.000,9999.000,9999.000,9999.000
202607241900,  -0.451,9999.000,  -0.600,9999.000,  -1.051,  -0.700,  -1.151,  -0.600,  -1.051
202607241906,  -0.412,9999.000,9999.000,9999.000,9999.000,9999.000,9999.000,9999.000,9999.000
202607241912,  -0.369,9999.000,9999.000,9999.000,9999.000,9999.000,9999.000,9999.000,9999.000
202607241918,  -0.323,9999.000,9999.000,9999.000,9999.000,9999.000,9999.000,9999.000,9999.000
202607241924,  -0.274,9999.000,9999.000,9999.000,9999.000,9999.000,9999.000,9999.000,9999.000
202607241930,  -0.223,9999.000,9999.000,9999.000,9999.000,9999.000,9999.000,9999.000,9999.000
202607241936,  -0.168,9999.000,9999.000,9999.000,9999.000,9999.000,9999.000,9999.000,9999.000
202607241942,  -0.111,9999.000,9999.000,9999.000,9999.000,9999.000,9999.000,9999.000,9999.000
202607241948,  -0.052,9999.000,9999.000,9999.000,9999.000,9999.000,9999.000,9999.000,9999.000
202607241954,   0.009,9999.000,9999.000,9999.000,9999.000,9999.000,9999.000,9999.000,9999.000
202607242000,   0.073,9999.000,  -0.600,9999.000,  -0.527,  -0.700,  -0.627,  -0.600,  -0.527
202607242006,   0.140,9999.000,9999.000,9999.000,9999.000,9999.000,9999.000,9999.000,9999.000
202607242012,   0.208,9999.000,9999.000,9999.000,9999.000,9999.000,9999.000,9999.000,9999.000
202607242018,   0.278,9999.000,9999.000,9999.000,9999.000,9999.000,9999.000,9999.000,9999.000
202607242024,   0.350,9999.000,9999.000,9999.000,9999.000,9999.000,9999.000,9999.000,9999.000
202607242030,   0.423,9999.000,9999.000,9999.000,9999.000,9999.000,9999.000,9999.000,9999.000
202607242036,   0.498,9999.000,9999.000,9999.000,9999.000,9999.000,9999.000,9999.000,9999.000
202607242042,   0.574,9999.000,9999.000,9999.000,9999.000,9999.000,9999.000,9999.000,9999.000
202607242048,   0.652,9999.000,9999.000,9999.000,9999.000,9999.000,9999.000,9999.000,9999.000
202607242054,   0.730,9999.000,9999.000,9999.000,9999.000,9999.000,9999.000,9999.000,9999.000
202607242100,   0.809,9999.000,  -0.600,9999.000,   0.209,  -0.700,   0.109,  -0.600,   0.209
202607242106,   0.889,9999.000,9999.000,9999.000,9999.000,9999.000,9999.000,9999.000,9999.000
202607242112,   0.969,9999.000,9999.000,9999.000,9999.000,9999.000,9999.000,9999.000,9999.000
202607242118,   1.049,9999.000,9999.000,9999.000,9999.000,9999.000,9999.000,9999.000,9999.000
202607242124,   1.130,9999.000,9999.000,9999.000,9999.000,9999.000,9999.000,9999.000,9999.000
202607242130,   1.211,9999.000,9999.000,9999.000,9999.000,9999.000,9999.000,9999.000,9999.000
202607242136,   1.292,9999.000,9999.000,9999.000,9999.000,9999.000,9999.000,9999.000,9999.000
202607242142,   1.372,9999.000,9999.000,9999.000,9999.000,9999.000,9999.000,9999.000,9999.000
202607242148,   1.453,9999.000,9999.000,9999.000,9999.000,9999.000,9999.000,9999.000,9999.000
202607242154,   1.532,9999.000,9999.000,9999.000,9999.000,9999.000,9999.000,9999.000,9999.000
202607242200,   1.611,9999.000,  -0.600,9999.000,   1.011,  -0.700,   0.911,  -0.600,   1.011
202607242206,   1.689,9999.000,9999.000,9999.000,9999.000,9999.000,9999.000,9999.000,9999.000
202607242212,   1.766,9999.000,9999.000,9999.000,9999.000,9999.000,9999.000,9999.000,9999.000
202607242218,   1.842,9999.000,9999.000,9999.000,9999.000,9999.000,9999.000,9999.000,9999.000
202607242224,   1.917,9999.000,9999.000,9999.000,9999.000,9999.000,9999.000,9999.000,9999.000
202607242230,   1.991,9999.000,9999.000,9999.000,9999.000,9999.000,9999.000,9999.000,9999.000
202607242236,   2.063,9999.000,9999.000,9999.000,9999.000,9999.000,9999.000,9999.000,9999.000
202607242242,   2.134,9999.000,9999.000,9999.000,9999.000,9999.000,9999.000,9999.000,9999.000
202607242248,   2.203,9999.000,9999.000,9999.000,9999.000,9999.000,9999.000,9999.000,9999.000
202607242254,   2.270,9999.000,9999.000,9999.000,9999.000,9999.000,9999.000,9999.000,9999.000
202607242300,   2.336,9999.000,  -0.600,9999.000,   1.736,  -0.700,   1.636,  -0.600,   1.736
202607242306,   2.399,9999.000,9999.000,9999.000,9999.000,9999.000,9999.000,9999.000,9999.000
202607242312,   2.461,9999.000,9999.000,9999.000,9999.000,9999.000,9999.000,9999.000,9999.000
202607242318,   2.521,9999.000,9999.000,9999.000,9999.000,9999.000,9999.000,9999.000,9999.000
202607242324,   2.578,9999.000,9999.000,9999.000,9999.000,9999.000,9999.000,9999.000,9999.000
202607242330,   2.633,9999.000,9999.000,9999.000,9999.000,9999.000,9999.000,9999.000,9999.000
202607242336,   2.687,9999.000,9999.000,9999.000,9999.000,9999.000,9999.000,9999.000,9999.000
202607242342,   2.738,9999.000,9999.000,9999.000,9999.000,9999.000,9999.000,9999.000,9999.000
202607242348,   2.786,9999.000,9999.000,9999.000,9999.000,9999.000,9999.000,9999.000,9999.000
202607242354,   2.833,9999.000,9999.000,9999.000,9999.000,9999.000,9999.000,9999.000,9999.000
202607250000,   2.877,9999.000,  -0.600,9999.000,   2.277,  -0.700,   2.177,  -0.600,   2.277
202607250006,   2.918,9999.000,9999.000,9999.000,9999.000,9999.000,9999.000,9999.000,9999.000
202607250012,   2.958,9999.000,9999.000,9999.000,9999.000,9999.000,9999.000,9999.000,9999.000
202607250018,   2.995,9999.000,9999.000,9999.000,9999.000,9999.000,9999.000,9999.000,9999.000
202607250024,   3.029,9999.000,9999.000,9999.000,9999.000,9999.000,9999.000,9999.000,9999.000
202607250030,   3.062,9999.000,9999.000,9999.000,9999.000,9999.000,9999.000,9999.000,9999.000
202607250036,   3.092,9999.000,9999.000,9999.000,9999.000,9999.000,9999.000,9999.000,9999.000
202607250042,   3.120,9999.000,9999.000,9999.000,9999.000,9999.000,9999.000,9999.000,9999.000
202607250048,   3.145,9999.000,9999.000,9999.000,9999.000,9999.000,9999.000,9999.000,9999.000
202607250054,   3.168,9999.000,9999.000,9999.000,9999.000,9999.000,9999.000,9999.000,9999.000
202607250100,   3.190,9999.000,  -0.600,9999.000,   2.590,  -0.600,   2.590,  -0.600,   2.590
202607250106,   3.209,9999.000,9999.000,9999.000,9999.000,9999.000,9999.000,9999.000,9999.000
202607250112,   3.225,9999.000,9999.000,9999.000,9999.000,9999.000,9999.000,9999.000,9999.000
202607250118,   3.240,9999.000,9999.000,9999.000,9999.000,9999.000,9999.000,9999.000,9999.000
202607250124,   3.253,9999.000,9999.000,9999.000,9999.000,9999.000,9999.000,9999.000,9999.000
202607250130,   3.264,9999.000,9999.000,9999.000,9999.000,9999.000,9999.000,9999.000,9999.000
202607250136,   3.274,9999.000,9999.000,9999.000,9999.000,9999.000,9999.000,9999.000,9999.000
202607250142,   3.281,9999.000,9999.000,9999.000,9999.000,9999.000,9999.000,9999.000,9999.000
202607250148,   3.287,9999.000,9999.000,9999.000,9999.000,9999.000,9999.000,9999.000,9999.000
202607250154,   3.291,9999.000,9999.000,9999.000,9999.000,9999.000,9999.000,9999.000,9999.000
202607250200,   3.294,9999.000,  -0.600,9999.000,   2.694,  -0.600,   2.694,  -0.600,   2.694
202607250206,   3.295,9999.000,9999.000,9999.000,9999.000,9999.000,9999.000,9999.000,9999.000
202607250212,   3.295,9999.000,9999.000,9999.000,9999.000,9999.000,9999.000,9999.000,9999.000
202607250218,   3.294,9999.000,9999.000,9999.000,9999.000,9999.000,9999.000,9999.000,9999.000
202607250224,   3.291,9999.000,9999.000,9999.000,9999.000,9999.000,9999.000,9999.000,9999.000
202607250230,   3.288,9999.000,9999.000,9999.000,9999.000,9999.000,9999.000,9999.000,9999.000
202607250236,   3.283,9999.000,9999.000,9999.000,9999.000,9999.000,9999.000,9999.000,9999.000
202607250242,   3.277,9999.000,9999.000,9999.000,9999.000,9999.000,9999.000,9999.000,9999.000
202607250248,   3.271,9999.000,9999.000,9999.000,9999.000,9999.000,9999.000,9999.000,9999.000
202607250254,   3.264,9999.000,9999.000,9999.000,9999.000,9999.000,9999.000,9999.000,9999.000
202607250300,   3.256,9999.000,  -0.600,9999.000,   2.656,  -0.600,   2.656,  -0.600,   2.656
202607250306,   3.248,9999.000,9999.000,9999.000,9999.000,9999.000,9999.000,9999.000,9999.000
202607250312,   3.239,9999.000,9999.000,9999.000,9999.000,9999.000,9999.000,9999.000,9999.000
202607250318,   3.230,9999.000,9999.000,9999.000,9999.000,9999.000,9999.000,9999.000,9999.000
202607250324,   3.221,9999.000,9999.000,9999.000,9999.000,9999.000,9999.000,9999.000,9999.000
202607250330,   3.212,9999.000,9999.000,9999.000,9999.000,9999.000,9999.000,9999.000,9999.000
202607250336,   3.202,9999.000,9999.000,9999.000,9999.000,9999.000,9999.000,9999.000,9999.000
202607250342,   3.192,9999.000,9999.000,9999.000,9999.000,9999.000,9999.000,9999.000,9999.000
202607250348,   3.183,9999.000,9999.000,9999.000,9999.000,9999.000,9999.000,9999.000,9999.000
202607250354,   3.173,9999.000,9999.000,9999.000,9999.000,9999.000,9999.000,9999.000,9999.000
202607250400,   3.164,9999.000,  -0.600,9999.000,   2.564,  -0.600,   2.564,  -0.600,   2.564
202607250406,   3.155,9999.000,9999.000,9999.000,9999.000,9999.000,9999.000,9999.000,9999.000
202607250412,   3.147,9999.000,9999.000,9999.000,9999.000,9999.000,9999.000,9999.000,9999.000
202607250418,   3.139,9999.000,9999.000,9999.000,9999.000,9999.000,9999.000,9999.000,9999.000
202607250424,   3.132,9999.000,9999.000,9999.000,9999.000,9999.000,9999.000,9999.000,9999.000
202607250430,   3.125,9999.000,9999.000,9999.000,9999.000,9999.000,9999.000,9999.000,9999.000
202607250436,   3.118,9999.000,9999.000,9999.000,9999.000,9999.000,9999.000,9999.000,9999.000
202607250442,   3.113,9999.000,9999.000,9999.000,9999.000,9999.000,9999.000,9999.000,9999.000
202607250448,   3.108,9999.000,9999.000,9999.000,9999.000,9999.000,9999.000,9999.000,9999.000
202607250454,   3.104,9999.000,9999.000,9999.000,9999.000,9999.000,9999.000,9999.000,9999.000
202607250500,   3.101,9999.000,  -0.600,9999.000,   2.501,  -0.600,   2.501,  -0.600,   2.501
202607250506,   3.099,9999.000,9999.000,9999.000,9999.000,9999.000,9999.000,9999.000,9999.000
202607250512,   3.098,9999.000,9999.000,9999.000,9999.000,9999.000,9999.000,9999.000,9999.000
202607250518,   3.098,9999.000,9999.000,9999.000,9999.000,9999.000,9999.000,9999.000,9999.000
202607250524,   3.098,9999.000,9999.000,9999.000,9999.000,9999.000,9999.000,9999.000,9999.000
202607250530,   3.100,9999.000,9999.000,9999.000,9999.000,9999.000,9999.000,9999.000,9999.000
202607250536,   3.103,9999.000,9999.000,9999.000,9999.000,9999.000,9999.000,9999.000,9999.000
202607250542,   3.107,9999.000,9999.000,9999.000,9999.000,9999.000,9999.000,9999.000,9999.000
202607250548,   3.113,9999.000,9999.000,9999.000,9999.000,9999.000,9999.000,9999.000,9999.000
202607250554,   3.119,9999.000,9999.000,9999.000,9999.000,9999.000,9999.000,9999.000,9999.000
202607250600,   3.126,9999.000,  -0.600,9999.000,   2.526,  -0.600,   2.526,  -0.600,   2.526
202607250606,   3.135,9999.000,9999.000,9999.000,9999.000,9999.000,9999.000,9999.000,9999.000
202607250612,   3.145,9999.000,9999.000,9999.000,9999.000,9999.000,9999.000,9999.000,9999.000
202607250618,   3.156,9999.000,9999.000,9999.000,9999.000,9999.000,9999.000,9999.000,9999.000
202607250624,   3.168,9999.000,9999.000,9999.000,9999.000,9999.000,9999.000,9999.000,9999.000
202607250630,   3.181,9999.000,9999.000,9999.000,9999.000,9999.000,9999.000,9999.000,9999.000
202607250636,   3.195,9999.000,9999.000,9999.000,9999.000,9999.000,9999.000,9999.000,9999.000
202607250642,   3.210,9999.000,9999.000,9999.000,9999.000,9999.000,9999.000,9999.000,9999.000
202607250648,   3.226,9999.000,9999.000,9999.000,9999.000,9999.000,9999.000,9999.000,9999.000
202607250654,   3.243,9999.000,9999.000,9999.000,9999.000,9999.000,9999.000,9999.000,9999.000
202607250700,   3.262,9999.000,  -0.600,9999.000,   2.662,  -0.600,   2.662,  -0.600,   2.662
202607250706,   3.281,9999.000,9999.000,9999.000,9999.000,9999.000,9999.000,9999.000,9999.000
202607250712,   3.300,9999.000,9999.000,9999.000,9999.000,9999.000,9999.000,9999.000,9999.000
202607250718,   3.321,9999.000,9999.000,9999.000,9999.000,9999.000,9999.000,9999.000,9999.000
202607250724,   3.342,9999.000,9999.000,9999.000,9999.000,9999.000,9999.000,9999.000,9999.000
202607250730,   3.364,9999.000,9999.000,9999.000,9999.000,9999.000,9999.000,9999.000,9999.000
202607250736,   3.387,9999.000,9999.000,9999.000,9999.000,9999.000,9999.000,9999.000,9999.000
202607250742,   3.410,9999.000,9999.000,9999.000,9999.000,9999.000,9999.000,9999.000,9999.000
202607250748,   3.433,9999.000,9999.000,9999.000,9999.000,9999.000,9999.000,9999.000,9999.000
202607250754,   3.457,9999.000,9999.000,9999.000,9999.000,9999.000,9999.000,9999.000,9999.000
202607250800,   3.481,9999.000,  -0.600,9999.000,   2.881,  -0.600,   2.881,  -0.600,   2.881
202607250806,   3.505,9999.000,9999.000,9999.000,9999.000,9999.000,9999.000,9999.000,9999.000
202607250812,   3.529,9999.000,9999.000,9999.000,9999.000,9999.000,9999.000,9999.000,9999.000
202607250818,   3.554,9999.000,9999.000,9999.000,9999.000,9999.000,9999.000,9999.000,9999.000
202607250824,   3.578,9999.000,9999.000,9999.000,9999.000,9999.000,9999.000,9999.000,9999.000
202607250830,   3.602,9999.000,9999.000,9999.000,9999.000,9999.000,9999.000,9999.000,9999.000
202607250836,   3.625,9999.000,9999.000,9999.000,9999.000,9999.000,9999.000,9999.000,9999.000
202607250842,   3.648,9999.000,9999.000,9999.000,9999.000,9999.000,9999.000,9999.000,9999.000
202607250848,   3.670,9999.000,9999.000,9999.000,9999.000,9999.000,9999.000,9999.000,9999.000
202607250854,   3.692,9999.000,9999.000,9999.000,9999.000,9999.000,9999.000,9999.000,9999.000
202607250900,   3.713,9999.000,  -0.600,9999.000,   3.113,  -0.600,   3.113,  -0.600,   3.113
202607250906,   3.733,9999.000,9999.000,9999.000,9999.000,9999.000,9999.000,9999.000,9999.000
202607250912,   3.752,9999.000,9999.000,9999.000,9999.000,9999.000,9999.000,9999.000,9999.000
202607250918,   3.770,9999.000,9999.000,9999.000,9999.000,9999.000,9999.000,9999.000,9999.000
202607250924,   3.787,9999.000,9999.000,9999.000,9999.000,9999.000,9999.000,9999.000,9999.000
202607250930,   3.803,9999.000,9999.000,9999.000,9999.000,9999.000,9999.000,9999.000,9999.000
202607250936,   3.816,9999.000,9999.000,9999.000,9999.000,9999.000,9999.000,9999.000,9999.000
202607250942,   3.829,9999.000,9999.000,9999.000,9999.000,9999.000,9999.000,9999.000,9999.000
202607250948,   3.840,9999.000,9999.000,9999.000,9999.000,9999.000,9999.000,9999.000,9999.000
202607250954,   3.849,9999.000,9999.000,9999.000,9999.000,9999.000,9999.000,9999.000,9999.000
202607251000,   3.856,9999.000,  -0.600,9999.000,   3.256,  -0.600,   3.256,  -0.600,   3.256
202607251006,   3.861,9999.000,9999.000,9999.000,9999.000,9999.000,9999.000,9999.000,9999.000
202607251012,   3.864,9999.000,9999.000,9999.000,9999.000,9999.000,9999.000,9999.000,9999.000
202607251018,   3.865,9999.000,9999.000,9999.000,9999.000,9999.000,9999.000,9999.000,9999.000
202607251024,   3.863,9999.000,9999.000,9999.000,9999.000,9999.000,9999.000,9999.000,9999.000
202607251030,   3.860,9999.000,9999.000,9999.000,9999.000,9999.000,9999.000,9999.000,9999.000
202607251036,   3.854,9999.000,9999.000,9999.000,9999.000,9999.000,9999.000,9999.000,9999.000
202607251042,   3.845,9999.000,9999.000,9999.000,9999.000,9999.000,9999.000,9999.000,9999.000
202607251048,   3.834,9999.000,9999.000,9999.000,9999.000,9999.000,9999.000,9999.000,9999.000
202607251054,   3.821,9999.000,9999.000,9999.000,9999.000,9999.000,9999.000,9999.000,9999.000
202607251100,   3.805,9999.000,  -0.600,9999.000,   3.205,  -0.600,   3.205,  -0.600,   3.205
202607251106,   3.786,9999.000,9999.000,9999.000,9999.000,9999.000,9999.000,9999.000,9999.000
202607251112,   3.764,9999.000,9999.000,9999.000,9999.000,9999.000,9999.000,9999.000,9999.000
202607251118,   3.740,9999.000,9999.000,9999.000,9999.000,9999.000,9999.000,9999.000,9999.000
202607251124,   3.713,9999.000,9999.000,9999.000,9999.000,9999.000,9999.000,9999.000,9999.000
202607251130,   3.683,9999.000,9999.000,9999.000,9999.000,9999.000,9999.000,9999.000,9999.000
202607251136,   3.650,9999.000,9999.000,9999.000,9999.000,9999.000,9999.000,9999.000,9999.000
202607251142,   3.615,9999.000,9999.000,9999.000,9999.000,9999.000,9999.000,9999.000,9999.000
202607251148,   3.576,9999.000,9999.000,9999.000,9999.000,9999.000,9999.000,9999.000,9999.000
202607251154,   3.535,9999.000,9999.000,9999.000,9999.000,9999.000,9999.000,9999.000,9999.000
202607251200,   3.491,9999.000,  -0.600,9999.000,   2.891,  -0.600,   2.891,  -0.500,   2.991
202607251206,   3.445,9999.000,9999.000,9999.000,9999.000,9999.000,9999.000,9999.000,9999.000
202607251212,   3.395,9999.000,9999.000,9999.000,9999.000,9999.000,9999.000,9999.000,9999.000
202607251218,   3.343,9999.000,9999.000,9999.000,9999.000,9999.000,9999.000,9999.000,9999.000
202607251224,   3.289,9999.000,9999.000,9999.000,9999.000,9999.000,9999.000,9999.000,9999.000
202607251230,   3.232,9999.000,9999.000,9999.000,9999.000,9999.000,9999.000,9999.000,9999.000
202607251236,   3.172,9999.000,9999.000,9999.000,9999.000,9999.000,9999.000,9999.000,9999.000
202607251242,   3.109,9999.000,9999.000,9999.000,9999.000,9999.000,9999.000,9999.000,9999.000
202607251248,   3.045,9999.000,9999.000,9999.000,9999.000,9999.000,9999.000,9999.000,9999.000
202607251254,   2.978,9999.000,9999.000,9999.000,9999.000,9999.000,9999.000,9999.000,9999.000
202607251300,   2.909,9999.000,  -0.600,9999.000,   2.309,  -0.600,   2.309,  -0.500,   2.409
202607251306,   2.837,9999.000,9999.000,9999.000,9999.000,9999.000,9999.000,9999.000,9999.000
202607251312,   2.764,9999.000,9999.000,9999.000,9999.000,9999.000,9999.000,9999.000,9999.000
202607251318,   2.689,9999.000,9999.000,9999.000,9999.000,9999.000,9999.000,9999.000,9999.000
202607251324,   2.612,9999.000,9999.000,9999.000,9999.000,9999.000,9999.000,9999.000,9999.000
202607251330,   2.533,9999.000,9999.000,9999.000,9999.000,9999.000,9999.000,9999.000,9999.000
202607251336,   2.452,9999.000,9999.000,9999.000,9999.000,9999.000,9999.000,9999.000,9999.000
202607251342,   2.370,9999.000,9999.000,9999.000,9999.000,9999.000,9999.000,9999.000,9999.000
202607251348,   2.287,9999.000,9999.000,9999.000,9999.000,9999.000,9999.000,9999.000,9999.000
202607251354,   2.203,9999.000,9999.000,9999.000,9999.000,9999.000,9999.000,9999.000,9999.000
202607251400,   2.117,9999.000,  -0.600,9999.000,   1.517,  -0.600,   1.517,  -0.500,   1.617
202607251406,   2.030,9999.000,9999.000,9999.000,9999.000,9999.000,9999.000,9999.000,9999.000
202607251412,   1.943,9999.000,9999.000,9999.000,9999.000,9999.000,9999.000,9999.000,9999.000
202607251418,   1.855,9999.000,9999.000,9999.000,9999.000,9999.000,9999.000,9999.000,9999.000
202607251424,   1.766,9999.000,9999.000,9999.000,9999.000,9999.000,9999.000,9999.000,9999.000
202607251430,   1.677,9999.000,9999.000,9999.000,9999.000,9999.000,9999.000,9999.000,9999.000
202607251436,   1.588,9999.000,9999.000,9999.000,9999.000,9999.000,9999.000,9999.000,9999.000
202607251442,   1.498,9999.000,9999.000,9999.000,9999.000,9999.000,9999.000,9999.000,9999.000
202607251448,   1.409,9999.000,9999.000,9999.000,9999.000,9999.000,9999.000,9999.000,9999.000
202607251454,   1.319,9999.000,9999.000,9999.000,9999.000,9999.000,9999.000,9999.000,9999.000
202607251500,   1.230,9999.000,  -0.500,9999.000,   0.730,  -0.600,   0.630,  -0.500,   0.730
202607251506,   1.141,9999.000,9999.000,9999.000,9999.000,9999.000,9999.000,9999.000,9999.000
202607251512,   1.053,9999.000,9999.000,9999.000,9999.000,9999.000,9999.000,9999.000,9999.000
202607251518,   0.966,9999.000,9999.000,9999.000,9999.000,9999.000,9999.000,9999.000,9999.000
202607251524,   0.880,9999.000,9999.000,9999.000,9999.000,9999.000,9999.000,9999.000,9999.000
202607251530,   0.794,9999.000,9999.000,9999.000,9999.000,9999.000,9999.000,9999.000,9999.000
202607251536,   0.710,9999.000,9999.000,9999.000,9999.000,9999.000,9999.000,9999.000,9999.000
202607251542,   0.627,9999.000,9999.000,9999.000,9999.000,9999.000,9999.000,9999.000,9999.000
202607251548,   0.545,9999.000,9999.000,9999.000,9999.000,9999.000,9999.000,9999.000,9999.000
202607251554,   0.465,9999.000,9999.000,9999.000,9999.000,9999.000,9999.000,9999.000,9999.000
202607251600,   0.387,9999.000,  -0.500,9999.000,  -0.113,  -0.600,  -0.213,  -0.500,  -0.113
202607251606,   0.310,9999.000,9999.000,9999.000,9999.000,9999.000,9999.000,9999.000,9999.000
202607251612,   0.236,9999.000,9999.000,9999.000,9999.000,9999.000,9999.000,9999.000,9999.000
202607251618,   0.163,9999.000,9999.000,9999.000,9999.000,9999.000,9999.000,9999.000,9999.000
202607251624,   0.093,9999.000,9999.000,9999.000,9999.000,9999.000,9999.000,9999.000,9999.000
202607251630,   0.025,9999.000,9999.000,9999.000,9999.000,9999.000,9999.000,9999.000,9999.000
202607251636,  -0.040,9999.000,9999.000,9999.000,9999.000,9999.000,9999.000,9999.000,9999.000
202607251642,  -0.103,9999.000,9999.000,9999.000,9999.000,9999.000,9999.000,9999.000,9999.000
202607251648,  -0.164,9999.000,9999.000,9999.000,9999.000,9999.000,9999.000,9999.000,9999.000
202607251654,  -0.222,9999.000,9999.000,9999.000,9999.000,9999.000,9999.000,9999.000,9999.000
202607251700,  -0.277,9999.000,  -0.500,9999.000,  -0.777,  -0.600,  -0.877,  -0.500,  -0.777
202607251706,  -0.329,9999.000,9999.000,9999.000,9999.000,9999.000,9999.000,9999.000,9999.000
202607251712,  -0.378,9999.000,9999.000,9999.000,9999.000,9999.000,9999.000,9999.000,9999.000
202607251718,  -0.425,9999.000,9999.000,9999.000,9999.000,9999.000,9999.000,9999.000,9999.000
202607251724,  -0.468,9999.000,9999.000,9999.000,9999.000,9999.000,9999.000,9999.000,9999.000
202607251730,  -0.508,9999.000,9999.000,9999.000,9999.000,9999.000,9999.000,9999.000,9999.000
202607251736,  -0.544,9999.000,9999.000,9999.000,9999.000,9999.000,9999.000,9999.000,9999.000
202607251742,  -0.578,9999.000,9999.000,9999.000,9999.000,9999.000,9999.000,9999.000,9999.000
202607251748,  -0.608,9999.000,9999.000,9999.000,9999.000,9999.000,9999.000,9999.000,9999.000
202607251754,  -0.634,9999.000,9999.000,9999.000,9999.000,9999.000,9999.000,9999.000,9999.000
202607251800,  -0.657,9999.000,  -0.500,9999.000,  -1.157,  -0.600,  -1.257,  -0.500,  -1.157
202607251806,  -0.677,9999.000,9999.000,9999.000,9999.000,9999.000,9999.000,9999.000,9999.000
202607251812,  -0.693,9999.000,9999.000,9999.000,9999.000,9999.000,9999.000,9999.000,9999.000
202607251818,  -0.706,9999.000,9999.000,9999.000,9999.000,9999.000,9999.000,9999.000,9999.000
202607251824,  -0.715,9999.000,9999.000,9999.000,9999.000,9999.000,9999.000,9999.000,9999.000
202607251830,  -0.720,9999.000,9999.000,9999.000,9999.000,9999.000,9999.000,9999.000,9999.000
202607251836,  -0.722,9999.000,9999.000,9999.000,9999.000,9999.000,9999.000,9999.000,9999.000
202607251842,  -0.721,9999.000,9999.000,9999.000,9999.000,9999.000,9999.000,9999.000,9999.000
202607251848,  -0.716,9999.000,9999.000,9999.000,9999.000,9999.000,9999.000,9999.000,9999.000
202607251854,  -0.707,9999.000,9999.000,9999.000,9999.000,9999.000,9999.000,9999.000,9999.000
202607251900,  -0.695,9999.000,  -0.500,9999.000,  -1.195,  -0.600,  -1.295,  -0.500,  -1.195
202607251906,  -0.679,9999.000,9999.000,9999.000,9999.000,9999.000,9999.000,9999.000,9999.000
202607251912,  -0.659,9999.000,9999.000,9999.000,9999.000,9999.000,9999.000,9999.000,9999.000
202607251918,  -0.637,9999.000,9999.000,9999.000,9999.000,9999.000,9999.000,9999.000,9999.000
202607251924,  -0.611,9999.000,9999.000,9999.000,9999.000,9999.000,9999.000,9999.000,9999.000
202607251930,  -0.581,9999.000,9999.000,9999.000,9999.000,9999.000,9999.000,9999.000,9999.000
202607251936,  -0.549,9999.000,9999.000,9999.000,9999.000,9999.000,9999.000,9999.000,9999.000
202607251942,  -0.513,9999.000,9999.000,9999.000,9999.000,9999.000,9999.000,9999.000,9999.000
202607251948,  -0.474,9999.000,9999.000,9999.000,9999.000,9999.000,9999.000,9999.000,9999.000
202607251954,  -0.432,9999.000,9999.000,9999.000,9999.000,9999.000,9999.000,9999.000,9999.000
202607252000,  -0.386,9999.000,  -0.500,9999.000,  -0.886,  -0.600,  -0.986,  -0.500,  -0.886
202607252006,  -0.338,9999.000,9999.000,9999.000,9999.000,9999.000,9999.000,9999.000,9999.000
202607252012,  -0.288,9999.000,9999.000,9999.000,9999.000,9999.000,9999.000,9999.000,9999.000
202607252018,  -0.234,9999.000,9999.000,9999.000,9999.000,9999.000,9999.000,9999.000,9999.000
202607252024,  -0.178,9999.000,9999.000,9999.000,9999.000,9999.000,9999.000,9999.000,9999.000
202607252030,  -0.120,9999.000,9999.000,9999.000,9999.000,9999.000,9999.000,9999.000,9999.000
202607252036,  -0.059,9999.000,9999.000,9999.000,9999.000,9999.000,9999.000,9999.000,9999.000
202607252042,   0.004,9999.000,9999.000,9999.000,9999.000,9999.000,9999.000,9999.000,9999.000
202607252048,   0.069,9999.000,9999.000,9999.000,9999.000,9999.000,9999.000,9999.000,9999.000
202607252054,   0.136,9999.000,9999.000,9999.000,9999.000,9999.000,9999.000,9999.000,9999.000
202607252100,   0.205,9999.000,  -0.500,9999.000,  -0.295,  -0.600,  -0.395,  -0.500,  -0.295
202607252106,   0.276,9999.000,9999.000,9999.000,9999.000,9999.000,9999.000,9999.000,9999.000
202607252112,   0.349,9999.000,9999.000,9999.000,9999.000,9999.000,9999.000,9999.000,9999.000
202607252118,   0.423,9999.000,9999.000,9999.000,9999.000,9999.000,9999.000,9999.000,9999.000
202607252124,   0.498,9999.000,9999.000,9999.000,9999.000,9999.000,9999.000,9999.000,9999.000
202607252130,   0.575,9999.000,9999.000,9999.000,9999.000,9999.000,9999.000,9999.000,9999.000
202607252136,   0.652,9999.000,9999.000,9999.000,9999.000,9999.000,9999.000,9999.000,9999.000
202607252142,   0.731,9999.000,9999.000,9999.000,9999.000,9999.000,9999.000,9999.000,9999.000
202607252148,   0.810,9999.000,9999.000,9999.000,9999.000,9999.000,9999.000,9999.000,9999.000
202607252154,   0.890,9999.000,9999.000,9999.000,9999.000,9999.000,9999.000,9999.000,9999.000
202607252200,   0.970,9999.000,  -0.500,9999.000,   0.470,  -0.600,   0.370,  -0.500,   0.470
202607252206,   1.051,9999.000,9999.000,9999.000,9999.000,9999.000,9999.000,9999.000,9999.000
202607252212,   1.132,9999.000,9999.000,9999.000,9999.000,9999.000,9999.000,9999.000,9999.000
202607252218,   1.212,9999.000,9999.000,9999.000,9999.000,9999.000,9999.000,9999.000,9999.000
202607252224,   1.293,9999.000,9999.000,9999.000,9999.000,9999.000,9999.000,9999.000,9999.000
202607252230,   1.373,9999.000,9999.000,9999.000,9999.000,9999.000,9999.000,9999.000,9999.000
202607252236,   1.453,9999.000,9999.000,9999.000,9999.000,9999.000,9999.000,9999.000,9999.000
202607252242,   1.533,9999.000,9999.000,9999.000,9999.000,9999.000,9999.000,9999.000,9999.000
202607252248,   1.612,9999.000,9999.000,9999.000,9999.000,9999.000,9999.000,9999.000,9999.000
202607252254,   1.690,9999.000,9999.000,9999.000,9999.000,9999.000,9999.000,9999.000,9999.000
202607252300,   1.767,9999.000,  -0.500,9999.000,   1.267,  -0.600,   1.167,  -0.500,   1.267
202607252306,   1.843,9999.000,9999.000,9999.000,9999.000,9999.000,9999.000,9999.000,9999.000
202607252312,   1.918,9999.000,9999.000,9999.000,9999.000,9999.000,9999.000,9999.000,9999.000
202607252318,   1.992,9999.000,9999.000,9999.000,9999.000,9999.000,9999.000,9999.000,9999.000
202607252324,   2.064,9999.000,9999.000,9999.000,9999.000,9999.000,9999.000,9999.000,9999.000
202607252330,   2.135,9999.000,9999.000,9999.000,9999.000,9999.000,9999.000,9999.000,9999.000
202607252336,   2.204,9999.000,9999.000,9999.000,9999.000,9999.000,9999.000,9999.000,9999.000
202607252342,   2.272,9999.000,9999.000,9999.000,9999.000,9999.000,9999.000,9999.000,9999.000
202607252348,   2.338,9999.000,9999.000,9999.000,9999.000,9999.000,9999.000,9999.000,9999.000
202607252354,   2.402,9999.000,9999.000,9999.000,9999.000,9999.000,9999.000,9999.000,9999.000
202607260000,   2.464,9999.000,  -0.500,9999.000,   1.964,  -0.600,   1.864,  -0.400,   2.064
202607260006,   2.525,9999.000,9999.000,9999.000,9999.000,9999.000,9999.000,9999.000,9999.000
202607260012,   2.583,9999.000,9999.000,9999.000,9999.000,9999.000,9999.000,9999.000,9999.000
202607260018,   2.639,9999.000,9999.000,9999.000,9999.000,9999.000,9999.000,9999.000,9999.000
202607260024,   2.694,9999.000,9999.000,9999.000,9999.000,9999.000,9999.000,9999.000,9999.000
202607260030,   2.746,9999.000,9999.000,9999.000,9999.000,9999.000,9999.000,9999.000,9999.000
202607260036,   2.796,9999.000,9999.000,9999.000,9999.000,9999.000,9999.000,9999.000,9999.000
202607260042,   2.844,9999.000,9999.000,9999.000,9999.000,9999.000,9999.000,9999.000,9999.000
202607260048,   2.889,9999.000,9999.000,9999.000,9999.000,9999.000,9999.000,9999.000,9999.000
202607260054,   2.933,9999.000,9999.000,9999.000,9999.000,9999.000,9999.000,9999.000,9999.000
202607260100,   2.974,9999.000,  -0.500,9999.000,   2.474,  -0.500,   2.474,  -0.400,   2.574
202607260106,   3.013,9999.000,9999.000,9999.000,9999.000,9999.000,9999.000,9999.000,9999.000
202607260112,   3.050,9999.000,9999.000,9999.000,9999.000,9999.000,9999.000,9999.000,9999.000
202607260118,   3.084,9999.000,9999.000,9999.000,9999.000,9999.000,9999.000,9999.000,9999.000
202607260124,   3.117,9999.000,9999.000,9999.000,9999.000,9999.000,9999.000,9999.000,9999.000
202607260130,   3.147,9999.000,9999.000,9999.000,9999.000,9999.000,9999.000,9999.000,9999.000
202607260136,   3.175,9999.000,9999.000,9999.000,9999.000,9999.000,9999.000,9999.000,9999.000
202607260142,   3.201,9999.000,9999.000,9999.000,9999.000,9999.000,9999.000,9999.000,9999.000
202607260148,   3.225,9999.000,9999.000,9999.000,9999.000,9999.000,9999.000,9999.000,9999.000
202607260154,   3.247,9999.000,9999.000,9999.000,9999.000,9999.000,9999.000,9999.000,9999.000
202607260200,   3.267,9999.000,  -0.500,9999.000,   2.767,  -0.500,   2.767,  -0.400,   2.867
202607260206,   3.285,9999.000,9999.000,9999.000,9999.000,9999.000,9999.000,9999.000,9999.000
202607260212,   3.302,9999.000,9999.000,9999.000,9999.000,9999.000,9999.000,9999.000,9999.000
202607260218,   3.316,9999.000,9999.000,9999.000,9999.000,9999.000,9999.000,9999.000,9999.000
202607260224,   3.329,9999.000,9999.000,9999.000,9999.000,9999.000,9999.000,9999.000,9999.000
202607260230,   3.340,9999.000,9999.000,9999.000,9999.000,9999.000,9999.000,9999.000,9999.000
202607260236,   3.350,9999.000,9999.000,9999.000,9999.000,9999.000,9999.000,9999.000,9999.000
202607260242,   3.358,9999.000,9999.000,9999.000,9999.000,9999.000,9999.000,9999.000,9999.000
202607260248,   3.365,9999.000,9999.000,9999.000,9999.000,9999.000,9999.000,9999.000,9999.000
202607260254,   3.370,9999.000,9999.000,9999.000,9999.000,9999.000,9999.000,9999.000,9999.000
202607260300,   3.374,9999.000,  -0.500,9999.000,   2.874,  -0.500,   2.874,  -0.400,   2.974
202607260306,   3.377,9999.000,9999.000,9999.000,9999.000,9999.000,9999.000,9999.000,9999.000
202607260312,   3.379,9999.000,9999.000,9999.000,9999.000,9999.000,9999.000,9999.000,9999.000
202607260318,   3.380,9999.000,9999.000,9999.000,9999.000,9999.000,9999.000,9999.000,9999.000
202607260324,   3.380,9999.000,9999.000,9999.000,9999.000,9999.000,9999.000,9999.000,9999.000
202607260330,   3.379,9999.000,9999.000,9999.000,9999.000,9999.000,9999.000,9999.000,9999.000
202607260336,   3.377,9999.000,9999.000,9999.000,9999.000,9999.000,9999.000,9999.000,9999.000
202607260342,   3.374,9999.000,9999.000,9999.000,9999.000,9999.000,9999.000,9999.000,9999.000
202607260348,   3.371,9999.000,9999.000,9999.000,9999.000,9999.000,9999.000,9999.000,9999.000
202607260354,   3.367,9999.000,9999.000,9999.000,9999.000,9999.000,9999.000,9999.000,9999.000
202607260400,   3.363,9999.000,  -0.500,9999.000,   2.863,  -0.500,   2.863,  -0.400,   2.963
202607260406,   3.358,9999.000,9999.000,9999.000,9999.000,9999.000,9999.000,9999.000,9999.000
202607260412,   3.353,9999.000,9999.000,9999.000,9999.000,9999.000,9999.000,9999.000,9999.000
202607260418,   3.348,9999.000,9999.000,9999.000,9999.000,9999.000,9999.000,9999.000,9999.000
202607260424,   3.343,9999.000,9999.000,9999.000,9999.000,9999.000,9999.000,9999.000,9999.000
202607260430,   3.338,9999.000,9999.000,9999.000,9999.000,9999.000,9999.000,9999.000,9999.000
202607260436,   3.332,9999.000,9999.000,9999.000,9999.000,9999.000,9999.000,9999.000,9999.000
202607260442,   3.327,9999.000,9999.000,9999.000,9999.000,9999.000,9999.000,9999.000,9999.000
202607260448,   3.322,9999.000,9999.000,9999.000,9999.000,9999.000,9999.000,9999.000,9999.000
202607260454,   3.317,9999.000,9999.000,9999.000,9999.000,9999.000,9999.000,9999.000,9999.000
202607260500,   3.312,9999.000,  -0.500,9999.000,   2.812,  -0.500,   2.812,  -0.400,   2.912
202607260506,   3.307,9999.000,9999.000,9999.000,9999.000,9999.000,9999.000,9999.000,9999.000
202607260512,   3.303,9999.000,9999.000,9999.000,9999.000,9999.000,9999.000,9999.000,9999.000
202607260518,   3.300,9999.000,9999.000,9999.000,9999.000,9999.000,9999.000,9999.000,9999.000
202607260524,   3.297,9999.000,9999.000,9999.000,9999.000,9999.000,9999.000,9999.000,9999.000
202607260530,   3.294,9999.000,9999.000,9999.000,9999.000,9999.000,9999.000,9999.000,9999.000
202607260536,   3.292,9999.000,9999.000,9999.000,9999.000,9999.000,9999.000,9999.000,9999.000
202607260542,   3.291,9999.000,9999.000,9999.000,9999.000,9999.000,9999.000,9999.000,9999.000
202607260548,   3.290,9999.000,9999.000,9999.000,9999.000,9999.000,9999.000,9999.000,9999.000
202607260554,   3.290,9999.000,9999.000,9999.000,9999.000,9999.000,9999.000,9999.000,9999.000
202607260600,   3.290,9999.000,  -0.500,9999.000,   2.790,  -0.500,   2.790,  -0.400,   2.890
202607260606,   3.292,9999.000,9999.000,9999.000,9999.000,9999.000,9999.000,9999.000,9999.000
202607260612,   3.294,9999.000,9999.000,9999.000,9999.000,9999.000,9999.000,9999.000,9999.000
202607260618,   3.297,9999.000,9999.000,9999.000,9999.000,9999.000,9999.000,9999.000,9999.000
202607260624,   3.301,9999.000,9999.000,9999.000,9999.000,9999.000,9999.000,9999.000,9999.000
202607260630,   3.306,9999.000,9999.000,9999.000,9999.000,9999.000,9999.000,9999.000,9999.000
202607260636,   3.311,9999.000,9999.000,9999.000,9999.000,9999.000,9999.000,9999.000,9999.000
202607260642,   3.318,9999.000,9999.000,9999.000,9999.000,9999.000,9999.000,9999.000,9999.000
202607260648,   3.325,9999.000,9999.000,9999.000,9999.000,9999.000,9999.000,9999.000,9999.000
202607260654,   3.333,9999.000,9999.000,9999.000,9999.000,9999.000,9999.000,9999.000,9999.000
202607260700,   3.342,9999.000,  -0.500,9999.000,   2.842,  -0.500,   2.842,  -0.400,   2.942
202607260706,   3.352,9999.000,9999.000,9999.000,9999.000,9999.000,9999.000,9999.000,9999.000
202607260712,   3.363,9999.000,9999.000,9999.000,9999.000,9999.000,9999.000,9999.000,9999.000
202607260718,   3.374,9999.000,9999.000,9999.000,9999.000,9999.000,9999.000,9999.000,9999.000
202607260724,   3.386,9999.000,9999.000,9999.000,9999.000,9999.000,9999.000,9999.000,9999.000
202607260730,   3.399,9999.000,9999.000,9999.000,9999.000,9999.000,9999.000,9999.000,9999.000
202607260736,   3.413,9999.000,9999.000,9999.000,9999.000,9999.000,9999.000,9999.000,9999.000
202607260742,   3.427,9999.000,9999.000,9999.000,9999.000,9999.000,9999.000,9999.000,9999.000
202607260748,   3.442,9999.000,9999.000,9999.000,9999.000,9999.000,9999.000,9999.000,9999.000
202607260754,   3.458,9999.000,9999.000,9999.000,9999.000,9999.000,9999.000,9999.000,9999.000
202607260800,   3.474,9999.000,  -0.500,9999.000,   2.974,  -0.500,   2.974,  -0.400,   3.074
202607260806,   3.490,9999.000,9999.000,9999.000,9999.000,9999.000,9999.000,9999.000,9999.000
202607260812,   3.507,9999.000,9999.000,9999.000,9999.000,9999.000,9999.000,9999.000,9999.000
202607260818,   3.525,9999.000,9999.000,9999.000,9999.000,9999.000,9999.000,9999.000,9999.000
202607260824,   3.543,9999.000,9999.000,9999.000,9999.000,9999.000,9999.000,9999.000,9999.000
202607260830,   3.561,9999.000,9999.000,9999.000,9999.000,9999.000,9999.000,9999.000,9999.000
202607260836,   3.579,9999.000,9999.000,9999.000,9999.000,9999.000,9999.000,9999.000,9999.000
202607260842,   3.597,9999.000,9999.000,9999.000,9999.000,9999.000,9999.000,9999.000,9999.000
202607260848,   3.615,9999.000,9999.000,9999.000,9999.000,9999.000,9999.000,9999.000,9999.000
202607260854,   3.633,9999.000,9999.000,9999.000,9999.000,9999.000,9999.000,9999.000,9999.000
202607260900,   3.651,9999.000,  -0.500,9999.000,   3.151,  -0.500,   3.151,  -0.400,   3.251
202607260906,   3.669,9999.000,9999.000,9999.000,9999.000,9999.000,9999.000,9999.000,9999.000
202607260912,   3.686,9999.000,9999.000,9999.000,9999.000,9999.000,9999.000,9999.000,9999.000
202607260918,   3.703,9999.000,9999.000,9999.000,9999.000,9999.000,9999.000,9999.000,9999.000
202607260924,   3.719,9999.000,9999.000,9999.000,9999.000,9999.000,9999.000,9999.000,9999.000
202607260930,   3.735,9999.000,9999.000,9999.000,9999.000,9999.000,9999.000,9999.000,9999.000
202607260936,   3.750,9999.000,9999.000,9999.000,9999.000,9999.000,9999.000,9999.000,9999.000
202607260942,   3.764,9999.000,9999.000,9999.000,9999.000,9999.000,9999.000,9999.000,9999.000
202607260948,   3.777,9999.000,9999.000,9999.000,9999.000,9999.000,9999.000,9999.000,9999.000
202607260954,   3.790,9999.000,9999.000,9999.000,9999.000,9999.000,9999.000,9999.000,9999.000
202607261000,   3.801,9999.000,  -0.500,9999.000,   3.301,  -0.500,   3.301,  -0.400,   3.401
202607261006,   3.811,9999.000,9999.000,9999.000,9999.000,9999.000,9999.000,9999.000,9999.000
202607261012,   3.819,9999.000,9999.000,9999.000,9999.000,9999.000,9999.000,9999.000,9999.000
202607261018,   3.826,9999.000,9999.000,9999.000,9999.000,9999.000,9999.000,9999.000,9999.000
202607261024,   3.832,9999.000,9999.000,9999.000,9999.000,9999.000,9999.000,9999.000,9999.000
202607261030,   3.836,9999.000,9999.000,9999.000,9999.000,9999.000,9999.000,9999.000,9999.000
202607261036,   3.838,9999.000,9999.000,9999.000,9999.000,9999.000,9999.000,9999.000,9999.000
202607261042,   3.839,9999.000,9999.000,9999.000,9999.000,9999.000,9999.000,9999.000,9999.000
202607261048,   3.838,9999.000,9999.000,9999.000,9999.000,9999.000,9999.000,9999.000,9999.000
202607261054,   3.835,9999.000,9999.000,9999.000,9999.000,9999.000,9999.000,9999.000,9999.000
202607261100,   3.829,9999.000,  -0.500,9999.000,   3.329,  -0.500,   3.329,  -0.400,   3.429
202607261106,   3.822,9999.000,9999.000,9999.000,9999.000,9999.000,9999.000,9999.000,9999.000
202607261112,   3.813,9999.000,9999.000,9999.000,9999.000,9999.000,9999.000,9999.000,9999.000
202607261118,   3.801,9999.000,9999.000,9999.000,9999.000,9999.000,9999.000,9999.000,9999.000
202607261124,   3.787,9999.000,9999.000,9999.000,9999.000,9999.000,9999.000,9999.000,9999.000
202607261130,   3.770,9999.000,9999.000,9999.000,9999.000,9999.000,9999.000,9999.000,9999.000
202607261136,   3.752,9999.000,9999.000,9999.000,9999.000,9999.000,9999.000,9999.000,9999.000
202607261142,   3.730,9999.000,9999.000,9999.000,9999.000,9999.000,9999.000,9999.000,9999.000
202607261148,   3.707,9999.000,9999.000,9999.000,9999.000,9999.000,9999.000,9999.000,9999.000
202607261154,   3.681,9999.000,9999.000,9999.000,9999.000,9999.000,9999.000,9999.000,9999.000
202607261200,   3.652,9999.000,  -0.400,9999.000,   3.252,  -0.500,   3.152,  -0.400,   3.252
202607261206,   3.620,9999.000,9999.000,9999.000,9999.000,9999.000,9999.000,9999.000,9999.000
202607261212,   3.587,9999.000,9999.000,9999.000,9999.000,9999.000,9999.000,9999.000,9999.000
202607261218,   3.550,9999.000,9999.000,9999.000,9999.000,9999.000,9999.000,9999.000,9999.000
202607261224,   3.511,9999.000,9999.000,9999.000,9999.000,9999.000,9999.000,9999.000,9999.000
202607261230,   3.469,9999.000,9999.000,9999.000,9999.000,9999.000,9999.000,9999.000,9999.000
202607261236,   3.425,9999.000,9999.000,9999.000,9999.000,9999.000,9999.000,9999.000,9999.000
202607261242,   3.378,9999.000,9999.000,9999.000,9999.000,9999.000,9999.000,9999.000,9999.000
202607261248,   3.329,9999.000,9999.000,9999.000,9999.000,9999.000,9999.000,9999.000,9999.000
202607261254,   3.277,9999.000,9999.000,9999.000,9999.000,9999.000,9999.000,9999.000,9999.000
202607261300,   3.223,9999.000,  -0.400,9999.000,   2.823,  -0.500,   2.723,  -0.400,   2.823
202607261306,   3.166,9999.000,9999.000,9999.000,9999.000,9999.000,9999.000,9999.000,9999.000
202607261312,   3.107,9999.000,9999.000,9999.000,9999.000,9999.000,9999.000,9999.000,9999.000
202607261318,   3.046,9999.000,9999.000,9999.000,9999.000,9999.000,9999.000,9999.000,9999.000
202607261324,   2.982,9999.000,9999.000,9999.000,9999.000,9999.000,9999.000,9999.000,9999.000
202607261330,   2.917,9999.000,9999.000,9999.000,9999.000,9999.000,9999.000,9999.000,9999.000
202607261336,   2.849,9999.000,9999.000,9999.000,9999.000,9999.000,9999.000,9999.000,9999.000
202607261342,   2.779,9999.000,9999.000,9999.000,9999.000,9999.000,9999.000,9999.000,9999.000
202607261348,   2.708,9999.000,9999.000,9999.000,9999.000,9999.000,9999.000,9999.000,9999.000
202607261354,   2.634,9999.000,9999.000,9999.000,9999.000,9999.000,9999.000,9999.000,9999.000
202607261400,   2.559,9999.000,  -0.400,9999.000,   2.159,  -0.500,   2.059,  -0.400,   2.159
202607261406,   2.482,9999.000,9999.000,9999.000,9999.000,9999.000,9999.000,9999.000,9999.000
202607261412,   2.404,9999.000,9999.000,9999.000,9999.000,9999.000,9999.000,9999.000,9999.000
202607261418,   2.324,9999.000,9999.000,9999.000,9999.000,9999.000,9999.000,9999.000,9999.000
202607261424,   2.243,9999.000,9999.000,9999.000,9999.000,9999.000,9999.000,9999.000,9999.000
202607261430,   2.161,9999.000,9999.000,9999.000,9999.000,9999.000,9999.000,9999.000,9999.000
202607261436,   2.078,9999.000,9999.000,9999.000,9999.000,9999.000,9999.000,9999.000,9999.000
202607261442,   1.993,9999.000,9999.000,9999.000,9999.000,9999.000,9999.000,9999.000,9999.000
202607261448,   1.909,9999.000,9999.000,9999.000,9999.000,9999.000,9999.000,9999.000,9999.000
202607261454,   1.823,9999.000,9999.000,9999.000,9999.000,9999.000,9999.000,9999.000,9999.000
202607261500,   1.737,9999.000,  -0.400,9999.000,   1.337,  -0.500,   1.237,  -0.400,   1.337
202607261506,   1.650,9999.000,9999.000,9999.000,9999.000,9999.000,9999.000,9999.000,9999.000
202607261512,   1.564,9999.000,9999.000,9999.000,9999.000,9999.000,9999.000,9999.000,9999.000
202607261518,   1.477,9999.000,9999.000,9999.000,9999.000,9999.000,9999.000,9999.000,9999.000
202607261524,   1.390,9999.000,9999.000,9999.000,9999.000,9999.000,9999.000,9999.000,9999.000
202607261530,   1.303,9999.000,9999.000,9999.000,9999.000,9999.000,9999.000,9999.000,9999.000
202607261536,   1.217,9999.000,9999.000,9999.000,9999.000,9999.000,9999.000,9999.000,9999.000
202607261542,   1.130,9999.000,9999.000,9999.000,9999.000,9999.000,9999.000,9999.000,9999.000
202607261548,   1.045,9999.000,9999.000,9999.000,9999.000,9999.000,9999.000,9999.000,9999.000
202607261554,   0.960,9999.000,9999.000,9999.000,9999.000,9999.000,9999.000,9999.000,9999.000
202607261600,   0.876,9999.000,  -0.400,9999.000,   0.476,  -0.500,   0.376,  -0.400,   0.476
202607261606,   0.793,9999.000,9999.000,9999.000,9999.000,9999.000,9999.000,9999.000,9999.000
202607261612,   0.711,9999.000,9999.000,9999.000,9999.000,9999.000,9999.000,9999.000,9999.000
202607261618,   0.630,9999.000,9999.000,9999.000,9999.000,9999.000,9999.000,9999.000,9999.000
202607261624,   0.551,9999.000,9999.000,9999.000,9999.000,9999.000,9999.000,9999.000,9999.000
202607261630,   0.473,9999.000,9999.000,9999.000,9999.000,9999.000,9999.000,9999.000,9999.000
202607261636,   0.396,9999.000,9999.000,9999.000,9999.000,9999.000,9999.000,9999.000,9999.000
202607261642,   0.322,9999.000,9999.000,9999.000,9999.000,9999.000,9999.000,9999.000,9999.000
202607261648,   0.249,9999.000,9999.000,9999.000,9999.000,9999.000,9999.000,9999.000,9999.000
202607261654,   0.178,9999.000,9999.000,9999.000,9999.000,9999.000,9999.000,9999.000,9999.000
202607261700,   0.109,9999.000,  -0.400,9999.000,  -0.291,  -0.500,  -0.391,  -0.400,  -0.291
202607261706,   0.042,9999.000,9999.000,9999.000,9999.000,9999.000,9999.000,9999.000,9999.000
202607261712,  -0.021,9999.000,9999.000,9999.000,9999.000,9999.000,9999.000,9999.000,9999.000
202607261718,  -0.083,9999.000,9999.000,9999.000,9999.000,9999.000,9999.000,9999.000,9999.000
202607261724,  -0.143,9999.000,9999.000,9999.000,9999.000,9999.000,9999.000,9999.000,9999.000
202607261730,  -0.200,9999.000,9999.000,9999.000,9999.000,9999.000,9999.000,9999.000,9999.000
202607261736,  -0.255,9999.000,9999.000,9999.000,9999.000,9999.000,9999.000,9999.000,9999.000
202607261742,  -0.307,9999.000,9999.000,9999.000,9999.000,9999.000,9999.000,9999.000,9999.000
202607261748,  -0.356,9999.000,9999.000,9999.000,9999.000,9999.000,9999.000,9999.000,9999.000
202607261754,  -0.402,9999.000,9999.000,9999.000,9999.000,9999.000,9999.000,9999.000,9999.000
202607261800,  -0.445,9999.000,  -0.400,9999.000,  -0.845,  -0.500,  -0.945,  -0.400,  -0.845
202607261806,  -0.485,9999.000,9999.000,9999.000,9999.000,9999.000,9999.000,9999.000,9999.000
202607261812,  -0.522,9999.000,9999.000,9999.000,9999.000,9999.000,9999.000,9999.000,9999.000
202607261818,  -0.556,9999.000,9999.000,9999.000,9999.000,9999.000,9999.000,9999.000,9999.000
202607261824,  -0.587,9999.000,9999.000,9999.000,9999.000,9999.000,9999.000,9999.000,9999.000
202607261830,  -0.615,9999.000,9999.000,9999.000,9999.000,9999.000,9999.000,9999.000,9999.000
202607261836,  -0.639,9999.000,9999.000,9999.000,9999.000,9999.000,9999.000,9999.000,9999.000
202607261842,  -0.660,9999.000,9999.000,9999.000,9999.000,9999.000,9999.000,9999.000,9999.000
202607261848,  -0.678,9999.000,9999.000,9999.000,9999.000,9999.000,9999.000,9999.000,9999.000
202607261854,  -0.692,9999.000,9999.000,9999.000,9999.000,9999.000,9999.000,9999.000,9999.000
202607261900,  -0.703,9999.000,  -0.400,9999.000,  -1.103,  -0.500,  -1.203,  -0.400,  -1.103
202607261906,  -0.711,9999.000,9999.000,9999.000,9999.000,9999.000,9999.000,9999.000,9999.000
202607261912,  -0.715,9999.000,9999.000,9999.000,9999.000,9999.000,9999.000,9999.000,9999.000
202607261918,  -0.716,9999.000,9999.000,9999.000,9999.000,9999.000,9999.000,9999.000,9999.000
202607261924,  -0.713,9999.000,9999.000,9999.000,9999.000,9999.000,9999.000,9999.000,9999.000
202607261930,  -0.707,9999.000,9999.000,9999.000,9999.000,9999.000,9999.000,9999.000,9999.000
202607261936,  -0.698,9999.000,9999.000,9999.000,9999.000,9999.000,9999.000,9999.000,9999.000
202607261942,  -0.685,9999.000,9999.000,9999.000,9999.000,9999.000,9999.000,9999.000,9999.000
202607261948,  -0.669,9999.000,9999.000,9999.000,9999.000,9999.000,9999.000,9999.000,9999.000
202607261954,  -0.650,9999.000,9999.000,9999.000,9999.000,9999.000,9999.000,9999.000,9999.000
202607262000,  -0.627,9999.000,  -0.400,9999.000,  -1.027,  -0.500,  -1.127,  -0.400,  -1.027
202607262006,  -0.601,9999.000,9999.000,9999.000,9999.000,9999.000,9999.000,9999.000,9999.000
202607262012,  -0.572,9999.000,9999.000,9999.000,9999.000,9999.000,9999.000,9999.000,9999.000
202607262018,  -0.540,9999.000,9999.000,9999.000,9999.000,9999.000,9999.000,9999.000,9999.000
202607262024,  -0.505,9999.000,9999.000,9999.000,9999.000,9999.000,9999.000,9999.000,9999.000
202607262030,  -0.467,9999.000,9999.000,9999.000,9999.000,9999.000,9999.000,9999.000,9999.000
202607262036,  -0.426,9999.000,9999.000,9999.000,9999.000,9999.000,9999.000,9999.000,9999.000
202607262042,  -0.382,9999.000,9999.000,9999.000,9999.000,9999.000,9999.000,9999.000,9999.000
202607262048,  -0.335,9999.000,9999.000,9999.000,9999.000,9999.000,9999.000,9999.000,9999.000
202607262054,  -0.286,9999.000,9999.000,9999.000,9999.000,9999.000,9999.000,9999.000,9999.000
202607262100,  -0.234,9999.000,  -0.400,9999.000,  -0.634,  -0.500,  -0.734,  -0.400,  -0.634
202607262106,  -0.180,9999.000,9999.000,9999.000,9999.000,9999.000,9999.000,9999.000,9999.000
202607262112,  -0.123,9999.000,9999.000,9999.000,9999.000,9999.000,9999.000,9999.000,9999.000
202607262118,  -0.064,9999.000,9999.000,9999.000,9999.000,9999.000,9999.000,9999.000,9999.000
202607262124,  -0.003,9999.000,9999.000,9999.000,9999.000,9999.000,9999.000,9999.000,9999.000
202607262130,   0.060,9999.000,9999.000,9999.000,9999.000,9999.000,9999.000,9999.000,9999.000
202607262136,   0.125,9999.000,9999.000,9999.000,9999.000,9999.000,9999.000,9999.000,9999.000
202607262142,   0.192,9999.000,9999.000,9999.000,9999.000,9999.000,9999.000,9999.000,9999.000
202607262148,   0.261,9999.000,9999.000,9999.000,9999.000,9999.000,9999.000,9999.000,9999.000
202607262154,   0.331,9999.000,9999.000,9999.000,9999.000,9999.000,9999.000,9999.000,9999.000
202607262200,   0.403,9999.000,  -0.400,9999.000,   0.003,  -0.500,  -0.097,  -0.300,   0.103
202607262206,   0.476,9999.000,9999.000,9999.000,9999.000,9999.000,9999.000,9999.000,9999.000
202607262212,   0.550,9999.000,9999.000,9999.000,9999.000,9999.000,9999.000,9999.000,9999.000
202607262218,   0.626,9999.000,9999.000,9999.000,9999.000,9999.000,9999.000,9999.000,9999.000
202607262224,   0.702,9999.000,9999.000,9999.000,9999.000,9999.000,9999.000,9999.000,9999.000
202607262230,   0.779,9999.000,9999.000,9999.000,9999.000,9999.000,9999.000,9999.000,9999.000
202607262236,   0.856,9999.000,9999.000,9999.000,9999.000,9999.000,9999.000,9999.000,9999.000
202607262242,   0.935,9999.000,9999.000,9999.000,9999.000,9999.000,9999.000,9999.000,9999.000
202607262248,   1.013,9999.000,9999.000,9999.000,9999.000,9999.000,9999.000,9999.000,9999.000
202607262254,   1.092,9999.000,9999.000,9999.000,9999.000,9999.000,9999.000,9999.000,9999.000
202607262300,   1.171,9999.000,  -0.400,9999.000,   0.771,  -0.500,   0.671,  -0.300,   0.871
202607262306,   1.250,9999.000,9999.000,9999.000,9999.000,9999.000,9999.000,9999.000,9999.000
202607262312,   1.328,9999.000,9999.000,9999.000,9999.000,9999.000,9999.000,9999.000,9999.000
202607262318,   1.407,9999.000,9999.000,9999.000,9999.000,9999.000,9999.000,9999.000,9999.000
202607262324,   1.485,9999.000,9999.000,9999.000,9999.000,9999.000,9999.000,9999.000,9999.000
202607262330,   1.562,9999.000,9999.000,9999.000,9999.000,9999.000,9999.000,9999.000,9999.000
202607262336,   1.639,9999.000,9999.000,9999.000,9999.000,9999.000,9999.000,9999.000,9999.000
202607262342,   1.715,9999.000,9999.000,9999.000,9999.000,9999.000,9999.000,9999.000,9999.000
202607262348,   1.790,9999.000,9999.000,9999.000,9999.000,9999.000,9999.000,9999.000,9999.000
202607262354,   1.864,9999.000,9999.000,9999.000,9999.000,9999.000,9999.000,9999.000,9999.000
202607270000,   1.937,9999.000,  -0.400,9999.000,   1.537,  -0.500,   1.437,  -0.300,   1.637
202607270006,   2.009,9999.000,9999.000,9999.000,9999.000,9999.000,9999.000,9999.000,9999.000
202607270012,   2.080,9999.000,9999.000,9999.000,9999.000,9999.000,9999.000,9999.000,9999.000
202607270018,   2.149,9999.000,9999.000,9999.000,9999.000,9999.000,9999.000,9999.000,9999.000
202607270024,   2.216,9999.000,9999.000,9999.000,9999.000,9999.000,9999.000,9999.000,9999.000
202607270030,   2.282,9999.000,9999.000,9999.000,9999.000,9999.000,9999.000,9999.000,9999.000
202607270036,   2.347,9999.000,9999.000,9999.000,9999.000,9999.000,9999.000,9999.000,9999.000
202607270042,   2.410,9999.000,9999.000,9999.000,9999.000,9999.000,9999.000,9999.000,9999.000
202607270048,   2.471,9999.000,9999.000,9999.000,9999.000,9999.000,9999.000,9999.000,9999.000
202607270054,   2.530,9999.000,9999.000,9999.000,9999.000,9999.000,9999.000,9999.000,9999.000
202607270100,   2.587,9999.000,  -0.400,9999.000,   2.187,  -0.500,   2.087,  -0.300,   2.287
202607270106,   2.643,9999.000,9999.000,9999.000,9999.000,9999.000,9999.000,9999.000,9999.000
202607270112,   2.696,9999.000,9999.000,9999.000,9999.000,9999.000,9999.000,9999.000,9999.000
202607270118,   2.747,9999.000,9999.000,9999.000,9999.000,9999.000,9999.000,9999.000,9999.000
202607270124,   2.797,9999.000,9999.000,9999.000,9999.000,9999.000,9999.000,9999.000,9999.000
202607270130,   2.844,9999.000,9999.000,9999.000,9999.000,9999.000,9999.000,9999.000,9999.000
202607270136,   2.890,9999.000,9999.000,9999.000,9999.000,9999.000,9999.000,9999.000,9999.000
202607270142,   2.933,9999.000,9999.000,9999.000,9999.000,9999.000,9999.000,9999.000,9999.000
202607270148,   2.975,9999.000,9999.000,9999.000,9999.000,9999.000,9999.000,9999.000,9999.000
202607270154,   3.014,9999.000,9999.000,9999.000,9999.000,9999.000,9999.000,9999.000,9999.000
202607270200,   3.051,9999.000,  -0.400,9999.000,   2.651,  -0.400,   2.651,  -0.300,   2.751
202607270206,   3.087,9999.000,9999.000,9999.000,9999.000,9999.000,9999.000,9999.000,9999.000
202607270212,   3.120,9999.000,9999.000,9999.000,9999.000,9999.000,9999.000,9999.000,9999.000
202607270218,   3.151,9999.000,9999.000,9999.000,9999.000,9999.000,9999.000,9999.000,9999.000
202607270224,   3.181,9999.000,9999.000,9999.000,9999.000,9999.000,9999.000,9999.000,9999.000
202607270230,   3.208,9999.000,9999.000,9999.000,9999.000,9999.000,9999.000,9999.000,9999.000
202607270236,   3.234,9999.000,9999.000,9999.000,9999.000,9999.000,9999.000,9999.000,9999.000
202607270242,   3.258,9999.000,9999.000,9999.000,9999.000,9999.000,9999.000,9999.000,9999.000
202607270248,   3.280,9999.000,9999.000,9999.000,9999.000,9999.000,9999.000,9999.000,9999.000
202607270254,   3.300,9999.000,9999.000,9999.000,9999.000,9999.000,9999.000,9999.000,9999.000
202607270300,   3.319,9999.000,  -0.400,9999.000,   2.919,  -0.400,   2.919,  -0.300,   3.019
202607270306,   3.336,9999.000,9999.000,9999.000,9999.000,9999.000,9999.000,9999.000,9999.000
202607270312,   3.351,9999.000,9999.000,9999.000,9999.000,9999.000,9999.000,9999.000,9999.000
202607270318,   3.365,9999.000,9999.000,9999.000,9999.000,9999.000,9999.000,9999.000,9999.000
202607270324,   3.378,9999.000,9999.000,9999.000,9999.000,9999.000,9999.000,9999.000,9999.000
202607270330,   3.389,9999.000,9999.000,9999.000,9999.000,9999.000,9999.000,9999.000,9999.000
202607270336,   3.399,9999.000,9999.000,9999.000,9999.000,9999.000,9999.000,9999.000,9999.000
202607270342,   3.407,9999.000,9999.000,9999.000,9999.000,9999.000,9999.000,9999.000,9999.000
202607270348,   3.415,9999.000,9999.000,9999.000,9999.000,9999.000,9999.000,9999.000,9999.000
202607270354,   3.421,9999.000,9999.000,9999.000,9999.000,9999.000,9999.000,9999.000,9999.000
202607270400,   3.426,9999.000,  -0.400,9999.000,   3.026,  -0.400,   3.026,  -0.300,   3.126
202607270406,   3.431,9999.000,9999.000,9999.000,9999.000,9999.000,9999.000,9999.000,9999.000
202607270412,   3.434,9999.000,9999.000,9999.000,9999.000,9999.000,9999.000,9999.000,9999.000
202607270418,   3.437,9999.000,9999.000,9999.000,9999.000,9999.000,9999.000,9999.000,9999.000
202607270424,   3.439,9999.000,9999.000,9999.000,9999.000,9999.000,9999.000,9999.000,9999.000
202607270430,   3.441,9999.000,9999.000,9999.000,9999.000,9999.000,9999.000,9999.000,9999.000
202607270436,   3.441,9999.000,9999.000,9999.000,9999.000,9999.000,9999.000,9999.000,9999.000
202607270442,   3.442,9999.000,9999.000,9999.000,9999.000,9999.000,9999.000,9999.000,9999.000
202607270448,   3.442,9999.000,9999.000,9999.000,9999.000,9999.000,9999.000,9999.000,9999.000
202607270454,   3.441,9999.000,9999.000,9999.000,9999.000,9999.000,9999.000,9999.000,9999.000
202607270500,   3.440,9999.000,  -0.400,9999.000,   3.040,  -0.400,   3.040,  -0.300,   3.140
202607270506,   3.439,9999.000,9999.000,9999.000,9999.000,9999.000,9999.000,9999.000,9999.000
202607270512,   3.438,9999.000,9999.000,9999.000,9999.000,9999.000,9999.000,9999.000,9999.000
202607270518,   3.436,9999.000,9999.000,9999.000,9999.000,9999.000,9999.000,9999.000,9999.000
202607270524,   3.435,9999.000,9999.000,9999.000,9999.000,9999.000,9999.000,9999.000,9999.000
202607270530,   3.433,9999.000,9999.000,9999.000,9999.000,9999.000,9999.000,9999.000,9999.000
202607270536,   3.432,9999.000,9999.000,9999.000,9999.000,9999.000,9999.000,9999.000,9999.000
202607270542,   3.431,9999.000,9999.000,9999.000,9999.000,9999.000,9999.000,9999.000,9999.000
202607270548,   3.430,9999.000,9999.000,9999.000,9999.000,9999.000,9999.000,9999.000,9999.000
202607270554,   3.429,9999.000,9999.000,9999.000,9999.000,9999.000,9999.000,9999.000,9999.000
202607270600,   3.428,9999.000,  -0.300,9999.000,   3.128,  -0.400,   3.028,  -0.300,   3.128
202607270606,   3.428,9999.000,9999.000,9999.000,9999.000,9999.000,9999.000,9999.000,9999.000
202607270612,   3.427,9999.000,9999.000,9999.000,9999.000,9999.000,9999.000,9999.000,9999.000
202607270618,   3.428,9999.000,9999.000,9999.000,9999.000,9999.000,9999.000,9999.000,9999.000
202607270624,   3.429,9999.000,9999.000,9999.000,9999.000,9999.000,9999.000,9999.000,9999.000
202607270630,   3.430,9999.000,9999.000,9999.000,9999.000,9999.000,9999.000,9999.000,9999.000
202607270636,   3.431,9999.000,9999.000,9999.000,9999.000,9999.000,9999.000,9999.000,9999.000
202607270642,   3.433,9999.000,9999.000,9999.000,9999.000,9999.000,9999.000,9999.000,9999.000
202607270648,   3.436,9999.000,9999.000,9999.000,9999.000,9999.000,9999.000,9999.000,9999.000
202607270654,   3.439,9999.000,9999.000,9999.000,9999.000,9999.000,9999.000,9999.000,9999.000
202607270700,   3.443,9999.000,  -0.300,9999.000,   3.143,  -0.400,   3.043,  -0.300,   3.143
202607270706,   3.447,9999.000,9999.000,9999.000,9999.000,9999.000,9999.000,9999.000,9999.000
202607270712,   3.452,9999.000,9999.000,9999.000,9999.000,9999.000,9999.000,9999.000,9999.000
202607270718,   3.458,9999.000,9999.000,9999.000,9999.000,9999.000,9999.000,9999.000,9999.000
202607270724,   3.464,9999.000,9999.000,9999.000,9999.000,9999.000,9999.000,9999.000,9999.000
202607270730,   3.471,9999.000,9999.000,9999.000,9999.000,9999.000,9999.000,9999.000,9999.000
202607270736,   3.478,9999.000,9999.000,9999.000,9999.000,9999.000,9999.000,9999.000,9999.000
202607270742,   3.486,9999.000,9999.000,9999.000,9999.000,9999.000,9999.000,9999.000,9999.000
202607270748,   3.494,9999.000,9999.000,9999.000,9999.000,9999.000,9999.000,9999.000,9999.000
202607270754,   3.503,9999.000,9999.000,9999.000,9999.000,9999.000,9999.000,9999.000,9999.000
202607270800,   3.512,9999.000,  -0.300,9999.000,   3.212,  -0.400,   3.112,  -0.300,   3.212
202607270806,   3.522,9999.000,9999.000,9999.000,9999.000,9999.000,9999.000,9999.000,9999.000
202607270812,   3.533,9999.000,9999.000,9999.000,9999.000,9999.000,9999.000,9999.000,9999.000
202607270818,   3.544,9999.000,9999.000,9999.000,9999.000,9999.000,9999.000,9999.000,9999.000
202607270824,   3.555,9999.000,9999.000,9999.000,9999.000,9999.000,9999.000,9999.000,9999.000
202607270830,   3.567,9999.000,9999.000,9999.000,9999.000,9999.000,9999.000,9999.000,9999.000
202607270836,   3.579,9999.000,9999.000,9999.000,9999.000,9999.000,9999.000,9999.000,9999.000
202607270842,   3.591,9999.000,9999.000,9999.000,9999.000,9999.000,9999.000,9999.000,9999.000
202607270848,   3.604,9999.000,9999.000,9999.000,9999.000,9999.000,9999.000,9999.000,9999.000
202607270854,   3.617,9999.000,9999.000,9999.000,9999.000,9999.000,9999.000,9999.000,9999.000
202607270900,   3.630,9999.000,  -0.300,9999.000,   3.330,  -0.400,   3.230,  -0.300,   3.330
202607270906,   3.643,9999.000,9999.000,9999.000,9999.000,9999.000,9999.000,9999.000,9999.000
202607270912,   3.656,9999.000,9999.000,9999.000,9999.000,9999.000,9999.000,9999.000,9999.000
202607270918,   3.669,9999.000,9999.000,9999.000,9999.000,9999.000,9999.000,9999.000,9999.000
202607270924,   3.682,9999.000,9999.000,9999.000,9999.000,9999.000,9999.000,9999.000,9999.000
202607270930,   3.695,9999.000,9999.000,9999.000,9999.000,9999.000,9999.000,9999.000,9999.000
202607270936,   3.707,9999.000,9999.000,9999.000,9999.000,9999.000,9999.000,9999.000,9999.000
202607270942,   3.720,9999.000,9999.000,9999.000,9999.000,9999.000,9999.000,9999.000,9999.000
202607270948,   3.732,9999.000,9999.000,9999.000,9999.000,9999.000,9999.000,9999.000,9999.000
202607270954,   3.743,9999.000,9999.000,9999.000,9999.000,9999.000,9999.000,9999.000,9999.000
202607271000,   3.754,9999.000,  -0.300,9999.000,   3.454,  -0.400,   3.354,  -0.300,   3.454
202607271006,   3.764,9999.000,9999.000,9999.000,9999.000,9999.000,9999.000,9999.000,9999.000
202607271012,   3.774,9999.000,9999.000,9999.000,9999.000,9999.000,9999.000,9999.000,9999.000
202607271018,   3.783,9999.000,9999.000,9999.000,9999.000,9999.000,9999.000,9999.000,9999.000
202607271024,   3.790,9999.000,9999.000,9999.000,9999.000,9999.000,9999.000,9999.000,9999.000
202607271030,   3.797,9999.000,9999.000,9999.000,9999.000,9999.000,9999.000,9999.000,9999.000
202607271036,   3.803,9999.000,9999.000,9999.000,9999.000,9999.000,9999.000,9999.000,9999.000
202607271042,   3.808,9999.000,9999.000,9999.000,9999.000,9999.000,9999.000,9999.000,9999.000
202607271048,   3.812,9999.000,9999.000,9999.000,9999.000,9999.000,9999.000,9999.000,9999.000
202607271054,   3.814,9999.000,9999.000,9999.000,9999.000,9999.000,9999.000,9999.000,9999.000
202607271100,   3.815,9999.000,  -0.300,9999.000,   3.515,  -0.400,   3.415,  -0.200,   3.615
202607271106,   3.814,9999.000,9999.000,9999.000,9999.000,9999.000,9999.000,9999.000,9999.000
202607271112,   3.812,9999.000,9999.000,9999.000,9999.000,9999.000,9999.000,9999.000,9999.000
202607271118,   3.808,9999.000,9999.000,9999.000,9999.000,9999.000,9999.000,9999.000,9999.000
202607271124,   3.803,9999.000,9999.000,9999.000,9999.000,9999.000,9999.000,9999.000,9999.000
202607271130,   3.795,9999.000,9999.000,9999.000,9999.000,9999.000,9999.000,9999.000,9999.000
202607271136,   3.786,9999.000,9999.000,9999.000,9999.000,9999.000,9999.000,9999.000,9999.000
202607271142,   3.775,9999.000,9999.000,9999.000,9999.000,9999.000,9999.000,9999.000,9999.000
202607271148,   3.762,9999.000,9999.000,9999.000,9999.000,9999.000,9999.000,9999.000,9999.000
202607271154,   3.747,9999.000,9999.000,9999.000,9999.000,9999.000,9999.000,9999.000,9999.000
202607271200,   3.730,9999.000,  -0.300,9999.000,   3.430,  -0.400,   3.330,  -0.200,   3.530
202607271206,   3.711,9999.000,9999.000,9999.000,9999.000,9999.000,9999.000,9999.000,9999.000
202607271212,   3.690,9999.000,9999.000,9999.000,9999.000,9999.000,9999.000,9999.000,9999.000
202607271218,   3.666,9999.000,9999.000,9999.000,9999.000,9999.000,9999.000,9999.000,9999.000
202607271224,   3.640,9999.000,9999.000,9999.000,9999.000,9999.000,9999.000,9999.000,9999.000
202607271230,   3.612,9999.000,9999.000,9999.000,9999.000,9999.000,9999.000,9999.000,9999.000
202607271236,   3.582,9999.000,9999.000,9999.000,9999.000,9999.000,9999.000,9999.000,9999.000
202607271242,   3.549,9999.000,9999.000,9999.000,9999.000,9999.000,9999.000,9999.000,9999.000
202607271248,   3.514,9999.000,9999.000,9999.000,9999.000,9999.000,9999.000,9999.000,9999.000
202607271254,   3.476,9999.000,9999.000,9999.000,9999.000,9999.000,9999.000,9999.000,9999.000
202607271300,   3.437,9999.000,  -0.300,9999.000,   3.137,  -0.400,   3.037,  -0.200,   3.237
202607271306,   3.394,9999.000,9999.000,9999.000,9999.000,9999.000,9999.000,9999.000,9999.000
202607271312,   3.350,9999.000,9999.000,9999.000,9999.000,9999.000,9999.000,9999.000,9999.000
202607271318,   3.303,9999.000,9999.000,9999.000,9999.000,9999.000,9999.000,9999.000,9999.000
202607271324,   3.254,9999.000,9999.000,9999.000,9999.000,9999.000,9999.000,9999.000,9999.000
202607271330,   3.202,9999.000,9999.000,9999.000,9999.000,9999.000,9999.000,9999.000,9999.000
202607271336,   3.149,9999.000,9999.000,9999.000,9999.000,9999.000,9999.000,9999.000,9999.000
202607271342,   3.093,9999.000,9999.000,9999.000,9999.000,9999.000,9999.000,9999.000,9999.000
202607271348,   3.035,9999.000,9999.000,9999.000,9999.000,9999.000,9999.000,9999.000,9999.000
202607271354,   2.974,9999.000,9999.000,9999.000,9999.000,9999.000,9999.000,9999.000,9999.000
202607271400,   2.912,9999.000,  -0.300,9999.000,   2.612,  -0.400,   2.512,  -0.200,   2.712
202607271406,   2.848,9999.000,9999.000,9999.000,9999.000,9999.000,9999.000,9999.000,9999.000
202607271412,   2.782,9999.000,9999.000,9999.000,9999.000,9999.000,9999.000,9999.000,9999.000
202607271418,   2.714,9999.000,9999.000,9999.000,9999.000,9999.000,9999.000,9999.000,9999.000
202607271424,   2.644,9999.000,9999.000,9999.000,9999.000,9999.000,9999.000,9999.000,9999.000
202607271430,   2.573,9999.000,9999.000,9999.000,9999.000,9999.000,9999.000,9999.000,9999.000
202607271436,   2.500,9999.000,9999.000,9999.000,9999.000,9999.000,9999.000,9999.000,9999.000
202607271442,   2.426,9999.000,9999.000,9999.000,9999.000,9999.000,9999.000,9999.000,9999.000
202607271448,   2.350,9999.000,9999.000,9999.000,9999.000,9999.000,9999.000,9999.000,9999.000
202607271454,   2.273,9999.000,9999.000,9999.000,9999.000,9999.000,9999.000,9999.000,9999.000
202607271500,   2.195,9999.000,  -0.300,9999.000,   1.895,  -0.400,   1.795,  -0.200,   1.995
202607271506,   2.116,9999.000,9999.000,9999.000,9999.000,9999.000,9999.000,9999.000,9999.000
202607271512,   2.035,9999.000,9999.000,9999.000,9999.000,9999.000,9999.000,9999.000,9999.000
202607271518,   1.954,9999.000,9999.000,9999.000,9999.000,9999.000,9999.000,9999.000,9999.000
202607271524,   1.873,9999.000,9999.000,9999.000,9999.000,9999.000,9999.000,9999.000,9999.000
202607271530,   1.790,9999.000,9999.000,9999.000,9999.000,9999.000,9999.000,9999.000,9999.000
202607271536,   1.708,9999.000,9999.000,9999.000,9999.000,9999.000,9999.000,9999.000,9999.000
202607271542,   1.624,9999.000,9999.000,9999.000,9999.000,9999.000,9999.000,9999.000,9999.000
202607271548,   1.541,9999.000,9999.000,9999.000,9999.000,9999.000,9999.000,9999.000,9999.000
202607271554,   1.458,9999.000,9999.000,9999.000,9999.000,9999.000,9999.000,9999.000,9999.000
202607271600,   1.374,9999.000,  -0.300,9999.000,   1.074,  -0.400,   0.974,  -0.200,   1.174
202607271606,   1.291,9999.000,9999.000,9999.000,9999.000,9999.000,9999.000,9999.000,9999.000
202607271612,   1.208,9999.000,9999.000,9999.000,9999.000,9999.000,9999.000,9999.000,9999.000
202607271618,   1.126,9999.000,9999.000,9999.000,9999.000,9999.000,9999.000,9999.000,9999.000
202607271624,   1.044,9999.000,9999.000,9999.000,9999.000,9999.000,9999.000,9999.000,9999.000
202607271630,   0.962,9999.000,9999.000,9999.000,9999.000,9999.000,9999.000,9999.000,9999.000
202607271636,   0.882,9999.000,9999.000,9999.000,9999.000,9999.000,9999.000,9999.000,9999.000
202607271642,   0.802,9999.000,9999.000,9999.000,9999.000,9999.000,9999.000,9999.000,9999.000
202607271648,   0.723,9999.000,9999.000,9999.000,9999.000,9999.000,9999.000,9999.000,9999.000
202607271654,   0.646,9999.000,9999.000,9999.000,9999.000,9999.000,9999.000,9999.000,9999.000
202607271700,   0.570,9999.000,  -0.300,9999.000,   0.270,  -0.300,   0.270,  -0.200,   0.370
202607271706,   0.495,9999.000,9999.000,9999.000,9999.000,9999.000,9999.000,9999.000,9999.000
202607271712,   0.422,9999.000,9999.000,9999.000,9999.000,9999.000,9999.000,9999.000,9999.000
202607271718,   0.350,9999.000,9999.000,9999.000,9999.000,9999.000,9999.000,9999.000,9999.000
202607271724,   0.280,9999.000,9999.000,9999.000,9999.000,9999.000,9999.000,9999.000,9999.000
202607271730,   0.212,9999.000,9999.000,9999.000,9999.000,9999.000,9999.000,9999.000,9999.000
202607271736,   0.146,9999.000,9999.000,9999.000,9999.000,9999.000,9999.000,9999.000,9999.000
202607271742,   0.082,9999.000,9999.000,9999.000,9999.000,9999.000,9999.000,9999.000,9999.000
202607271748,   0.020,9999.000,9999.000,9999.000,9999.000,9999.000,9999.000,9999.000,9999.000
202607271754,  -0.039,9999.000,9999.000,9999.000,9999.000,9999.000,9999.000,9999.000,9999.000
202607271800,  -0.096,9999.000,  -0.300,9999.000,  -0.396,  -0.300,  -0.396,  -0.200,  -0.296
202607271806,  -0.151,9999.000,9999.000,9999.000,9999.000,9999.000,9999.000,9999.000,9999.000
202607271812,  -0.204,9999.000,9999.000,9999.000,9999.000,9999.000,9999.000,9999.000,9999.000
202607271818,  -0.254,9999.000,9999.000,9999.000,9999.000,9999.000,9999.000,9999.000,9999.000
202607271824,  -0.301,9999.000,9999.000,9999.000,9999.000,9999.000,9999.000,9999.000,9999.000
202607271830,  -0.346,9999.000,9999.000,9999.000,9999.000,9999.000,9999.000,9999.000,9999.000
202607271836,  -0.388,9999.000,9999.000,9999.000,9999.000,9999.000,9999.000,9999.000,9999.000
202607271842,  -0.427,9999.000,9999.000,9999.000,9999.000,9999.000,9999.000,9999.000,9999.000
202607271848,  -0.463,9999.000,9999.000,9999.000,9999.000,9999.000,9999.000,9999.000,9999.000
202607271854,  -0.496,9999.000,9999.000,9999.000,9999.000,9999.000,9999.000,9999.000,9999.000
202607271900,  -0.526,9999.000,  -0.300,9999.000,  -0.826,  -0.400,  -0.926,  -0.200,  -0.726
202607271906,  -0.554,9999.000,9999.000,9999.000,9999.000,9999.000,9999.000,9999.000,9999.000
202607271912,  -0.578,9999.000,9999.000,9999.000,9999.000,9999.000,9999.000,9999.000,9999.000
202607271918,  -0.599,9999.000,9999.000,9999.000,9999.000,9999.000,9999.000,9999.000,9999.000
202607271924,  -0.617,9999.000,9999.000,9999.000,9999.000,9999.000,9999.000,9999.000,9999.000
202607271930,  -0.632,9999.000,9999.000,9999.000,9999.000,9999.000,9999.000,9999.000,9999.000
202607271936,  -0.644,9999.000,9999.000,9999.000,9999.000,9999.000,9999.000,9999.000,9999.000
202607271942,  -0.652,9999.000,9999.000,9999.000,9999.000,9999.000,9999.000,9999.000,9999.000
202607271948,  -0.657,9999.000,9999.000,9999.000,9999.000,9999.000,9999.000,9999.000,9999.000
202607271954,  -0.659,9999.000,9999.000,9999.000,9999.000,9999.000,9999.000,9999.000,9999.000
202607272000,  -0.658,9999.000,  -0.300,9999.000,  -0.958,  -0.400,  -1.058,  -0.200,  -0.858
202607272006,  -0.654,9999.000,9999.000,9999.000,9999.000,9999.000,9999.000,9999.000,9999.000
202607272012,  -0.647,9999.000,9999.000,9999.000,9999.000,9999.000,9999.000,9999.000,9999.000
202607272018,  -0.636,9999.000,9999.000,9999.000,9999.000,9999.000,9999.000,9999.000,9999.000
202607272024,  -0.622,9999.000,9999.000,9999.000,9999.000,9999.000,9999.000,9999.000,9999.000
202607272030,  -0.606,9999.000,9999.000,9999.000,9999.000,9999.000,9999.000,9999.000,9999.000
202607272036,  -0.586,9999.000,9999.000,9999.000,9999.000,9999.000,9999.000,9999.000,9999.000
202607272042,  -0.563,9999.000,9999.000,9999.000,9999.000,9999.000,9999.000,9999.000,9999.000
202607272048,  -0.537,9999.000,9999.000,9999.000,9999.000,9999.000,9999.000,9999.000,9999.000
202607272054,  -0.508,9999.000,9999.000,9999.000,9999.000,9999.000,9999.000,9999.000,9999.000
202607272100,  -0.476,9999.000,  -0.300,9999.000,  -0.776,  -0.300,  -0.776,  -0.200,  -0.676
202607272106,  -0.441,9999.000,9999.000,9999.000,9999.000,9999.000,9999.000,9999.000,9999.000
202607272112,  -0.404,9999.000,9999.000,9999.000,9999.000,9999.000,9999.000,9999.000,9999.000
202607272118,  -0.363,9999.000,9999.000,9999.000,9999.000,9999.000,9999.000,9999.000,9999.000
202607272124,  -0.321,9999.000,9999.000,9999.000,9999.000,9999.000,9999.000,9999.000,9999.000
202607272130,  -0.275,9999.000,9999.000,9999.000,9999.000,9999.000,9999.000,9999.000,9999.000
202607272136,  -0.227,9999.000,9999.000,9999.000,9999.000,9999.000,9999.000,9999.000,9999.000
202607272142,  -0.177,9999.000,9999.000,9999.000,9999.000,9999.000,9999.000,9999.000,9999.000
202607272148,  -0.124,9999.000,9999.000,9999.000,9999.000,9999.000,9999.000,9999.000,9999.000
202607272154,  -0.069,9999.000,9999.000,9999.000,9999.000,9999.000,9999.000,9999.000,9999.000
202607272200,  -0.012,9999.000,  -0.200,9999.000,  -0.212,  -0.300,  -0.312,  -0.200,  -0.212
202607272206,   0.046,9999.000,9999.000,9999.000,9999.000,9999.000,9999.000,9999.000,9999.000
202607272212,   0.107,9999.000,9999.000,9999.000,9999.000,9999.000,9999.000,9999.000,9999.000
202607272218,   0.170,9999.000,9999.000,9999.000,9999.000,9999.000,9999.000,9999.000,9999.000
202607272224,   0.234,9999.000,9999.000,9999.000,9999.000,9999.000,9999.000,9999.000,9999.000
202607272230,   0.301,9999.000,9999.000,9999.000,9999.000,9999.000,9999.000,9999.000,9999.000
202607272236,   0.368,9999.000,9999.000,9999.000,9999.000,9999.000,9999.000,9999.000,9999.000
202607272242,   0.437,9999.000,9999.000,9999.000,9999.000,9999.000,9999.000,9999.000,9999.000
202607272248,   0.508,9999.000,9999.000,9999.000,9999.000,9999.000,9999.000,9999.000,9999.000
202607272254,   0.579,9999.000,9999.000,9999.000,9999.000,9999.000,9999.000,9999.000,9999.000
202607272300,   0.651,9999.000,  -0.200,9999.000,   0.451,  -0.300,   0.351,  -0.100,   0.551
202607272306,   0.725,9999.000,9999.000,9999.000,9999.000,9999.000,9999.000,9999.000,9999.000
202607272312,   0.799,9999.000,9999.000,9999.000,9999.000,9999.000,9999.000,9999.000,9999.000
202607272318,   0.874,9999.000,9999.000,9999.000,9999.000,9999.000,9999.000,9999.000,9999.000
202607272324,   0.949,9999.000,9999.000,9999.000,9999.000,9999.000,9999.000,9999.000,9999.000
202607272330,   1.024,9999.000,9999.000,9999.000,9999.000,9999.000,9999.000,9999.000,9999.000
202607272336,   1.100,9999.000,9999.000,9999.000,9999.000,9999.000,9999.000,9999.000,9999.000
202607272342,   1.176,9999.000,9999.000,9999.000,9999.000,9999.000,9999.000,9999.000,9999.000
202607272348,   1.252,9999.000,9999.000,9999.000,9999.000,9999.000,9999.000,9999.000,9999.000
202607272354,   1.328,9999.000,9999.000,9999.000,9999.000,9999.000,9999.000,9999.000,9999.000
202607280000,   1.404,9999.000,  -0.200,9999.000,   1.204,  -0.300,   1.104,  -0.100,   1.304
202607280006,   1.479,9999.000,9999.000,9999.000,9999.000,9999.000,9999.000,9999.000,9999.000
202607280012,   1.554,9999.000,9999.000,9999.000,9999.000,9999.000,9999.000,9999.000,9999.000
202607280018,   1.628,9999.000,9999.000,9999.000,9999.000,9999.000,9999.000,9999.000,9999.000
202607280024,   1.702,9999.000,9999.000,9999.000,9999.000,9999.000,9999.000,9999.000,9999.000
202607280030,   1.775,9999.000,9999.000,9999.000,9999.000,9999.000,9999.000,9999.000,9999.000
202607280036,   1.847,9999.000,9999.000,9999.000,9999.000,9999.000,9999.000,9999.000,9999.000
202607280042,   1.918,9999.000,9999.000,9999.000,9999.000,9999.000,9999.000,9999.000,9999.000
202607280048,   1.988,9999.000,9999.000,9999.000,9999.000,9999.000,9999.000,9999.000,9999.000
202607280054,   2.056,9999.000,9999.000,9999.000,9999.000,9999.000,9999.000,9999.000,9999.000
202607280100,   2.124,9999.000,  -0.200,9999.000,   1.924,  -0.300,   1.824,  -0.100,   2.024
202607280106,   2.190,9999.000,9999.000,9999.000,9999.000,9999.000,9999.000,9999.000,9999.000
202607280112,   2.255,9999.000,9999.000,9999.000,9999.000,9999.000,9999.000,9999.000,9999.000
202607280118,   2.318,9999.000,9999.000,9999.000,9999.000,9999.000,9999.000,9999.000,9999.000
202607280124,   2.380,9999.000,9999.000,9999.000,9999.000,9999.000,9999.000,9999.000,9999.000
202607280130,   2.440,9999.000,9999.000,9999.000,9999.000,9999.000,9999.000,9999.000,9999.000
202607280136,   2.498,9999.000,9999.000,9999.000,9999.000,9999.000,9999.000,9999.000,9999.000
202607280142,   2.555,9999.000,9999.000,9999.000,9999.000,9999.000,9999.000,9999.000,9999.000
202607280148,   2.610,9999.000,9999.000,9999.000,9999.000,9999.000,9999.000,9999.000,9999.000
202607280154,   2.663,9999.000,9999.000,9999.000,9999.000,9999.000,9999.000,9999.000,9999.000
202607280200,   2.715,9999.000,  -0.200,9999.000,   2.515,  -0.300,   2.415,  -0.100,   2.615
202607280206,   2.765,9999.000,9999.000,9999.000,9999.000,9999.000,9999.000,9999.000,9999.000
202607280212,   2.812,9999.000,9999.000,9999.000,9999.000,9999.000,9999.000,9999.000,9999.000
202607280218,   2.858,9999.000,9999.000,9999.000,9999.000,9999.000,9999.000,9999.000,9999.000
202607280224,   2.902,9999.000,9999.000,9999.000,9999.000,9999.000,9999.000,9999.000,9999.000
202607280230,   2.945,9999.000,9999.000,9999.000,9999.000,9999.000,9999.000,9999.000,9999.000
202607280236,   2.985,9999.000,9999.000,9999.000,9999.000,9999.000,9999.000,9999.000,9999.000
202607280242,   3.023,9999.000,9999.000,9999.000,9999.000,9999.000,9999.000,9999.000,9999.000
202607280248,   3.060,9999.000,9999.000,9999.000,9999.000,9999.000,9999.000,9999.000,9999.000
202607280254,   3.095,9999.000,9999.000,9999.000,9999.000,9999.000,9999.000,9999.000,9999.000
202607280300,   3.128,9999.000,  -0.200,9999.000,   2.928,  -0.300,   2.828,  -0.100,   3.028
202607280306,   3.159,9999.000,9999.000,9999.000,9999.000,9999.000,9999.000,9999.000,9999.000
202607280312,   3.188,9999.000,9999.000,9999.000,9999.000,9999.000,9999.000,9999.000,9999.000
202607280318,   3.216,9999.000,9999.000,9999.000,9999.000,9999.000,9999.000,9999.000,9999.000
202607280324,   3.242,9999.000,9999.000,9999.000,9999.000,9999.000,9999.000,9999.000,9999.000
202607280330,   3.266,9999.000,9999.000,9999.000,9999.000,9999.000,9999.000,9999.000,9999.000
202607280336,   3.289,9999.000,9999.000,9999.000,9999.000,9999.000,9999.000,9999.000,9999.000
202607280342,   3.310,9999.000,9999.000,9999.000,9999.000,9999.000,9999.000,9999.000,9999.000
202607280348,   3.330,9999.000,9999.000,9999.000,9999.000,9999.000,9999.000,9999.000,9999.000
202607280354,   3.348,9999.000,9999.000,9999.000,9999.000,9999.000,9999.000,9999.000,9999.000
202607280400,   3.365,9999.000,  -0.200,9999.000,   3.165,  -0.300,   3.065,  -0.100,   3.265
202607280406,   3.380,9999.000,9999.000,9999.000,9999.000,9999.000,9999.000,9999.000,9999.000
202607280412,   3.394,9999.000,9999.000,9999.000,9999.000,9999.000,9999.000,9999.000,9999.000
202607280418,   3.407,9999.000,9999.000,9999.000,9999.000,9999.000,9999.000,9999.000,9999.000
202607280424,   3.419,9999.000,9999.000,9999.000,9999.000,9999.000,9999.000,9999.000,9999.000
202607280430,   3.430,9999.000,9999.000,9999.000,9999.000,9999.000,9999.000,9999.000,9999.000
202607280436,   3.439,9999.000,9999.000,9999.000,9999.000,9999.000,9999.000,9999.000,9999.000
202607280442,   3.448,9999.000,9999.000,9999.000,9999.000,9999.000,9999.000,9999.000,9999.000
202607280448,   3.456,9999.000,9999.000,9999.000,9999.000,9999.000,9999.000,9999.000,9999.000
202607280454,   3.463,9999.000,9999.000,9999.000,9999.000,9999.000,9999.000,9999.000,9999.000
202607280500,   3.469,9999.000,  -0.200,9999.000,   3.269,  -0.300,   3.169,  -0.100,   3.369
202607280506,   3.474,9999.000,9999.000,9999.000,9999.000,9999.000,9999.000,9999.000,9999.000
202607280512,   3.479,9999.000,9999.000,9999.000,9999.000,9999.000,9999.000,9999.000,9999.000
202607280518,   3.483,9999.000,9999.000,9999.000,9999.000,9999.000,9999.000,9999.000,9999.000
202607280524,   3.487,9999.000,9999.000,9999.000,9999.000,9999.000,9999.000,9999.000,9999.000
202607280530,   3.490,9999.000,9999.000,9999.000,9999.000,9999.000,9999.000,9999.000,9999.000
202607280536,   3.493,9999.000,9999.000,9999.000,9999.000,9999.000,9999.000,9999.000,9999.000
202607280542,   3.495,9999.000,9999.000,9999.000,9999.000,9999.000,9999.000,9999.000,9999.000
202607280548,   3.498,9999.000,9999.000,9999.000,9999.000,9999.000,9999.000,9999.000,9999.000
202607280554,   3.499,9999.000,9999.000,9999.000,9999.000,9999.000,9999.000,9999.000,9999.000
202607280600,   3.501,9999.000,  -0.200,9999.000,   3.301,  -0.300,   3.201,  -0.100,   3.401
