        TIME,    TIDE,      OB,   SURGE,    BIAS,     TWL,SURGE90p,  TWL90p,SURGE10p,   TWL10p
202605050600,   2.748,   2.259,  -0.600,   0.111,   2.259,  -0.700,   2.159,  -0.600,   2.259
202605050606,   2.804,9999.000,9999.000,9999.000,9999.000,9999.000,9999.000,9999.000,9999.000
202605050612,   2.858,   2.377,9999.000,9999.000,9999.000,9999.000,9999.000,9999.000,9999.000
202605050618,   2.911,9999.000,9999.000,9999.000,9999.000,9999.000,9999.000,9999.000,9999.000
202605050624,   2.962,   2.499,9999.000,9999.000,9999.000,9999.000,9999.000,9999.000,9999.000
202605050630,   3.012,9999.000,9999.000,9999.000,9999.000,9999.000,9999.000,9999.000,9999.000
202605050636,   3.061,   2.660,9999.000,9999.000,9999.000,9999.000,9999.000,9999.000,9999.000
202605050642,   3.108,9999.000,9999.000,9999.000,9999.000,9999.000,9999.000,9999.000,9999.000
202605050648,   3.154,   2.738,9999.000,9999.000,9999.000,9999.000,9999.000,9999.000,9999.000
202605050654,   3.198,9999.000,9999.000,9999.000,9999.000,9999.000,9999.000,9999.000,9999.000
202605050700,   3.240,   2.768,  -0.700,   0.228,   2.768,  -0.700,   2.768,  -0.600,   2.868
202605050706,   3.281,   2.778,9999.000,9999.000,9999.000,9999.000,9999.000,9999.000,9999.000
202605050712,   3.321,   2.860,9999.000,9999.000,9999.000,9999.000,9999.000,9999.000,9999.000
202605050718,   3.359,   2.929,9999.000,9999.000,9999.000,9999.000,9999.000,9999.000,9999.000
202605050724,   3.396,   2.929,9999.000,9999.000,9999.000,9999.000,9999.000,9999.000,9999.000
202605050730,   3.431,   3.030,9999.000,9999.000,9999.000,9999.000,9999.000,9999.000,9999.000
202605050736,   3.465,   3.079,9999.000,9999.000,9999.000,9999.000,9999.000,9999.000,9999.000
202605050742,   3.497,   3.079,9999.000,9999.000,9999.000,9999.000,9999.000,9999.000,9999.000
202605050748,   3.527,   3.007,9999.000,9999.000,9999.000,9999.000,9999.000,9999.000,9999.000
202605050754,   3.556,   3.040,9999.000,9999.000,9999.000,9999.000,9999.000,9999.000,9999.000
202605050800,   3.584,   3.040,  -0.700,   0.156,   3.040,  -0.800,   2.940,  -0.700,   3.040
202605050806,   3.610,   3.089,9999.000,9999.000,9999.000,9999.000,9999.000,9999.000,9999.000
202605050812,   3.634,   3.217,9999.000,9999.000,9999.000,9999.000,9999.000,9999.000,9999.000
202605050818,   3.657,   3.240,9999.000,9999.000,9999.000,9999.000,9999.000,9999.000,9999.000
202605050824,   3.679,   3.250,9999.000,9999.000,9999.000,9999.000,9999.000,9999.000,9999.000
202605050830,   3.699,   3.188,9999.000,9999.000,9999.000,9999.000,9999.000,9999.000,9999.000
202605050836,   3.718,   3.168,9999.000,9999.000,9999.000,9999.000,9999.000,9999.000,9999.000
202605050842,   3.735,   3.217,9999.000,9999.000,9999.000,9999.000,9999.000,9999.000,9999.000
202605050848,   3.751,   3.230,9999.000,9999.000,9999.000,9999.000,9999.000,9999.000,9999.000
202605050854,   3.766,   3.289,9999.000,9999.000,9999.000,9999.000,9999.000,9999.000,9999.000
202605050900,   3.779,   3.250,  -0.700,   0.171,   3.250,  -0.800,   3.150,  -0.700,   3.250
202605050906,   3.791,   3.309,9999.000,9999.000,9999.000,9999.000,9999.000,9999.000,9999.000
202605050912,   3.802,   3.309,9999.000,9999.000,9999.000,9999.000,9999.000,9999.000,9999.000
202605050918,   3.812,   3.329,9999.000,9999.000,9999.000,9999.000,9999.000,9999.000,9999.000
202605050924,   3.821,   3.339,9999.000,9999.000,9999.000,9999.000,9999.000,9999.000,9999.000
202605050930,   3.829,   3.260,9999.000,9999.000,9999.000,9999.000,9999.000,9999.000,9999.000
202605050936,   3.835,   3.319,9999.000,9999.000,9999.000,9999.000,9999.000,9999.000,9999.000
202605050942,   3.841,   3.250,9999.000,9999.000,9999.000,9999.000,9999.000,9999.000,9999.000
202605050948,   3.846,   3.358,9999.000,9999.000,9999.000,9999.000,9999.000,9999.000,9999.000
202605050954,   3.850,   3.407,9999.000,9999.000,9999.000,9999.000,9999.000,9999.000,9999.000
202605051000,   3.853,   3.417,  -0.800,   0.364,   3.417,  -0.800,   3.417,  -0.700,   3.517
202605051006,   3.855,   3.358,9999.000,9999.000,9999.000,9999.000,9999.000,9999.000,9999.000
202605051012,   3.857,   3.309,9999.000,9999.000,9999.000,9999.000,9999.000,9999.000,9999.000
202605051018,   3.858,   3.299,9999.000,9999.000,9999.000,9999.000,9999.000,9999.000,9999.000
202605051024,   3.858,   3.378,9999.000,9999.000,9999.000,9999.000,9999.000,9999.000,9999.000
202605051030,   3.858,   3.388,9999.000,9999.000,9999.000,9999.000,9999.000,9999.000,9999.000
202605051036,   3.857,   3.398,9999.000,9999.000,9999.000,9999.000,9999.000,9999.000,9999.000
202605051042,   3.856,   3.368,9999.000,9999.000,9999.000,9999.000,9999.000,9999.000,9999.000
202605051048,   3.855,   3.398,9999.000,9999.000,9999.000,9999.000,9999.000,9999.000,9999.000
202605051054,   3.853,   3.358,9999.000,9999.000,9999.000,9999.000,9999.000,9999.000,9999.000
202605051100,   3.850,   3.368,  -0.700,   0.218,   3.368,  -0.800,   3.268,  -0.700,   3.368
202605051106,   3.848,   3.299,9999.000,9999.000,9999.000,9999.000,9999.000,9999.000,9999.000
202605051112,   3.845,   3.319,9999.000,9999.000,9999.000,9999.000,9999.000,9999.000,9999.000
202605051118,   3.841,   3.378,9999.000,9999.000,9999.000,9999.000,9999.000,9999.000,9999.000
202605051124,   3.838,   3.348,9999.000,9999.000,9999.000,9999.000,9999.000,9999.000,9999.000
202605051130,   3.834,   3.378,9999.000,9999.000,9999.000,9999.000,9999.000,9999.000,9999.000
202605051136,   3.830,   3.358,9999.000,9999.000,9999.000,9999.000,9999.000,9999.000,9999.000
202605051142,   3.826,   3.378,9999.000,9999.000,9999.000,9999.000,9999.000,9999.000,9999.000
202605051148,   3.822,   3.279,9999.000,9999.000,9999.000,9999.000,9999.000,9999.000,9999.000
202605051154,   3.817,   3.358,9999.000,9999.000,9999.000,9999.000,9999.000,9999.000,9999.000
202605051200,   3.813,   3.348,  -0.700,   0.235,   3.348,  -0.800,   3.248,  -0.700,   3.348
202605051206,   3.808,   3.427,9999.000,9999.000,9999.000,9999.000,9999.000,9999.000,9999.000
202605051212,   3.803,   3.378,9999.000,9999.000,9999.000,9999.000,9999.000,9999.000,9999.000
202605051218,   3.797,   3.358,9999.000,9999.000,9999.000,9999.000,9999.000,9999.000,9999.000
202605051224,   3.792,   3.368,9999.000,9999.000,9999.000,9999.000,9999.000,9999.000,9999.000
202605051230,   3.786,   3.299,9999.000,9999.000,9999.000,9999.000,9999.000,9999.000,9999.000
202605051236,   3.780,   3.358,9999.000,9999.000,9999.000,9999.000,9999.000,9999.000,9999.000
202605051242,   3.774,   3.289,9999.000,9999.000,9999.000,9999.000,9999.000,9999.000,9999.000
202605051248,   3.767,   3.279,9999.000,9999.000,9999.000,9999.000,9999.000,9999.000,9999.000
202605051254,   3.761,   3.299,9999.000,9999.000,9999.000,9999.000,9999.000,9999.000,9999.000
202605051300,   3.754,   3.358,  -0.700,   0.304,   3.358,  -0.800,   3.258,  -0.700,   3.358
202605051306,   3.746,   3.329,9999.000,9999.000,9999.000,9999.000,9999.000,9999.000,9999.000
202605051312,   3.738,   3.309,9999.000,9999.000,9999.000,9999.000,9999.000,9999.000,9999.000
202605051318,   3.730,   3.270,9999.000,9999.000,9999.000,9999.000,9999.000,9999.000,9999.000
202605051324,   3.722,   3.250,9999.000,9999.000,9999.000,9999.000,9999.000,9999.000,9999.000
202605051330,   3.713,   3.217,9999.000,9999.000,9999.000,9999.000,9999.000,9999.000,9999.000
202605051336,   3.704,   3.270,9999.000,9999.000,9999.000,9999.000,9999.000,9999.000,9999.000
202605051342,   3.694,   3.289,9999.000,9999.000,9999.000,9999.000,9999.000,9999.000,9999.000
202605051348,   3.684,   3.319,9999.000,9999.000,9999.000,9999.000,9999.000,9999.000,9999.000
202605051354,   3.673,   3.250,9999.000,9999.000,9999.000,9999.000,9999.000,9999.000,9999.000
202605051400,   3.662,   3.260,  -0.700,   0.298,   3.260,  -0.800,   3.160,  -0.700,   3.260
202605051406,   3.651,   3.207,9999.000,9999.000,9999.000,9999.000,9999.000,9999.000,9999.000
202605051412,   3.638,   3.188,9999.000,9999.000,9999.000,9999.000,9999.000,9999.000,9999.000
202605051418,   3.625,   3.168,9999.000,9999.000,9999.000,9999.000,9999.000,9999.000,9999.000
202605051424,   3.612,   3.119,9999.000,9999.000,9999.000,9999.000,9999.000,9999.000,9999.000
202605051430,   3.598,   3.178,9999.000,9999.000,9999.000,9999.000,9999.000,9999.000,9999.000
202605051436,   3.583,   3.188,9999.000,9999.000,9999.000,9999.000,9999.000,9999.000,9999.000
202605051442,   3.567,   3.207,9999.000,9999.000,9999.000,9999.000,9999.000,9999.000,9999.000
202605051448,   3.551,   3.109,9999.000,9999.000,9999.000,9999.000,9999.000,9999.000,9999.000
202605051454,   3.533,   3.089,9999.000,9999.000,9999.000,9999.000,9999.000,9999.000,9999.000
202605051500,   3.515,   3.040,  -0.800,   0.325,   3.040,  -0.800,   3.040,  -0.700,   3.140
202605051506,   3.497,   3.007,9999.000,9999.000,9999.000,9999.000,9999.000,9999.000,9999.000
202605051512,   3.477,   3.079,9999.000,9999.000,9999.000,9999.000,9999.000,9999.000,9999.000
202605051518,   3.456,   3.079,9999.000,9999.000,9999.000,9999.000,9999.000,9999.000,9999.000
202605051524,   3.434,   3.089,9999.000,9999.000,9999.000,9999.000,9999.000,9999.000,9999.000
202605051530,   3.411,   2.938,9999.000,9999.000,9999.000,9999.000,9999.000,9999.000,9999.000
202605051536,   3.387,   2.929,9999.000,9999.000,9999.000,9999.000,9999.000,9999.000,9999.000
202605051542,   3.362,   2.869,9999.000,9999.000,9999.000,9999.000,9999.000,9999.000,9999.000
202605051548,   3.336,   2.879,9999.000,9999.000,9999.000,9999.000,9999.000,9999.000,9999.000
202605051554,   3.309,   2.899,9999.000,9999.000,9999.000,9999.000,9999.000,9999.000,9999.000
202605051600,   3.280,   2.820,  -0.800,   0.340,   2.820,  -0.800,   2.820,  -0.800,   2.820
202605051606,   3.251,   2.820,9999.000,9999.000,9999.000,9999.000,9999.000,9999.000,9999.000
202605051612,   3.220,   2.728,9999.000,9999.000,9999.000,9999.000,9999.000,9999.000,9999.000
202605051618,   3.187,   2.768,9999.000,9999.000,9999.000,9999.000,9999.000,9999.000,9999.000
202605051624,   3.154,   2.669,9999.000,9999.000,9999.000,9999.000,9999.000,9999.000,9999.000
202605051630,   3.119,   2.660,9999.000,9999.000,9999.000,9999.000,9999.000,9999.000,9999.000
202605051636,   3.082,   2.597,9999.000,9999.000,9999.000,9999.000,9999.000,9999.000,9999.000
202605051642,   3.045,   2.558,9999.000,9999.000,9999.000,9999.000,9999.000,9999.000,9999.000
202605051648,   3.006,   2.578,9999.000,9999.000,9999.000,9999.000,9999.000,9999.000,9999.000
202605051654,   2.965,   2.528,9999.000,9999.000,9999.000,9999.000,9999.000,9999.000,9999.000
202605051700,   2.923,   2.499,  -0.800,   0.376,   2.499,  -0.800,   2.499,  -0.700,   2.599
202605051706,   2.880,   2.430,9999.000,9999.000,9999.000,9999.000,9999.000,9999.000,9999.000
202605051712,   2.835,   2.358,9999.000,9999.000,9999.000,9999.000,9999.000,9999.000,9999.000
202605051718,   2.789,   2.348,9999.000,9999.000,9999.000,9999.000,9999.000,9999.000,9999.000
202605051724,   2.742,   2.309,9999.000,9999.000,9999.000,9999.000,9999.000,9999.000,9999.000
202605051730,   2.693,   2.309,9999.000,9999.000,9999.000,9999.000,9999.000,9999.000,9999.000
202605051736,   2.643,   2.210,9999.000,9999.000,9999.000,9999.000,9999.000,9999.000,9999.000
202605051742,   2.591,   2.148,9999.000,9999.000,9999.000,9999.000,9999.000,9999.000,9999.000
202605051748,   2.539,   2.079,9999.000,9999.000,9999.000,9999.000,9999.000,9999.000,9999.000
202605051754,   2.485,   2.089,9999.000,9999.000,9999.000,9999.000,9999.000,9999.000,9999.000
202605051800,   2.430,   2.020,  -0.800,   0.390,   2.020,  -0.800,   2.020,  -0.700,   2.120
202605051806,   2.374,   1.958,9999.000,9999.000,9999.000,9999.000,9999.000,9999.000,9999.000
202605051812,   2.317,   1.879,9999.000,9999.000,9999.000,9999.000,9999.000,9999.000,9999.000
202605051818,   2.258,   1.790,9999.000,9999.000,9999.000,9999.000,9999.000,9999.000,9999.000
202605051824,   2.199,   1.820,9999.000,9999.000,9999.000,9999.000,9999.000,9999.000,9999.000
202605051830,   2.139,   1.767,9999.000,9999.000,9999.000,9999.000,9999.000,9999.000,9999.000
202605051836,   2.078,   1.708,9999.000,9999.000,9999.000,9999.000,9999.000,9999.000,9999.000
202605051842,   2.016,   1.600,9999.000,9999.000,9999.000,9999.000,9999.000,9999.000,9999.000
202605051848,   1.953,   1.508,9999.000,9999.000,9999.000,9999.000,9999.000,9999.000,9999.000
202605051854,   1.890,   1.430,9999.000,9999.000,9999.000,9999.000,9999.000,9999.000,9999.000
202605051900,   1.826,   1.410,  -0.700,   0.284,   1.410,  -0.800,   1.310,  -0.700,   1.410
202605051906,   1.761,   1.390,9999.000,9999.000,9999.000,9999.000,9999.000,9999.000,9999.000
202605051912,   1.696,   1.318,9999.000,9999.000,9999.000,9999.000,9999.000,9999.000,9999.000
202605051918,   1.630,   1.229,9999.000,9999.000,9999.000,9999.000,9999.000,9999.000,9999.000
202605051924,   1.564,   1.161,9999.000,9999.000,9999.000,9999.000,9999.000,9999.000,9999.000
202605051930,   1.498,   1.108,9999.000,9999.000,9999.000,9999.000,9999.000,9999.000,9999.000
202605051936,   1.431,   1.049,9999.000,9999.000,9999.000,9999.000,9999.000,9999.000,9999.000
202605051942,   1.364,   0.961,9999.000,9999.000,9999.000,9999.000,9999.000,9999.000,9999.000
202605051948,   1.297,   0.859,9999.000,9999.000,9999.000,9999.000,9999.000,9999.000,9999.000
202605051954,   1.230,   0.790,9999.000,9999.000,9999.000,9999.000,9999.000,9999.000,9999.000
202605052000,   1.163,   0.731,  -0.700,   0.268,   0.731,  -0.800,   0.631,  -0.700,   0.731
202605052006,   1.096,   0.688,9999.000,9999.000,9999.000,9999.000,9999.000,9999.000,9999.000
202605052012,   1.029,   0.619,9999.000,9999.000,9999.000,9999.000,9999.000,9999.000,9999.000
202605052018,   0.962,   0.551,9999.000,9999.000,9999.000,9999.000,9999.000,9999.000,9999.000
202605052024,   0.896,   0.459,9999.000,9999.000,9999.000,9999.000,9999.000,9999.000,9999.000
202605052030,   0.830,   0.390,9999.000,9999.000,9999.000,9999.000,9999.000,9999.000,9999.000
202605052036,   0.764,   0.360,9999.000,9999.000,9999.000,9999.000,9999.000,9999.000,9999.000
202605052042,   0.698,   0.268,9999.000,9999.000,9999.000,9999.000,9999.000,9999.000,9999.000
202605052048,   0.634,   0.200,9999.000,9999.000,9999.000,9999.000,9999.000,9999.000,9999.000
202605052054,   0.569,   0.121,9999.000,9999.000,9999.000,9999.000,9999.000,9999.000,9999.000
202605052100,   0.506,   0.078,  -0.700,   0.272,   0.078,  -0.800,  -0.022,  -0.700,   0.078
202605052106,   0.443,   0.009,9999.000,9999.000,9999.000,9999.000,9999.000,9999.000,9999.000
202605052112,   0.381,  -0.059,9999.000,9999.000,9999.000,9999.000,9999.000,9999.000,9999.000
202605052118,   0.320,  -0.141,9999.000,9999.000,9999.000,9999.000,9999.000,9999.000,9999.000
202605052124,   0.260,  -0.239,9999.000,9999.000,9999.000,9999.000,9999.000,9999.000,9999.000
202605052130,   0.201,  -0.219,9999.000,9999.000,9999.000,9999.000,9999.000,9999.000,9999.000
202605052136,   0.143,  -0.308,9999.000,9999.000,9999.000,9999.000,9999.000,9999.000,9999.000
202605052142,   0.087,  -0.308,9999.000,9999.000,9999.000,9999.000,9999.000,9999.000,9999.000
202605052148,   0.032,  -0.341,9999.000,9999.000,9999.000,9999.000,9999.000,9999.000,9999.000
202605052154,  -0.021,  -0.439,9999.000,9999.000,9999.000,9999.000,9999.000,9999.000,9999.000
202605052200,  -0.073,  -0.541,  -0.700,   0.232,  -0.541,  -0.800,  -0.641,  -0.700,  -0.541
202605052206,  -0.124,  -0.629,9999.000,9999.000,9999.000,9999.000,9999.000,9999.000,9999.000
202605052212,  -0.173,  -0.678,9999.000,9999.000,9999.000,9999.000,9999.000,9999.000,9999.000
202605052218,  -0.221,  -0.698,9999.000,9999.000,9999.000,9999.000,9999.000,9999.000,9999.000
202605052224,  -0.266,  -0.659,9999.000,9999.000,9999.000,9999.000,9999.000,9999.000,9999.000
202605052230,  -0.310,  -0.760,9999.000,9999.000,9999.000,9999.000,9999.000,9999.000,9999.000
202605052236,  -0.351,  -0.760,9999.000,9999.000,9999.000,9999.000,9999.000,9999.000,9999.000
202605052242,  -0.391,  -0.839,9999.000,9999.000,9999.000,9999.000,9999.000,9999.000,9999.000
202605052248,  -0.428,  -0.918,9999.000,9999.000,9999.000,9999.000,9999.000,9999.000,9999.000
202605052254,  -0.463,  -0.928,9999.000,9999.000,9999.000,9999.000,9999.000,9999.000,9999.000
202605052300,  -0.496,  -0.990,  -0.700,   0.206,  -0.990,  -0.800,  -1.090,  -0.700,  -0.990
202605052306,  -0.527,  -0.951,9999.000,9999.000,9999.000,9999.000,9999.000,9999.000,9999.000
202605052312,  -0.555,  -1.010,9999.000,9999.000,9999.000,9999.000,9999.000,9999.000,9999.000
202605052318,  -0.581,  -1.029,9999.000,9999.000,9999.000,9999.000,9999.000,9999.000,9999.000
202605052324,  -0.604,  -1.010,9999.000,9999.000,9999.000,9999.000,9999.000,9999.000,9999.000
202605052330,  -0.625,  -1.049,9999.000,9999.000,9999.000,9999.000,9999.000,9999.000,9999.000
202605052336,  -0.643,  -1.049,9999.000,9999.000,9999.000,9999.000,9999.000,9999.000,9999.000
202605052342,  -0.658,  -1.118,9999.000,9999.000,9999.000,9999.000,9999.000,9999.000,9999.000
202605052348,  -0.671,  -1.079,9999.000,9999.000,9999.000,9999.000,9999.000,9999.000,9999.000
202605052354,  -0.681,  -1.128,9999.000,9999.000,9999.000,9999.000,9999.000,9999.000,9999.000
202605060000,  -0.689,  -1.098,  -0.700,   0.291,  -1.098,  -0.800,  -1.198,  -0.700,  -1.098
202605060006,  -0.694,  -1.128,9999.000,9999.000,9999.000,9999.000,9999.000,9999.000,9999.000
202605060012,  -0.696,  -1.190,9999.000,9999.000,9999.000,9999.000,9999.000,9999.000,9999.000
202605060018,  -0.695,  -1.088,9999.000,9999.000,9999.000,9999.000,9999.000,9999.000,9999.000
202605060024,  -0.692,  -1.170,9999.000,9999.000,9999.000,9999.000,9999.000,9999.000,9999.000
202605060030,  -0.686,  -1.088,9999.000,9999.000,9999.000,9999.000,9999.000,9999.000,9999.000
202605060036,  -0.678,  -1.108,9999.000,9999.000,9999.000,9999.000,9999.000,9999.000,9999.000
202605060042,  -0.666,  -1.079,9999.000,9999.000,9999.000,9999.000,9999.000,9999.000,9999.000
202605060048,  -0.652,  -1.138,9999.000,9999.000,9999.000,9999.000,9999.000,9999.000,9999.000
202605060054,  -0.636,  -1.118,9999.000,9999.000,9999.000,9999.000,9999.000,9999.000,9999.000
202605060100,  -0.616,  -1.128,  -0.700,   0.188,  -1.128,  -0.800,  -1.228,  -0.700,  -1.128
202605060106,  -0.595,  -1.020,9999.000,9999.000,9999.000,9999.000,9999.000,9999.000,9999.000
202605060112,  -0.570,  -1.029,9999.000,9999.000,9999.000,9999.000,9999.000,9999.000,9999.000
202605060118,  -0.543,  -0.941,9999.000,9999.000,9999.000,9999.000,9999.000,9999.000,9999.000
202605060124,  -0.514,  -0.970,9999.000,9999.000,9999.000,9999.000,9999.000,9999.000,9999.000
202605060130,  -0.482,  -0.951,9999.000,9999.000,9999.000,9999.000,9999.000,9999.000,9999.000
202605060136,  -0.448,  -0.888,9999.000,9999.000,9999.000,9999.000,9999.000,9999.000,9999.000
202605060142,  -0.411,  -0.918,9999.000,9999.000,9999.000,9999.000,9999.000,9999.000,9999.000
202605060148,  -0.372,  -0.741,9999.000,9999.000,9999.000,9999.000,9999.000,9999.000,9999.000
202605060154,  -0.331,  -0.790,9999.000,9999.000,9999.000,9999.000,9999.000,9999.000,9999.000
202605060200,  -0.287,  -0.629,  -0.700,   0.358,  -0.629,  -0.800,  -0.729,  -0.700,  -0.629
202605060206,  -0.242,  -0.659,9999.000,9999.000,9999.000,9999.000,9999.000,9999.000,9999.000
202605060212,  -0.194,  -0.590,9999.000,9999.000,9999.000,9999.000,9999.000,9999.000,9999.000
202605060218,  -0.144,  -0.590,9999.000,9999.000,9999.000,9999.000,9999.000,9999.000,9999.000
202605060224,  -0.093,  -0.610,9999.000,9999.000,9999.000,9999.000,9999.000,9999.000,9999.000
202605060230,  -0.039,  -0.459,9999.000,9999.000,9999.000,9999.000,9999.000,9999.000,9999.000
202605060236,   0.015,  -0.400,9999.000,9999.000,9999.000,9999.000,9999.000,9999.000,9999.000
202605060242,   0.073,  -0.278,9999.000,9999.000,9999.000,9999.000,9999.000,9999.000,9999.000
202605060248,   0.131,  -0.298,9999.000,9999.000,9999.000,9999.000,9999.000,9999.000,9999.000
202605060254,   0.192,  -0.219,9999.000,9999.000,9999.000,9999.000,9999.000,9999.000,9999.000
202605060300,   0.254,  -0.170,  -0.700,   0.276,  -0.170,  -0.700,  -0.170,  -0.600,  -0.070
202605060306,   0.317,  -0.059,9999.000,9999.000,9999.000,9999.000,9999.000,9999.000,9999.000
202605060312,   0.382,  -0.059,9999.000,9999.000,9999.000,9999.000,9999.000,9999.000,9999.000
202605060318,   0.449,   0.039,9999.000,9999.000,9999.000,9999.000,9999.000,9999.000,9999.000
202605060324,   0.516,   0.131,9999.000,9999.000,9999.000,9999.000,9999.000,9999.000,9999.000
202605060330,   0.584,   0.160,9999.000,9999.000,9999.000,9999.000,9999.000,9999.000,9999.000
202605060336,   0.654,   0.298,9999.000,9999.000,9999.000,9999.000,9999.000,9999.000,9999.000
202605060342,   0.724,   0.400,9999.000,9999.000,9999.000,9999.000,9999.000,9999.000,9999.000
202605060348,   0.795,   0.409,9999.000,9999.000,9999.000,9999.000,9999.000,9999.000,9999.000
202605060354,   0.867,   0.449,9999.000,9999.000,9999.000,9999.000,9999.000,9999.000,9999.000
202605060400,   0.940,   0.619,  -0.600,   0.279,   0.619,  -0.700,   0.519,  -0.600,   0.619
202605060406,   1.013,   0.649,9999.000,9999.000,9999.000,9999.000,9999.000,9999.000,9999.000
202605060412,   1.086,   0.790,9999.000,9999.000,9999.000,9999.000,9999.000,9999.000,9999.000
202605060418,   1.160,   0.819,9999.000,9999.000,9999.000,9999.000,9999.000,9999.000,9999.000
202605060424,   1.234,   0.879,9999.000,9999.000,9999.000,9999.000,9999.000,9999.000,9999.000
202605060430,   1.308,   0.941,9999.000,9999.000,9999.000,9999.000,9999.000,9999.000,9999.000
202605060436,   1.382,   0.980,9999.000,9999.000,9999.000,9999.000,9999.000,9999.000,9999.000
202605060442,   1.456,   1.190,9999.000,9999.000,9999.000,9999.000,9999.000,9999.000,9999.000
202605060448,   1.530,   1.249,9999.000,9999.000,9999.000,9999.000,9999.000,9999.000,9999.000
202605060454,   1.603,   1.249,9999.000,9999.000,9999.000,9999.000,9999.000,9999.000,9999.000
202605060500,   1.676,   1.348,  -0.600,   0.272,   1.348,  -0.700,   1.248,  -0.600,   1.348
202605060506,   1.749,   1.430,9999.000,9999.000,9999.000,9999.000,9999.000,9999.000,9999.000
202605060512,   1.821,   1.489,9999.000,9999.000,9999.000,9999.000,9999.000,9999.000,9999.000
202605060518,   1.892,   1.548,9999.000,9999.000,9999.000,9999.000,9999.000,9999.000,9999.000
202605060524,   1.963,   1.708,9999.000,9999.000,9999.000,9999.000,9999.000,9999.000,9999.000
202605060530,   2.033,   1.767,9999.000,9999.000,9999.000,9999.000,9999.000,9999.000,9999.000
202605060536,   2.102,   1.748,9999.000,9999.000,9999.000,9999.000,9999.000,9999.000,9999.000
202605060542,   2.170,   1.849,9999.000,9999.000,9999.000,9999.000,9999.000,9999.000,9999.000
202605060548,   2.237,   1.928,9999.000,9999.000,9999.000,9999.000,9999.000,9999.000,9999.000
202605060554,   2.304,   2.030,9999.000,9999.000,9999.000,9999.000,9999.000,9999.000,9999.000
202605060600,   2.369,   2.069,  -0.700,   0.400,   2.069,  -0.800,   1.969,  -0.700,   2.069
202605060606,   2.432,   2.138,9999.000,9999.000,9999.000,9999.000,9999.000,9999.000,9999.000
202605060612,   2.495,   2.220,9999.000,9999.000,9999.000,9999.000,9999.000,9999.000,9999.000
202605060618,   2.556,   2.299,9999.000,9999.000,9999.000,9999.000,9999.000,9999.000,9999.000
202605060624,   2.617,   2.377,9999.000,9999.000,9999.000,9999.000,9999.000,9999.000,9999.000
202605060630,   2.675,   2.430,9999.000,9999.000,9999.000,9999.000,9999.000,9999.000,9999.000
202605060636,   2.733,   2.479,9999.000,9999.000,9999.000,9999.000,9999.000,9999.000,9999.000
202605060642,   2.789,   2.509,9999.000,9999.000,9999.000,9999.000,9999.000,9999.000,9999.000
202605060648,   2.843,   2.568,9999.000,9999.000,9999.000,9999.000,9999.000,9999.000,9999.000
202605060654,   2.897,   2.660,9999.000,9999.000,9999.000,9999.000,9999.000,9999.000,9999.000
202605060700,   2.948,   2.669,  -0.700,   0.421,   2.669,  -0.800,   2.569,  -0.600,   2.769
202605060706,   2.999,   2.820,9999.000,9999.000,9999.000,9999.000,9999.000,9999.000,9999.000
202605060712,   3.047,   2.860,9999.000,9999.000,9999.000,9999.000,9999.000,9999.000,9999.000
202605060718,   3.095,   2.869,9999.000,9999.000,9999.000,9999.000,9999.000,9999.000,9999.000
202605060724,   3.140,   2.850,9999.000,9999.000,9999.000,9999.000,9999.000,9999.000,9999.000
202605060730,   3.185,   2.958,9999.000,9999.000,9999.000,9999.000,9999.000,9999.000,9999.000
202605060736,   3.227,   2.948,9999.000,9999.000,9999.000,9999.000,9999.000,9999.000,9999.000
202605060742,   3.268,   3.007,9999.000,9999.000,9999.000,9999.000,9999.000,9999.000,9999.000
202605060748,   3.308,   3.099,9999.000,9999.000,9999.000,9999.000,9999.000,9999.000,9999.000
202605060754,   3.346,   3.138,9999.000,9999.000,9999.000,9999.000,9999.000,9999.000,9999.000
202605060800,   3.382,   3.148,  -0.700,   0.466,   3.148,  -0.800,   3.048,  -0.600,   3.248
202605060806,   3.417,   3.148,9999.000,9999.000,9999.000,9999.000,9999.000,9999.000,9999.000
202605060812,   3.451,   3.230,9999.000,9999.000,9999.000,9999.000,9999.000,9999.000,9999.000
202605060818,   3.483,   3.250,9999.000,9999.000,9999.000,9999.000,9999.000,9999.000,9999.000
202605060824,   3.513,   3.309,9999.000,9999.000,9999.000,9999.000,9999.000,9999.000,9999.000
202605060830,   3.541,   3.299,9999.000,9999.000,9999.000,9999.000,9999.000,9999.000,9999.000
202605060836,   3.569,   3.299,9999.000,9999.000,9999.000,9999.000,9999.000,9999.000,9999.000
202605060842,   3.594,   3.348,9999.000,9999.000,9999.000,9999.000,9999.000,9999.000,9999.000
202605060848,   3.618,   3.417,9999.000,9999.000,9999.000,9999.000,9999.000,9999.000,9999.000
202605060854,   3.641,   3.450,9999.000,9999.000,9999.000,9999.000,9999.000,9999.000,9999.000
202605060900,   3.662,   3.480,  -0.700,   0.518,   3.480,  -0.800,   3.380,  -0.600,   3.580
202605060906,   3.682,   3.489,9999.000,9999.000,9999.000,9999.000,9999.000,9999.000,9999.000
202605060912,   3.700,   3.460,9999.000,9999.000,9999.000,9999.000,9999.000,9999.000,9999.000
202605060918,   3.717,   3.450,9999.000,9999.000,9999.000,9999.000,9999.000,9999.000,9999.000
202605060924,   3.732,   3.509,9999.000,9999.000,9999.000,9999.000,9999.000,9999.000,9999.000
202605060930,   3.746,   3.548,9999.000,9999.000,9999.000,9999.000,9999.000,9999.000,9999.000
202605060936,   3.759,   3.548,9999.000,9999.000,9999.000,9999.000,9999.000,9999.000,9999.000
202605060942,   3.770,   3.509,9999.000,9999.000,9999.000,9999.000,9999.000,9999.000,9999.000
202605060948,   3.780,   3.578,9999.000,9999.000,9999.000,9999.000,9999.000,9999.000,9999.000
202605060954,   3.789,   3.627,9999.000,9999.000,9999.000,9999.000,9999.000,9999.000,9999.000
202605061000,   3.797,   3.568,  -0.600,   0.371,   3.568,  -0.700,   3.468,  -0.600,   3.568
202605061006,   3.804,   3.637,9999.000,9999.000,9999.000,9999.000,9999.000,9999.000,9999.000
202605061012,   3.809,   3.568,9999.000,9999.000,9999.000,9999.000,9999.000,9999.000,9999.000
202605061018,   3.814,   3.598,9999.000,9999.000,9999.000,9999.000,9999.000,9999.000,9999.000
202605061024,   3.818,   3.598,9999.000,9999.000,9999.000,9999.000,9999.000,9999.000,9999.000
202605061030,   3.821,   3.680,9999.000,9999.000,9999.000,9999.000,9999.000,9999.000,9999.000
202605061036,   3.822,   3.699,9999.000,9999.000,9999.000,9999.000,9999.000,9999.000,9999.000
202605061042,   3.824,   3.660,9999.000,9999.000,9999.000,9999.000,9999.000,9999.000,9999.000
202605061048,   3.824,   3.617,9999.000,9999.000,9999.000,9999.000,9999.000,9999.000,9999.000
202605061054,   3.824,   3.598,9999.000,9999.000,9999.000,9999.000,9999.000,9999.000,9999.000
202605061100,   3.823,   3.617,  -0.600,   0.394,   3.617,  -0.700,   3.517,  -0.600,   3.617
202605061106,   3.821,   3.598,9999.000,9999.000,9999.000,9999.000,9999.000,9999.000,9999.000
202605061112,   3.819,   3.709,9999.000,9999.000,9999.000,9999.000,9999.000,9999.000,9999.000
202605061118,   3.817,   3.680,9999.000,9999.000,9999.000,9999.000,9999.000,9999.000,9999.000
202605061124,   3.814,   3.637,9999.000,9999.000,9999.000,9999.000,9999.000,9999.000,9999.000
202605061130,   3.811,   3.650,9999.000,9999.000,9999.000,9999.000,9999.000,9999.000,9999.000
202605061136,   3.807,   3.627,9999.000,9999.000,9999.000,9999.000,9999.000,9999.000,9999.000
202605061142,   3.803,   3.627,9999.000,9999.000,9999.000,9999.000,9999.000,9999.000,9999.000
202605061148,   3.799,   3.617,9999.000,9999.000,9999.000,9999.000,9999.000,9999.000,9999.000
202605061154,   3.795,   3.689,9999.000,9999.000,9999.000,9999.000,9999.000,9999.000,9999.000
202605061200,   3.790,   3.689,  -0.500,   0.399,   3.689,  -0.600,   3.589,  -0.500,   3.689
202605061206,   3.785,   3.627,9999.000,9999.000,9999.000,9999.000,9999.000,9999.000,9999.000
202605061212,   3.781,   3.670,9999.000,9999.000,9999.000,9999.000,9999.000,9999.000,9999.000
202605061218,   3.775,   3.670,9999.000,9999.000,9999.000,9999.000,9999.000,9999.000,9999.000
202605061224,   3.770,   3.689,9999.000,9999.000,9999.000,9999.000,9999.000,9999.000,9999.000
202605061230,   3.765,   3.637,9999.000,9999.000,9999.000,9999.000,9999.000,9999.000,9999.000
202605061236,   3.760,   3.617,9999.000,9999.000,9999.000,9999.000,9999.000,9999.000,9999.000
202605061242,   3.754,   3.617,9999.000,9999.000,9999.000,9999.000,9999.000,9999.000,9999.000
202605061248,   3.749,   3.607,9999.000,9999.000,9999.000,9999.000,9999.000,9999.000,9999.000
202605061254,   3.743,   3.660,9999.000,9999.000,9999.000,9999.000,9999.000,9999.000,9999.000
202605061300,   3.737,   3.670,  -0.500,   0.433,   3.670,  -0.500,   3.670,  -0.500,   3.670
202605061306,   3.732,   3.680,9999.000,9999.000,9999.000,9999.000,9999.000,9999.000,9999.000
202605061312,   3.726,   3.617,9999.000,9999.000,9999.000,9999.000,9999.000,9999.000,9999.000
202605061318,   3.720,   3.598,9999.000,9999.000,9999.000,9999.000,9999.000,9999.000,9999.000
202605061324,   3.713,   3.558,9999.000,9999.000,9999.000,9999.000,9999.000,9999.000,9999.000
202605061330,   3.707,   3.598,9999.000,9999.000,9999.000,9999.000,9999.000,9999.000,9999.000
202605061336,   3.700,   3.680,9999.000,9999.000,9999.000,9999.000,9999.000,9999.000,9999.000
202605061342,   3.693,   3.680,9999.000,9999.000,9999.000,9999.000,9999.000,9999.000,9999.000
202605061348,   3.686,   3.650,9999.000,9999.000,9999.000,9999.000,9999.000,9999.000,9999.000
202605061354,   3.679,   3.617,9999.000,9999.000,9999.000,9999.000,9999.000,9999.000,9999.000
202605061400,   3.671,   3.568,  -0.400,   0.297,   3.568,  -0.500,   3.468,  -0.400,   3.568
202605061406,   3.664,   3.607,9999.000,9999.000,9999.000,9999.000,9999.000,9999.000,9999.000
202605061412,   3.655,   3.660,9999.000,9999.000,9999.000,9999.000,9999.000,9999.000,9999.000
202605061418,   3.647,   3.617,9999.000,9999.000,9999.000,9999.000,9999.000,9999.000,9999.000
202605061424,   3.638,   3.598,9999.000,9999.000,9999.000,9999.000,9999.000,9999.000,9999.000
202605061430,   3.628,   3.558,9999.000,9999.000,9999.000,9999.000,9999.000,9999.000,9999.000
202605061436,   3.618,   3.539,9999.000,9999.000,9999.000,9999.000,9999.000,9999.000,9999.000
202605061442,   3.608,   3.578,9999.000,9999.000,9999.000,9999.000,9999.000,9999.000,9999.000
202605061448,   3.597,   3.617,9999.000,9999.000,9999.000,9999.000,9999.000,9999.000,9999.000
202605061454,   3.586,   3.660,9999.000,9999.000,9999.000,9999.000,9999.000,9999.000,9999.000
202605061500,   3.574,   3.548,  -0.400,   0.374,   3.548,  -0.400,   3.548,  -0.400,   3.548
202605061506,   3.561,   3.499,9999.000,9999.000,9999.000,9999.000,9999.000,9999.000,9999.000
202605061512,   3.548,   3.499,9999.000,9999.000,9999.000,9999.000,9999.000,9999.000,9999.000
202605061518,   3.534,   3.519,9999.000,9999.000,9999.000,9999.000,9999.000,9999.000,9999.000
202605061524,   3.519,   3.499,9999.000,9999.000,9999.000,9999.000,9999.000,9999.000,9999.000
202605061530,   3.504,   3.509,9999.000,9999.000,9999.000,9999.000,9999.000,9999.000,9999.000
202605061536,   3.488,   3.519,9999.000,9999.000,9999.000,9999.000,9999.000,9999.000,9999.000
202605061542,   3.471,   3.489,9999.000,9999.000,9999.000,9999.000,9999.000,9999.000,9999.000
202605061548,   3.453,   3.450,9999.000,9999.000,9999.000,9999.000,9999.000,9999.000,9999.000
202605061554,   3.434,   3.440,9999.000,9999.000,9999.000,9999.000,9999.000,9999.000,9999.000
202605061600,   3.414,   3.427,  -0.400,   0.413,   3.427,  -0.400,   3.427,  -0.300,   3.527
202605061606,   3.394,   3.378,9999.000,9999.000,9999.000,9999.000,9999.000,9999.000,9999.000
202605061612,   3.372,   3.368,9999.000,9999.000,9999.000,9999.000,9999.000,9999.000,9999.000
202605061618,   3.349,   3.339,9999.000,9999.000,9999.000,9999.000,9999.000,9999.000,9999.000
202605061624,   3.325,   3.339,9999.000,9999.000,9999.000,9999.000,9999.000,9999.000,9999.000
202605061630,   3.300,   3.279,9999.000,9999.000,9999.000,9999.000,9999.000,9999.000,9999.000
202605061636,   3.274,   3.339,9999.000,9999.000,9999.000,9999.000,9999.000,9999.000,9999.000
202605061642,   3.247,   3.270,9999.000,9999.000,9999.000,9999.000,9999.000,9999.000,9999.000
202605061648,   3.218,   3.240,9999.000,9999.000,9999.000,9999.000,9999.000,9999.000,9999.000
202605061654,   3.188,   3.207,9999.000,9999.000,9999.000,9999.000,9999.000,9999.000,9999.000
202605061700,   3.157,   3.138,  -0.300,   0.281,   3.138,  -0.400,   3.038,  -0.300,   3.138
202605061706,   3.124,   3.109,9999.000,9999.000,9999.000,9999.000,9999.000,9999.000,9999.000
202605061712,   3.091,   3.079,9999.000,9999.000,9999.000,9999.000,9999.000,9999.000,9999.000
202605061718,   3.055,   3.070,9999.000,9999.000,9999.000,9999.000,9999.000,9999.000,9999.000
202605061724,   3.019,   3.109,9999.000,9999.000,9999.000,9999.000,9999.000,9999.000,9999.000
202605061730,   2.981,   3.017,9999.000,9999.000,9999.000,9999.000,9999.000,9999.000,9999.000
202605061736,   2.941,   2.968,9999.000,9999.000,9999.000,9999.000,9999.000,9999.000,9999.000
202605061742,   2.900,   2.899,9999.000,9999.000,9999.000,9999.000,9999.000,9999.000,9999.000
202605061748,   2.858,   2.850,9999.000,9999.000,9999.000,9999.000,9999.000,9999.000,9999.000
202605061754,   2.814,   2.787,9999.000,9999.000,9999.000,9999.000,9999.000,9999.000,9999.000
202605061800,   2.769,   2.787,  -0.200,   0.218,   2.787,  -0.300,   2.687,  -0.200,   2.787
202605061806,   2.723,   2.768,9999.000,9999.000,9999.000,9999.000,9999.000,9999.000,9999.000
202605061812,   2.675,   2.699,9999.000,9999.000,9999.000,9999.000,9999.000,9999.000,9999.000
202605061818,   2.626,   2.689,9999.000,9999.000,9999.000,9999.000,9999.000,9999.000,9999.000
202605061824,   2.575,   2.597,9999.000,9999.000,9999.000,9999.000,9999.000,9999.000,9999.000
202605061830,   2.524,   2.558,9999.000,9999.000,9999.000,9999.000,9999.000,9999.000,9999.000
202605061836,   2.471,   2.459,9999.000,9999.000,9999.000,9999.000,9999.000,9999.000,9999.000
202605061842,   2.416,   2.387,9999.000,9999.000,9999.000,9999.000,9999.000,9999.000,9999.000
202605061848,   2.361,   2.348,9999.000,9999.000,9999.000,9999.000,9999.000,9999.000,9999.000
202605061854,   2.304,   2.328,9999.000,9999.000,9999.000,9999.000,9999.000,9999.000,9999.000
202605061900,   2.247,   2.338,  -0.200,   0.291,   2.338,  -0.300,   2.238,  -0.200,   2.338
202605061906,   2.188,   2.279,9999.000,9999.000,9999.000,9999.000,9999.000,9999.000,9999.000
202605061912,   2.128,   2.177,9999.000,9999.000,9999.000,9999.000,9999.000,9999.000,9999.000
202605061918,   2.068,   2.079,9999.000,9999.000,9999.000,9999.000,9999.000,9999.000,9999.000
202605061924,   2.006,   1.981,9999.000,9999.000,9999.000,9999.000,9999.000,9999.000,9999.000
202605061930,   1.944,   1.928,9999.000,9999.000,9999.000,9999.000,9999.000,9999.000,9999.000
202605061936,   1.881,   1.899,9999.000,9999.000,9999.000,9999.000,9999.000,9999.000,9999.000
202605061942,   1.818,   1.918,9999.000,9999.000,9999.000,9999.000,9999.000,9999.000,9999.000
202605061948,   1.753,   1.820,9999.000,9999.000,9999.000,9999.000,9999.000,9999.000,9999.000
202605061954,   1.689,   1.738,9999.000,9999.000,9999.000,9999.000,9999.000,9999.000,9999.000
202605062000,   1.623,   1.669,  -0.200,   0.246,   1.669,  -0.300,   1.569,  -0.200,   1.669
202605062006,   1.558,   1.557,9999.000,9999.000,9999.000,9999.000,9999.000,9999.000,9999.000
202605062012,   1.492,   1.479,9999.000,9999.000,9999.000,9999.000,9999.000,9999.000,9999.000
202605062018,   1.425,   1.410,9999.000,9999.000,9999.000,9999.000,9999.000,9999.000,9999.000
202605062024,   1.359,   1.390,9999.000,9999.000,9999.000,9999.000,9999.000,9999.000,9999.000
202605062030,   1.292,   1.318,9999.000,9999.000,9999.000,9999.000,9999.000,9999.000,9999.000
202605062036,   1.225,   1.249,9999.000,9999.000,9999.000,9999.000,9999.000,9999.000,9999.000
202605062042,   1.159,   1.210,9999.000,9999.000,9999.000,9999.000,9999.000,9999.000,9999.000
202605062048,   1.092,   1.151,9999.000,9999.000,9999.000,9999.000,9999.000,9999.000,9999.000
202605062054,   1.025,   1.069,9999.000,9999.000,9999.000,9999.000,9999.000,9999.000,9999.000
202605062100,   0.959,   0.980,  -0.200,   0.221,   0.980,  -0.300,   0.880,  -0.100,   1.080
202605062106,   0.893,   0.928,9999.000,9999.000,9999.000,9999.000,9999.000,9999.000,9999.000
202605062112,   0.827,   0.888,9999.000,9999.000,9999.000,9999.000,9999.000,9999.000,9999.000
202605062118,   0.762,   0.800,9999.000,9999.000,9999.000,9999.000,9999.000,9999.000,9999.000
202605062124,   0.697,   0.731,9999.000,9999.000,9999.000,9999.000,9999.000,9999.000,9999.000
202605062130,   0.632,   0.678,9999.000,9999.000,9999.000,9999.000,9999.000,9999.000,9999.000
202605062136,   0.569,   0.580,9999.000,9999.000,9999.000,9999.000,9999.000,9999.000,9999.000
202605062142,   0.506,   0.531,9999.000,9999.000,9999.000,9999.000,9999.000,9999.000,9999.000
202605062148,   0.443,   0.518,9999.000,9999.000,9999.000,9999.000,9999.000,9999.000,9999.000
202605062154,   0.382,   0.409,9999.000,9999.000,9999.000,9999.000,9999.000,9999.000,9999.000
202605062200,   0.321,   0.341,  -0.200,   0.220,   0.341,  -0.300,   0.241,  -0.100,   0.441
202605062206,   0.262,   0.278,9999.000,9999.000,9999.000,9999.000,9999.000,9999.000,9999.000
202605062212,   0.203,   0.219,9999.000,9999.000,9999.000,9999.000,9999.000,9999.000,9999.000
202605062218,   0.146,   0.170,9999.000,9999.000,9999.000,9999.000,9999.000,9999.000,9999.000
202605062224,   0.090,   0.150,9999.000,9999.000,9999.000,9999.000,9999.000,9999.000,9999.000
202605062230,   0.035,   0.131,9999.000,9999.000,9999.000,9999.000,9999.000,9999.000,9999.000
202605062236,  -0.017,   0.019,9999.000,9999.000,9999.000,9999.000,9999.000,9999.000,9999.000
202605062242,  -0.069,  -0.039,9999.000,9999.000,9999.000,9999.000,9999.000,9999.000,9999.000
202605062248,  -0.119,  -0.068,9999.000,9999.000,9999.000,9999.000,9999.000,9999.000,9999.000
202605062254,  -0.167,  -0.121,9999.000,9999.000,9999.000,9999.000,9999.000,9999.000,9999.000
202605062300,  -0.214,  -0.160,  -0.100,   0.154,  -0.160,  -0.200,  -0.260,  -0.100,  -0.160
202605062306,  -0.259,  -0.200,9999.000,9999.000,9999.000,9999.000,9999.000,9999.000,9999.000
202605062312,  -0.302,  -0.239,9999.000,9999.000,9999.000,9999.000,9999.000,9999.000,9999.000
202605062318,  -0.343,  -0.341,9999.000,9999.000,9999.000,9999.000,9999.000,9999.000,9999.000
202605062324,  -0.382,  -0.350,9999.000,9999.000,9999.000,9999.000,9999.000,9999.000,9999.000
202605062330,  -0.418,  -0.370,9999.000,9999.000,9999.000,9999.000,9999.000,9999.000,9999.000
202605062336,  -0.453,  -0.390,9999.000,9999.000,9999.000,9999.000,9999.000,9999.000,9999.000
202605062342,  -0.485,  -0.360,9999.000,9999.000,9999.000,9999.000,9999.000,9999.000,9999.000
202605062348,  -0.515,  -0.429,9999.000,9999.000,9999.000,9999.000,9999.000,9999.000,9999.000
202605062354,  -0.543,  -0.459,9999.000,9999.000,9999.000,9999.000,9999.000,9999.000,9999.000
202605070000,  -0.568,  -0.560,  -0.100,   0.108,  -0.560,  -0.100,  -0.560,   0.000,  -0.460
202605070006,  -0.590,  -0.570,9999.000,9999.000,9999.000,9999.000,9999.000,9999.000,9999.000
202605070012,  -0.610,  -0.560,9999.000,9999.000,9999.000,9999.000,9999.000,9999.000,9999.000
202605070018,  -0.628,9999.000,9999.000,9999.000,9999.000,9999.000,9999.000,9999.000,9999.000
202605070024,  -0.642,  -0.498,9999.000,9999.000,9999.000,9999.000,9999.000,9999.000,9999.000
202605070030,  -0.654,  -0.531,9999.000,9999.000,9999.000,9999.000,9999.000,9999.000,9999.000
202605070036,  -0.664,  -0.570,9999.000,9999.000,9999.000,9999.000,9999.000,9999.000,9999.000
202605070042,  -0.670,  -0.629,9999.000,9999.000,9999.000,9999.000,9999.000,9999.000,9999.000
202605070048,  -0.674,  -0.590,9999.000,9999.000,9999.000,9999.000,9999.000,9999.000,9999.000
202605070054,  -0.676,  -0.619,9999.000,9999.000,9999.000,9999.000,9999.000,9999.000,9999.000
202605070100,  -0.674,  -0.649,   0.000,   0.025,  -0.649,  -0.100,  -0.749,   0.000,  -0.649
202605070106,  -0.670,  -0.580,9999.000,9999.000,9999.000,9999.000,9999.000,9999.000,9999.000
202605070112,  -0.663,  -0.629,9999.000,9999.000,9999.000,9999.000,9999.000,9999.000,9999.000
202605070118,  -0.653,  -0.610,9999.000,9999.000,9999.000,9999.000,9999.000,9999.000,9999.000
202605070124,  -0.641,  -0.560,9999.000,9999.000,9999.000,9999.000,9999.000,9999.000,9999.000
202605070130,  -0.626,  -0.518,9999.000,9999.000,9999.000,9999.000,9999.000,9999.000,9999.000
202605070136,  -0.608,  -0.518,9999.000,9999.000,9999.000,9999.000,9999.000,9999.000,9999.000
202605070142,  -0.588,  -0.560,9999.000,9999.000,9999.000,9999.000,9999.000,9999.000,9999.000
202605070148,  -0.565,  -0.541,9999.000,9999.000,9999.000,9999.000,9999.000,9999.000,9999.000
202605070154,  -0.539,  -0.551,9999.000,9999.000,9999.000,9999.000,9999.000,9999.000,9999.000
202605070200,  -0.511,  -0.508,   0.000,   0.003,  -0.508,  -0.100,  -0.608,   0.000,  -0.508
202605070206,  -0.481,  -0.439,9999.000,9999.000,9999.000,9999.000,9999.000,9999.000,9999.000
202605070212,  -0.448,  -0.370,9999.000,9999.000,9999.000,9999.000,9999.000,9999.000,9999.000
202605070218,  -0.413,  -0.331,9999.000,9999.000,9999.000,9999.000,9999.000,9999.000,9999.000
202605070224,  -0.375,  -0.321,9999.000,9999.000,9999.000,9999.000,9999.000,9999.000,9999.000
202605070230,  -0.335,  -0.278,9999.000,9999.000,9999.000,9999.000,9999.000,9999.000,9999.000
202605070236,  -0.293,  -0.259,9999.000,9999.000,9999.000,9999.000,9999.000,9999.000,9999.000
202605070242,  -0.249,  -0.229,9999.000,9999.000,9999.000,9999.000,9999.000,9999.000,9999.000
202605070248,  -0.203,  -0.141,9999.000,9999.000,9999.000,9999.000,9999.000,9999.000,9999.000
202605070254,  -0.154,  -0.141,9999.000,9999.000,9999.000,9999.000,9999.000,9999.000,9999.000
202605070300,  -0.104,  -0.049,   0.000,   0.055,  -0.049,   0.000,  -0.049,   0.000,  -0.049
202605070306,  -0.051,  -0.009,9999.000,9999.000,9999.000,9999.000,9999.000,9999.000,9999.000
202605070312,   0.002,   0.078,9999.000,9999.000,9999.000,9999.000,9999.000,9999.000,9999.000
202605070318,   0.058,   0.121,9999.000,9999.000,9999.000,9999.000,9999.000,9999.000,9999.000
202605070324,   0.115,   0.200,9999.000,9999.000,9999.000,9999.000,9999.000,9999.000,9999.000
202605070330,   0.175,   0.229,9999.000,9999.000,9999.000,9999.000,9999.000,9999.000,9999.000
202605070336,   0.235,   0.308,9999.000,9999.000,9999.000,9999.000,9999.000,9999.000,9999.000
202605070342,   0.298,   0.390,9999.000,9999.000,9999.000,9999.000,9999.000,9999.000,9999.000
202605070348,   0.361,   0.439,9999.000,9999.000,9999.000,9999.000,9999.000,9999.000,9999.000
202605070354,   0.426,   0.508,9999.000,9999.000,9999.000,9999.000,9999.000,9999.000,9999.000
202605070400,   0.492,   0.551,   0.000,   0.059,   0.551,   0.000,   0.551,   0.000,   0.551
202605070406,   0.559,   0.629,9999.000,9999.000,9999.000,9999.000,9999.000,9999.000,9999.000
202605070412,   0.628,   0.678,9999.000,9999.000,9999.000,9999.000,9999.000,9999.000,9999.000
202605070418,   0.697,   0.800,9999.000,9999.000,9999.000,9999.000,9999.000,9999.000,9999.000
202605070424,   0.767,   0.879,9999.000,9999.000,9999.000,9999.000,9999.000,9999.000,9999.000
202605070430,   0.837,   0.928,9999.000,9999.000,9999.000,9999.000,9999.000,9999.000,9999.000
202605070436,   0.909,   0.970,9999.000,9999.000,9999.000,9999.000,9999.000,9999.000,9999.000
202605070442,   0.981,   1.010,9999.000,9999.000,9999.000,9999.000,9999.000,9999.000,9999.000
202605070448,   1.053,   1.151,9999.000,9999.000,9999.000,9999.000,9999.000,9999.000,9999.000
202605070454,   1.126,   1.220,9999.000,9999.000,9999.000,9999.000,9999.000,9999.000,9999.000
202605070500,   1.199,   1.308,   0.000,   0.109,   1.308,   0.000,   1.308,   0.000,   1.308
202605070506,   1.272,   1.410,9999.000,9999.000,9999.000,9999.000,9999.000,9999.000,9999.000
202605070512,   1.345,   1.439,9999.000,9999.000,9999.000,9999.000,9999.000,9999.000,9999.000
202605070518,   1.418,   1.479,9999.000,9999.000,9999.000,9999.000,9999.000,9999.000,9999.000
202605070524,   1.490,   1.528,9999.000,9999.000,9999.000,9999.000,9999.000,9999.000,9999.000
202605070530,   1.563,   1.659,9999.000,9999.000,9999.000,9999.000,9999.000,9999.000,9999.000
202605070536,   1.635,   1.738,9999.000,9999.000,9999.000,9999.000,9999.000,9999.000,9999.000
202605070542,   1.707,   1.810,9999.000,9999.000,9999.000,9999.000,9999.000,9999.000,9999.000
202605070548,   1.778,   1.859,9999.000,9999.000,9999.000,9999.000,9999.000,9999.000,9999.000
202605070554,   1.849,   1.928,9999.000,9999.000,9999.000,9999.000,9999.000,9999.000,9999.000
202605070600,   1.919,   2.010,   0.000,   0.091,   2.010,   0.000,   2.010,   0.000,   2.010
202605070606,   1.988,   2.020,9999.000,9999.000,9999.000,9999.000,9999.000,9999.000,9999.000
202605070612,   2.056,   2.138,9999.000,9999.000,9999.000,9999.000,9999.000,9999.000,9999.000
202605070618,   2.123,   2.210,9999.000,9999.000,9999.000,9999.000,9999.000,9999.000,9999.000
202605070624,   2.190,   2.279,9999.000,9999.000,9999.000,9999.000,9999.000,9999.000,9999.000
202605070630,   2.255,   2.348,9999.000,9999.000,9999.000,9999.000,9999.000,9999.000,9999.000
202605070636,   2.319,   2.338,9999.000,9999.000,9999.000,9999.000,9999.000,9999.000,9999.000
202605070642,   2.382,   2.440,9999.000,9999.000,9999.000,9999.000,9999.000,9999.000,9999.000
202605070648,   2.444,   2.499,9999.000,9999.000,9999.000,9999.000,9999.000,9999.000,9999.000
202605070654,   2.505,   2.578,9999.000,9999.000,9999.000,9999.000,9999.000,9999.000,9999.000
202605070700,   2.564,   2.640,   0.000,   0.076,   2.640,   0.000,   2.640,   0.000,   2.640
202605070706,   2.622,   2.699,9999.000,9999.000,9999.000,9999.000,9999.000,9999.000,9999.000
202605070712,   2.678,   2.748,9999.000,9999.000,9999.000,9999.000,9999.000,9999.000,9999.000
202605070718,   2.733,   2.748,9999.000,9999.000,9999.000,9999.000,9999.000,9999.000,9999.000
202605070724,   2.787,   2.840,9999.000,9999.000,9999.000,9999.000,9999.000,9999.000,9999.000
202605070730,   2.839,   2.879,9999.000,9999.000,9999.000,9999.000,9999.000,9999.000,9999.000
202605070736,   2.889,   2.978,9999.000,9999.000,9999.000,9999.000,9999.000,9999.000,9999.000
202605070742,   2.938,   2.988,9999.000,9999.000,9999.000,9999.000,9999.000,9999.000,9999.000
202605070748,   2.986,   3.040,9999.000,9999.000,9999.000,9999.000,9999.000,9999.000,9999.000
202605070754,   3.032,   3.119,9999.000,9999.000,9999.000,9999.000,9999.000,9999.000,9999.000
202605070800,   3.076,   3.119,   0.000,   0.043,   3.119,   0.000,   3.119,   0.000,   3.119
202605070806,   3.119,   3.148,9999.000,9999.000,9999.000,9999.000,9999.000,9999.000,9999.000
202605070812,   3.161,   3.188,9999.000,9999.000,9999.000,9999.000,9999.000,9999.000,9999.000
202605070818,   3.201,   3.217,9999.000,9999.000,9999.000,9999.000,9999.000,9999.000,9999.000
202605070824,   3.239,   3.270,9999.000,9999.000,9999.000,9999.000,9999.000,9999.000,9999.000
202605070830,   3.275,   3.339,9999.000,9999.000,9999.000,9999.000,9999.000,9999.000,9999.000
202605070836,   3.311,   3.378,9999.000,9999.000,9999.000,9999.000,9999.000,9999.000,9999.000
202605070842,   3.344,   3.378,9999.000,9999.000,9999.000,9999.000,9999.000,9999.000,9999.000
202605070848,   3.376,   3.398,9999.000,9999.000,9999.000,9999.000,9999.000,9999.000,9999.000
202605070854,   3.406,   3.368,9999.000,9999.000,9999.000,9999.000,9999.000,9999.000,9999.000
202605070900,   3.435,   3.398,   0.000,  -0.037,   3.398,   0.000,   3.398,   0.100,   3.498
202605070906,   3.463,   3.460,9999.000,9999.000,9999.000,9999.000,9999.000,9999.000,9999.000
202605070912,   3.488,   3.529,9999.000,9999.000,9999.000,9999.000,9999.000,9999.000,9999.000
202605070918,   3.513,   3.598,9999.000,9999.000,9999.000,9999.000,9999.000,9999.000,9999.000
202605070924,   3.535,   3.598,9999.000,9999.000,9999.000,9999.000,9999.000,9999.000,9999.000
202605070930,   3.557,   3.627,9999.000,9999.000,9999.000,9999.000,9999.000,9999.000,9999.000
202605070936,   3.576,   3.568,9999.000,9999.000,9999.000,9999.000,9999.000,9999.000,9999.000
202605070942,   3.595,   3.578,9999.000,9999.000,9999.000,9999.000,9999.000,9999.000,9999.000
202605070948,   3.612,   3.578,9999.000,9999.000,9999.000,9999.000,9999.000,9999.000,9999.000
202605070954,   3.627,   3.660,9999.000,9999.000,9999.000,9999.000,9999.000,9999.000,9999.000
202605071000,   3.641,   3.719,   0.000,   0.078,   3.719,   0.000,   3.719,   0.100,   3.819
202605071006,   3.654,   3.739,9999.000,9999.000,9999.000,9999.000,9999.000,9999.000,9999.000
202605071012,   3.665,   3.729,9999.000,9999.000,9999.000,9999.000,9999.000,9999.000,9999.000
202605071018,   3.675,   3.709,9999.000,9999.000,9999.000,9999.000,9999.000,9999.000,9999.000
202605071024,   3.684,   3.699,9999.000,9999.000,9999.000,9999.000,9999.000,9999.000,9999.000
202605071030,   3.692,   3.680,9999.000,9999.000,9999.000,9999.000,9999.000,9999.000,9999.000
202605071036,   3.698,   3.749,9999.000,9999.000,9999.000,9999.000,9999.000,9999.000,9999.000
202605071042,   3.704,   3.758,9999.000,9999.000,9999.000,9999.000,9999.000,9999.000,9999.000
202605071048,   3.708,   3.778,9999.000,9999.000,9999.000,9999.000,9999.000,9999.000,9999.000
202605071054,   3.711,   3.749,9999.000,9999.000,9999.000,9999.000,9999.000,9999.000,9999.000
202605071100,   3.714,   3.758,   0.000,   0.044,   3.758,   0.000,   3.758,   0.100,   3.858
202605071106,   3.715,   3.768,9999.000,9999.000,9999.000,9999.000,9999.000,9999.000,9999.000
202605071112,   3.716,   3.749,9999.000,9999.000,9999.000,9999.000,9999.000,9999.000,9999.000
202605071118,   3.716,   3.719,9999.000,9999.000,9999.000,9999.000,9999.000,9999.000,9999.000
202605071124,   3.715,   3.749,9999.000,9999.000,9999.000,9999.000,9999.000,9999.000,9999.000
202605071130,   3.713,   3.749,9999.000,9999.000,9999.000,9999.000,9999.000,9999.000,9999.000
202605071136,   3.711,   3.768,9999.000,9999.000,9999.000,9999.000,9999.000,9999.000,9999.000
202605071142,   3.708,   3.808,9999.000,9999.000,9999.000,9999.000,9999.000,9999.000,9999.000
202605071148,   3.705,   3.778,9999.000,9999.000,9999.000,9999.000,9999.000,9999.000,9999.000
202605071154,   3.701,   3.758,9999.000,9999.000,9999.000,9999.000,9999.000,9999.000,9999.000
202605071200,   3.697,   3.699,   0.000,   0.002,   3.699,   0.000,   3.699,   0.100,   3.799
202605071206,   3.693,   3.709,9999.000,9999.000,9999.000,9999.000,9999.000,9999.000,9999.000
202605071212,   3.688,   3.719,9999.000,9999.000,9999.000,9999.000,9999.000,9999.000,9999.000
202605071218,   3.683,   3.739,9999.000,9999.000,9999.000,9999.000,9999.000,9999.000,9999.000
202605071224,   3.678,   3.768,9999.000,9999.000,9999.000,9999.000,9999.000,9999.000,9999.000
202605071230,   3.673,   3.778,9999.000,9999.000,9999.000,9999.000,9999.000,9999.000,9999.000
202605071236,   3.667,   3.729,9999.000,9999.000,9999.000,9999.000,9999.000,9999.000,9999.000
202605071242,   3.662,   3.729,9999.000,9999.000,9999.000,9999.000,9999.000,9999.000,9999.000
202605071248,   3.656,   3.689,9999.000,9999.000,9999.000,9999.000,9999.000,9999.000,9999.000
202605071254,   3.651,   3.689,9999.000,9999.000,9999.000,9999.000,9999.000,9999.000,9999.000
202605071300,   3.645,   3.670,   0.100,  -0.075,   3.670,   0.000,   3.570,   0.100,   3.670
202605071306,   3.639,   3.699,9999.000,9999.000,9999.000,9999.000,9999.000,9999.000,9999.000
202605071312,   3.634,   3.749,9999.000,9999.000,9999.000,9999.000,9999.000,9999.000,9999.000
202605071318,   3.628,   3.719,9999.000,9999.000,9999.000,9999.000,9999.000,9999.000,9999.000
202605071324,   3.623,   3.729,9999.000,9999.000,9999.000,9999.000,9999.000,9999.000,9999.000
202605071330,   3.617,   3.689,9999.000,9999.000,9999.000,9999.000,9999.000,9999.000,9999.000
202605071336,   3.611,   3.670,9999.000,9999.000,9999.000,9999.000,9999.000,9999.000,9999.000
202605071342,   3.606,   3.598,9999.000,9999.000,9999.000,9999.000,9999.000,9999.000,9999.000
202605071348,   3.600,   3.660,9999.000,9999.000,9999.000,9999.000,9999.000,9999.000,9999.000
202605071354,   3.595,   3.670,9999.000,9999.000,9999.000,9999.000,9999.000,9999.000,9999.000
202605071400,   3.589,   3.670,   0.100,  -0.019,   3.670,   0.000,   3.570,   0.100,   3.670
202605071406,   3.584,   3.689,9999.000,9999.000,9999.000,9999.000,9999.000,9999.000,9999.000
202605071412,   3.578,   3.670,9999.000,9999.000,9999.000,9999.000,9999.000,9999.000,9999.000
202605071418,   3.572,   3.689,9999.000,9999.000,9999.000,9999.000,9999.000,9999.000,9999.000
202605071424,   3.566,   3.637,9999.000,9999.000,9999.000,9999.000,9999.000,9999.000,9999.000
202605071430,   3.560,   3.607,9999.000,9999.000,9999.000,9999.000,9999.000,9999.000,9999.000
202605071436,   3.554,   3.578,9999.000,9999.000,9999.000,9999.000,9999.000,9999.000,9999.000
202605071442,   3.547,   3.598,9999.000,9999.000,9999.000,9999.000,9999.000,9999.000,9999.000
202605071448,   3.541,   3.588,9999.000,9999.000,9999.000,9999.000,9999.000,9999.000,9999.000
202605071454,   3.534,   3.627,9999.000,9999.000,9999.000,9999.000,9999.000,9999.000,9999.000
202605071500,   3.526,   3.637,   0.100,   0.011,   3.637,   0.000,   3.537,   0.100,   3.637
202605071506,   3.519,   3.627,9999.000,9999.000,9999.000,9999.000,9999.000,9999.000,9999.000
202605071512,   3.511,   3.588,9999.000,9999.000,9999.000,9999.000,9999.000,9999.000,9999.000
202605071518,   3.503,   3.558,9999.000,9999.000,9999.000,9999.000,9999.000,9999.000,9999.000
202605071524,   3.494,   3.539,9999.000,9999.000,9999.000,9999.000,9999.000,9999.000,9999.000
202605071530,   3.485,   3.548,9999.000,9999.000,9999.000,9999.000,9999.000,9999.000,9999.000
202605071536,   3.475,   3.539,9999.000,9999.000,9999.000,9999.000,9999.000,9999.000,9999.000
202605071542,   3.465,   3.548,9999.000,9999.000,9999.000,9999.000,9999.000,9999.000,9999.000
202605071548,   3.454,   3.568,9999.000,9999.000,9999.000,9999.000,9999.000,9999.000,9999.000
202605071554,   3.442,   3.529,9999.000,9999.000,9999.000,9999.000,9999.000,9999.000,9999.000
202605071600,   3.430,   3.489,   0.100,  -0.041,   3.489,   0.000,   3.389,   0.100,   3.489
202605071606,   3.417,   3.489,9999.000,9999.000,9999.000,9999.000,9999.000,9999.000,9999.000
202605071612,   3.404,   3.499,9999.000,9999.000,9999.000,9999.000,9999.000,9999.000,9999.000
202605071618,   3.389,   3.470,9999.000,9999.000,9999.000,9999.000,9999.000,9999.000,9999.000
202605071624,   3.374,   3.460,9999.000,9999.000,9999.000,9999.000,9999.000,9999.000,9999.000
202605071630,   3.358,   3.427,9999.000,9999.000,9999.000,9999.000,9999.000,9999.000,9999.000
202605071636,   3.341,   3.388,9999.000,9999.000,9999.000,9999.000,9999.000,9999.000,9999.000
202605071642,   3.324,   3.368,9999.000,9999.000,9999.000,9999.000,9999.000,9999.000,9999.000
202605071648,   3.305,   3.378,9999.000,9999.000,9999.000,9999.000,9999.000,9999.000,9999.000
202605071654,   3.285,   3.329,9999.000,9999.000,9999.000,9999.000,9999.000,9999.000,9999.000
202605071700,   3.264,   3.368,   0.100,   0.004,   3.368,   0.000,   3.268,   0.100,   3.368
202605071706,   3.242,   3.329,9999.000,9999.000,9999.000,9999.000,9999.000,9999.000,9999.000
202605071712,   3.219,   3.319,9999.000,9999.000,9999.000,9999.000,9999.000,9999.000,9999.000
202605071718,   3.195,   3.270,9999.000,9999.000,9999.000,9999.000,9999.000,9999.000,9999.000
202605071724,   3.170,   3.250,9999.000,9999.000,9999.000,9999.000,9999.000,9999.000,9999.000
202605071730,   3.143,   3.207,9999.000,9999.000,9999.000,9999.000,9999.000,9999.000,9999.000
202605071736,   3.115,   3.129,9999.000,9999.000,9999.000,9999.000,9999.000,9999.000,9999.000
202605071742,   3.086,   3.138,9999.000,9999.000,9999.000,9999.000,9999.000,9999.000,9999.000
202605071748,   3.056,   3.138,9999.000,9999.000,9999.000,9999.000,9999.000,9999.000,9999.000
202605071754,   3.024,   3.148,9999.000,9999.000,9999.000,9999.000,9999.000,9999.000,9999.000
202605071800,   2.991,   3.060,   0.200,  -0.131,   3.060,   0.100,   2.960,   0.200,   3.060
202605071806,   2.956,   2.997,9999.000,9999.000,9999.000,9999.000,9999.000,9999.000,9999.000
202605071812,   2.920,   2.938,9999.000,9999.000,9999.000,9999.000,9999.000,9999.000,9999.000
202605071818,   2.883,   2.879,9999.000,9999.000,9999.000,9999.000,9999.000,9999.000,9999.000
202605071824,   2.844,   2.860,9999.000,9999.000,9999.000,9999.000,9999.000,9999.000,9999.000
202605071830,   2.804,   2.850,9999.000,9999.000,9999.000,9999.000,9999.000,9999.000,9999.000
202605071836,   2.762,   2.830,9999.000,9999.000,9999.000,9999.000,9999.000,9999.000,9999.000
202605071842,   2.719,   2.748,9999.000,9999.000,9999.000,9999.000,9999.000,9999.000,9999.000
202605071848,   2.675,   2.719,9999.000,9999.000,9999.000,9999.000,9999.000,9999.000,9999.000
202605071854,   2.629,   2.650,9999.000,9999.000,9999.000,9999.000,9999.000,9999.000,9999.000
202605071900,   2.582,   2.587,   0.200,  -0.195,   2.587,   0.100,   2.487,   0.300,   2.687
202605071906,   2.533,   2.528,9999.000,9999.000,9999.000,9999.000,9999.000,9999.000,9999.000
202605071912,   2.484,   2.499,9999.000,9999.000,9999.000,9999.000,9999.000,9999.000,9999.000
202605071918,   2.433,   2.450,9999.000,9999.000,9999.000,9999.000,9999.000,9999.000,9999.000
202605071924,   2.380,   2.410,9999.000,9999.000,9999.000,9999.000,9999.000,9999.000,9999.000
202605071930,   2.327,   2.368,9999.000,9999.000,9999.000,9999.000,9999.000,9999.000,9999.000
202605071936,   2.272,   2.289,9999.000,9999.000,9999.000,9999.000,9999.000,9999.000,9999.000
202605071942,   2.217,   2.240,9999.000,9999.000,9999.000,9999.000,9999.000,9999.000,9999.000
202605071948,   2.160,   2.128,9999.000,9999.000,9999.000,9999.000,9999.000,9999.000,9999.000
202605071954,   2.102,   2.059,9999.000,9999.000,9999.000,9999.000,9999.000,9999.000,9999.000
202605072000,   2.043,   1.990,   0.200,  -0.253,   1.990,   0.100,   1.890,   0.300,   2.090
202605072006,   1.984,   1.990,9999.000,9999.000,9999.000,9999.000,9999.000,9999.000,9999.000
202605072012,   1.923,   1.938,9999.000,9999.000,9999.000,9999.000,9999.000,9999.000,9999.000
202605072018,   1.862,   1.908,9999.000,9999.000,9999.000,9999.000,9999.000,9999.000,9999.000
202605072024,   1.800,   1.800,9999.000,9999.000,9999.000,9999.000,9999.000,9999.000,9999.000
202605072030,   1.738,   1.718,9999.000,9999.000,9999.000,9999.000,9999.000,9999.000,9999.000
202605072036,   1.675,   1.610,9999.000,9999.000,9999.000,9999.000,9999.000,9999.000,9999.000
202605072042,   1.611,   1.548,9999.000,9999.000,9999.000,9999.000,9999.000,9999.000,9999.000
202605072048,   1.547,   1.518,9999.000,9999.000,9999.000,9999.000,9999.000,9999.000,9999.000
202605072054,   1.483,   1.469,9999.000,9999.000,9999.000,9999.000,9999.000,9999.000,9999.000
202605072100,   1.418,   1.439,   0.200,  -0.179,   1.439,   0.100,   1.339,   0.300,   1.539
202605072106,   1.354,   1.338,9999.000,9999.000,9999.000,9999.000,9999.000,9999.000,9999.000
202605072112,   1.289,   1.279,9999.000,9999.000,9999.000,9999.000,9999.000,9999.000,9999.000
202605072118,   1.224,   1.170,9999.000,9999.000,9999.000,9999.000,9999.000,9999.000,9999.000
202605072124,   1.158,   1.088,9999.000,9999.000,9999.000,9999.000,9999.000,9999.000,9999.000
202605072130,   1.093,   1.059,9999.000,9999.000,9999.000,9999.000,9999.000,9999.000,9999.000
202605072136,   1.029,   1.020,9999.000,9999.000,9999.000,9999.000,9999.000,9999.000,9999.000
202605072142,   0.964,   0.951,9999.000,9999.000,9999.000,9999.000,9999.000,9999.000,9999.000
202605072148,   0.900,   0.898,9999.000,9999.000,9999.000,9999.000,9999.000,9999.000,9999.000
202605072154,   0.835,   0.819,9999.000,9999.000,9999.000,9999.000,9999.000,9999.000,9999.000
202605072200,   0.772,   0.780,   0.200,  -0.192,   0.780,   0.100,   0.680,   0.200,   0.780
202605072206,   0.709,   0.698,9999.000,9999.000,9999.000,9999.000,9999.000,9999.000,9999.000
202605072212,   0.646,   0.610,9999.000,9999.000,9999.000,9999.000,9999.000,9999.000,9999.000
202605072218,   0.584,   0.570,9999.000,9999.000,9999.000,9999.000,9999.000,9999.000,9999.000
202605072224,   0.523,   0.469,9999.000,9999.000,9999.000,9999.000,9999.000,9999.000,9999.000
202605072230,   0.462,   0.449,9999.000,9999.000,9999.000,9999.000,9999.000,9999.000,9999.000
202605072236,   0.403,   0.409,9999.000,9999.000,9999.000,9999.000,9999.000,9999.000,9999.000
202605072242,   0.344,   0.380,9999.000,9999.000,9999.000,9999.000,9999.000,9999.000,9999.000
202605072248,   0.286,   0.308,9999.000,9999.000,9999.000,9999.000,9999.000,9999.000,9999.000
202605072254,   0.229,   0.200,9999.000,9999.000,9999.000,9999.000,9999.000,9999.000,9999.000
202605072300,   0.174,   0.111,   0.200,  -0.263,   0.111,   0.100,   0.011,   0.200,   0.111
202605072306,   0.120,   0.059,9999.000,9999.000,9999.000,9999.000,9999.000,9999.000,9999.000
202605072312,   0.067,   0.049,9999.000,9999.000,9999.000,9999.000,9999.000,9999.000,9999.000
202605072318,   0.015,  -0.009,9999.000,9999.000,9999.000,9999.000,9999.000,9999.000,9999.000
202605072324,  -0.034,  -0.009,9999.000,9999.000,9999.000,9999.000,9999.000,9999.000,9999.000
202605072330,  -0.082,  -0.068,9999.000,9999.000,9999.000,9999.000,9999.000,9999.000,9999.000
202605072336,  -0.129,  -0.121,9999.000,9999.000,9999.000,9999.000,9999.000,9999.000,9999.000
202605072342,  -0.174,  -0.160,9999.000,9999.000,9999.000,9999.000,9999.000,9999.000,9999.000
202605072348,  -0.217,  -0.209,9999.000,9999.000,9999.000,9999.000,9999.000,9999.000,9999.000
202605072354,  -0.258,  -0.278,9999.000,9999.000,9999.000,9999.000,9999.000,9999.000,9999.000
202605080000,  -0.298,  -0.308,   0.300,  -0.310,  -0.308,   0.300,  -0.308,   0.300,  -0.308
202605080006,  -0.335,  -0.360,9999.000,9999.000,9999.000,9999.000,9999.000,9999.000,9999.000
202605080012,  -0.370,  -0.390,9999.000,9999.000,9999.000,9999.000,9999.000,9999.000,9999.000
202605080018,  -0.403,  -0.360,9999.000,9999.000,9999.000,9999.000,9999.000,9999.000,9999.000
202605080024,  -0.434,  -0.370,9999.000,9999.000,9999.000,9999.000,9999.000,9999.000,9999.000
202605080030,  -0.462,  -0.439,9999.000,9999.000,9999.000,9999.000,9999.000,9999.000,9999.000
202605080036,  -0.488,  -0.541,9999.000,9999.000,9999.000,9999.000,9999.000,9999.000,9999.000
202605080042,  -0.512,  -0.570,9999.000,9999.000,9999.000,9999.000,9999.000,9999.000,9999.000
202605080048,  -0.533,  -0.551,9999.000,9999.000,9999.000,9999.000,9999.000,9999.000,9999.000
202605080054,  -0.551,  -0.551,9999.000,9999.000,9999.000,9999.000,9999.000,9999.000,9999.000
202605080100,  -0.567,  -0.508,   0.300,  -0.241,  -0.508,   0.300,  -0.508,   0.300,  -0.508
202605080106,  -0.580,  -0.541,9999.000,9999.000,9999.000,9999.000,9999.000,9999.000,9999.000
202605080112,  -0.591,  -0.560,9999.000,9999.000,9999.000,9999.000,9999.000,9999.000,9999.000
202605080118,  -0.599,  -0.600,9999.000,9999.000,9999.000,9999.000,9999.000,9999.000,9999.000
202605080124,  -0.604,  -0.619,9999.000,9999.000,9999.000,9999.000,9999.000,9999.000,9999.000
202605080130,  -0.607,  -0.600,9999.000,9999.000,9999.000,9999.000,9999.000,9999.000,9999.000
202605080136,  -0.607,  -0.590,9999.000,9999.000,9999.000,9999.000,9999.000,9999.000,9999.000
202605080142,  -0.604,  -0.580,9999.000,9999.000,9999.000,9999.000,9999.000,9999.000,9999.000
202605080148,  -0.598,  -0.560,9999.000,9999.000,9999.000,9999.000,9999.000,9999.000,9999.000
202605080154,  -0.590,  -0.541,9999.000,9999.000,9999.000,9999.000,9999.000,9999.000,9999.000
202605080200,  -0.579,  -0.508,   0.300,  -0.229,  -0.508,   0.300,  -0.508,   0.300,  -0.508
202605080206,  -0.566,  -0.531,9999.000,9999.000,9999.000,9999.000,9999.000,9999.000,9999.000
202605080212,  -0.550,  -0.551,9999.000,9999.000,9999.000,9999.000,9999.000,9999.000,9999.000
202605080218,  -0.531,  -0.560,9999.000,9999.000,9999.000,9999.000,9999.000,9999.000,9999.000
202605080224,  -0.510,  -0.518,9999.000,9999.000,9999.000,9999.000,9999.000,9999.000,9999.000
202605080230,  -0.486,  -0.469,9999.000,9999.000,9999.000,9999.000,9999.000,9999.000,9999.000
202605080236,  -0.459,  -0.409,9999.000,9999.000,9999.000,9999.000,9999.000,9999.000,9999.000
202605080242,  -0.430,  -0.350,9999.000,9999.000,9999.000,9999.000,9999.000,9999.000,9999.000
202605080248,  -0.399,  -0.380,9999.000,9999.000,9999.000,9999.000,9999.000,9999.000,9999.000
202605080254,  -0.365,  -0.390,9999.000,9999.000,9999.000,9999.000,9999.000,9999.000,9999.000
202605080300,  -0.330,  -0.360,   0.300,  -0.330,  -0.360,   0.300,  -0.360,   0.300,  -0.360
202605080306,  -0.291,  -0.278,9999.000,9999.000,9999.000,9999.000,9999.000,9999.000,9999.000
202605080312,  -0.251,  -0.239,9999.000,9999.000,9999.000,9999.000,9999.000,9999.000,9999.000
202605080318,  -0.208,  -0.170,9999.000,9999.000,9999.000,9999.000,9999.000,9999.000,9999.000
202605080324,  -0.164,  -0.141,9999.000,9999.000,9999.000,9999.000,9999.000,9999.000,9999.000
202605080330,  -0.117,  -0.078,9999.000,9999.000,9999.000,9999.000,9999.000,9999.000,9999.000
202605080336,  -0.069,  -0.059,9999.000,9999.000,9999.000,9999.000,9999.000,9999.000,9999.000
202605080342,  -0.018,   0.009,9999.000,9999.000,9999.000,9999.000,9999.000,9999.000,9999.000
202605080348,   0.033,   0.088,9999.000,9999.000,9999.000,9999.000,9999.000,9999.000,9999.000
202605080354,   0.087,   0.141,9999.000,9999.000,9999.000,9999.000,9999.000,9999.000,9999.000
202605080400,   0.142,   0.219,   0.300,  -0.223,   0.219,   0.200,   0.119,   0.300,   0.219
202605080406,   0.199,   0.209,9999.000,9999.000,9999.000,9999.000,9999.000,9999.000,9999.000
202605080412,   0.258,   0.321,9999.000,9999.000,9999.000,9999.000,9999.000,9999.000,9999.000
202605080418,   0.318,   0.350,9999.000,9999.000,9999.000,9999.000,9999.000,9999.000,9999.000
202605080424,   0.379,   0.459,9999.000,9999.000,9999.000,9999.000,9999.000,9999.000,9999.000
202605080430,   0.442,   0.590,9999.000,9999.000,9999.000,9999.000,9999.000,9999.000,9999.000
202605080436,   0.506,   0.600,9999.000,9999.000,9999.000,9999.000,9999.000,9999.000,9999.000
202605080442,   0.571,   0.659,9999.000,9999.000,9999.000,9999.000,9999.000,9999.000,9999.000
202605080448,   0.636,   0.688,9999.000,9999.000,9999.000,9999.000,9999.000,9999.000,9999.000
202605080454,   0.703,   0.770,9999.000,9999.000,9999.000,9999.000,9999.000,9999.000,9999.000
202605080500,   0.771,   0.800,   0.300,  -0.271,   0.800,   0.200,   0.700,   0.300,   0.800
202605080506,   0.839,   0.941,9999.000,9999.000,9999.000,9999.000,9999.000,9999.000,9999.000
202605080512,   0.908,   1.010,9999.000,9999.000,9999.000,9999.000,9999.000,9999.000,9999.000
202605080518,   0.977,   1.069,9999.000,9999.000,9999.000,9999.000,9999.000,9999.000,9999.000
202605080524,   1.047,   1.108,9999.000,9999.000,9999.000,9999.000,9999.000,9999.000,9999.000
202605080530,   1.117,   1.220,9999.000,9999.000,9999.000,9999.000,9999.000,9999.000,9999.000
202605080536,   1.187,   1.298,9999.000,9999.000,9999.000,9999.000,9999.000,9999.000,9999.000
202605080542,   1.258,   1.318,9999.000,9999.000,9999.000,9999.000,9999.000,9999.000,9999.000
202605080548,   1.329,   1.380,9999.000,9999.000,9999.000,9999.000,9999.000,9999.000,9999.000
202605080554,   1.399,   1.420,9999.000,9999.000,9999.000,9999.000,9999.000,9999.000,9999.000
202605080600,   1.469,   1.489,   0.400,  -0.380,   1.489,   0.300,   1.389,   0.400,   1.489
202605080606,   1.539,   1.557,9999.000,9999.000,9999.000,9999.000,9999.000,9999.000,9999.000
202605080612,   1.609,   1.689,9999.000,9999.000,9999.000,9999.000,9999.000,9999.000,9999.000
202605080618,   1.678,   1.708,9999.000,9999.000,9999.000,9999.000,9999.000,9999.000,9999.000
202605080624,   1.747,   1.820,9999.000,9999.000,9999.000,9999.000,9999.000,9999.000,9999.000
202605080630,   1.815,   1.840,9999.000,9999.000,9999.000,9999.000,9999.000,9999.000,9999.000
202605080636,   1.883,   1.859,9999.000,9999.000,9999.000,9999.000,9999.000,9999.000,9999.000
202605080642,   1.949,   1.928,9999.000,9999.000,9999.000,9999.000,9999.000,9999.000,9999.000
202605080648,   2.015,   1.990,9999.000,9999.000,9999.000,9999.000,9999.000,9999.000,9999.000
202605080654,   2.080,   2.089,9999.000,9999.000,9999.000,9999.000,9999.000,9999.000,9999.000
202605080700,   2.144,   2.128,   0.400,  -0.416,   2.128,   0.300,   2.028,   0.400,   2.128
202605080706,   2.207,   2.269,9999.000,9999.000,9999.000,9999.000,9999.000,9999.000,9999.000
202605080712,   2.268,   2.289,9999.000,9999.000,9999.000,9999.000,9999.000,9999.000,9999.000
202605080718,   2.329,   2.309,9999.000,9999.000,9999.000,9999.000,9999.000,9999.000,9999.000
202605080724,   2.388,   2.358,9999.000,9999.000,9999.000,9999.000,9999.000,9999.000,9999.000
202605080730,   2.446,   2.440,9999.000,9999.000,9999.000,9999.000,9999.000,9999.000,9999.000
202605080736,   2.503,   2.450,9999.000,9999.000,9999.000,9999.000,9999.000,9999.000,9999.000
202605080742,   2.558,   2.499,9999.000,9999.000,9999.000,9999.000,9999.000,9999.000,9999.000
202605080748,   2.612,   2.587,9999.000,9999.000,9999.000,9999.000,9999.000,9999.000,9999.000
202605080754,   2.664,   2.650,9999.000,9999.000,9999.000,9999.000,9999.000,9999.000,9999.000
202605080800,   2.715,   2.728,   0.400,  -0.387,   2.728,   0.300,   2.628,   0.400,   2.728
202605080806,   2.764,   2.787,9999.000,9999.000,9999.000,9999.000,9999.000,9999.000,9999.000
202605080812,   2.812,   2.778,9999.000,9999.000,9999.000,9999.000,9999.000,9999.000,9999.000
202605080818,   2.859,   2.787,9999.000,9999.000,9999.000,9999.000,9999.000,9999.000,9999.000
202605080824,   2.904,   2.840,9999.000,9999.000,9999.000,9999.000,9999.000,9999.000,9999.000
202605080830,   2.947,   2.879,9999.000,9999.000,9999.000,9999.000,9999.000,9999.000,9999.000
202605080836,   2.988,   2.929,9999.000,9999.000,9999.000,9999.000,9999.000,9999.000,9999.000
202605080842,   3.029,   2.988,9999.000,9999.000,9999.000,9999.000,9999.000,9999.000,9999.000
202605080848,   3.067,   3.060,9999.000,9999.000,9999.000,9999.000,9999.000,9999.000,9999.000
202605080854,   3.104,   3.109,9999.000,9999.000,9999.000,9999.000,9999.000,9999.000,9999.000
202605080900,   3.139,   3.119,   0.400,  -0.420,   3.119,   0.300,   3.019,   0.400,   3.119
202605080906,   3.173,   3.119,9999.000,9999.000,9999.000,9999.000,9999.000,9999.000,9999.000
202605080912,   3.205,   3.129,9999.000,9999.000,9999.000,9999.000,9999.000,9999.000,9999.000
202605080918,   3.236,   3.109,9999.000,9999.000,9999.000,9999.000,9999.000,9999.000,9999.000
202605080924,   3.265,   3.188,9999.000,9999.000,9999.000,9999.000,9999.000,9999.000,9999.000
202605080930,   3.293,   3.260,9999.000,9999.000,9999.000,9999.000,9999.000,9999.000,9999.000
202605080936,   3.319,   3.339,9999.000,9999.000,9999.000,9999.000,9999.000,9999.000,9999.000
202605080942,   3.343,   3.368,9999.000,9999.000,9999.000,9999.000,9999.000,9999.000,9999.000
202605080948,   3.366,   3.279,9999.000,9999.000,9999.000,9999.000,9999.000,9999.000,9999.000
202605080954,   3.388,   3.329,9999.000,9999.000,9999.000,9999.000,9999.000,9999.000,9999.000
202605081000,   3.408,   3.299,   0.300,  -0.409,   3.299,   0.300,   3.299,   0.400,   3.399
202605081006,   3.426,   3.358,9999.000,9999.000,9999.000,9999.000,9999.000,9999.000,9999.000
202605081012,   3.444,   3.378,9999.000,9999.000,9999.000,9999.000,9999.000,9999.000,9999.000
202605081018,   3.459,   3.417,9999.000,9999.000,9999.000,9999.000,9999.000,9999.000,9999.000
202605081024,   3.474,   3.440,9999.000,9999.000,9999.000,9999.000,9999.000,9999.000,9999.000
202605081030,   3.487,   3.417,9999.000,9999.000,9999.000,9999.000,9999.000,9999.000,9999.000
202605081036,   3.498,   3.440,9999.000,9999.000,9999.000,9999.000,9999.000,9999.000,9999.000
202605081042,   3.508,   3.417,9999.000,9999.000,9999.000,9999.000,9999.000,9999.000,9999.000
202605081048,   3.517,   3.440,9999.000,9999.000,9999.000,9999.000,9999.000,9999.000,9999.000
202605081054,   3.525,   3.470,9999.000,9999.000,9999.000,9999.000,9999.000,9999.000,9999.000
202605081100,   3.532,   3.480,   0.300,  -0.352,   3.480,   0.300,   3.480,   0.400,   3.580
202605081106,   3.537,   3.460,9999.000,9999.000,9999.000,9999.000,9999.000,9999.000,9999.000
202605081112,   3.542,   3.489,9999.000,9999.000,9999.000,9999.000,9999.000,9999.000,9999.000
202605081118,   3.545,   3.489,9999.000,9999.000,9999.000,9999.000,9999.000,9999.000,9999.000
202605081124,   3.547,   3.489,9999.000,9999.000,9999.000,9999.000,9999.000,9999.000,9999.000
202605081130,   3.548,   3.480,9999.000,9999.000,9999.000,9999.000,9999.000,9999.000,9999.000
202605081136,   3.548,   3.489,9999.000,9999.000,9999.000,9999.000,9999.000,9999.000,9999.000
202605081142,   3.548,   3.450,9999.000,9999.000,9999.000,9999.000,9999.000,9999.000,9999.000
202605081148,   3.547,   3.440,9999.000,9999.000,9999.000,9999.000,9999.000,9999.000,9999.000
202605081154,   3.544,   3.440,9999.000,9999.000,9999.000,9999.000,9999.000,9999.000,9999.000
202605081200,   3.542,   3.499,   0.500,  -0.543,   3.499,   0.500,   3.499,   0.600,   3.599
202605081206,   3.538,   3.489,9999.000,9999.000,9999.000,9999.000,9999.000,9999.000,9999.000
202605081212,   3.534,   3.470,9999.000,9999.000,9999.000,9999.000,9999.000,9999.000,9999.000
202605081218,   3.530,   3.460,9999.000,9999.000,9999.000,9999.000,9999.000,9999.000,9999.000
202605081224,   3.525,   3.417,9999.000,9999.000,9999.000,9999.000,9999.000,9999.000,9999.000
202605081230,   3.519,   3.440,9999.000,9999.000,9999.000,9999.000,9999.000,9999.000,9999.000
202605081236,   3.513,   3.450,9999.000,9999.000,9999.000,9999.000,9999.000,9999.000,9999.000
202605081242,   3.507,   3.440,9999.000,9999.000,9999.000,9999.000,9999.000,9999.000,9999.000
202605081248,   3.501,   3.417,9999.000,9999.000,9999.000,9999.000,9999.000,9999.000,9999.000
202605081254,   3.495,   3.417,9999.000,9999.000,9999.000,9999.000,9999.000,9999.000,9999.000
202605081300,   3.488,   3.368,   0.500,  -0.620,   3.368,   0.500,   3.368,   0.600,   3.468
202605081306,   3.482,   3.398,9999.000,9999.000,9999.000,9999.000,9999.000,9999.000,9999.000
202605081312,   3.475,   3.460,9999.000,9999.000,9999.000,9999.000,9999.000,9999.000,9999.000
202605081318,   3.468,   3.417,9999.000,9999.000,9999.000,9999.000,9999.000,9999.000,9999.000
202605081324,   3.462,   3.407,9999.000,9999.000,9999.000,9999.000,9999.000,9999.000,9999.000
202605081330,   3.455,   3.348,9999.000,9999.000,9999.000,9999.000,9999.000,9999.000,9999.000
202605081336,   3.448,   3.348,9999.000,9999.000,9999.000,9999.000,9999.000,9999.000,9999.000
202605081342,   3.442,   3.339,9999.000,9999.000,9999.000,9999.000,9999.000,9999.000,9999.000
202605081348,   3.436,   3.378,9999.000,9999.000,9999.000,9999.000,9999.000,9999.000,9999.000
202605081354,   3.430,   3.398,9999.000,9999.000,9999.000,9999.000,9999.000,9999.000,9999.000
202605081400,   3.424,   3.378,   0.500,  -0.546,   3.378,   0.500,   3.378,   0.500,   3.378
202605081406,   3.418,   3.368,9999.000,9999.000,9999.000,9999.000,9999.000,9999.000,9999.000
202605081412,   3.412,   3.329,9999.000,9999.000,9999.000,9999.000,9999.000,9999.000,9999.000
202605081418,   3.407,   3.368,9999.000,9999.000,9999.000,9999.000,9999.000,9999.000,9999.000
202605081424,   3.401,   3.309,9999.000,9999.000,9999.000,9999.000,9999.000,9999.000,9999.000
202605081430,   3.396,   3.358,9999.000,9999.000,9999.000,9999.000,9999.000,9999.000,9999.000
202605081436,   3.391,   3.309,9999.000,9999.000,9999.000,9999.000,9999.000,9999.000,9999.000
202605081442,   3.386,   3.279,9999.000,9999.000,9999.000,9999.000,9999.000,9999.000,9999.000
202605081448,   3.381,   3.299,9999.000,9999.000,9999.000,9999.000,9999.000,9999.000,9999.000
202605081454,   3.376,   3.319,9999.000,9999.000,9999.000,9999.000,9999.000,9999.000,9999.000
202605081500,   3.371,   3.368,   0.500,  -0.503,   3.368,   0.400,   3.268,   0.500,   3.368
202605081506,   3.366,   3.329,9999.000,9999.000,9999.000,9999.000,9999.000,9999.000,9999.000
202605081512,   3.361,   3.299,9999.000,9999.000,9999.000,9999.000,9999.000,9999.000,9999.000
202605081518,   3.356,   3.279,9999.000,9999.000,9999.000,9999.000,9999.000,9999.000,9999.000
202605081524,   3.351,   3.260,9999.000,9999.000,9999.000,9999.000,9999.000,9999.000,9999.000
202605081530,   3.346,   3.279,9999.000,9999.000,9999.000,9999.000,9999.000,9999.000,9999.000
202605081536,   3.341,   3.309,9999.000,9999.000,9999.000,9999.000,9999.000,9999.000,9999.000
202605081542,   3.335,   3.339,9999.000,9999.000,9999.000,9999.000,9999.000,9999.000,9999.000
202605081548,   3.329,   3.270,9999.000,9999.000,9999.000,9999.000,9999.000,9999.000,9999.000
202605081554,   3.323,   3.289,9999.000,9999.000,9999.000,9999.000,9999.000,9999.000,9999.000
202605081600,   3.316,   3.270,   0.500,  -0.546,   3.270,   0.400,   3.170,   0.500,   3.270
202605081606,   3.309,   3.289,9999.000,9999.000,9999.000,9999.000,9999.000,9999.000,9999.000
202605081612,   3.302,   3.270,9999.000,9999.000,9999.000,9999.000,9999.000,9999.000,9999.000
202605081618,   3.294,   3.207,9999.000,9999.000,9999.000,9999.000,9999.000,9999.000,9999.000
202605081624,   3.286,   3.250,9999.000,9999.000,9999.000,9999.000,9999.000,9999.000,9999.000
202605081630,   3.277,   3.217,9999.000,9999.000,9999.000,9999.000,9999.000,9999.000,9999.000
202605081636,   3.268,   3.230,9999.000,9999.000,9999.000,9999.000,9999.000,9999.000,9999.000
202605081642,   3.258,   3.230,9999.000,9999.000,9999.000,9999.000,9999.000,9999.000,9999.000
202605081648,   3.247,   3.230,9999.000,9999.000,9999.000,9999.000,9999.000,9999.000,9999.000
202605081654,   3.236,   3.207,9999.000,9999.000,9999.000,9999.000,9999.000,9999.000,9999.000
202605081700,   3.224,   3.178,   0.500,  -0.546,   3.178,   0.400,   3.078,   0.500,   3.178
202605081706,   3.211,   3.188,9999.000,9999.000,9999.000,9999.000,9999.000,9999.000,9999.000
202605081712,   3.198,   3.168,9999.000,9999.000,9999.000,9999.000,9999.000,9999.000,9999.000
202605081718,   3.183,   3.158,9999.000,9999.000,9999.000,9999.000,9999.000,9999.000,9999.000
202605081724,   3.168,   3.119,9999.000,9999.000,9999.000,9999.000,9999.000,9999.000,9999.000
202605081730,   3.152,   3.129,9999.000,9999.000,9999.000,9999.000,9999.000,9999.000,9999.000
202605081736,   3.135,   3.148,9999.000,9999.000,9999.000,9999.000,9999.000,9999.000,9999.000
202605081742,   3.116,   3.129,9999.000,9999.000,9999.000,9999.000,9999.000,9999.000,9999.000
202605081748,   3.097,   3.129,9999.000,9999.000,9999.000,9999.000,9999.000,9999.000,9999.000
202605081754,   3.077,   3.060,9999.000,9999.000,9999.000,9999.000,9999.000,9999.000,9999.000
202605081800,   3.055,   3.030,   0.500,  -0.525,   3.030,   0.500,   3.030,   0.600,   3.130
202605081806,   3.033,   2.978,9999.000,9999.000,9999.000,9999.000,9999.000,9999.000,9999.000
202605081812,   3.009,   2.968,9999.000,9999.000,9999.000,9999.000,9999.000,9999.000,9999.000
202605081818,   2.984,   2.978,9999.000,9999.000,9999.000,9999.000,9999.000,9999.000,9999.000
202605081824,   2.958,   2.948,9999.000,9999.000,9999.000,9999.000,9999.000,9999.000,9999.000
202605081830,   2.930,   2.948,9999.000,9999.000,9999.000,9999.000,9999.000,9999.000,9999.000
202605081836,   2.902,   2.889,9999.000,9999.000,9999.000,9999.000,9999.000,9999.000,9999.000
202605081842,   2.871,   2.850,9999.000,9999.000,9999.000,9999.000,9999.000,9999.000,9999.000
202605081848,   2.840,   2.797,9999.000,9999.000,9999.000,9999.000,9999.000,9999.000,9999.000
202605081854,   2.807,   2.797,9999.000,9999.000,9999.000,9999.000,9999.000,9999.000,9999.000
202605081900,   2.773,   2.768,   0.500,  -0.505,   2.768,   0.500,   2.768,   0.600,   2.868
202605081906,   2.738,   2.709,9999.000,9999.000,9999.000,9999.000,9999.000,9999.000,9999.000
202605081912,   2.701,   2.660,9999.000,9999.000,9999.000,9999.000,9999.000,9999.000,9999.000
202605081918,   2.662,   2.610,9999.000,9999.000,9999.000,9999.000,9999.000,9999.000,9999.000
202605081924,   2.623,   2.558,9999.000,9999.000,9999.000,9999.000,9999.000,9999.000,9999.000
202605081930,   2.582,   2.528,9999.000,9999.000,9999.000,9999.000,9999.000,9999.000,9999.000
202605081936,   2.539,   2.519,9999.000,9999.000,9999.000,9999.000,9999.000,9999.000,9999.000
202605081942,   2.496,   2.499,9999.000,9999.000,9999.000,9999.000,9999.000,9999.000,9999.000
202605081948,   2.450,   2.410,9999.000,9999.000,9999.000,9999.000,9999.000,9999.000,9999.000
202605081954,   2.404,   2.318,9999.000,9999.000,9999.000,9999.000,9999.000,9999.000,9999.000
202605082000,   2.357,   2.269,   0.500,  -0.588,   2.269,   0.500,   2.269,   0.600,   2.369
202605082006,   2.308,   2.240,9999.000,9999.000,9999.000,9999.000,9999.000,9999.000,9999.000
202605082012,   2.258,   2.210,9999.000,9999.000,9999.000,9999.000,9999.000,9999.000,9999.000
202605082018,   2.207,   2.168,9999.000,9999.000,9999.000,9999.000,9999.000,9999.000,9999.000
202605082024,   2.154,   2.118,9999.000,9999.000,9999.000,9999.000,9999.000,9999.000,9999.000
202605082030,   2.101,   2.049,9999.000,9999.000,9999.000,9999.000,9999.000,9999.000,9999.000
202605082036,   2.047,   1.948,9999.000,9999.000,9999.000,9999.000,9999.000,9999.000,9999.000
202605082042,   1.992,   1.918,9999.000,9999.000,9999.000,9999.000,9999.000,9999.000,9999.000
202605082048,   1.936,   1.889,9999.000,9999.000,9999.000,9999.000,9999.000,9999.000,9999.000
202605082054,   1.879,   1.840,9999.000,9999.000,9999.000,9999.000,9999.000,9999.000,9999.000
202605082100,   1.821,   1.810,   0.500,  -0.511,   1.810,   0.500,   1.810,   0.500,   1.810
202605082106,   1.763,   1.718,9999.000,9999.000,9999.000,9999.000,9999.000,9999.000,9999.000
202605082112,   1.704,   1.659,9999.000,9999.000,9999.000,9999.000,9999.000,9999.000,9999.000
202605082118,   1.644,   1.600,9999.000,9999.000,9999.000,9999.000,9999.000,9999.000,9999.000
202605082124,   1.585,   1.548,9999.000,9999.000,9999.000,9999.000,9999.000,9999.000,9999.000
202605082130,   1.524,   1.489,9999.000,9999.000,9999.000,9999.000,9999.000,9999.000,9999.000
202605082136,   1.463,   1.410,9999.000,9999.000,9999.000,9999.000,9999.000,9999.000,9999.000
202605082142,   1.402,   1.338,9999.000,9999.000,9999.000,9999.000,9999.000,9999.000,9999.000
202605082148,   1.341,   1.289,9999.000,9999.000,9999.000,9999.000,9999.000,9999.000,9999.000
202605082154,   1.280,   1.229,9999.000,9999.000,9999.000,9999.000,9999.000,9999.000,9999.000
202605082200,   1.218,   1.200,   0.500,  -0.518,   1.200,   0.500,   1.200,   0.500,   1.200
202605082206,   1.157,   1.151,9999.000,9999.000,9999.000,9999.000,9999.000,9999.000,9999.000
202605082212,   1.096,   1.049,9999.000,9999.000,9999.000,9999.000,9999.000,9999.000,9999.000
202605082218,   1.034,   1.010,9999.000,9999.000,9999.000,9999.000,9999.000,9999.000,9999.000
202605082224,   0.973,   0.898,9999.000,9999.000,9999.000,9999.000,9999.000,9999.000,9999.000
202605082230,   0.913,   0.859,9999.000,9999.000,9999.000,9999.000,9999.000,9999.000,9999.000
202605082236,   0.852,   0.819,9999.000,9999.000,9999.000,9999.000,9999.000,9999.000,9999.000
202605082242,   0.793,   0.810,9999.000,9999.000,9999.000,9999.000,9999.000,9999.000,9999.000
202605082248,   0.733,   0.770,9999.000,9999.000,9999.000,9999.000,9999.000,9999.000,9999.000
202605082254,   0.674,   0.708,9999.000,9999.000,9999.000,9999.000,9999.000,9999.000,9999.000
202605082300,   0.616,   0.639,   0.500,  -0.477,   0.639,   0.400,   0.539,   0.500,   0.639
202605082306,   0.558,   0.518,9999.000,9999.000,9999.000,9999.000,9999.000,9999.000,9999.000
202605082312,   0.502,   0.449,9999.000,9999.000,9999.000,9999.000,9999.000,9999.000,9999.000
202605082318,   0.446,   0.360,9999.000,9999.000,9999.000,9999.000,9999.000,9999.000,9999.000
202605082324,   0.391,   0.380,9999.000,9999.000,9999.000,9999.000,9999.000,9999.000,9999.000
202605082330,   0.337,   0.350,9999.000,9999.000,9999.000,9999.000,9999.000,9999.000,9999.000
202605082336,   0.284,   0.308,9999.000,9999.000,9999.000,9999.000,9999.000,9999.000,9999.000
202605082342,   0.232,   0.298,9999.000,9999.000,9999.000,9999.000,9999.000,9999.000,9999.000
202605082348,   0.182,   0.180,9999.000,9999.000,9999.000,9999.000,9999.000,9999.000,9999.000
202605082354,   0.133,   0.098,9999.000,9999.000,9999.000,9999.000,9999.000,9999.000,9999.000
202605090000,   0.085,   0.000,   0.400,  -0.485,   0.000,   0.300,  -0.100,   0.400,   0.000
202605090006,   0.038,  -0.059,9999.000,9999.000,9999.000,9999.000,9999.000,9999.000,9999.000
202605090012,  -0.005,  -0.029,9999.000,9999.000,9999.000,9999.000,9999.000,9999.000,9999.000
202605090018,  -0.048,   0.000,9999.000,9999.000,9999.000,9999.000,9999.000,9999.000,9999.000
202605090024,  -0.090,  -0.049,9999.000,9999.000,9999.000,9999.000,9999.000,9999.000,9999.000
202605090030,  -0.130,  -0.098,9999.000,9999.000,9999.000,9999.000,9999.000,9999.000,9999.000
202605090036,  -0.167,  -0.121,9999.000,9999.000,9999.000,9999.000,9999.000,9999.000,9999.000
202605090042,  -0.203,  -0.219,9999.000,9999.000,9999.000,9999.000,9999.000,9999.000,9999.000
202605090048,  -0.237,  -0.249,9999.000,9999.000,9999.000,9999.000,9999.000,9999.000,9999.000
202605090054,  -0.269,  -0.278,9999.000,9999.000,9999.000,9999.000,9999.000,9999.000,9999.000
202605090100,  -0.299,  -0.288,   0.400,  -0.389,  -0.288,   0.300,  -0.388,   0.400,  -0.288
202605090106,  -0.326,  -0.288,9999.000,9999.000,9999.000,9999.000,9999.000,9999.000,9999.000
202605090112,  -0.351,  -0.308,9999.000,9999.000,9999.000,9999.000,9999.000,9999.000,9999.000
202605090118,  -0.374,  -0.298,9999.000,9999.000,9999.000,9999.000,9999.000,9999.000,9999.000
202605090124,  -0.395,  -0.321,9999.000,9999.000,9999.000,9999.000,9999.000,9999.000,9999.000
202605090130,  -0.413,  -0.370,9999.000,9999.000,9999.000,9999.000,9999.000,9999.000,9999.000
202605090136,  -0.429,  -0.409,9999.000,9999.000,9999.000,9999.000,9999.000,9999.000,9999.000
202605090142,  -0.442,  -0.439,9999.000,9999.000,9999.000,9999.000,9999.000,9999.000,9999.000
202605090148,  -0.452,  -0.419,9999.000,9999.000,9999.000,9999.000,9999.000,9999.000,9999.000
202605090154,  -0.460,  -0.429,9999.000,9999.000,9999.000,9999.000,9999.000,9999.000,9999.000
202605090200,  -0.466,  -0.380,   0.400,  -0.314,  -0.380,   0.300,  -0.480,   0.400,  -0.380
202605090206,  -0.469,  -0.390,9999.000,9999.000,9999.000,9999.000,9999.000,9999.000,9999.000
202605090212,  -0.469,  -0.419,9999.000,9999.000,9999.000,9999.000,9999.000,9999.000,9999.000
202605090218,  -0.467,  -0.429,9999.000,9999.000,9999.000,9999.000,9999.000,9999.000,9999.000
202605090224,  -0.462,  -0.449,9999.000,9999.000,9999.000,9999.000,9999.000,9999.000,9999.000
202605090230,  -0.454,  -0.419,9999.000,9999.000,9999.000,9999.000,9999.000,9999.000,9999.000
202605090236,  -0.444,  -0.390,9999.000,9999.000,9999.000,9999.000,9999.000,9999.000,9999.000
202605090242,  -0.431,  -0.350,9999.000,9999.000,9999.000,9999.000,9999.000,9999.000,9999.000
202605090248,  -0.416,  -0.360,9999.000,9999.000,9999.000,9999.000,9999.000,9999.000,9999.000
202605090254,  -0.398,  -0.341,9999.000,9999.000,9999.000,9999.000,9999.000,9999.000,9999.000
202605090300,  -0.377,  -0.350,   0.400,  -0.373,  -0.350,   0.300,  -0.450,   0.400,  -0.350
202605090306,  -0.355,  -0.308,9999.000,9999.000,9999.000,9999.000,9999.000,9999.000,9999.000
202605090312,  -0.329,  -0.278,9999.000,9999.000,9999.000,9999.000,9999.000,9999.000,9999.000
202605090318,  -0.302,  -0.268,9999.000,9999.000,9999.000,9999.000,9999.000,9999.000,9999.000
202605090324,  -0.272,  -0.239,9999.000,9999.000,9999.000,9999.000,9999.000,9999.000,9999.000
202605090330,  -0.240,  -0.190,9999.000,9999.000,9999.000,9999.000,9999.000,9999.000,9999.000
202605090336,  -0.205,  -0.200,9999.000,9999.000,9999.000,9999.000,9999.000,9999.000,9999.000
202605090342,  -0.169,  -0.141,9999.000,9999.000,9999.000,9999.000,9999.000,9999.000,9999.000
202605090348,  -0.130,  -0.068,9999.000,9999.000,9999.000,9999.000,9999.000,9999.000,9999.000
202605090354,  -0.089,  -0.049,9999.000,9999.000,9999.000,9999.000,9999.000,9999.000,9999.000
202605090400,  -0.047,  -0.029,   0.400,  -0.382,  -0.029,   0.300,  -0.129,   0.400,  -0.029
202605090406,  -0.002,   0.009,9999.000,9999.000,9999.000,9999.000,9999.000,9999.000,9999.000
202605090412,   0.044,   0.088,9999.000,9999.000,9999.000,9999.000,9999.000,9999.000,9999.000
202605090418,   0.092,   0.131,9999.000,9999.000,9999.000,9999.000,9999.000,9999.000,9999.000
202605090424,   0.142,   0.190,9999.000,9999.000,9999.000,9999.000,9999.000,9999.000,9999.000
202605090430,   0.193,   0.239,9999.000,9999.000,9999.000,9999.000,9999.000,9999.000,9999.000
202605090436,   0.246,   0.321,9999.000,9999.000,9999.000,9999.000,9999.000,9999.000,9999.000
202605090442,   0.301,   0.341,9999.000,9999.000,9999.000,9999.000,9999.000,9999.000,9999.000
202605090448,   0.357,   0.390,9999.000,9999.000,9999.000,9999.000,9999.000,9999.000,9999.000
202605090454,   0.414,   0.469,9999.000,9999.000,9999.000,9999.000,9999.000,9999.000,9999.000
202605090500,   0.472,   0.541,   0.300,  -0.231,   0.541,   0.300,   0.541,   0.400,   0.641
202605090506,   0.532,   0.600,9999.000,9999.000,9999.000,9999.000,9999.000,9999.000,9999.000
202605090512,   0.592,   0.688,9999.000,9999.000,9999.000,9999.000,9999.000,9999.000,9999.000
202605090518,   0.654,   0.718,9999.000,9999.000,9999.000,9999.000,9999.000,9999.000,9999.000
202605090524,   0.716,   0.810,9999.000,9999.000,9999.000,9999.000,9999.000,9999.000,9999.000
202605090530,   0.780,   0.819,9999.000,9999.000,9999.000,9999.000,9999.000,9999.000,9999.000
202605090536,   0.844,   0.908,9999.000,9999.000,9999.000,9999.000,9999.000,9999.000,9999.000
202605090542,   0.908,   0.928,9999.000,9999.000,9999.000,9999.000,9999.000,9999.000,9999.000
202605090548,   0.974,   1.010,9999.000,9999.000,9999.000,9999.000,9999.000,9999.000,9999.000
202605090554,   1.039,   1.108,9999.000,9999.000,9999.000,9999.000,9999.000,9999.000,9999.000
202605090600,   1.105,   1.180,   0.100,  -0.025,   1.180,   0.100,   1.180,   0.200,   1.280
202605090606,   1.172,   1.249,9999.000,9999.000,9999.000,9999.000,9999.000,9999.000,9999.000
202605090612,   1.238,   1.298,9999.000,9999.000,9999.000,9999.000,9999.000,9999.000,9999.000
202605090618,   1.304,   1.348,9999.000,9999.000,9999.000,9999.000,9999.000,9999.000,9999.000
202605090624,   1.371,   1.410,9999.000,9999.000,9999.000,9999.000,9999.000,9999.000,9999.000
202605090630,   1.437,   1.508,9999.000,9999.000,9999.000,9999.000,9999.000,9999.000,9999.000
202605090636,   1.504,   1.548,9999.000,9999.000,9999.000,9999.000,9999.000,9999.000,9999.000
202605090642,   1.569,   1.620,9999.000,9999.000,9999.000,9999.000,9999.000,9999.000,9999.000
202605090648,   1.635,   1.679,9999.000,9999.000,9999.000,9999.000,9999.000,9999.000,9999.000
202605090654,   1.700,   1.758,9999.000,9999.000,9999.000,9999.000,9999.000,9999.000,9999.000
202605090700,   1.765,   1.820,   0.100,  -0.045,   1.820,   0.100,   1.820,   0.200,   1.920
202605090706,   1.828,   1.869,9999.000,9999.000,9999.000,9999.000,9999.000,9999.000,9999.000
202605090712,   1.892,   1.928,9999.000,9999.000,9999.000,9999.000,9999.000,9999.000,9999.000
202605090718,   1.954,   1.990,9999.000,9999.000,9999.000,9999.000,9999.000,9999.000,9999.000
202605090724,   2.015,   2.079,9999.000,9999.000,9999.000,9999.000,9999.000,9999.000,9999.000
202605090730,   2.076,   2.158,9999.000,9999.000,9999.000,9999.000,9999.000,9999.000,9999.000
202605090736,   2.135,   2.240,9999.000,9999.000,9999.000,9999.000,9999.000,9999.000,9999.000
202605090742,   2.194,   2.240,9999.000,9999.000,9999.000,9999.000,9999.000,9999.000,9999.000
202605090748,   2.251,   2.259,9999.000,9999.000,9999.000,9999.000,9999.000,9999.000,9999.000
202605090754,   2.307,   2.318,9999.000,9999.000,9999.000,9999.000,9999.000,9999.000,9999.000
202605090800,   2.361,   2.368,   0.200,  -0.193,   2.368,   0.100,   2.268,   0.200,   2.368
202605090806,   2.415,   2.450,9999.000,9999.000,9999.000,9999.000,9999.000,9999.000,9999.000
202605090812,   2.467,   2.509,9999.000,9999.000,9999.000,9999.000,9999.000,9999.000,9999.000
202605090818,   2.517,   2.597,9999.000,9999.000,9999.000,9999.000,9999.000,9999.000,9999.000
202605090824,   2.566,   2.587,9999.000,9999.000,9999.000,9999.000,9999.000,9999.000,9999.000
202605090830,   2.614,   2.669,9999.000,9999.000,9999.000,9999.000,9999.000,9999.000,9999.000
202605090836,   2.660,   2.679,9999.000,9999.000,9999.000,9999.000,9999.000,9999.000,9999.000
202605090842,   2.705,   2.679,9999.000,9999.000,9999.000,9999.000,9999.000,9999.000,9999.000
202605090848,   2.748,   2.738,9999.000,9999.000,9999.000,9999.000,9999.000,9999.000,9999.000
202605090854,   2.789,   2.778,9999.000,9999.000,9999.000,9999.000,9999.000,9999.000,9999.000
202605090900,   2.829,   2.830,   0.200,  -0.199,   2.830,   0.100,   2.730,   0.200,   2.830
202605090906,   2.868,   2.879,9999.000,9999.000,9999.000,9999.000,9999.000,9999.000,9999.000
202605090912,   2.904,   2.978,9999.000,9999.000,9999.000,9999.000,9999.000,9999.000,9999.000
202605090918,   2.939,   2.948,9999.000,9999.000,9999.000,9999.000,9999.000,9999.000,9999.000
202605090924,   2.973,   2.958,9999.000,9999.000,9999.000,9999.000,9999.000,9999.000,9999.000
202605090930,   3.005,   2.968,9999.000,9999.000,9999.000,9999.000,9999.000,9999.000,9999.000
202605090936,   3.035,   3.007,9999.000,9999.000,9999.000,9999.000,9999.000,9999.000,9999.000
202605090942,   3.064,   3.017,9999.000,9999.000,9999.000,9999.000,9999.000,9999.000,9999.000
202605090948,   3.091,   3.070,9999.000,9999.000,9999.000,9999.000,9999.000,9999.000,9999.000
202605090954,   3.117,   3.089,9999.000,9999.000,9999.000,9999.000,9999.000,9999.000,9999.000
202605091000,   3.141,   3.119,   0.100,  -0.122,   3.119,   0.100,   3.119,   0.200,   3.219
202605091006,   3.163,   3.099,9999.000,9999.000,9999.000,9999.000,9999.000,9999.000,9999.000
202605091012,   3.184,   3.158,9999.000,9999.000,9999.000,9999.000,9999.000,9999.000,9999.000
202605091018,   3.204,   3.158,9999.000,9999.000,9999.000,9999.000,9999.000,9999.000,9999.000
202605091024,   3.222,   3.168,9999.000,9999.000,9999.000,9999.000,9999.000,9999.000,9999.000
202605091030,   3.239,   3.178,9999.000,9999.000,9999.000,9999.000,9999.000,9999.000,9999.000
202605091036,   3.254,   3.158,9999.000,9999.000,9999.000,9999.000,9999.000,9999.000,9999.000
202605091042,   3.268,   3.168,9999.000,9999.000,9999.000,9999.000,9999.000,9999.000,9999.000
202605091048,   3.280,   3.207,9999.000,9999.000,9999.000,9999.000,9999.000,9999.000,9999.000
202605091054,   3.291,   3.260,9999.000,9999.000,9999.000,9999.000,9999.000,9999.000,9999.000
202605091100,   3.301,   3.230,   0.100,  -0.171,   3.230,   0.100,   3.230,   0.200,   3.330
202605091106,   3.309,   3.240,9999.000,9999.000,9999.000,9999.000,9999.000,9999.000,9999.000
202605091112,   3.316,   3.250,9999.000,9999.000,9999.000,9999.000,9999.000,9999.000,9999.000
202605091118,   3.322,   3.188,9999.000,9999.000,9999.000,9999.000,9999.000,9999.000,9999.000
202605091124,   3.327,   3.270,9999.000,9999.000,9999.000,9999.000,9999.000,9999.000,9999.000
202605091130,   3.330,   3.270,9999.000,9999.000,9999.000,9999.000,9999.000,9999.000,9999.000
202605091136,   3.333,   3.289,9999.000,9999.000,9999.000,9999.000,9999.000,9999.000,9999.000
202605091142,   3.334,   3.260,9999.000,9999.000,9999.000,9999.000,9999.000,9999.000,9999.000
202605091148,   3.334,   3.279,9999.000,9999.000,9999.000,9999.000,9999.000,9999.000,9999.000
202605091154,   3.334,   3.250,9999.000,9999.000,9999.000,9999.000,9999.000,9999.000,9999.000
202605091200,   3.332,   3.240,   0.100,  -0.192,   3.240,   0.000,   3.140,   0.100,   3.240
202605091206,   3.329,   3.230,9999.000,9999.000,9999.000,9999.000,9999.000,9999.000,9999.000
202605091212,   3.326,   3.207,9999.000,9999.000,9999.000,9999.000,9999.000,9999.000,9999.000
202605091218,   3.322,   3.240,9999.000,9999.000,9999.000,9999.000,9999.000,9999.000,9999.000
202605091224,   3.317,   3.207,9999.000,9999.000,9999.000,9999.000,9999.000,9999.000,9999.000
202605091230,   3.311,   3.260,9999.000,9999.000,9999.000,9999.000,9999.000,9999.000,9999.000
202605091236,   3.305,   3.230,9999.000,9999.000,9999.000,9999.000,9999.000,9999.000,9999.000
202605091242,   3.298,   3.207,9999.000,9999.000,9999.000,9999.000,9999.000,9999.000,9999.000
202605091248,   3.291,   3.178,9999.000,9999.000,9999.000,9999.000,9999.000,9999.000,9999.000
202605091254,   3.283,   3.158,9999.000,9999.000,9999.000,9999.000,9999.000,9999.000,9999.000
202605091300,   3.275,   3.148,   0.100,  -0.227,   3.148,   0.000,   3.048,   0.100,   3.148
202605091306,   3.267,   3.129,9999.000,9999.000,9999.000,9999.000,9999.000,9999.000,9999.000
202605091312,   3.258,   3.138,9999.000,9999.000,9999.000,9999.000,9999.000,9999.000,9999.000
202605091318,   3.250,   3.158,9999.000,9999.000,9999.000,9999.000,9999.000,9999.000,9999.000
202605091324,   3.241,   3.188,9999.000,9999.000,9999.000,9999.000,9999.000,9999.000,9999.000
202605091330,   3.232,   3.178,9999.000,9999.000,9999.000,9999.000,9999.000,9999.000,9999.000
202605091336,   3.223,   3.158,9999.000,9999.000,9999.000,9999.000,9999.000,9999.000,9999.000
202605091342,   3.214,   3.158,9999.000,9999.000,9999.000,9999.000,9999.000,9999.000,9999.000
202605091348,   3.205,   3.089,9999.000,9999.000,9999.000,9999.000,9999.000,9999.000,9999.000
202605091354,   3.196,   3.050,9999.000,9999.000,9999.000,9999.000,9999.000,9999.000,9999.000
202605091400,   3.187,   3.050,   0.100,  -0.237,   3.050,   0.000,   2.950,   0.100,   3.050
202605091406,   3.179,   3.070,9999.000,9999.000,9999.000,9999.000,9999.000,9999.000,9999.000
202605091412,   3.170,   3.079,9999.000,9999.000,9999.000,9999.000,9999.000,9999.000,9999.000
202605091418,   3.163,   3.089,9999.000,9999.000,9999.000,9999.000,9999.000,9999.000,9999.000
202605091424,   3.155,   3.099,9999.000,9999.000,9999.000,9999.000,9999.000,9999.000,9999.000
202605091430,   3.147,   3.079,9999.000,9999.000,9999.000,9999.000,9999.000,9999.000,9999.000
202605091436,   3.140,   3.030,9999.000,9999.000,9999.000,9999.000,9999.000,9999.000,9999.000
202605091442,   3.133,   3.050,9999.000,9999.000,9999.000,9999.000,9999.000,9999.000,9999.000
202605091448,   3.127,   3.007,9999.000,9999.000,9999.000,9999.000,9999.000,9999.000,9999.000
202605091454,   3.121,   3.030,9999.000,9999.000,9999.000,9999.000,9999.000,9999.000,9999.000
202605091500,   3.115,   3.070,   0.100,  -0.145,   3.070,   0.000,   2.970,   0.100,   3.070
202605091506,   3.109,   3.017,9999.000,9999.000,9999.000,9999.000,9999.000,9999.000,9999.000
202605091512,   3.104,   3.060,9999.000,9999.000,9999.000,9999.000,9999.000,9999.000,9999.000
202605091518,   3.099,   3.060,9999.000,9999.000,9999.000,9999.000,9999.000,9999.000,9999.000
202605091524,   3.095,   3.030,9999.000,9999.000,9999.000,9999.000,9999.000,9999.000,9999.000
202605091530,   3.090,   3.017,9999.000,9999.000,9999.000,9999.000,9999.000,9999.000,9999.000
202605091536,   3.086,   3.017,9999.000,9999.000,9999.000,9999.000,9999.000,9999.000,9999.000
202605091542,   3.082,   2.997,9999.000,9999.000,9999.000,9999.000,9999.000,9999.000,9999.000
202605091548,   3.078,   2.997,9999.000,9999.000,9999.000,9999.000,9999.000,9999.000,9999.000
202605091554,   3.074,   3.007,9999.000,9999.000,9999.000,9999.000,9999.000,9999.000,9999.000
202605091600,   3.070,   3.017,   0.000,  -0.053,   3.017,   0.000,   3.017,   0.100,   3.117
202605091606,   3.066,   3.040,9999.000,9999.000,9999.000,9999.000,9999.000,9999.000,9999.000
202605091612,   3.063,   3.007,9999.000,9999.000,9999.000,9999.000,9999.000,9999.000,9999.000
202605091618,   3.059,   2.978,9999.000,9999.000,9999.000,9999.000,9999.000,9999.000,9999.000
202605091624,   3.055,   2.978,9999.000,9999.000,9999.000,9999.000,9999.000,9999.000,9999.000
202605091630,   3.051,   2.948,9999.000,9999.000,9999.000,9999.000,9999.000,9999.000,9999.000
202605091636,   3.047,   2.958,9999.000,9999.000,9999.000,9999.000,9999.000,9999.000,9999.000
202605091642,   3.042,   2.978,9999.000,9999.000,9999.000,9999.000,9999.000,9999.000,9999.000
202605091648,   3.038,   2.997,9999.000,9999.000,9999.000,9999.000,9999.000,9999.000,9999.000
202605091654,   3.033,   3.030,9999.000,9999.000,9999.000,9999.000,9999.000,9999.000,9999.000
202605091700,   3.027,   3.030,   0.000,   0.003,   3.030,   0.000,   3.030,   0.100,   3.130
202605091706,   3.022,   3.017,9999.000,9999.000,9999.000,9999.000,9999.000,9999.000,9999.000
202605091712,   3.015,   2.938,9999.000,9999.000,9999.000,9999.000,9999.000,9999.000,9999.000
202605091718,   3.009,   2.909,9999.000,9999.000,9999.000,9999.000,9999.000,9999.000,9999.000
202605091724,   3.002,   2.938,9999.000,9999.000,9999.000,9999.000,9999.000,9999.000,9999.000
202605091730,   2.994,   2.968,9999.000,9999.000,9999.000,9999.000,9999.000,9999.000,9999.000
202605091736,   2.986,   2.978,9999.000,9999.000,9999.000,9999.000,9999.000,9999.000,9999.000
202605091742,   2.977,   2.978,9999.000,9999.000,9999.000,9999.000,9999.000,9999.000,9999.000
202605091748,   2.967,   2.978,9999.000,9999.000,9999.000,9999.000,9999.000,9999.000,9999.000
202605091754,   2.957,   2.938,9999.000,9999.000,9999.000,9999.000,9999.000,9999.000,9999.000
202605091800,   2.946,   2.899,   0.100,  -0.147,   2.899,   0.100,   2.899,   0.100,   2.899
202605091806,   2.934,   2.879,9999.000,9999.000,9999.000,9999.000,9999.000,9999.000,9999.000
202605091812,   2.921,   2.909,9999.000,9999.000,9999.000,9999.000,9999.000,9999.000,9999.000
202605091818,   2.907,   2.860,9999.000,9999.000,9999.000,9999.000,9999.000,9999.000,9999.000
202605091824,   2.893,   2.850,9999.000,9999.000,9999.000,9999.000,9999.000,9999.000,9999.000
202605091830,   2.877,   2.840,9999.000,9999.000,9999.000,9999.000,9999.000,9999.000,9999.000
202605091836,   2.861,   2.860,9999.000,9999.000,9999.000,9999.000,9999.000,9999.000,9999.000
202605091842,   2.843,   2.850,9999.000,9999.000,9999.000,9999.000,9999.000,9999.000,9999.000
202605091848,   2.825,   2.830,9999.000,9999.000,9999.000,9999.000,9999.000,9999.000,9999.000
202605091854,   2.805,   2.778,9999.000,9999.000,9999.000,9999.000,9999.000,9999.000,9999.000
202605091900,   2.784,   2.738,   0.100,  -0.146,   2.738,   0.000,   2.638,   0.100,   2.738
202605091906,   2.762,   2.699,9999.000,9999.000,9999.000,9999.000,9999.000,9999.000,9999.000
202605091912,   2.739,   2.660,9999.000,9999.000,9999.000,9999.000,9999.000,9999.000,9999.000
202605091918,   2.715,   2.669,9999.000,9999.000,9999.000,9999.000,9999.000,9999.000,9999.000
202605091924,   2.689,   2.669,9999.000,9999.000,9999.000,9999.000,9999.000,9999.000,9999.000
202605091930,   2.663,   2.669,9999.000,9999.000,9999.000,9999.000,9999.000,9999.000,9999.000
202605091936,   2.635,   2.597,9999.000,9999.000,9999.000,9999.000,9999.000,9999.000,9999.000
202605091942,   2.605,   2.528,9999.000,9999.000,9999.000,9999.000,9999.000,9999.000,9999.000
202605091948,   2.575,   2.519,9999.000,9999.000,9999.000,9999.000,9999.000,9999.000,9999.000
202605091954,   2.543,   2.459,9999.000,9999.000,9999.000,9999.000,9999.000,9999.000,9999.000
202605092000,   2.510,   2.450,   0.000,  -0.060,   2.450,   0.000,   2.450,   0.100,   2.550
202605092006,   2.475,   2.400,9999.000,9999.000,9999.000,9999.000,9999.000,9999.000,9999.000
202605092012,   2.439,   2.377,9999.000,9999.000,9999.000,9999.000,9999.000,9999.000,9999.000
202605092018,   2.402,   2.318,9999.000,9999.000,9999.000,9999.000,9999.000,9999.000,9999.000
202605092024,   2.364,   2.318,9999.000,9999.000,9999.000,9999.000,9999.000,9999.000,9999.000
202605092030,   2.324,   2.269,9999.000,9999.000,9999.000,9999.000,9999.000,9999.000,9999.000
202605092036,   2.283,   2.220,9999.000,9999.000,9999.000,9999.000,9999.000,9999.000,9999.000
202605092042,   2.241,   2.168,9999.000,9999.000,9999.000,9999.000,9999.000,9999.000,9999.000
202605092048,   2.198,   2.089,9999.000,9999.000,9999.000,9999.000,9999.000,9999.000,9999.000
202605092054,   2.154,   2.059,9999.000,9999.000,9999.000,9999.000,9999.000,9999.000,9999.000
202605092100,   2.108,   2.030,   0.000,  -0.078,   2.030,   0.000,   2.030,   0.100,   2.130
202605092106,   2.062,   2.040,9999.000,9999.000,9999.000,9999.000,9999.000,9999.000,9999.000
202605092112,   2.014,   1.938,9999.000,9999.000,9999.000,9999.000,9999.000,9999.000,9999.000
202605092118,   1.966,   1.918,9999.000,9999.000,9999.000,9999.000,9999.000,9999.000,9999.000
202605092124,   1.917,   1.840,9999.000,9999.000,9999.000,9999.000,9999.000,9999.000,9999.000
202605092130,   1.866,   1.810,9999.000,9999.000,9999.000,9999.000,9999.000,9999.000,9999.000
202605092136,   1.815,   1.748,9999.000,9999.000,9999.000,9999.000,9999.000,9999.000,9999.000
202605092142,   1.764,   1.708,9999.000,9999.000,9999.000,9999.000,9999.000,9999.000,9999.000
202605092148,   1.711,   1.699,9999.000,9999.000,9999.000,9999.000,9999.000,9999.000,9999.000
202605092154,   1.659,   1.538,9999.000,9999.000,9999.000,9999.000,9999.000,9999.000,9999.000
202605092200,   1.605,   1.518,   0.000,  -0.087,   1.518,   0.000,   1.518,   0.100,   1.618
202605092206,   1.551,   1.459,9999.000,9999.000,9999.000,9999.000,9999.000,9999.000,9999.000
202605092212,   1.497,   1.449,9999.000,9999.000,9999.000,9999.000,9999.000,9999.000,9999.000
202605092218,   1.442,   1.380,9999.000,9999.000,9999.000,9999.000,9999.000,9999.000,9999.000
202605092224,   1.387,   1.390,9999.000,9999.000,9999.000,9999.000,9999.000,9999.000,9999.000
202605092230,   1.332,   1.289,9999.000,9999.000,9999.000,9999.000,9999.000,9999.000,9999.000
202605092236,   1.277,   1.220,9999.000,9999.000,9999.000,9999.000,9999.000,9999.000,9999.000
202605092242,   1.222,   1.151,9999.000,9999.000,9999.000,9999.000,9999.000,9999.000,9999.000
202605092248,   1.167,   1.098,9999.000,9999.000,9999.000,9999.000,9999.000,9999.000,9999.000
202605092254,   1.112,   1.059,9999.000,9999.000,9999.000,9999.000,9999.000,9999.000,9999.000
202605092300,   1.057,   0.990,   0.000,  -0.067,   0.990,   0.000,   0.990,   0.000,   0.990
202605092306,   1.002,   0.928,9999.000,9999.000,9999.000,9999.000,9999.000,9999.000,9999.000
202605092312,   0.947,   0.849,9999.000,9999.000,9999.000,9999.000,9999.000,9999.000,9999.000
202605092318,   0.893,   0.829,9999.000,9999.000,9999.000,9999.000,9999.000,9999.000,9999.000
202605092324,   0.840,   0.770,9999.000,9999.000,9999.000,9999.000,9999.000,9999.000,9999.000
202605092330,   0.787,   0.731,9999.000,9999.000,9999.000,9999.000,9999.000,9999.000,9999.000
202605092336,   0.734,   0.610,9999.000,9999.000,9999.000,9999.000,9999.000,9999.000,9999.000
202605092342,   0.682,   0.580,9999.000,9999.000,9999.000,9999.000,9999.000,9999.000,9999.000
202605092348,   0.631,   0.488,9999.000,9999.000,9999.000,9999.000,9999.000,9999.000,9999.000
202605092354,   0.581,   0.518,9999.000,9999.000,9999.000,9999.000,9999.000,9999.000,9999.000
202605100000,   0.531,   0.478,   0.000,  -0.053,   0.478,   0.000,   0.478,   0.000,   0.478
202605100006,   0.482,   0.390,9999.000,9999.000,9999.000,9999.000,9999.000,9999.000,9999.000
202605100012,   0.435,   0.341,9999.000,9999.000,9999.000,9999.000,9999.000,9999.000,9999.000
202605100018,   0.388,   0.209,9999.000,9999.000,9999.000,9999.000,9999.000,9999.000,9999.000
202605100024,   0.343,   0.219,9999.000,9999.000,9999.000,9999.000,9999.000,9999.000,9999.000
202605100030,   0.298,   0.160,9999.000,9999.000,9999.000,9999.000,9999.000,9999.000,9999.000
202605100036,   0.255,   0.209,9999.000,9999.000,9999.000,9999.000,9999.000,9999.000,9999.000
202605100042,   0.214,   0.160,9999.000,9999.000,9999.000,9999.000,9999.000,9999.000,9999.000
202605100048,   0.173,   0.098,9999.000,9999.000,9999.000,9999.000,9999.000,9999.000,9999.000
202605100054,   0.135,  -0.019,9999.000,9999.000,9999.000,9999.000,9999.000,9999.000,9999.000
202605100100,   0.097,  -0.019,   0.000,  -0.116,  -0.019,   0.000,  -0.019,   0.000,  -0.019
202605100106,   0.062,   0.000,9999.000,9999.000,9999.000,9999.000,9999.000,9999.000,9999.000
202605100112,   0.028,  -0.098,9999.000,9999.000,9999.000,9999.000,9999.000,9999.000,9999.000
202605100118,  -0.003,  -0.088,9999.000,9999.000,9999.000,9999.000,9999.000,9999.000,9999.000
202605100124,  -0.034,  -0.141,9999.000,9999.000,9999.000,9999.000,9999.000,9999.000,9999.000
202605100130,  -0.062,  -0.170,9999.000,9999.000,9999.000,9999.000,9999.000,9999.000,9999.000
202605100136,  -0.088,  -0.190,9999.000,9999.000,9999.000,9999.000,9999.000,9999.000,9999.000
202605100142,  -0.113,  -0.190,9999.000,9999.000,9999.000,9999.000,9999.000,9999.000,9999.000
202605100148,  -0.135,  -0.209,9999.000,9999.000,9999.000,9999.000,9999.000,9999.000,9999.000
202605100154,  -0.155,  -0.209,9999.000,9999.000,9999.000,9999.000,9999.000,9999.000,9999.000
202605100200,  -0.173,  -0.278,   0.000,  -0.105,  -0.278,   0.000,  -0.278,   0.000,  -0.278
202605100206,  -0.189,  -0.298,9999.000,9999.000,9999.000,9999.000,9999.000,9999.000,9999.000
202605100212,  -0.202,  -0.278,9999.000,9999.000,9999.000,9999.000,9999.000,9999.000,9999.000
202605100218,  -0.213,  -0.288,9999.000,9999.000,9999.000,9999.000,9999.000,9999.000,9999.000
202605100224,  -0.222,  -0.278,9999.000,9999.000,9999.000,9999.000,9999.000,9999.000,9999.000
202605100230,  -0.229,  -0.298,9999.000,9999.000,9999.000,9999.000,9999.000,9999.000,9999.000
202605100236,  -0.232,  -0.278,9999.000,9999.000,9999.000,9999.000,9999.000,9999.000,9999.000
202605100242,  -0.234,  -0.249,9999.000,9999.000,9999.000,9999.000,9999.000,9999.000,9999.000
202605100248,  -0.233,  -0.278,9999.000,9999.000,9999.000,9999.000,9999.000,9999.000,9999.000
202605100254,  -0.230,  -0.331,9999.000,9999.000,9999.000,9999.000,9999.000,9999.000,9999.000
202605100300,  -0.224,  -0.268,   0.000,  -0.044,  -0.268,  -0.100,  -0.368,   0.000,  -0.268
202605100306,  -0.215,  -0.259,9999.000,9999.000,9999.000,9999.000,9999.000,9999.000,9999.000
202605100312,  -0.205,  -0.209,9999.000,9999.000,9999.000,9999.000,9999.000,9999.000,9999.000
202605100318,  -0.192,  -0.219,9999.000,9999.000,9999.000,9999.000,9999.000,9999.000,9999.000
202605100324,  -0.176,  -0.219,9999.000,9999.000,9999.000,9999.000,9999.000,9999.000,9999.000
202605100330,  -0.158,  -0.209,9999.000,9999.000,9999.000,9999.000,9999.000,9999.000,9999.000
202605100336,  -0.138,  -0.180,9999.000,9999.000,9999.000,9999.000,9999.000,9999.000,9999.000
202605100342,  -0.115,  -0.150,9999.000,9999.000,9999.000,9999.000,9999.000,9999.000,9999.000
202605100348,  -0.090,  -0.121,9999.000,9999.000,9999.000,9999.000,9999.000,9999.000,9999.000
202605100354,  -0.063,  -0.088,9999.000,9999.000,9999.000,9999.000,9999.000,9999.000,9999.000
202605100400,  -0.034,  -0.111,   0.000,  -0.077,  -0.111,   0.000,  -0.111,   0.000,  -0.111
202605100406,  -0.003,  -0.039,9999.000,9999.000,9999.000,9999.000,9999.000,9999.000,9999.000
202605100412,   0.030,   0.019,9999.000,9999.000,9999.000,9999.000,9999.000,9999.000,9999.000
202605100418,   0.065,   0.098,9999.000,9999.000,9999.000,9999.000,9999.000,9999.000,9999.000
202605100424,   0.102,   0.059,9999.000,9999.000,9999.000,9999.000,9999.000,9999.000,9999.000
202605100430,   0.142,   0.098,9999.000,9999.000,9999.000,9999.000,9999.000,9999.000,9999.000
202605100436,   0.183,   0.098,9999.000,9999.000,9999.000,9999.000,9999.000,9999.000,9999.000
202605100442,   0.225,   0.200,9999.000,9999.000,9999.000,9999.000,9999.000,9999.000,9999.000
202605100448,   0.270,   0.268,9999.000,9999.000,9999.000,9999.000,9999.000,9999.000,9999.000
202605100454,   0.316,   0.321,9999.000,9999.000,9999.000,9999.000,9999.000,9999.000,9999.000
202605100500,   0.363,   0.429,   0.000,   0.066,   0.429,   0.000,   0.429,   0.000,   0.429
202605100506,   0.412,   0.439,9999.000,9999.000,9999.000,9999.000,9999.000,9999.000,9999.000
202605100512,   0.462,   0.439,9999.000,9999.000,9999.000,9999.000,9999.000,9999.000,9999.000
202605100518,   0.514,   0.518,9999.000,9999.000,9999.000,9999.000,9999.000,9999.000,9999.000
202605100524,   0.567,   0.600,9999.000,9999.000,9999.000,9999.000,9999.000,9999.000,9999.000
202605100530,   0.621,   0.600,9999.000,9999.000,9999.000,9999.000,9999.000,9999.000,9999.000
202605100536,   0.676,   0.688,9999.000,9999.000,9999.000,9999.000,9999.000,9999.000,9999.000
202605100542,   0.732,   0.708,9999.000,9999.000,9999.000,9999.000,9999.000,9999.000,9999.000
202605100548,   0.788,   0.810,9999.000,9999.000,9999.000,9999.000,9999.000,9999.000,9999.000
202605100554,   0.846,   0.829,9999.000,9999.000,9999.000,9999.000,9999.000,9999.000,9999.000
202605100600,   0.904,   0.980,  -0.100,   0.176,   0.980,  -0.100,   0.980,   0.000,   1.080
202605100606,   0.963,   0.980,9999.000,9999.000,9999.000,9999.000,9999.000,9999.000,9999.000
202605100612,   1.023,   1.010,9999.000,9999.000,9999.000,9999.000,9999.000,9999.000,9999.000
202605100618,   1.083,   1.098,9999.000,9999.000,9999.000,9999.000,9999.000,9999.000,9999.000
202605100624,   1.143,   1.180,9999.000,9999.000,9999.000,9999.000,9999.000,9999.000,9999.000
202605100630,   1.204,   1.229,9999.000,9999.000,9999.000,9999.000,9999.000,9999.000,9999.000
202605100636,   1.264,   1.318,9999.000,9999.000,9999.000,9999.000,9999.000,9999.000,9999.000
202605100642,   1.325,   1.449,9999.000,9999.000,9999.000,9999.000,9999.000,9999.000,9999.000
202605100648,   1.386,   1.439,9999.000,9999.000,9999.000,9999.000,9999.000,9999.000,9999.000
202605100654,   1.447,   1.498,9999.000,9999.000,9999.000,9999.000,9999.000,9999.000,9999.000
202605100700,   1.508,   1.571,  -0.100,   0.163,   1.571,  -0.100,   1.571,   0.000,   1.671
202605100706,   1.569,   1.610,9999.000,9999.000,9999.000,9999.000,9999.000,9999.000,9999.000
202605100712,   1.629,   1.649,9999.000,9999.000,9999.000,9999.000,9999.000,9999.000,9999.000
202605100718,   1.689,   1.689,9999.000,9999.000,9999.000,9999.000,9999.000,9999.000,9999.000
202605100724,   1.748,   1.800,9999.000,9999.000,9999.000,9999.000,9999.000,9999.000,9999.000
202605100730,   1.807,   1.879,9999.000,9999.000,9999.000,9999.000,9999.000,9999.000,9999.000
202605100736,   1.865,   1.948,9999.000,9999.000,9999.000,9999.000,9999.000,9999.000,9999.000
202605100742,   1.923,   2.040,9999.000,9999.000,9999.000,9999.000,9999.000,9999.000,9999.000
202605100748,   1.980,   2.079,9999.000,9999.000,9999.000,9999.000,9999.000,9999.000,9999.000
202605100754,   2.035,   2.109,9999.000,9999.000,9999.000,9999.000,9999.000,9999.000,9999.000
202605100800,   2.090,   2.138,  -0.100,   0.148,   2.138,  -0.100,   2.138,   0.000,   2.238
202605100806,   2.144,   2.220,9999.000,9999.000,9999.000,9999.000,9999.000,9999.000,9999.000
202605100812,   2.197,   2.269,9999.000,9999.000,9999.000,9999.000,9999.000,9999.000,9999.000
202605100818,   2.248,   2.348,9999.000,9999.000,9999.000,9999.000,9999.000,9999.000,9999.000
202605100824,   2.298,   2.430,9999.000,9999.000,9999.000,9999.000,9999.000,9999.000,9999.000
202605100830,   2.347,   2.430,9999.000,9999.000,9999.000,9999.000,9999.000,9999.000,9999.000
202605100836,   2.395,   2.538,9999.000,9999.000,9999.000,9999.000,9999.000,9999.000,9999.000
202605100842,   2.441,   2.479,9999.000,9999.000,9999.000,9999.000,9999.000,9999.000,9999.000
202605100848,   2.486,   2.509,9999.000,9999.000,9999.000,9999.000,9999.000,9999.000,9999.000
202605100854,   2.529,   2.558,9999.000,9999.000,9999.000,9999.000,9999.000,9999.000,9999.000
202605100900,   2.571,   2.640,  -0.100,   0.169,   2.640,  -0.100,   2.640,   0.000,   2.740
202605100906,   2.611,   2.768,9999.000,9999.000,9999.000,9999.000,9999.000,9999.000,9999.000
202605100912,   2.650,   2.768,9999.000,9999.000,9999.000,9999.000,9999.000,9999.000,9999.000
202605100918,   2.687,   2.869,9999.000,9999.000,9999.000,9999.000,9999.000,9999.000,9999.000
202605100924,   2.723,   2.748,9999.000,9999.000,9999.000,9999.000,9999.000,9999.000,9999.000
202605100930,   2.757,   2.738,9999.000,9999.000,9999.000,9999.000,9999.000,9999.000,9999.000
202605100936,   2.789,   2.787,9999.000,9999.000,9999.000,9999.000,9999.000,9999.000,9999.000
202605100942,   2.819,   2.968,9999.000,9999.000,9999.000,9999.000,9999.000,9999.000,9999.000
202605100948,   2.848,   2.978,9999.000,9999.000,9999.000,9999.000,9999.000,9999.000,9999.000
202605100954,   2.875,   3.007,9999.000,9999.000,9999.000,9999.000,9999.000,9999.000,9999.000
202605101000,   2.901,   3.007,  -0.100,   0.206,   3.007,  -0.100,   3.007,   0.000,   3.107
202605101006,   2.925,   2.997,9999.000,9999.000,9999.000,9999.000,9999.000,9999.000,9999.000
202605101012,   2.947,   3.079,9999.000,9999.000,9999.000,9999.000,9999.000,9999.000,9999.000
202605101018,   2.968,   3.070,9999.000,9999.000,9999.000,9999.000,9999.000,9999.000,9999.000
202605101024,   2.987,   3.109,9999.000,9999.000,9999.000,9999.000,9999.000,9999.000,9999.000
202605101030,   3.005,   3.040,9999.000,9999.000,9999.000,9999.000,9999.000,9999.000,9999.000
202605101036,   3.021,   3.070,9999.000,9999.000,9999.000,9999.000,9999.000,9999.000,9999.000
202605101042,   3.036,   3.148,9999.000,9999.000,9999.000,9999.000,9999.000,9999.000,9999.000
202605101048,   3.049,   3.250,9999.000,9999.000,9999.000,9999.000,9999.000,9999.000,9999.000
202605101054,   3.060,   3.240,9999.000,9999.000,9999.000,9999.000,9999.000,9999.000,9999.000
202605101100,   3.070,   3.240,  -0.100,   0.270,   3.240,  -0.100,   3.240,   0.000,   3.340
202605101106,   3.079,   3.138,9999.000,9999.000,9999.000,9999.000,9999.000,9999.000,9999.000
202605101112,   3.086,   3.109,9999.000,9999.000,9999.000,9999.000,9999.000,9999.000,9999.000
202605101118,   3.092,   3.168,9999.000,9999.000,9999.000,9999.000,9999.000,9999.000,9999.000
202605101124,   3.097,   3.230,9999.000,9999.000,9999.000,9999.000,9999.000,9999.000,9999.000
202605101130,   3.100,   3.279,9999.000,9999.000,9999.000,9999.000,9999.000,9999.000,9999.000
202605101136,   3.103,   3.240,9999.000,9999.000,9999.000,9999.000,9999.000,9999.000,9999.000
202605101142,   3.104,   3.250,9999.000,9999.000,9999.000,9999.000,9999.000,9999.000,9999.000
202605101148,   3.103,   3.230,9999.000,9999.000,9999.000,9999.000,9999.000,9999.000,9999.000
202605101154,   3.102,   3.240,9999.000,9999.000,9999.000,9999.000,9999.000,9999.000,9999.000
202605101200,   3.099,   3.240,  -0.100,   0.241,   3.240,  -0.100,   3.240,   0.000,   3.340
202605101206,   3.096,9999.000,9999.000,9999.000,9999.000,9999.000,9999.000,9999.000,9999.000
202605101212,   3.091,9999.000,9999.000,9999.000,9999.000,9999.000,9999.000,9999.000,9999.000
202605101218,   3.086,9999.000,9999.000,9999.000,9999.000,9999.000,9999.000,9999.000,9999.000
202605101224,   3.079,9999.000,9999.000,9999.000,9999.000,9999.000,9999.000,9999.000,9999.000
202605101230,   3.072,9999.000,9999.000,9999.000,9999.000,9999.000,9999.000,9999.000,9999.000
202605101236,   3.064,9999.000,9999.000,9999.000,9999.000,9999.000,9999.000,9999.000,9999.000
202605101242,   3.055,9999.000,9999.000,9999.000,9999.000,9999.000,9999.000,9999.000,9999.000
202605101248,   3.045,9999.000,9999.000,9999.000,9999.000,9999.000,9999.000,9999.000,9999.000
202605101254,   3.035,9999.000,9999.000,9999.000,9999.000,9999.000,9999.000,9999.000,9999.000
202605101300,   3.024,9999.000,   0.000,   0.220,   3.244,  -0.100,   3.144,   0.000,   3.244
202605101306,   3.013,9999.000,9999.000,9999.000,9999.000,9999.000,9999.000,9999.000,9999.000
202605101312,   3.001,9999.000,9999.000,9999.000,9999.000,9999.000,9999.000,9999.000,9999.000
202605101318,   2.989,9999.000,9999.000,9999.000,9999.000,9999.000,9999.000,9999.000,9999.000
202605101324,   2.976,9999.000,9999.000,9999.000,9999.000,9999.000,9999.000,9999.000,9999.000
202605101330,   2.963,9999.000,9999.000,9999.000,9999.000,9999.000,9999.000,9999.000,9999.000
202605101336,   2.950,9999.000,9999.000,9999.000,9999.000,9999.000,9999.000,9999.000,9999.000
202605101342,   2.937,9999.000,9999.000,9999.000,9999.000,9999.000,9999.000,9999.000,9999.000
202605101348,   2.923,9999.000,9999.000,9999.000,9999.000,9999.000,9999.000,9999.000,9999.000
202605101354,   2.910,9999.000,9999.000,9999.000,9999.000,9999.000,9999.000,9999.000,9999.000
202605101400,   2.896,9999.000,   0.000,   0.198,   3.094,   0.000,   3.094,   0.000,   3.094
202605101406,   2.883,9999.000,9999.000,9999.000,9999.000,9999.000,9999.000,9999.000,9999.000
202605101412,   2.870,9999.000,9999.000,9999.000,9999.000,9999.000,9999.000,9999.000,9999.000
202605101418,   2.857,9999.000,9999.000,9999.000,9999.000,9999.000,9999.000,9999.000,9999.000
202605101424,   2.844,9999.000,9999.000,9999.000,9999.000,9999.000,9999.000,9999.000,9999.000
202605101430,   2.831,9999.000,9999.000,9999.000,9999.000,9999.000,9999.000,9999.000,9999.000
202605101436,   2.819,9999.000,9999.000,9999.000,9999.000,9999.000,9999.000,9999.000,9999.000
202605101442,   2.807,9999.000,9999.000,9999.000,9999.000,9999.000,9999.000,9999.000,9999.000
202605101448,   2.796,9999.000,9999.000,9999.000,9999.000,9999.000,9999.000,9999.000,9999.000
202605101454,   2.785,9999.000,9999.000,9999.000,9999.000,9999.000,9999.000,9999.000,9999.000
202605101500,   2.775,9999.000,   0.000,   0.177,   2.952,   0.000,   2.952,   0.000,   2.952
202605101506,   2.765,9999.000,9999.000,9999.000,9999.000,9999.000,9999.000,9999.000,9999.000
202605101512,   2.755,9999.000,9999.000,9999.000,9999.000,9999.000,9999.000,9999.000,9999.000
202605101518,   2.746,9999.000,9999.000,9999.000,9999.000,9999.000,9999.000,9999.000,9999.000
202605101524,   2.738,9999.000,9999.000,9999.000,9999.000,9999.000,9999.000,9999.000,9999.000
202605101530,   2.730,9999.000,9999.000,9999.000,9999.000,9999.000,9999.000,9999.000,9999.000
202605101536,   2.723,9999.000,9999.000,9999.000,9999.000,9999.000,9999.000,9999.000,9999.000
202605101542,   2.716,9999.000,9999.000,9999.000,9999.000,9999.000,9999.000,9999.000,9999.000
202605101548,   2.710,9999.000,9999.000,9999.000,9999.000,9999.000,9999.000,9999.000,9999.000
202605101554,   2.705,9999.000,9999.000,9999.000,9999.000,9999.000,9999.000,9999.000,9999.000
202605101600,   2.700,9999.000,   0.000,   0.156,   2.856,   0.000,   2.856,   0.100,   2.956
202605101606,   2.695,9999.000,9999.000,9999.000,9999.000,9999.000,9999.000,9999.000,9999.000
202605101612,   2.691,9999.000,9999.000,9999.000,9999.000,9999.000,9999.000,9999.000,9999.000
202605101618,   2.687,9999.000,9999.000,9999.000,9999.000,9999.000,9999.000,9999.000,9999.000
202605101624,   2.684,9999.000,9999.000,9999.000,9999.000,9999.000,9999.000,9999.000,9999.000
202605101630,   2.681,9999.000,9999.000,9999.000,9999.000,9999.000,9999.000,9999.000,9999.000
202605101636,   2.678,9999.000,9999.000,9999.000,9999.000,9999.000,9999.000,9999.000,9999.000
202605101642,   2.676,9999.000,9999.000,9999.000,9999.000,9999.000,9999.000,9999.000,9999.000
202605101648,   2.674,9999.000,9999.000,9999.000,9999.000,9999.000,9999.000,9999.000,9999.000
202605101654,   2.672,9999.000,9999.000,9999.000,9999.000,9999.000,9999.000,9999.000,9999.000
202605101700,   2.670,9999.000,   0.100,   0.135,   2.905,   0.000,   2.805,   0.100,   2.905
202605101706,   2.668,9999.000,9999.000,9999.000,9999.000,9999.000,9999.000,9999.000,9999.000
202605101712,   2.667,9999.000,9999.000,9999.000,9999.000,9999.000,9999.000,9999.000,9999.000
202605101718,   2.665,9999.000,9999.000,9999.000,9999.000,9999.000,9999.000,9999.000,9999.000
202605101724,   2.664,9999.000,9999.000,9999.000,9999.000,9999.000,9999.000,9999.000,9999.000
202605101730,   2.662,9999.000,9999.000,9999.000,9999.000,9999.000,9999.000,9999.000,9999.000
202605101736,   2.660,9999.000,9999.000,9999.000,9999.000,9999.000,9999.000,9999.000,9999.000
202605101742,   2.658,9999.000,9999.000,9999.000,9999.000,9999.000,9999.000,9999.000,9999.000
202605101748,   2.656,9999.000,9999.000,9999.000,9999.000,9999.000,9999.000,9999.000,9999.000
202605101754,   2.653,9999.000,9999.000,9999.000,9999.000,9999.000,9999.000,9999.000,9999.000
202605101800,   2.650,9999.000,   0.100,   0.113,   2.863,   0.000,   2.763,   0.200,   2.963
202605101806,   2.647,9999.000,9999.000,9999.000,9999.000,9999.000,9999.000,9999.000,9999.000
202605101812,   2.644,9999.000,9999.000,9999.000,9999.000,9999.000,9999.000,9999.000,9999.000
202605101818,   2.640,9999.000,9999.000,9999.000,9999.000,9999.000,9999.000,9999.000,9999.000
202605101824,   2.635,9999.000,9999.000,9999.000,9999.000,9999.000,9999.000,9999.000,9999.000
202605101830,   2.630,9999.000,9999.000,9999.000,9999.000,9999.000,9999.000,9999.000,9999.000
202605101836,   2.624,9999.000,9999.000,9999.000,9999.000,9999.000,9999.000,9999.000,9999.000
202605101842,   2.618,9999.000,9999.000,9999.000,9999.000,9999.000,9999.000,9999.000,9999.000
202605101848,   2.611,9999.000,9999.000,9999.000,9999.000,9999.000,9999.000,9999.000,9999.000
202605101854,   2.604,9999.000,9999.000,9999.000,9999.000,9999.000,9999.000,9999.000,9999.000
202605101900,   2.595,9999.000,   0.100,   0.092,   2.787,   0.100,   2.787,   0.200,   2.887
202605101906,   2.586,9999.000,9999.000,9999.000,9999.000,9999.000,9999.000,9999.000,9999.000
202605101912,   2.577,9999.000,9999.000,9999.000,9999.000,9999.000,9999.000,9999.000,9999.000
202605101918,   2.566,9999.000,9999.000,9999.000,9999.000,9999.000,9999.000,9999.000,9999.000
202605101924,   2.554,9999.000,9999.000,9999.000,9999.000,9999.000,9999.000,9999.000,9999.000
202605101930,   2.542,9999.000,9999.000,9999.000,9999.000,9999.000,9999.000,9999.000,9999.000
202605101936,   2.528,9999.000,9999.000,9999.000,9999.000,9999.000,9999.000,9999.000,9999.000
202605101942,   2.514,9999.000,9999.000,9999.000,9999.000,9999.000,9999.000,9999.000,9999.000
202605101948,   2.498,9999.000,9999.000,9999.000,9999.000,9999.000,9999.000,9999.000,9999.000
202605101954,   2.482,9999.000,9999.000,9999.000,9999.000,9999.000,9999.000,9999.000,9999.000
202605102000,   2.464,9999.000,   0.200,   0.071,   2.735,   0.100,   2.635,   0.300,   2.835
202605102006,   2.446,9999.000,9999.000,9999.000,9999.000,9999.000,9999.000,9999.000,9999.000
202605102012,   2.426,9999.000,9999.000,9999.000,9999.000,9999.000,9999.000,9999.000,9999.000
202605102018,   2.405,9999.000,9999.000,9999.000,9999.000,9999.000,9999.000,9999.000,9999.000
202605102024,   2.383,9999.000,9999.000,9999.000,9999.000,9999.000,9999.000,9999.000,9999.000
202605102030,   2.360,9999.000,9999.000,9999.000,9999.000,9999.000,9999.000,9999.000,9999.000
202605102036,   2.336,9999.000,9999.000,9999.000,9999.000,9999.000,9999.000,9999.000,9999.000
202605102042,   2.310,9999.000,9999.000,9999.000,9999.000,9999.000,9999.000,9999.000,9999.000
202605102048,   2.283,9999.000,9999.000,9999.000,9999.000,9999.000,9999.000,9999.000,9999.000
202605102054,   2.256,9999.000,9999.000,9999.000,9999.000,9999.000,9999.000,9999.000,9999.000
202605102100,   2.226,9999.000,   0.200,   0.049,   2.475,   0.200,   2.475,   0.300,   2.575
202605102106,   2.196,9999.000,9999.000,9999.000,9999.000,9999.000,9999.000,9999.000,9999.000
202605102112,   2.165,9999.000,9999.000,9999.000,9999.000,9999.000,9999.000,9999.000,9999.000
202605102118,   2.132,9999.000,9999.000,9999.000,9999.000,9999.000,9999.000,9999.000,9999.000
202605102124,   2.099,9999.000,9999.000,9999.000,9999.000,9999.000,9999.000,9999.000,9999.000
202605102130,   2.064,9999.000,9999.000,9999.000,9999.000,9999.000,9999.000,9999.000,9999.000
202605102136,   2.028,9999.000,9999.000,9999.000,9999.000,9999.000,9999.000,9999.000,9999.000
202605102142,   1.991,9999.000,9999.000,9999.000,9999.000,9999.000,9999.000,9999.000,9999.000
202605102148,   1.954,9999.000,9999.000,9999.000,9999.000,9999.000,9999.000,9999.000,9999.000
202605102154,   1.915,9999.000,9999.000,9999.000,9999.000,9999.000,9999.000,9999.000,9999.000
202605102200,   1.875,9999.000,   0.300,   0.028,   2.203,   0.200,   2.103,   0.400,   2.303
202605102206,   1.835,9999.000,9999.000,9999.000,9999.000,9999.000,9999.000,9999.000,9999.000
202605102212,   1.794,9999.000,9999.000,9999.000,9999.000,9999.000,9999.000,9999.000,9999.000
202605102218,   1.752,9999.000,9999.000,9999.000,9999.000,9999.000,9999.000,9999.000,9999.000
202605102224,   1.709,9999.000,9999.000,9999.000,9999.000,9999.000,9999.000,9999.000,9999.000
202605102230,   1.666,9999.000,9999.000,9999.000,9999.000,9999.000,9999.000,9999.000,9999.000
202605102236,   1.622,9999.000,9999.000,9999.000,9999.000,9999.000,9999.000,9999.000,9999.000
202605102242,   1.577,9999.000,9999.000,9999.000,9999.000,9999.000,9999.000,9999.000,9999.000
202605102248,   1.533,9999.000,9999.000,9999.000,9999.000,9999.000,9999.000,9999.000,9999.000
202605102254,   1.487,9999.000,9999.000,9999.000,9999.000,9999.000,9999.000,9999.000,9999.000
202605102300,   1.442,9999.000,   0.300,   0.007,   1.749,   0.300,   1.749,   0.400,   1.849
202605102306,   1.396,9999.000,9999.000,9999.000,9999.000,9999.000,9999.000,9999.000,9999.000
202605102312,   1.350,9999.000,9999.000,9999.000,9999.000,9999.000,9999.000,9999.000,9999.000
202605102318,   1.304,9999.000,9999.000,9999.000,9999.000,9999.000,9999.000,9999.000,9999.000
202605102324,   1.258,9999.000,9999.000,9999.000,9999.000,9999.000,9999.000,9999.000,9999.000
202605102330,   1.212,9999.000,9999.000,9999.000,9999.000,9999.000,9999.000,9999.000,9999.000
202605102336,   1.167,9999.000,9999.000,9999.000,9999.000,9999.000,9999.000,9999.000,9999.000
202605102342,   1.121,9999.000,9999.000,9999.000,9999.000,9999.000,9999.000,9999.000,9999.000
202605102348,   1.075,9999.000,9999.000,9999.000,9999.000,9999.000,9999.000,9999.000,9999.000
202605102354,   1.030,9999.000,9999.000,9999.000,9999.000,9999.000,9999.000,9999.000,9999.000
202605110000,   0.985,9999.000,   0.400,  -0.014,   1.371,   0.300,   1.271,   0.400,   1.371
202605110006,   0.941,9999.000,9999.000,9999.000,9999.000,9999.000,9999.000,9999.000,9999.000
202605110012,   0.897,9999.000,9999.000,9999.000,9999.000,9999.000,9999.000,9999.000,9999.000
202605110018,   0.854,9999.000,9999.000,9999.000,9999.000,9999.000,9999.000,9999.000,9999.000
202605110024,   0.811,9999.000,9999.000,9999.000,9999.000,9999.000,9999.000,9999.000,9999.000
202605110030,   0.769,9999.000,9999.000,9999.000,9999.000,9999.000,9999.000,9999.000,9999.000
202605110036,   0.728,9999.000,9999.000,9999.000,9999.000,9999.000,9999.000,9999.000,9999.000
202605110042,   0.687,9999.000,9999.000,9999.000,9999.000,9999.000,9999.000,9999.000,9999.000
202605110048,   0.648,9999.000,9999.000,9999.000,9999.000,9999.000,9999.000,9999.000,9999.000
202605110054,   0.609,9999.000,9999.000,9999.000,9999.000,9999.000,9999.000,9999.000,9999.000
202605110100,   0.571,9999.000,   0.400,  -0.014,   0.957,   0.300,   0.857,   0.500,   1.057
202605110106,   0.535,9999.000,9999.000,9999.000,9999.000,9999.000,9999.000,9999.000,9999.000
202605110112,   0.499,9999.000,9999.000,9999.000,9999.000,9999.000,9999.000,9999.000,9999.000
202605110118,   0.465,9999.000,9999.000,9999.000,9999.000,9999.000,9999.000,9999.000,9999.000
202605110124,   0.432,9999.000,9999.000,9999.000,9999.000,9999.000,9999.000,9999.000,9999.000
202605110130,   0.400,9999.000,9999.000,9999.000,9999.000,9999.000,9999.000,9999.000,9999.000
202605110136,   0.369,9999.000,9999.000,9999.000,9999.000,9999.000,9999.000,9999.000,9999.000
202605110142,   0.341,9999.000,9999.000,9999.000,9999.000,9999.000,9999.000,9999.000,9999.000
202605110148,   0.313,9999.000,9999.000,9999.000,9999.000,9999.000,9999.000,9999.000,9999.000
202605110154,   0.287,9999.000,9999.000,9999.000,9999.000,9999.000,9999.000,9999.000,9999.000
202605110200,   0.263,9999.000,   0.400,  -0.014,   0.649,   0.400,   0.649,   0.500,   0.749
202605110206,   0.241,9999.000,9999.000,9999.000,9999.000,9999.000,9999.000,9999.000,9999.000
202605110212,   0.220,9999.000,9999.000,9999.000,9999.000,9999.000,9999.000,9999.000,9999.000
202605110218,   0.201,9999.000,9999.000,9999.000,9999.000,9999.000,9999.000,9999.000,9999.000
202605110224,   0.184,9999.000,9999.000,9999.000,9999.000,9999.000,9999.000,9999.000,9999.000
202605110230,   0.168,9999.000,9999.000,9999.000,9999.000,9999.000,9999.000,9999.000,9999.000
202605110236,   0.155,9999.000,9999.000,9999.000,9999.000,9999.000,9999.000,9999.000,9999.000
202605110242,   0.144,9999.000,9999.000,9999.000,9999.000,9999.000,9999.000,9999.000,9999.000
202605110248,   0.135,9999.000,9999.000,9999.000,9999.000,9999.000,9999.000,9999.000,9999.000
202605110254,   0.128,9999.000,9999.000,9999.000,9999.000,9999.000,9999.000,9999.000,9999.000
202605110300,   0.123,9999.000,   0.500,  -0.014,   0.609,   0.400,   0.509,   0.600,   0.709
202605110306,   0.120,9999.000,9999.000,9999.000,9999.000,9999.000,9999.000,9999.000,9999.000
202605110312,   0.119,9999.000,9999.000,9999.000,9999.000,9999.000,9999.000,9999.000,9999.000
202605110318,   0.121,9999.000,9999.000,9999.000,9999.000,9999.000,9999.000,9999.000,9999.000
202605110324,   0.124,9999.000,9999.000,9999.000,9999.000,9999.000,9999.000,9999.000,9999.000
202605110330,   0.130,9999.000,9999.000,9999.000,9999.000,9999.000,9999.000,9999.000,9999.000
202605110336,   0.138,9999.000,9999.000,9999.000,9999.000,9999.000,9999.000,9999.000,9999.000
202605110342,   0.149,9999.000,9999.000,9999.000,9999.000,9999.000,9999.000,9999.000,9999.000
202605110348,   0.161,9999.000,9999.000,9999.000,9999.000,9999.000,9999.000,9999.000,9999.000
202605110354,   0.176,9999.000,9999.000,9999.000,9999.000,9999.000,9999.000,9999.000,9999.000
202605110400,   0.193,9999.000,   0.500,  -0.014,   0.679,   0.400,   0.579,   0.600,   0.779
202605110406,   0.212,9999.000,9999.000,9999.000,9999.000,9999.000,9999.000,9999.000,9999.000
202605110412,   0.233,9999.000,9999.000,9999.000,9999.000,9999.000,9999.000,9999.000,9999.000
202605110418,   0.256,9999.000,9999.000,9999.000,9999.000,9999.000,9999.000,9999.000,9999.000
202605110424,   0.281,9999.000,9999.000,9999.000,9999.000,9999.000,9999.000,9999.000,9999.000
202605110430,   0.309,9999.000,9999.000,9999.000,9999.000,9999.000,9999.000,9999.000,9999.000
202605110436,   0.338,9999.000,9999.000,9999.000,9999.000,9999.000,9999.000,9999.000,9999.000
202605110442,   0.369,9999.000,9999.000,9999.000,9999.000,9999.000,9999.000,9999.000,9999.000
202605110448,   0.402,9999.000,9999.000,9999.000,9999.000,9999.000,9999.000,9999.000,9999.000
202605110454,   0.436,9999.000,9999.000,9999.000,9999.000,9999.000,9999.000,9999.000,9999.000
202605110500,   0.473,9999.000,   0.500,  -0.014,   0.959,   0.500,   0.959,   0.600,   1.059
202605110506,   0.510,9999.000,9999.000,9999.000,9999.000,9999.000,9999.000,9999.000,9999.000
202605110512,   0.550,9999.000,9999.000,9999.000,9999.000,9999.000,9999.000,9999.000,9999.000
202605110518,   0.591,9999.000,9999.000,9999.000,9999.000,9999.000,9999.000,9999.000,9999.000
202605110524,   0.633,9999.000,9999.000,9999.000,9999.000,9999.000,9999.000,9999.000,9999.000
202605110530,   0.677,9999.000,9999.000,9999.000,9999.000,9999.000,9999.000,9999.000,9999.000
202605110536,   0.722,9999.000,9999.000,9999.000,9999.000,9999.000,9999.000,9999.000,9999.000
202605110542,   0.768,9999.000,9999.000,9999.000,9999.000,9999.000,9999.000,9999.000,9999.000
202605110548,   0.815,9999.000,9999.000,9999.000,9999.000,9999.000,9999.000,9999.000,9999.000
202605110554,   0.864,9999.000,9999.000,9999.000,9999.000,9999.000,9999.000,9999.000,9999.000
202605110600,   0.913,9999.000,   0.500,  -0.014,   1.399,   0.500,   1.399,   0.600,   1.499
202605110606,   0.963,9999.000,9999.000,9999.000,9999.000,9999.000,9999.000,9999.000,9999.000
202605110612,   1.014,9999.000,9999.000,9999.000,9999.000,9999.000,9999.000,9999.000,9999.000
202605110618,   1.066,9999.000,9999.000,9999.000,9999.000,9999.000,9999.000,9999.000,9999.000
202605110624,   1.118,9999.000,9999.000,9999.000,9999.000,9999.000,9999.000,9999.000,9999.000
202605110630,   1.171,9999.000,9999.000,9999.000,9999.000,9999.000,9999.000,9999.000,9999.000
202605110636,   1.224,9999.000,9999.000,9999.000,9999.000,9999.000,9999.000,9999.000,9999.000
202605110642,   1.277,9999.000,9999.000,9999.000,9999.000,9999.000,9999.000,9999.000,9999.000
202605110648,   1.331,9999.000,9999.000,9999.000,9999.000,9999.000,9999.000,9999.000,9999.000
202605110654,   1.386,9999.000,9999.000,9999.000,9999.000,9999.000,9999.000,9999.000,9999.000
202605110700,   1.440,9999.000,   0.500,  -0.014,   1.926,   0.500,   1.926,   0.600,   2.026
202605110706,   1.494,9999.000,9999.000,9999.000,9999.000,9999.000,9999.000,9999.000,9999.000
202605110712,   1.549,9999.000,9999.000,9999.000,9999.000,9999.000,9999.000,9999.000,9999.000
202605110718,   1.603,9999.000,9999.000,9999.000,9999.000,9999.000,9999.000,9999.000,9999.000
202605110724,   1.657,9999.000,9999.000,9999.000,9999.000,9999.000,9999.000,9999.000,9999.000
202605110730,   1.711,9999.000,9999.000,9999.000,9999.000,9999.000,9999.000,9999.000,9999.000
202605110736,   1.764,9999.000,9999.000,9999.000,9999.000,9999.000,9999.000,9999.000,9999.000
202605110742,   1.817,9999.000,9999.000,9999.000,9999.000,9999.000,9999.000,9999.000,9999.000
202605110748,   1.870,9999.000,9999.000,9999.000,9999.000,9999.000,9999.000,9999.000,9999.000
202605110754,   1.922,9999.000,9999.000,9999.000,9999.000,9999.000,9999.000,9999.000,9999.000
202605110800,   1.973,9999.000,   0.500,  -0.014,   2.459,   0.500,   2.459,   0.600,   2.559
202605110806,   2.024,9999.000,9999.000,9999.000,9999.000,9999.000,9999.000,9999.000,9999.000
202605110812,   2.074,9999.000,9999.000,9999.000,9999.000,9999.000,9999.000,9999.000,9999.000
202605110818,   2.122,9999.000,9999.000,9999.000,9999.000,9999.000,9999.000,9999.000,9999.000
202605110824,   2.170,9999.000,9999.000,9999.000,9999.000,9999.000,9999.000,9999.000,9999.000
202605110830,   2.217,9999.000,9999.000,9999.000,9999.000,9999.000,9999.000,9999.000,9999.000
202605110836,   2.263,9999.000,9999.000,9999.000,9999.000,9999.000,9999.000,9999.000,9999.000
202605110842,   2.308,9999.000,9999.000,9999.000,9999.000,9999.000,9999.000,9999.000,9999.000
202605110848,   2.351,9999.000,9999.000,9999.000,9999.000,9999.000,9999.000,9999.000,9999.000
202605110854,   2.393,9999.000,9999.000,9999.000,9999.000,9999.000,9999.000,9999.000,9999.000
202605110900,   2.434,9999.000,   0.500,  -0.014,   2.920,   0.500,   2.920,   0.600,   3.020
202605110906,   2.473,9999.000,9999.000,9999.000,9999.000,9999.000,9999.000,9999.000,9999.000
202605110912,   2.511,9999.000,9999.000,9999.000,9999.000,9999.000,9999.000,9999.000,9999.000
202605110918,   2.548,9999.000,9999.000,9999.000,9999.000,9999.000,9999.000,9999.000,9999.000
202605110924,   2.583,9999.000,9999.000,9999.000,9999.000,9999.000,9999.000,9999.000,9999.000
202605110930,   2.616,9999.000,9999.000,9999.000,9999.000,9999.000,9999.000,9999.000,9999.000
202605110936,   2.647,9999.000,9999.000,9999.000,9999.000,9999.000,9999.000,9999.000,9999.000
202605110942,   2.677,9999.000,9999.000,9999.000,9999.000,9999.000,9999.000,9999.000,9999.000
202605110948,   2.706,9999.000,9999.000,9999.000,9999.000,9999.000,9999.000,9999.000,9999.000
202605110954,   2.732,9999.000,9999.000,9999.000,9999.000,9999.000,9999.000,9999.000,9999.000
202605111000,   2.757,9999.000,   0.500,  -0.014,   3.243,   0.500,   3.243,   0.600,   3.343
202605111006,   2.780,9999.000,9999.000,9999.000,9999.000,9999.000,9999.000,9999.000,9999.000
202605111012,   2.802,9999.000,9999.000,9999.000,9999.000,9999.000,9999.000,9999.000,9999.000
202605111018,   2.821,9999.000,9999.000,9999.000,9999.000,9999.000,9999.000,9999.000,9999.000
202605111024,   2.839,9999.000,9999.000,9999.000,9999.000,9999.000,9999.000,9999.000,9999.000
202605111030,   2.855,9999.000,9999.000,9999.000,9999.000,9999.000,9999.000,9999.000,9999.000
202605111036,   2.870,9999.000,9999.000,9999.000,9999.000,9999.000,9999.000,9999.000,9999.000
202605111042,   2.883,9999.000,9999.000,9999.000,9999.000,9999.000,9999.000,9999.000,9999.000
202605111048,   2.894,9999.000,9999.000,9999.000,9999.000,9999.000,9999.000,9999.000,9999.000
202605111054,   2.903,9999.000,9999.000,9999.000,9999.000,9999.000,9999.000,9999.000,9999.000
202605111100,   2.911,9999.000,   0.500,  -0.014,   3.397,   0.500,   3.397,   0.600,   3.497
202605111106,   2.917,9999.000,9999.000,9999.000,9999.000,9999.000,9999.000,9999.000,9999.000
202605111112,   2.922,9999.000,9999.000,9999.000,9999.000,9999.000,9999.000,9999.000,9999.000
202605111118,   2.925,9999.000,9999.000,9999.000,9999.000,9999.000,9999.000,9999.000,9999.000
202605111124,   2.927,9999.000,9999.000,9999.000,9999.000,9999.000,9999.000,9999.000,9999.000
202605111130,   2.927,9999.000,9999.000,9999.000,9999.000,9999.000,9999.000,9999.000,9999.000
202605111136,   2.926,9999.000,9999.000,9999.000,9999.000,9999.000,9999.000,9999.000,9999.000
202605111142,   2.923,9999.000,9999.000,9999.000,9999.000,9999.000,9999.000,9999.000,9999.000
202605111148,   2.919,9999.000,9999.000,9999.000,9999.000,9999.000,9999.000,9999.000,9999.000
202605111154,   2.914,9999.000,9999.000,9999.000,9999.000,9999.000,9999.000,9999.000,9999.000
202605111200,   2.907,9999.000,   0.500,  -0.014,   3.393,   0.500,   3.393,   0.600,   3.493
202605111206,   2.899,9999.000,9999.000,9999.000,9999.000,9999.000,9999.000,9999.000,9999.000
202605111212,   2.890,9999.000,9999.000,9999.000,9999.000,9999.000,9999.000,9999.000,9999.000
202605111218,   2.880,9999.000,9999.000,9999.000,9999.000,9999.000,9999.000,9999.000,9999.000
202605111224,   2.869,9999.000,9999.000,9999.000,9999.000,9999.000,9999.000,9999.000,9999.000
202605111230,   2.857,9999.000,9999.000,9999.000,9999.000,9999.000,9999.000,9999.000,9999.000
202605111236,   2.844,9999.000,9999.000,9999.000,9999.000,9999.000,9999.000,9999.000,9999.000
202605111242,   2.830,9999.000,9999.000,9999.000,9999.000,9999.000,9999.000,9999.000,9999.000
202605111248,   2.815,9999.000,9999.000,9999.000,9999.000,9999.000,9999.000,9999.000,9999.000
202605111254,   2.799,9999.000,9999.000,9999.000,9999.000,9999.000,9999.000,9999.000,9999.000
202605111300,   2.783,9999.000,   0.500,  -0.014,   3.269,   0.400,   3.169,   0.600,   3.369
202605111306,   2.765,9999.000,9999.000,9999.000,9999.000,9999.000,9999.000,9999.000,9999.000
202605111312,   2.748,9999.000,9999.000,9999.000,9999.000,9999.000,9999.000,9999.000,9999.000
202605111318,   2.729,9999.000,9999.000,9999.000,9999.000,9999.000,9999.000,9999.000,9999.000
202605111324,   2.710,9999.000,9999.000,9999.000,9999.000,9999.000,9999.000,9999.000,9999.000
202605111330,   2.691,9999.000,9999.000,9999.000,9999.000,9999.000,9999.000,9999.000,9999.000
202605111336,   2.671,9999.000,9999.000,9999.000,9999.000,9999.000,9999.000,9999.000,9999.000
202605111342,   2.651,9999.000,9999.000,9999.000,9999.000,9999.000,9999.000,9999.000,9999.000
202605111348,   2.630,9999.000,9999.000,9999.000,9999.000,9999.000,9999.000,9999.000,9999.000
202605111354,   2.610,9999.000,9999.000,9999.000,9999.000,9999.000,9999.000,9999.000,9999.000
202605111400,   2.589,9999.000,   0.500,  -0.014,   3.075,   0.400,   2.975,   0.600,   3.175
202605111406,   2.568,9999.000,9999.000,9999.000,9999.000,9999.000,9999.000,9999.000,9999.000
202605111412,   2.547,9999.000,9999.000,9999.000,9999.000,9999.000,9999.000,9999.000,9999.000
202605111418,   2.526,9999.000,9999.000,9999.000,9999.000,9999.000,9999.000,9999.000,9999.000
202605111424,   2.505,9999.000,9999.000,9999.000,9999.000,9999.000,9999.000,9999.000,9999.000
202605111430,   2.484,9999.000,9999.000,9999.000,9999.000,9999.000,9999.000,9999.000,9999.000
202605111436,   2.464,9999.000,9999.000,9999.000,9999.000,9999.000,9999.000,9999.000,9999.000
202605111442,   2.444,9999.000,9999.000,9999.000,9999.000,9999.000,9999.000,9999.000,9999.000
202605111448,   2.424,9999.000,9999.000,9999.000,9999.000,9999.000,9999.000,9999.000,9999.000
202605111454,   2.405,9999.000,9999.000,9999.000,9999.000,9999.000,9999.000,9999.000,9999.000
202605111500,   2.386,9999.000,   0.500,  -0.014,   2.872,   0.400,   2.772,   0.600,   2.972
202605111506,   2.368,9999.000,9999.000,9999.000,9999.000,9999.000,9999.000,9999.000,9999.000
202605111512,   2.350,9999.000,9999.000,9999.000,9999.000,9999.000,9999.000,9999.000,9999.000
202605111518,   2.333,9999.000,9999.000,9999.000,9999.000,9999.000,9999.000,9999.000,9999.000
202605111524,   2.317,9999.000,9999.000,9999.000,9999.000,9999.000,9999.000,9999.000,9999.000
202605111530,   2.301,9999.000,9999.000,9999.000,9999.000,9999.000,9999.000,9999.000,9999.000
202605111536,   2.287,9999.000,9999.000,9999.000,9999.000,9999.000,9999.000,9999.000,9999.000
202605111542,   2.273,9999.000,9999.000,9999.000,9999.000,9999.000,9999.000,9999.000,9999.000
202605111548,   2.259,9999.000,9999.000,9999.000,9999.000,9999.000,9999.000,9999.000,9999.000
202605111554,   2.247,9999.000,9999.000,9999.000,9999.000,9999.000,9999.000,9999.000,9999.000
202605111600,   2.235,9999.000,   0.500,  -0.014,   2.721,   0.400,   2.621,   0.600,   2.821
202605111606,   2.225,9999.000,9999.000,9999.000,9999.000,9999.000,9999.000,9999.000,9999.000
202605111612,   2.215,9999.000,9999.000,9999.000,9999.000,9999.000,9999.000,9999.000,9999.000
202605111618,   2.206,9999.000,9999.000,9999.000,9999.000,9999.000,9999.000,9999.000,9999.000
202605111624,   2.198,9999.000,9999.000,9999.000,9999.000,9999.000,9999.000,9999.000,9999.000
202605111630,   2.191,9999.000,9999.000,9999.000,9999.000,9999.000,9999.000,9999.000,9999.000
202605111636,   2.185,9999.000,9999.000,9999.000,9999.000,9999.000,9999.000,9999.000,9999.000
202605111642,   2.179,9999.000,9999.000,9999.000,9999.000,9999.000,9999.000,9999.000,9999.000
202605111648,   2.175,9999.000,9999.000,9999.000,9999.000,9999.000,9999.000,9999.000,9999.000
202605111654,   2.171,9999.000,9999.000,9999.000,9999.000,9999.000,9999.000,9999.000,9999.000
202605111700,   2.168,9999.000,   0.500,  -0.014,   2.654,   0.400,   2.554,   0.600,   2.754
202605111706,   2.165,9999.000,9999.000,9999.000,9999.000,9999.000,9999.000,9999.000,9999.000
202605111712,   2.164,9999.000,9999.000,9999.000,9999.000,9999.000,9999.000,9999.000,9999.000
202605111718,   2.162,9999.000,9999.000,9999.000,9999.000,9999.000,9999.000,9999.000,9999.000
202605111724,   2.162,9999.000,9999.000,9999.000,9999.000,9999.000,9999.000,9999.000,9999.000
202605111730,   2.162,9999.000,9999.000,9999.000,9999.000,9999.000,9999.000,9999.000,9999.000
202605111736,   2.163,9999.000,9999.000,9999.000,9999.000,9999.000,9999.000,9999.000,9999.000
202605111742,   2.163,9999.000,9999.000,9999.000,9999.000,9999.000,9999.000,9999.000,9999.000
202605111748,   2.165,9999.000,9999.000,9999.000,9999.000,9999.000,9999.000,9999.000,9999.000
202605111754,   2.167,9999.000,9999.000,9999.000,9999.000,9999.000,9999.000,9999.000,9999.000
202605111800,   2.169,9999.000,   0.500,  -0.014,   2.655,   0.400,   2.555,   0.600,   2.755
202605111806,   2.171,9999.000,9999.000,9999.000,9999.000,9999.000,9999.000,9999.000,9999.000
202605111812,   2.173,9999.000,9999.000,9999.000,9999.000,9999.000,9999.000,9999.000,9999.000
202605111818,   2.176,9999.000,9999.000,9999.000,9999.000,9999.000,9999.000,9999.000,9999.000
202605111824,   2.179,9999.000,9999.000,9999.000,9999.000,9999.000,9999.000,9999.000,9999.000
202605111830,   2.181,9999.000,9999.000,9999.000,9999.000,9999.000,9999.000,9999.000,9999.000
202605111836,   2.184,9999.000,9999.000,9999.000,9999.000,9999.000,9999.000,9999.000,9999.000
202605111842,   2.187,9999.000,9999.000,9999.000,9999.000,9999.000,9999.000,9999.000,9999.000
202605111848,   2.189,9999.000,9999.000,9999.000,9999.000,9999.000,9999.000,9999.000,9999.000
202605111854,   2.192,9999.000,9999.000,9999.000,9999.000,9999.000,9999.000,9999.000,9999.000
202605111900,   2.194,9999.000,   0.500,  -0.014,   2.680,   0.400,   2.580,   0.600,   2.780
202605111906,   2.196,9999.000,9999.000,9999.000,9999.000,9999.000,9999.000,9999.000,9999.000
202605111912,   2.198,9999.000,9999.000,9999.000,9999.000,9999.000,9999.000,9999.000,9999.000
202605111918,   2.199,9999.000,9999.000,9999.000,9999.000,9999.000,9999.000,9999.000,9999.000
202605111924,   2.200,9999.000,9999.000,9999.000,9999.000,9999.000,9999.000,9999.000,9999.000
202605111930,   2.200,9999.000,9999.000,9999.000,9999.000,9999.000,9999.000,9999.000,9999.000
202605111936,   2.200,9999.000,9999.000,9999.000,9999.000,9999.000,9999.000,9999.000,9999.000
202605111942,   2.200,9999.000,9999.000,9999.000,9999.000,9999.000,9999.000,9999.000,9999.000
202605111948,   2.199,9999.000,9999.000,9999.000,9999.000,9999.000,9999.000,9999.000,9999.000
202605111954,   2.197,9999.000,9999.000,9999.000,9999.000,9999.000,9999.000,9999.000,9999.000
202605112000,   2.195,9999.000,   0.400,  -0.014,   2.581,   0.400,   2.581,   0.500,   2.681
202605112006,   2.192,9999.000,9999.000,9999.000,9999.000,9999.000,9999.000,9999.000,9999.000
202605112012,   2.188,9999.000,9999.000,9999.000,9999.000,9999.000,9999.000,9999.000,9999.000
202605112018,   2.184,9999.000,9999.000,9999.000,9999.000,9999.000,9999.000,9999.000,9999.000
202605112024,   2.179,9999.000,9999.000,9999.000,9999.000,9999.000,9999.000,9999.000,9999.000
202605112030,   2.173,9999.000,9999.000,9999.000,9999.000,9999.000,9999.000,9999.000,9999.000
202605112036,   2.166,9999.000,9999.000,9999.000,9999.000,9999.000,9999.000,9999.000,9999.000
202605112042,   2.158,9999.000,9999.000,9999.000,9999.000,9999.000,9999.000,9999.000,9999.000
202605112048,   2.150,9999.000,9999.000,9999.000,9999.000,9999.000,9999.000,9999.000,9999.000
202605112054,   2.140,9999.000,9999.000,9999.000,9999.000,9999.000,9999.000,9999.000,9999.000
202605112100,   2.130,9999.000,   0.400,  -0.014,   2.516,   0.400,   2.516,   0.500,   2.616
202605112106,   2.118,9999.000,9999.000,9999.000,9999.000,9999.000,9999.000,9999.000,9999.000
202605112112,   2.106,9999.000,9999.000,9999.000,9999.000,9999.000,9999.000,9999.000,9999.000
202605112118,   2.092,9999.000,9999.000,9999.000,9999.000,9999.000,9999.000,9999.000,9999.000
202605112124,   2.078,9999.000,9999.000,9999.000,9999.000,9999.000,9999.000,9999.000,9999.000
202605112130,   2.062,9999.000,9999.000,9999.000,9999.000,9999.000,9999.000,9999.000,9999.000
202605112136,   2.046,9999.000,9999.000,9999.000,9999.000,9999.000,9999.000,9999.000,9999.000
202605112142,   2.028,9999.000,9999.000,9999.000,9999.000,9999.000,9999.000,9999.000,9999.000
202605112148,   2.009,9999.000,9999.000,9999.000,9999.000,9999.000,9999.000,9999.000,9999.000
202605112154,   1.990,9999.000,9999.000,9999.000,9999.000,9999.000,9999.000,9999.000,9999.000
202605112200,   1.969,9999.000,   0.400,  -0.014,   2.355,   0.300,   2.255,   0.500,   2.455
202605112206,   1.947,9999.000,9999.000,9999.000,9999.000,9999.000,9999.000,9999.000,9999.000
202605112212,   1.925,9999.000,9999.000,9999.000,9999.000,9999.000,9999.000,9999.000,9999.000
202605112218,   1.901,9999.000,9999.000,9999.000,9999.000,9999.000,9999.000,9999.000,9999.000
202605112224,   1.876,9999.000,9999.000,9999.000,9999.000,9999.000,9999.000,9999.000,9999.000
202605112230,   1.851,9999.000,9999.000,9999.000,9999.000,9999.000,9999.000,9999.000,9999.000
202605112236,   1.824,9999.000,9999.000,9999.000,9999.000,9999.000,9999.000,9999.000,9999.000
202605112242,   1.797,9999.000,9999.000,9999.000,9999.000,9999.000,9999.000,9999.000,9999.000
202605112248,   1.769,9999.000,9999.000,9999.000,9999.000,9999.000,9999.000,9999.000,9999.000
202605112254,   1.740,9999.000,9999.000,9999.000,9999.000,9999.000,9999.000,9999.000,9999.000
202605112300,   1.710,9999.000,   0.400,  -0.014,   2.096,   0.300,   1.996,   0.500,   2.196
202605112306,   1.680,9999.000,9999.000,9999.000,9999.000,9999.000,9999.000,9999.000,9999.000
202605112312,   1.649,9999.000,9999.000,9999.000,9999.000,9999.000,9999.000,9999.000,9999.000
202605112318,   1.618,9999.000,9999.000,9999.000,9999.000,9999.000,9999.000,9999.000,9999.000
202605112324,   1.586,9999.000,9999.000,9999.000,9999.000,9999.000,9999.000,9999.000,9999.000
202605112330,   1.554,9999.000,9999.000,9999.000,9999.000,9999.000,9999.000,9999.000,9999.000
202605112336,   1.521,9999.000,9999.000,9999.000,9999.000,9999.000,9999.000,9999.000,9999.000
202605112342,   1.488,9999.000,9999.000,9999.000,9999.000,9999.000,9999.000,9999.000,9999.000
202605112348,   1.455,9999.000,9999.000,9999.000,9999.000,9999.000,9999.000,9999.000,9999.000
202605112354,   1.421,9999.000,9999.000,9999.000,9999.000,9999.000,9999.000,9999.000,9999.000
202605120000,   1.388,9999.000,   0.400,  -0.014,   1.774,   0.300,   1.674,   0.500,   1.874
202605120006,   1.354,9999.000,9999.000,9999.000,9999.000,9999.000,9999.000,9999.000,9999.000
202605120012,   1.321,9999.000,9999.000,9999.000,9999.000,9999.000,9999.000,9999.000,9999.000
202605120018,   1.287,9999.000,9999.000,9999.000,9999.000,9999.000,9999.000,9999.000,9999.000
202605120024,   1.254,9999.000,9999.000,9999.000,9999.000,9999.000,9999.000,9999.000,9999.000
202605120030,   1.220,9999.000,9999.000,9999.000,9999.000,9999.000,9999.000,9999.000,9999.000
202605120036,   1.187,9999.000,9999.000,9999.000,9999.000,9999.000,9999.000,9999.000,9999.000
202605120042,   1.155,9999.000,9999.000,9999.000,9999.000,9999.000,9999.000,9999.000,9999.000
202605120048,   1.122,9999.000,9999.000,9999.000,9999.000,9999.000,9999.000,9999.000,9999.000
202605120054,   1.091,9999.000,9999.000,9999.000,9999.000,9999.000,9999.000,9999.000,9999.000
202605120100,   1.059,9999.000,   0.400,  -0.014,   1.445,   0.300,   1.345,   0.500,   1.545
202605120106,   1.028,9999.000,9999.000,9999.000,9999.000,9999.000,9999.000,9999.000,9999.000
202605120112,   0.998,9999.000,9999.000,9999.000,9999.000,9999.000,9999.000,9999.000,9999.000
202605120118,   0.968,9999.000,9999.000,9999.000,9999.000,9999.000,9999.000,9999.000,9999.000
202605120124,   0.940,9999.000,9999.000,9999.000,9999.000,9999.000,9999.000,9999.000,9999.000
202605120130,   0.911,9999.000,9999.000,9999.000,9999.000,9999.000,9999.000,9999.000,9999.000
202605120136,   0.884,9999.000,9999.000,9999.000,9999.000,9999.000,9999.000,9999.000,9999.000
202605120142,   0.858,9999.000,9999.000,9999.000,9999.000,9999.000,9999.000,9999.000,9999.000
202605120148,   0.832,9999.000,9999.000,9999.000,9999.000,9999.000,9999.000,9999.000,9999.000
202605120154,   0.808,9999.000,9999.000,9999.000,9999.000,9999.000,9999.000,9999.000,9999.000
202605120200,   0.784,9999.000,   0.400,  -0.014,   1.170,   0.300,   1.070,   0.500,   1.270
202605120206,   0.762,9999.000,9999.000,9999.000,9999.000,9999.000,9999.000,9999.000,9999.000
202605120212,   0.741,9999.000,9999.000,9999.000,9999.000,9999.000,9999.000,9999.000,9999.000
202605120218,   0.721,9999.000,9999.000,9999.000,9999.000,9999.000,9999.000,9999.000,9999.000
202605120224,   0.702,9999.000,9999.000,9999.000,9999.000,9999.000,9999.000,9999.000,9999.000
202605120230,   0.685,9999.000,9999.000,9999.000,9999.000,9999.000,9999.000,9999.000,9999.000
202605120236,   0.669,9999.000,9999.000,9999.000,9999.000,9999.000,9999.000,9999.000,9999.000
202605120242,   0.654,9999.000,9999.000,9999.000,9999.000,9999.000,9999.000,9999.000,9999.000
202605120248,   0.641,9999.000,9999.000,9999.000,9999.000,9999.000,9999.000,9999.000,9999.000
202605120254,   0.629,9999.000,9999.000,9999.000,9999.000,9999.000,9999.000,9999.000,9999.000
202605120300,   0.619,9999.000,   0.400,  -0.014,   1.005,   0.300,   0.905,   0.500,   1.105
202605120306,   0.611,9999.000,9999.000,9999.000,9999.000,9999.000,9999.000,9999.000,9999.000
202605120312,   0.604,9999.000,9999.000,9999.000,9999.000,9999.000,9999.000,9999.000,9999.000
202605120318,   0.599,9999.000,9999.000,9999.000,9999.000,9999.000,9999.000,9999.000,9999.000
202605120324,   0.596,9999.000,9999.000,9999.000,9999.000,9999.000,9999.000,9999.000,9999.000
202605120330,   0.594,9999.000,9999.000,9999.000,9999.000,9999.000,9999.000,9999.000,9999.000
202605120336,   0.594,9999.000,9999.000,9999.000,9999.000,9999.000,9999.000,9999.000,9999.000
202605120342,   0.596,9999.000,9999.000,9999.000,9999.000,9999.000,9999.000,9999.000,9999.000
202605120348,   0.600,9999.000,9999.000,9999.000,9999.000,9999.000,9999.000,9999.000,9999.000
202605120354,   0.606,9999.000,9999.000,9999.000,9999.000,9999.000,9999.000,9999.000,9999.000
202605120400,   0.614,9999.000,   0.300,  -0.014,   0.900,   0.200,   0.800,   0.400,   1.000
202605120406,   0.623,9999.000,9999.000,9999.000,9999.000,9999.000,9999.000,9999.000,9999.000
202605120412,   0.635,9999.000,9999.000,9999.000,9999.000,9999.000,9999.000,9999.000,9999.000
202605120418,   0.648,9999.000,9999.000,9999.000,9999.000,9999.000,9999.000,9999.000,9999.000
202605120424,   0.663,9999.000,9999.000,9999.000,9999.000,9999.000,9999.000,9999.000,9999.000
202605120430,   0.680,9999.000,9999.000,9999.000,9999.000,9999.000,9999.000,9999.000,9999.000
202605120436,   0.699,9999.000,9999.000,9999.000,9999.000,9999.000,9999.000,9999.000,9999.000
202605120442,   0.720,9999.000,9999.000,9999.000,9999.000,9999.000,9999.000,9999.000,9999.000
202605120448,   0.743,9999.000,9999.000,9999.000,9999.000,9999.000,9999.000,9999.000,9999.000
202605120454,   0.767,9999.000,9999.000,9999.000,9999.000,9999.000,9999.000,9999.000,9999.000
202605120500,   0.793,9999.000,   0.300,  -0.014,   1.079,   0.200,   0.979,   0.400,   1.179
202605120506,   0.821,9999.000,9999.000,9999.000,9999.000,9999.000,9999.000,9999.000,9999.000
202605120512,   0.850,9999.000,9999.000,9999.000,9999.000,9999.000,9999.000,9999.000,9999.000
202605120518,   0.881,9999.000,9999.000,9999.000,9999.000,9999.000,9999.000,9999.000,9999.000
202605120524,   0.914,9999.000,9999.000,9999.000,9999.000,9999.000,9999.000,9999.000,9999.000
202605120530,   0.948,9999.000,9999.000,9999.000,9999.000,9999.000,9999.000,9999.000,9999.000
202605120536,   0.983,9999.000,9999.000,9999.000,9999.000,9999.000,9999.000,9999.000,9999.000
202605120542,   1.020,9999.000,9999.000,9999.000,9999.000,9999.000,9999.000,9999.000,9999.000
202605120548,   1.058,9999.000,9999.000,9999.000,9999.000,9999.000,9999.000,9999.000,9999.000
202605120554,   1.097,9999.000,9999.000,9999.000,9999.000,9999.000,9999.000,9999.000,9999.000
202605120600,   1.137,9999.000,   0.300,  -0.014,   1.423,   0.200,   1.323,   0.400,   1.523
202605120606,   1.178,9999.000,9999.000,9999.000,9999.000,9999.000,9999.000,9999.000,9999.000
202605120612,   1.220,9999.000,9999.000,9999.000,9999.000,9999.000,9999.000,9999.000,9999.000
202605120618,   1.263,9999.000,9999.000,9999.000,9999.000,9999.000,9999.000,9999.000,9999.000
202605120624,   1.307,9999.000,9999.000,9999.000,9999.000,9999.000,9999.000,9999.000,9999.000
202605120630,   1.352,9999.000,9999.000,9999.000,9999.000,9999.000,9999.000,9999.000,9999.000
202605120636,   1.397,9999.000,9999.000,9999.000,9999.000,9999.000,9999.000,9999.000,9999.000
202605120642,   1.443,9999.000,9999.000,9999.000,9999.000,9999.000,9999.000,9999.000,9999.000
202605120648,   1.489,9999.000,9999.000,9999.000,9999.000,9999.000,9999.000,9999.000,9999.000
202605120654,   1.536,9999.000,9999.000,9999.000,9999.000,9999.000,9999.000,9999.000,9999.000
202605120700,   1.583,9999.000,   0.300,  -0.014,   1.869,   0.100,   1.669,   0.400,   1.969
202605120706,   1.630,9999.000,9999.000,9999.000,9999.000,9999.000,9999.000,9999.000,9999.000
202605120712,   1.677,9999.000,9999.000,9999.000,9999.000,9999.000,9999.000,9999.000,9999.000
202605120718,   1.725,9999.000,9999.000,9999.000,9999.000,9999.000,9999.000,9999.000,9999.000
202605120724,   1.772,9999.000,9999.000,9999.000,9999.000,9999.000,9999.000,9999.000,9999.000
202605120730,   1.820,9999.000,9999.000,9999.000,9999.000,9999.000,9999.000,9999.000,9999.000
202605120736,   1.867,9999.000,9999.000,9999.000,9999.000,9999.000,9999.000,9999.000,9999.000
202605120742,   1.914,9999.000,9999.000,9999.000,9999.000,9999.000,9999.000,9999.000,9999.000
202605120748,   1.961,9999.000,9999.000,9999.000,9999.000,9999.000,9999.000,9999.000,9999.000
202605120754,   2.007,9999.000,9999.000,9999.000,9999.000,9999.000,9999.000,9999.000,9999.000
202605120800,   2.053,9999.000,   0.200,  -0.014,   2.239,   0.100,   2.139,   0.300,   2.339
202605120806,   2.098,9999.000,9999.000,9999.000,9999.000,9999.000,9999.000,9999.000,9999.000
202605120812,   2.143,9999.000,9999.000,9999.000,9999.000,9999.000,9999.000,9999.000,9999.000
202605120818,   2.187,9999.000,9999.000,9999.000,9999.000,9999.000,9999.000,9999.000,9999.000
202605120824,   2.230,9999.000,9999.000,9999.000,9999.000,9999.000,9999.000,9999.000,9999.000
202605120830,   2.273,9999.000,9999.000,9999.000,9999.000,9999.000,9999.000,9999.000,9999.000
202605120836,   2.315,9999.000,9999.000,9999.000,9999.000,9999.000,9999.000,9999.000,9999.000
202605120842,   2.355,9999.000,9999.000,9999.000,9999.000,9999.000,9999.000,9999.000,9999.000
202605120848,   2.395,9999.000,9999.000,9999.000,9999.000,9999.000,9999.000,9999.000,9999.000
202605120854,   2.433,9999.000,9999.000,9999.000,9999.000,9999.000,9999.000,9999.000,9999.000
202605120900,   2.471,9999.000,   0.200,  -0.014,   2.657,   0.000,   2.457,   0.300,   2.757
202605120906,   2.507,9999.000,9999.000,9999.000,9999.000,9999.000,9999.000,9999.000,9999.000
202605120912,   2.542,9999.000,9999.000,9999.000,9999.000,9999.000,9999.000,9999.000,9999.000
202605120918,   2.575,9999.000,9999.000,9999.000,9999.000,9999.000,9999.000,9999.000,9999.000
202605120924,   2.607,9999.000,9999.000,9999.000,9999.000,9999.000,9999.000,9999.000,9999.000
202605120930,   2.638,9999.000,9999.000,9999.000,9999.000,9999.000,9999.000,9999.000,9999.000
202605120936,   2.667,9999.000,9999.000,9999.000,9999.000,9999.000,9999.000,9999.000,9999.000
202605120942,   2.694,9999.000,9999.000,9999.000,9999.000,9999.000,9999.000,9999.000,9999.000
202605120948,   2.720,9999.000,9999.000,9999.000,9999.000,9999.000,9999.000,9999.000,9999.000
202605120954,   2.744,9999.000,9999.000,9999.000,9999.000,9999.000,9999.000,9999.000,9999.000
202605121000,   2.767,9999.000,   0.200,  -0.014,   2.953,   0.000,   2.753,   0.300,   3.053
202605121006,   2.788,9999.000,9999.000,9999.000,9999.000,9999.000,9999.000,9999.000,9999.000
202605121012,   2.807,9999.000,9999.000,9999.000,9999.000,9999.000,9999.000,9999.000,9999.000
202605121018,   2.824,9999.000,9999.000,9999.000,9999.000,9999.000,9999.000,9999.000,9999.000
202605121024,   2.839,9999.000,9999.000,9999.000,9999.000,9999.000,9999.000,9999.000,9999.000
202605121030,   2.853,9999.000,9999.000,9999.000,9999.000,9999.000,9999.000,9999.000,9999.000
202605121036,   2.864,9999.000,9999.000,9999.000,9999.000,9999.000,9999.000,9999.000,9999.000
202605121042,   2.874,9999.000,9999.000,9999.000,9999.000,9999.000,9999.000,9999.000,9999.000
202605121048,   2.882,9999.000,9999.000,9999.000,9999.000,9999.000,9999.000,9999.000,9999.000
202605121054,   2.888,9999.000,9999.000,9999.000,9999.000,9999.000,9999.000,9999.000,9999.000
202605121100,   2.892,9999.000,   0.100,  -0.014,   2.978,   0.000,   2.878,   0.300,   3.178
202605121106,   2.894,9999.000,9999.000,9999.000,9999.000,9999.000,9999.000,9999.000,9999.000
202605121112,   2.895,9999.000,9999.000,9999.000,9999.000,9999.000,9999.000,9999.000,9999.000
202605121118,   2.894,9999.000,9999.000,9999.000,9999.000,9999.000,9999.000,9999.000,9999.000
202605121124,   2.891,9999.000,9999.000,9999.000,9999.000,9999.000,9999.000,9999.000,9999.000
202605121130,   2.886,9999.000,9999.000,9999.000,9999.000,9999.000,9999.000,9999.000,9999.000
202605121136,   2.879,9999.000,9999.000,9999.000,9999.000,9999.000,9999.000,9999.000,9999.000
202605121142,   2.871,9999.000,9999.000,9999.000,9999.000,9999.000,9999.000,9999.000,9999.000
202605121148,   2.861,9999.000,9999.000,9999.000,9999.000,9999.000,9999.000,9999.000,9999.000
202605121154,   2.850,9999.000,9999.000,9999.000,9999.000,9999.000,9999.000,9999.000,9999.000
202605121200,   2.837,9999.000,   0.100,  -0.014,   2.923,   0.000,   2.823,   0.200,   3.023
202605121206,   2.822,9999.000,9999.000,9999.000,9999.000,9999.000,9999.000,9999.000,9999.000
202605121212,   2.806,9999.000,9999.000,9999.000,9999.000,9999.000,9999.000,9999.000,9999.000
202605121218,   2.789,9999.000,9999.000,9999.000,9999.000,9999.000,9999.000,9999.000,9999.000
202605121224,   2.770,9999.000,9999.000,9999.000,9999.000,9999.000,9999.000,9999.000,9999.000
202605121230,   2.750,9999.000,9999.000,9999.000,9999.000,9999.000,9999.000,9999.000,9999.000
202605121236,   2.729,9999.000,9999.000,9999.000,9999.000,9999.000,9999.000,9999.000,9999.000
202605121242,   2.707,9999.000,9999.000,9999.000,9999.000,9999.000,9999.000,9999.000,9999.000
202605121248,   2.684,9999.000,9999.000,9999.000,9999.000,9999.000,9999.000,9999.000,9999.000
202605121254,   2.659,9999.000,9999.000,9999.000,9999.000,9999.000,9999.000,9999.000,9999.000
202605121300,   2.634,9999.000,   0.100,  -0.014,   2.720,   0.000,   2.620,   0.200,   2.820
202605121306,   2.607,9999.000,9999.000,9999.000,9999.000,9999.000,9999.000,9999.000,9999.000
202605121312,   2.580,9999.000,9999.000,9999.000,9999.000,9999.000,9999.000,9999.000,9999.000
202605121318,   2.552,9999.000,9999.000,9999.000,9999.000,9999.000,9999.000,9999.000,9999.000
202605121324,   2.524,9999.000,9999.000,9999.000,9999.000,9999.000,9999.000,9999.000,9999.000
202605121330,   2.494,9999.000,9999.000,9999.000,9999.000,9999.000,9999.000,9999.000,9999.000
202605121336,   2.464,9999.000,9999.000,9999.000,9999.000,9999.000,9999.000,9999.000,9999.000
202605121342,   2.434,9999.000,9999.000,9999.000,9999.000,9999.000,9999.000,9999.000,9999.000
202605121348,   2.403,9999.000,9999.000,9999.000,9999.000,9999.000,9999.000,9999.000,9999.000
202605121354,   2.372,9999.000,9999.000,9999.000,9999.000,9999.000,9999.000,9999.000,9999.000
202605121400,   2.340,9999.000,   0.100,  -0.014,   2.426,   0.000,   2.326,   0.200,   2.526
202605121406,   2.308,9999.000,9999.000,9999.000,9999.000,9999.000,9999.000,9999.000,9999.000
202605121412,   2.276,9999.000,9999.000,9999.000,9999.000,9999.000,9999.000,9999.000,9999.000
202605121418,   2.244,9999.000,9999.000,9999.000,9999.000,9999.000,9999.000,9999.000,9999.000
202605121424,   2.211,9999.000,9999.000,9999.000,9999.000,9999.000,9999.000,9999.000,9999.000
202605121430,   2.179,9999.000,9999.000,9999.000,9999.000,9999.000,9999.000,9999.000,9999.000
202605121436,   2.147,9999.000,9999.000,9999.000,9999.000,9999.000,9999.000,9999.000,9999.000
202605121442,   2.115,9999.000,9999.000,9999.000,9999.000,9999.000,9999.000,9999.000,9999.000
202605121448,   2.083,9999.000,9999.000,9999.000,9999.000,9999.000,9999.000,9999.000,9999.000
202605121454,   2.052,9999.000,9999.000,9999.000,9999.000,9999.000,9999.000,9999.000,9999.000
202605121500,   2.021,9999.000,   0.100,  -0.014,   2.107,  -0.100,   1.907,   0.200,   2.207
202605121506,   1.990,9999.000,9999.000,9999.000,9999.000,9999.000,9999.000,9999.000,9999.000
202605121512,   1.960,9999.000,9999.000,9999.000,9999.000,9999.000,9999.000,9999.000,9999.000
202605121518,   1.931,9999.000,9999.000,9999.000,9999.000,9999.000,9999.000,9999.000,9999.000
202605121524,   1.902,9999.000,9999.000,9999.000,9999.000,9999.000,9999.000,9999.000,9999.000
202605121530,   1.874,9999.000,9999.000,9999.000,9999.000,9999.000,9999.000,9999.000,9999.000
202605121536,   1.847,9999.000,9999.000,9999.000,9999.000,9999.000,9999.000,9999.000,9999.000
202605121542,   1.820,9999.000,9999.000,9999.000,9999.000,9999.000,9999.000,9999.000,9999.000
202605121548,   1.795,9999.000,9999.000,9999.000,9999.000,9999.000,9999.000,9999.000,9999.000
202605121554,   1.770,9999.000,9999.000,9999.000,9999.000,9999.000,9999.000,9999.000,9999.000
202605121600,   1.747,9999.000,   0.000,  -0.014,   1.733,  -0.100,   1.633,   0.200,   1.933
202605121606,   1.724,9999.000,9999.000,9999.000,9999.000,9999.000,9999.000,9999.000,9999.000
202605121612,   1.703,9999.000,9999.000,9999.000,9999.000,9999.000,9999.000,9999.000,9999.000
202605121618,   1.683,9999.000,9999.000,9999.000,9999.000,9999.000,9999.000,9999.000,9999.000
202605121624,   1.664,9999.000,9999.000,9999.000,9999.000,9999.000,9999.000,9999.000,9999.000
202605121630,   1.647,9999.000,9999.000,9999.000,9999.000,9999.000,9999.000,9999.000,9999.000
202605121636,   1.630,9999.000,9999.000,9999.000,9999.000,9999.000,9999.000,9999.000,9999.000
202605121642,   1.615,9999.000,9999.000,9999.000,9999.000,9999.000,9999.000,9999.000,9999.000
202605121648,   1.601,9999.000,9999.000,9999.000,9999.000,9999.000,9999.000,9999.000,9999.000
202605121654,   1.588,9999.000,9999.000,9999.000,9999.000,9999.000,9999.000,9999.000,9999.000
202605121700,   1.577,9999.000,   0.000,  -0.014,   1.563,  -0.200,   1.363,   0.100,   1.663
202605121706,   1.567,9999.000,9999.000,9999.000,9999.000,9999.000,9999.000,9999.000,9999.000
202605121712,   1.558,9999.000,9999.000,9999.000,9999.000,9999.000,9999.000,9999.000,9999.000
202605121718,   1.551,9999.000,9999.000,9999.000,9999.000,9999.000,9999.000,9999.000,9999.000
202605121724,   1.545,9999.000,9999.000,9999.000,9999.000,9999.000,9999.000,9999.000,9999.000
202605121730,   1.540,9999.000,9999.000,9999.000,9999.000,9999.000,9999.000,9999.000,9999.000
202605121736,   1.536,9999.000,9999.000,9999.000,9999.000,9999.000,9999.000,9999.000,9999.000
202605121742,   1.534,9999.000,9999.000,9999.000,9999.000,9999.000,9999.000,9999.000,9999.000
202605121748,   1.532,9999.000,9999.000,9999.000,9999.000,9999.000,9999.000,9999.000,9999.000
202605121754,   1.532,9999.000,9999.000,9999.000,9999.000,9999.000,9999.000,9999.000,9999.000
202605121800,   1.533,9999.000,   0.000,  -0.014,   1.519,  -0.200,   1.319,   0.100,   1.619
202605121806,   1.535,9999.000,9999.000,9999.000,9999.000,9999.000,9999.000,9999.000,9999.000
202605121812,   1.537,9999.000,9999.000,9999.000,9999.000,9999.000,9999.000,9999.000,9999.000
202605121818,   1.541,9999.000,9999.000,9999.000,9999.000,9999.000,9999.000,9999.000,9999.000
202605121824,   1.545,9999.000,9999.000,9999.000,9999.000,9999.000,9999.000,9999.000,9999.000
202605121830,   1.551,9999.000,9999.000,9999.000,9999.000,9999.000,9999.000,9999.000,9999.000
202605121836,   1.557,9999.000,9999.000,9999.000,9999.000,9999.000,9999.000,9999.000,9999.000
202605121842,   1.564,9999.000,9999.000,9999.000,9999.000,9999.000,9999.000,9999.000,9999.000
202605121848,   1.571,9999.000,9999.000,9999.000,9999.000,9999.000,9999.000,9999.000,9999.000
202605121854,   1.579,9999.000,9999.000,9999.000,9999.000,9999.000,9999.000,9999.000,9999.000
202605121900,   1.587,9999.000,  -0.100,  -0.014,   1.473,  -0.300,   1.273,   0.000,   1.573
202605121906,   1.596,9999.000,9999.000,9999.000,9999.000,9999.000,9999.000,9999.000,9999.000
202605121912,   1.606,9999.000,9999.000,9999.000,9999.000,9999.000,9999.000,9999.000,9999.000
202605121918,   1.615,9999.000,9999.000,9999.000,9999.000,9999.000,9999.000,9999.000,9999.000
202605121924,   1.625,9999.000,9999.000,9999.000,9999.000,9999.000,9999.000,9999.000,9999.000
202605121930,   1.636,9999.000,9999.000,9999.000,9999.000,9999.000,9999.000,9999.000,9999.000
202605121936,   1.646,9999.000,9999.000,9999.000,9999.000,9999.000,9999.000,9999.000,9999.000
202605121942,   1.656,9999.000,9999.000,9999.000,9999.000,9999.000,9999.000,9999.000,9999.000
202605121948,   1.667,9999.000,9999.000,9999.000,9999.000,9999.000,9999.000,9999.000,9999.000
202605121954,   1.678,9999.000,9999.000,9999.000,9999.000,9999.000,9999.000,9999.000,9999.000
202605122000,   1.688,9999.000,  -0.200,  -0.014,   1.474,  -0.400,   1.274,   0.000,   1.674
202605122006,   1.699,9999.000,9999.000,9999.000,9999.000,9999.000,9999.000,9999.000,9999.000
202605122012,   1.709,9999.000,9999.000,9999.000,9999.000,9999.000,9999.000,9999.000,9999.000
202605122018,   1.720,9999.000,9999.000,9999.000,9999.000,9999.000,9999.000,9999.000,9999.000
202605122024,   1.730,9999.000,9999.000,9999.000,9999.000,9999.000,9999.000,9999.000,9999.000
202605122030,   1.740,9999.000,9999.000,9999.000,9999.000,9999.000,9999.000,9999.000,9999.000
202605122036,   1.749,9999.000,9999.000,9999.000,9999.000,9999.000,9999.000,9999.000,9999.000
202605122042,   1.758,9999.000,9999.000,9999.000,9999.000,9999.000,9999.000,9999.000,9999.000
202605122048,   1.767,9999.000,9999.000,9999.000,9999.000,9999.000,9999.000,9999.000,9999.000
202605122054,   1.775,9999.000,9999.000,9999.000,9999.000,9999.000,9999.000,9999.000,9999.000
202605122100,   1.783,9999.000,  -0.200,  -0.014,   1.569,  -0.400,   1.369,   0.000,   1.769
202605122106,   1.790,9999.000,9999.000,9999.000,9999.000,9999.000,9999.000,9999.000,9999.000
202605122112,   1.797,9999.000,9999.000,9999.000,9999.000,9999.000,9999.000,9999.000,9999.000
202605122118,   1.803,9999.000,9999.000,9999.000,9999.000,9999.000,9999.000,9999.000,9999.000
202605122124,   1.809,9999.000,9999.000,9999.000,9999.000,9999.000,9999.000,9999.000,9999.000
202605122130,   1.814,9999.000,9999.000,9999.000,9999.000,9999.000,9999.000,9999.000,9999.000
202605122136,   1.818,9999.000,9999.000,9999.000,9999.000,9999.000,9999.000,9999.000,9999.000
202605122142,   1.821,9999.000,9999.000,9999.000,9999.000,9999.000,9999.000,9999.000,9999.000
202605122148,   1.824,9999.000,9999.000,9999.000,9999.000,9999.000,9999.000,9999.000,9999.000
202605122154,   1.825,9999.000,9999.000,9999.000,9999.000,9999.000,9999.000,9999.000,9999.000
202605122200,   1.826,9999.000,  -0.300,  -0.014,   1.512,  -0.500,   1.312,  -0.100,   1.712
202605122206,   1.827,9999.000,9999.000,9999.000,9999.000,9999.000,9999.000,9999.000,9999.000
202605122212,   1.826,9999.000,9999.000,9999.000,9999.000,9999.000,9999.000,9999.000,9999.000
202605122218,   1.824,9999.000,9999.000,9999.000,9999.000,9999.000,9999.000,9999.000,9999.000
202605122224,   1.822,9999.000,9999.000,9999.000,9999.000,9999.000,9999.000,9999.000,9999.000
202605122230,   1.818,9999.000,9999.000,9999.000,9999.000,9999.000,9999.000,9999.000,9999.000
202605122236,   1.814,9999.000,9999.000,9999.000,9999.000,9999.000,9999.000,9999.000,9999.000
202605122242,   1.809,9999.000,9999.000,9999.000,9999.000,9999.000,9999.000,9999.000,9999.000
202605122248,   1.802,9999.000,9999.000,9999.000,9999.000,9999.000,9999.000,9999.000,9999.000
202605122254,   1.795,9999.000,9999.000,9999.000,9999.000,9999.000,9999.000,9999.000,9999.000
202605122300,   1.787,9999.000,  -0.300,  -0.014,   1.473,  -0.500,   1.273,  -0.100,   1.673
202605122306,   1.778,9999.000,9999.000,9999.000,9999.000,9999.000,9999.000,9999.000,9999.000
202605122312,   1.769,9999.000,9999.000,9999.000,9999.000,9999.000,9999.000,9999.000,9999.000
202605122318,   1.758,9999.000,9999.000,9999.000,9999.000,9999.000,9999.000,9999.000,9999.000
202605122324,   1.747,9999.000,9999.000,9999.000,9999.000,9999.000,9999.000,9999.000,9999.000
202605122330,   1.734,9999.000,9999.000,9999.000,9999.000,9999.000,9999.000,9999.000,9999.000
202605122336,   1.721,9999.000,9999.000,9999.000,9999.000,9999.000,9999.000,9999.000,9999.000
202605122342,   1.708,9999.000,9999.000,9999.000,9999.000,9999.000,9999.000,9999.000,9999.000
202605122348,   1.693,9999.000,9999.000,9999.000,9999.000,9999.000,9999.000,9999.000,9999.000
202605122354,   1.678,9999.000,9999.000,9999.000,9999.000,9999.000,9999.000,9999.000,9999.000
202605130000,   1.663,9999.000,  -0.300,  -0.014,   1.349,  -0.600,   1.049,  -0.100,   1.549
202605130006,   1.647,9999.000,9999.000,9999.000,9999.000,9999.000,9999.000,9999.000,9999.000
202605130012,   1.630,9999.000,9999.000,9999.000,9999.000,9999.000,9999.000,9999.000,9999.000
202605130018,   1.613,9999.000,9999.000,9999.000,9999.000,9999.000,9999.000,9999.000,9999.000
202605130024,   1.596,9999.000,9999.000,9999.000,9999.000,9999.000,9999.000,9999.000,9999.000
202605130030,   1.578,9999.000,9999.000,9999.000,9999.000,9999.000,9999.000,9999.000,9999.000
202605130036,   1.560,9999.000,9999.000,9999.000,9999.000,9999.000,9999.000,9999.000,9999.000
202605130042,   1.542,9999.000,9999.000,9999.000,9999.000,9999.000,9999.000,9999.000,9999.000
202605130048,   1.523,9999.000,9999.000,9999.000,9999.000,9999.000,9999.000,9999.000,9999.000
202605130054,   1.505,9999.000,9999.000,9999.000,9999.000,9999.000,9999.000,9999.000,9999.000
202605130100,   1.486,9999.000,  -0.400,  -0.014,   1.072,  -0.600,   0.872,  -0.200,   1.272
202605130106,   1.468,9999.000,9999.000,9999.000,9999.000,9999.000,9999.000,9999.000,9999.000
202605130112,   1.449,9999.000,9999.000,9999.000,9999.000,9999.000,9999.000,9999.000,9999.000
202605130118,   1.431,9999.000,9999.000,9999.000,9999.000,9999.000,9999.000,9999.000,9999.000
202605130124,   1.413,9999.000,9999.000,9999.000,9999.000,9999.000,9999.000,9999.000,9999.000
202605130130,   1.395,9999.000,9999.000,9999.000,9999.000,9999.000,9999.000,9999.000,9999.000
202605130136,   1.377,9999.000,9999.000,9999.000,9999.000,9999.000,9999.000,9999.000,9999.000
202605130142,   1.360,9999.000,9999.000,9999.000,9999.000,9999.000,9999.000,9999.000,9999.000
202605130148,   1.343,9999.000,9999.000,9999.000,9999.000,9999.000,9999.000,9999.000,9999.000
202605130154,   1.327,9999.000,9999.000,9999.000,9999.000,9999.000,9999.000,9999.000,9999.000
202605130200,   1.311,9999.000,  -0.400,  -0.014,   0.897,  -0.600,   0.697,  -0.300,   0.997
202605130206,   1.295,9999.000,9999.000,9999.000,9999.000,9999.000,9999.000,9999.000,9999.000
202605130212,   1.281,9999.000,9999.000,9999.000,9999.000,9999.000,9999.000,9999.000,9999.000
202605130218,   1.266,9999.000,9999.000,9999.000,9999.000,9999.000,9999.000,9999.000,9999.000
202605130224,   1.253,9999.000,9999.000,9999.000,9999.000,9999.000,9999.000,9999.000,9999.000
202605130230,   1.240,9999.000,9999.000,9999.000,9999.000,9999.000,9999.000,9999.000,9999.000
202605130236,   1.228,9999.000,9999.000,9999.000,9999.000,9999.000,9999.000,9999.000,9999.000
202605130242,   1.217,9999.000,9999.000,9999.000,9999.000,9999.000,9999.000,9999.000,9999.000
202605130248,   1.207,9999.000,9999.000,9999.000,9999.000,9999.000,9999.000,9999.000,9999.000
202605130254,   1.197,9999.000,9999.000,9999.000,9999.000,9999.000,9999.000,9999.000,9999.000
202605130300,   1.189,9999.000,  -0.500,  -0.014,   0.675,  -0.600,   0.575,  -0.300,   0.875
202605130306,   1.181,9999.000,9999.000,9999.000,9999.000,9999.000,9999.000,9999.000,9999.000
202605130312,   1.175,9999.000,9999.000,9999.000,9999.000,9999.000,9999.000,9999.000,9999.000
202605130318,   1.170,9999.000,9999.000,9999.000,9999.000,9999.000,9999.000,9999.000,9999.000
202605130324,   1.165,9999.000,9999.000,9999.000,9999.000,9999.000,9999.000,9999.000,9999.000
202605130330,   1.162,9999.000,9999.000,9999.000,9999.000,9999.000,9999.000,9999.000,9999.000
202605130336,   1.161,9999.000,9999.000,9999.000,9999.000,9999.000,9999.000,9999.000,9999.000
202605130342,   1.160,9999.000,9999.000,9999.000,9999.000,9999.000,9999.000,9999.000,9999.000
202605130348,   1.161,9999.000,9999.000,9999.000,9999.000,9999.000,9999.000,9999.000,9999.000
202605130354,   1.163,9999.000,9999.000,9999.000,9999.000,9999.000,9999.000,9999.000,9999.000
202605130400,   1.167,9999.000,  -0.500,  -0.014,   0.653,  -0.600,   0.553,  -0.300,   0.853
202605130406,   1.171,9999.000,9999.000,9999.000,9999.000,9999.000,9999.000,9999.000,9999.000
202605130412,   1.178,9999.000,9999.000,9999.000,9999.000,9999.000,9999.000,9999.000,9999.000
202605130418,   1.185,9999.000,9999.000,9999.000,9999.000,9999.000,9999.000,9999.000,9999.000
202605130424,   1.195,9999.000,9999.000,9999.000,9999.000,9999.000,9999.000,9999.000,9999.000
202605130430,   1.205,9999.000,9999.000,9999.000,9999.000,9999.000,9999.000,9999.000,9999.000
202605130436,   1.217,9999.000,9999.000,9999.000,9999.000,9999.000,9999.000,9999.000,9999.000
202605130442,   1.231,9999.000,9999.000,9999.000,9999.000,9999.000,9999.000,9999.000,9999.000
202605130448,   1.246,9999.000,9999.000,9999.000,9999.000,9999.000,9999.000,9999.000,9999.000
202605130454,   1.263,9999.000,9999.000,9999.000,9999.000,9999.000,9999.000,9999.000,9999.000
202605130500,   1.281,9999.000,  -0.500,  -0.014,   0.767,  -0.700,   0.567,  -0.300,   0.967
202605130506,   1.301,9999.000,9999.000,9999.000,9999.000,9999.000,9999.000,9999.000,9999.000
202605130512,   1.322,9999.000,9999.000,9999.000,9999.000,9999.000,9999.000,9999.000,9999.000
202605130518,   1.345,9999.000,9999.000,9999.000,9999.000,9999.000,9999.000,9999.000,9999.000
202605130524,   1.369,9999.000,9999.000,9999.000,9999.000,9999.000,9999.000,9999.000,9999.000
202605130530,   1.394,9999.000,9999.000,9999.000,9999.000,9999.000,9999.000,9999.000,9999.000
202605130536,   1.421,9999.000,9999.000,9999.000,9999.000,9999.000,9999.000,9999.000,9999.000
202605130542,   1.449,9999.000,9999.000,9999.000,9999.000,9999.000,9999.000,9999.000,9999.000
202605130548,   1.479,9999.000,9999.000,9999.000,9999.000,9999.000,9999.000,9999.000,9999.000
202605130554,   1.510,9999.000,9999.000,9999.000,9999.000,9999.000,9999.000,9999.000,9999.000
202605130600,   1.542,9999.000,  -0.500,  -0.014,   1.028,  -0.700,   0.828,  -0.400,   1.128
202605130606,   1.575,9999.000,9999.000,9999.000,9999.000,9999.000,9999.000,9999.000,9999.000
202605130612,   1.609,9999.000,9999.000,9999.000,9999.000,9999.000,9999.000,9999.000,9999.000
202605130618,   1.644,9999.000,9999.000,9999.000,9999.000,9999.000,9999.000,9999.000,9999.000
202605130624,   1.680,9999.000,9999.000,9999.000,9999.000,9999.000,9999.000,9999.000,9999.000
202605130630,   1.717,9999.000,9999.000,9999.000,9999.000,9999.000,9999.000,9999.000,9999.000
202605130636,   1.754,9999.000,9999.000,9999.000,9999.000,9999.000,9999.000,9999.000,9999.000
202605130642,   1.793,9999.000,9999.000,9999.000,9999.000,9999.000,9999.000,9999.000,9999.000
202605130648,   1.832,9999.000,9999.000,9999.000,9999.000,9999.000,9999.000,9999.000,9999.000
202605130654,   1.871,9999.000,9999.000,9999.000,9999.000,9999.000,9999.000,9999.000,9999.000
202605130700,   1.911,9999.000,  -0.500,  -0.014,   1.397,  -0.700,   1.197,  -0.400,   1.497
202605130706,   1.952,9999.000,9999.000,9999.000,9999.000,9999.000,9999.000,9999.000,9999.000
202605130712,   1.993,9999.000,9999.000,9999.000,9999.000,9999.000,9999.000,9999.000,9999.000
202605130718,   2.034,9999.000,9999.000,9999.000,9999.000,9999.000,9999.000,9999.000,9999.000
202605130724,   2.075,9999.000,9999.000,9999.000,9999.000,9999.000,9999.000,9999.000,9999.000
202605130730,   2.116,9999.000,9999.000,9999.000,9999.000,9999.000,9999.000,9999.000,9999.000
202605130736,   2.157,9999.000,9999.000,9999.000,9999.000,9999.000,9999.000,9999.000,9999.000
202605130742,   2.198,9999.000,9999.000,9999.000,9999.000,9999.000,9999.000,9999.000,9999.000
202605130748,   2.239,9999.000,9999.000,9999.000,9999.000,9999.000,9999.000,9999.000,9999.000
202605130754,   2.280,9999.000,9999.000,9999.000,9999.000,9999.000,9999.000,9999.000,9999.000
202605130800,   2.320,9999.000,  -0.600,  -0.014,   1.706,  -0.700,   1.606,  -0.400,   1.906
202605130806,   2.360,9999.000,9999.000,9999.000,9999.000,9999.000,9999.000,9999.000,9999.000
202605130812,   2.400,9999.000,9999.000,9999.000,9999.000,9999.000,9999.000,9999.000,9999.000
202605130818,   2.439,9999.000,9999.000,9999.000,9999.000,9999.000,9999.000,9999.000,9999.000
202605130824,   2.477,9999.000,9999.000,9999.000,9999.000,9999.000,9999.000,9999.000,9999.000
202605130830,   2.515,9999.000,9999.000,9999.000,9999.000,9999.000,9999.000,9999.000,9999.000
202605130836,   2.552,9999.000,9999.000,9999.000,9999.000,9999.000,9999.000,9999.000,9999.000
202605130842,   2.588,9999.000,9999.000,9999.000,9999.000,9999.000,9999.000,9999.000,9999.000
202605130848,   2.624,9999.000,9999.000,9999.000,9999.000,9999.000,9999.000,9999.000,9999.000
202605130854,   2.658,9999.000,9999.000,9999.000,9999.000,9999.000,9999.000,9999.000,9999.000
202605130900,   2.692,9999.000,  -0.600,  -0.014,   2.078,  -0.800,   1.878,  -0.500,   2.178
202605130906,   2.724,9999.000,9999.000,9999.000,9999.000,9999.000,9999.000,9999.000,9999.000
202605130912,   2.755,9999.000,9999.000,9999.000,9999.000,9999.000,9999.000,9999.000,9999.000
202605130918,   2.785,9999.000,9999.000,9999.000,9999.000,9999.000,9999.000,9999.000,9999.000
202605130924,   2.813,9999.000,9999.000,9999.000,9999.000,9999.000,9999.000,9999.000,9999.000
202605130930,   2.841,9999.000,9999.000,9999.000,9999.000,9999.000,9999.000,9999.000,9999.000
202605130936,   2.867,9999.000,9999.000,9999.000,9999.000,9999.000,9999.000,9999.000,9999.000
202605130942,   2.891,9999.000,9999.000,9999.000,9999.000,9999.000,9999.000,9999.000,9999.000
202605130948,   2.914,9999.000,9999.000,9999.000,9999.000,9999.000,9999.000,9999.000,9999.000
202605130954,   2.935,9999.000,9999.000,9999.000,9999.000,9999.000,9999.000,9999.000,9999.000
202605131000,   2.955,9999.000,  -0.600,  -0.014,   2.341,  -0.800,   2.141,  -0.500,   2.441
202605131006,   2.973,9999.000,9999.000,9999.000,9999.000,9999.000,9999.000,9999.000,9999.000
202605131012,   2.989,9999.000,9999.000,9999.000,9999.000,9999.000,9999.000,9999.000,9999.000
202605131018,   3.004,9999.000,9999.000,9999.000,9999.000,9999.000,9999.000,9999.000,9999.000
202605131024,   3.017,9999.000,9999.000,9999.000,9999.000,9999.000,9999.000,9999.000,9999.000
202605131030,   3.028,9999.000,9999.000,9999.000,9999.000,9999.000,9999.000,9999.000,9999.000
202605131036,   3.037,9999.000,9999.000,9999.000,9999.000,9999.000,9999.000,9999.000,9999.000
202605131042,   3.044,9999.000,9999.000,9999.000,9999.000,9999.000,9999.000,9999.000,9999.000
202605131048,   3.049,9999.000,9999.000,9999.000,9999.000,9999.000,9999.000,9999.000,9999.000
202605131054,   3.052,9999.000,9999.000,9999.000,9999.000,9999.000,9999.000,9999.000,9999.000
202605131100,   3.053,9999.000,  -0.600,  -0.014,   2.439,  -0.800,   2.239,  -0.500,   2.539
202605131106,   3.052,9999.000,9999.000,9999.000,9999.000,9999.000,9999.000,9999.000,9999.000
202605131112,   3.049,9999.000,9999.000,9999.000,9999.000,9999.000,9999.000,9999.000,9999.000
202605131118,   3.044,9999.000,9999.000,9999.000,9999.000,9999.000,9999.000,9999.000,9999.000
202605131124,   3.037,9999.000,9999.000,9999.000,9999.000,9999.000,9999.000,9999.000,9999.000
202605131130,   3.028,9999.000,9999.000,9999.000,9999.000,9999.000,9999.000,9999.000,9999.000
202605131136,   3.017,9999.000,9999.000,9999.000,9999.000,9999.000,9999.000,9999.000,9999.000
202605131142,   3.004,9999.000,9999.000,9999.000,9999.000,9999.000,9999.000,9999.000,9999.000
202605131148,   2.989,9999.000,9999.000,9999.000,9999.000,9999.000,9999.000,9999.000,9999.000
202605131154,   2.972,9999.000,9999.000,9999.000,9999.000,9999.000,9999.000,9999.000,9999.000
202605131200,   2.953,9999.000,  -0.600,  -0.014,   2.339,  -0.800,   2.139,  -0.500,   2.439
202605131206,   2.932,9999.000,9999.000,9999.000,9999.000,9999.000,9999.000,9999.000,9999.000
202605131212,   2.909,9999.000,9999.000,9999.000,9999.000,9999.000,9999.000,9999.000,9999.000
202605131218,   2.885,9999.000,9999.000,9999.000,9999.000,9999.000,9999.000,9999.000,9999.000
202605131224,   2.859,9999.000,9999.000,9999.000,9999.000,9999.000,9999.000,9999.000,9999.000
202605131230,   2.831,9999.000,9999.000,9999.000,9999.000,9999.000,9999.000,9999.000,9999.000
202605131236,   2.801,9999.000,9999.000,9999.000,9999.000,9999.000,9999.000,9999.000,9999.000
202605131242,   2.770,9999.000,9999.000,9999.000,9999.000,9999.000,9999.000,9999.000,9999.000
202605131248,   2.738,9999.000,9999.000,9999.000,9999.000,9999.000,9999.000,9999.000,9999.000
202605131254,   2.704,9999.000,9999.000,9999.000,9999.000,9999.000,9999.000,9999.000,9999.000
202605131300,   2.668,9999.000,  -0.700,  -0.014,   1.954,  -0.800,   1.854,  -0.500,   2.154
202605131306,   2.632,9999.000,9999.000,9999.000,9999.000,9999.000,9999.000,9999.000,9999.000
202605131312,   2.594,9999.000,9999.000,9999.000,9999.000,9999.000,9999.000,9999.000,9999.000
202605131318,   2.555,9999.000,9999.000,9999.000,9999.000,9999.000,9999.000,9999.000,9999.000
202605131324,   2.514,9999.000,9999.000,9999.000,9999.000,9999.000,9999.000,9999.000,9999.000
202605131330,   2.473,9999.000,9999.000,9999.000,9999.000,9999.000,9999.000,9999.000,9999.000
202605131336,   2.431,9999.000,9999.000,9999.000,9999.000,9999.000,9999.000,9999.000,9999.000
202605131342,   2.388,9999.000,9999.000,9999.000,9999.000,9999.000,9999.000,9999.000,9999.000
202605131348,   2.344,9999.000,9999.000,9999.000,9999.000,9999.000,9999.000,9999.000,9999.000
202605131354,   2.300,9999.000,9999.000,9999.000,9999.000,9999.000,9999.000,9999.000,9999.000
202605131400,   2.255,9999.000,  -0.700,  -0.014,   1.541,  -0.800,   1.441,  -0.500,   1.741
202605131406,   2.209,9999.000,9999.000,9999.000,9999.000,9999.000,9999.000,9999.000,9999.000
202605131412,   2.163,9999.000,9999.000,9999.000,9999.000,9999.000,9999.000,9999.000,9999.000
202605131418,   2.116,9999.000,9999.000,9999.000,9999.000,9999.000,9999.000,9999.000,9999.000
202605131424,   2.070,9999.000,9999.000,9999.000,9999.000,9999.000,9999.000,9999.000,9999.000
202605131430,   2.023,9999.000,9999.000,9999.000,9999.000,9999.000,9999.000,9999.000,9999.000
202605131436,   1.976,9999.000,9999.000,9999.000,9999.000,9999.000,9999.000,9999.000,9999.000
202605131442,   1.928,9999.000,9999.000,9999.000,9999.000,9999.000,9999.000,9999.000,9999.000
202605131448,   1.881,9999.000,9999.000,9999.000,9999.000,9999.000,9999.000,9999.000,9999.000
202605131454,   1.834,9999.000,9999.000,9999.000,9999.000,9999.000,9999.000,9999.000,9999.000
202605131500,   1.787,9999.000,  -0.700,  -0.014,   1.073,  -0.800,   0.973,  -0.500,   1.273
202605131506,   1.741,9999.000,9999.000,9999.000,9999.000,9999.000,9999.000,9999.000,9999.000
202605131512,   1.695,9999.000,9999.000,9999.000,9999.000,9999.000,9999.000,9999.000,9999.000
202605131518,   1.649,9999.000,9999.000,9999.000,9999.000,9999.000,9999.000,9999.000,9999.000
202605131524,   1.603,9999.000,9999.000,9999.000,9999.000,9999.000,9999.000,9999.000,9999.000
202605131530,   1.559,9999.000,9999.000,9999.000,9999.000,9999.000,9999.000,9999.000,9999.000
202605131536,   1.515,9999.000,9999.000,9999.000,9999.000,9999.000,9999.000,9999.000,9999.000
202605131542,   1.471,9999.000,9999.000,9999.000,9999.000,9999.000,9999.000,9999.000,9999.000
202605131548,   1.429,9999.000,9999.000,9999.000,9999.000,9999.000,9999.000,9999.000,9999.000
202605131554,   1.387,9999.000,9999.000,9999.000,9999.000,9999.000,9999.000,9999.000,9999.000
202605131600,   1.347,9999.000,  -0.700,  -0.014,   0.633,  -0.800,   0.533,  -0.500,   0.833
202605131606,   1.307,9999.000,9999.000,9999.000,9999.000,9999.000,9999.000,9999.000,9999.000
202605131612,   1.269,9999.000,9999.000,9999.000,9999.000,9999.000,9999.000,9999.000,9999.000
202605131618,   1.232,9999.000,9999.000,9999.000,9999.000,9999.000,9999.000,9999.000,9999.000
202605131624,   1.196,9999.000,9999.000,9999.000,9999.000,9999.000,9999.000,9999.000,9999.000
202605131630,   1.162,9999.000,9999.000,9999.000,9999.000,9999.000,9999.000,9999.000,9999.000
202605131636,   1.128,9999.000,9999.000,9999.000,9999.000,9999.000,9999.000,9999.000,9999.000
202605131642,   1.097,9999.000,9999.000,9999.000,9999.000,9999.000,9999.000,9999.000,9999.000
202605131648,   1.067,9999.000,9999.000,9999.000,9999.000,9999.000,9999.000,9999.000,9999.000
202605131654,   1.038,9999.000,9999.000,9999.000,9999.000,9999.000,9999.000,9999.000,9999.000
202605131700,   1.011,9999.000,  -0.700,  -0.014,   0.297,  -0.800,   0.197,  -0.500,   0.497
202605131706,   0.986,9999.000,9999.000,9999.000,9999.000,9999.000,9999.000,9999.000,9999.000
202605131712,   0.962,9999.000,9999.000,9999.000,9999.000,9999.000,9999.000,9999.000,9999.000
202605131718,   0.941,9999.000,9999.000,9999.000,9999.000,9999.000,9999.000,9999.000,9999.000
202605131724,   0.920,9999.000,9999.000,9999.000,9999.000,9999.000,9999.000,9999.000,9999.000
202605131730,   0.902,9999.000,9999.000,9999.000,9999.000,9999.000,9999.000,9999.000,9999.000
202605131736,   0.886,9999.000,9999.000,9999.000,9999.000,9999.000,9999.000,9999.000,9999.000
202605131742,   0.871,9999.000,9999.000,9999.000,9999.000,9999.000,9999.000,9999.000,9999.000
202605131748,   0.858,9999.000,9999.000,9999.000,9999.000,9999.000,9999.000,9999.000,9999.000
202605131754,   0.847,9999.000,9999.000,9999.000,9999.000,9999.000,9999.000,9999.000,9999.000
202605131800,   0.837,9999.000,  -0.700,  -0.014,   0.123,  -0.900,  -0.077,  -0.400,   0.423
202605131806,   0.830,9999.000,9999.000,9999.000,9999.000,9999.000,9999.000,9999.000,9999.000
202605131812,   0.824,9999.000,9999.000,9999.000,9999.000,9999.000,9999.000,9999.000,9999.000
202605131818,   0.820,9999.000,9999.000,9999.000,9999.000,9999.000,9999.000,9999.000,9999.000
202605131824,   0.817,9999.000,9999.000,9999.000,9999.000,9999.000,9999.000,9999.000,9999.000
202605131830,   0.817,9999.000,9999.000,9999.000,9999.000,9999.000,9999.000,9999.000,9999.000
202605131836,   0.817,9999.000,9999.000,9999.000,9999.000,9999.000,9999.000,9999.000,9999.000
202605131842,   0.820,9999.000,9999.000,9999.000,9999.000,9999.000,9999.000,9999.000,9999.000
202605131848,   0.824,9999.000,9999.000,9999.000,9999.000,9999.000,9999.000,9999.000,9999.000
202605131854,   0.829,9999.000,9999.000,9999.000,9999.000,9999.000,9999.000,9999.000,9999.000
202605131900,   0.836,9999.000,  -0.700,  -0.014,   0.122,  -0.900,  -0.078,  -0.400,   0.422
202605131906,   0.845,9999.000,9999.000,9999.000,9999.000,9999.000,9999.000,9999.000,9999.000
202605131912,   0.854,9999.000,9999.000,9999.000,9999.000,9999.000,9999.000,9999.000,9999.000
202605131918,   0.865,9999.000,9999.000,9999.000,9999.000,9999.000,9999.000,9999.000,9999.000
202605131924,   0.877,9999.000,9999.000,9999.000,9999.000,9999.000,9999.000,9999.000,9999.000
202605131930,   0.890,9999.000,9999.000,9999.000,9999.000,9999.000,9999.000,9999.000,9999.000
202605131936,   0.904,9999.000,9999.000,9999.000,9999.000,9999.000,9999.000,9999.000,9999.000
202605131942,   0.920,9999.000,9999.000,9999.000,9999.000,9999.000,9999.000,9999.000,9999.000
202605131948,   0.936,9999.000,9999.000,9999.000,9999.000,9999.000,9999.000,9999.000,9999.000
202605131954,   0.953,9999.000,9999.000,9999.000,9999.000,9999.000,9999.000,9999.000,9999.000
202605132000,   0.971,9999.000,  -0.700,  -0.014,   0.257,  -0.900,   0.057,  -0.400,   0.557
202605132006,   0.989,9999.000,9999.000,9999.000,9999.000,9999.000,9999.000,9999.000,9999.000
202605132012,   1.009,9999.000,9999.000,9999.000,9999.000,9999.000,9999.000,9999.000,9999.000
202605132018,   1.029,9999.000,9999.000,9999.000,9999.000,9999.000,9999.000,9999.000,9999.000
202605132024,   1.049,9999.000,9999.000,9999.000,9999.000,9999.000,9999.000,9999.000,9999.000
202605132030,   1.070,9999.000,9999.000,9999.000,9999.000,9999.000,9999.000,9999.000,9999.000
202605132036,   1.092,9999.000,9999.000,9999.000,9999.000,9999.000,9999.000,9999.000,9999.000
202605132042,   1.114,9999.000,9999.000,9999.000,9999.000,9999.000,9999.000,9999.000,9999.000
202605132048,   1.136,9999.000,9999.000,9999.000,9999.000,9999.000,9999.000,9999.000,9999.000
202605132054,   1.158,9999.000,9999.000,9999.000,9999.000,9999.000,9999.000,9999.000,9999.000
202605132100,   1.181,9999.000,  -0.700,  -0.014,   0.467,  -0.900,   0.267,  -0.400,   0.767
202605132106,   1.204,9999.000,9999.000,9999.000,9999.000,9999.000,9999.000,9999.000,9999.000
202605132112,   1.227,9999.000,9999.000,9999.000,9999.000,9999.000,9999.000,9999.000,9999.000
202605132118,   1.250,9999.000,9999.000,9999.000,9999.000,9999.000,9999.000,9999.000,9999.000
202605132124,   1.273,9999.000,9999.000,9999.000,9999.000,9999.000,9999.000,9999.000,9999.000
202605132130,   1.296,9999.000,9999.000,9999.000,9999.000,9999.000,9999.000,9999.000,9999.000
202605132136,   1.319,9999.000,9999.000,9999.000,9999.000,9999.000,9999.000,9999.000,9999.000
202605132142,   1.341,9999.000,9999.000,9999.000,9999.000,9999.000,9999.000,9999.000,9999.000
202605132148,   1.364,9999.000,9999.000,9999.000,9999.000,9999.000,9999.000,9999.000,9999.000
202605132154,   1.386,9999.000,9999.000,9999.000,9999.000,9999.000,9999.000,9999.000,9999.000
202605132200,   1.408,9999.000,  -0.700,  -0.014,   0.694,  -0.900,   0.494,  -0.400,   0.994
202605132206,   1.429,9999.000,9999.000,9999.000,9999.000,9999.000,9999.000,9999.000,9999.000
202605132212,   1.451,9999.000,9999.000,9999.000,9999.000,9999.000,9999.000,9999.000,9999.000
202605132218,   1.471,9999.000,9999.000,9999.000,9999.000,9999.000,9999.000,9999.000,9999.000
202605132224,   1.491,9999.000,9999.000,9999.000,9999.000,9999.000,9999.000,9999.000,9999.000
202605132230,   1.511,9999.000,9999.000,9999.000,9999.000,9999.000,9999.000,9999.000,9999.000
202605132236,   1.530,9999.000,9999.000,9999.000,9999.000,9999.000,9999.000,9999.000,9999.000
202605132242,   1.549,9999.000,9999.000,9999.000,9999.000,9999.000,9999.000,9999.000,9999.000
202605132248,   1.566,9999.000,9999.000,9999.000,9999.000,9999.000,9999.000,9999.000,9999.000
202605132254,   1.583,9999.000,9999.000,9999.000,9999.000,9999.000,9999.000,9999.000,9999.000
202605132300,   1.600,9999.000,  -0.700,  -0.014,   0.886,  -0.900,   0.686,  -0.500,   1.086
202605132306,   1.615,9999.000,9999.000,9999.000,9999.000,9999.000,9999.000,9999.000,9999.000
202605132312,   1.630,9999.000,9999.000,9999.000,9999.000,9999.000,9999.000,9999.000,9999.000
202605132318,   1.644,9999.000,9999.000,9999.000,9999.000,9999.000,9999.000,9999.000,9999.000
202605132324,   1.657,9999.000,9999.000,9999.000,9999.000,9999.000,9999.000,9999.000,9999.000
202605132330,   1.670,9999.000,9999.000,9999.000,9999.000,9999.000,9999.000,9999.000,9999.000
202605132336,   1.681,9999.000,9999.000,9999.000,9999.000,9999.000,9999.000,9999.000,9999.000
202605132342,   1.692,9999.000,9999.000,9999.000,9999.000,9999.000,9999.000,9999.000,9999.000
202605132348,   1.702,9999.000,9999.000,9999.000,9999.000,9999.000,9999.000,9999.000,9999.000
202605132354,   1.711,9999.000,9999.000,9999.000,9999.000,9999.000,9999.000,9999.000,9999.000
202605140000,   1.719,9999.000,  -0.700,  -0.014,   1.005,  -0.900,   0.805,  -0.500,   1.205
202605140006,   1.726,9999.000,9999.000,9999.000,9999.000,9999.000,9999.000,9999.000,9999.000
202605140012,   1.733,9999.000,9999.000,9999.000,9999.000,9999.000,9999.000,9999.000,9999.000
202605140018,   1.739,9999.000,9999.000,9999.000,9999.000,9999.000,9999.000,9999.000,9999.000
202605140024,   1.744,9999.000,9999.000,9999.000,9999.000,9999.000,9999.000,9999.000,9999.000
202605140030,   1.748,9999.000,9999.000,9999.000,9999.000,9999.000,9999.000,9999.000,9999.000
202605140036,   1.751,9999.000,9999.000,9999.000,9999.000,9999.000,9999.000,9999.000,9999.000
202605140042,   1.754,9999.000,9999.000,9999.000,9999.000,9999.000,9999.000,9999.000,9999.000
202605140048,   1.756,9999.000,9999.000,9999.000,9999.000,9999.000,9999.000,9999.000,9999.000
202605140054,   1.758,9999.000,9999.000,9999.000,9999.000,9999.000,9999.000,9999.000,9999.000
202605140100,   1.759,9999.000,  -0.700,  -0.014,   1.045,  -0.900,   0.845,  -0.500,   1.245
202605140106,   1.760,9999.000,9999.000,9999.000,9999.000,9999.000,9999.000,9999.000,9999.000
202605140112,   1.760,9999.000,9999.000,9999.000,9999.000,9999.000,9999.000,9999.000,9999.000
202605140118,   1.759,9999.000,9999.000,9999.000,9999.000,9999.000,9999.000,9999.000,9999.000
202605140124,   1.758,9999.000,9999.000,9999.000,9999.000,9999.000,9999.000,9999.000,9999.000
202605140130,   1.757,9999.000,9999.000,9999.000,9999.000,9999.000,9999.000,9999.000,9999.000
202605140136,   1.756,9999.000,9999.000,9999.000,9999.000,9999.000,9999.000,9999.000,9999.000
202605140142,   1.754,9999.000,9999.000,9999.000,9999.000,9999.000,9999.000,9999.000,9999.000
202605140148,   1.752,9999.000,9999.000,9999.000,9999.000,9999.000,9999.000,9999.000,9999.000
202605140154,   1.750,9999.000,9999.000,9999.000,9999.000,9999.000,9999.000,9999.000,9999.000
202605140200,   1.748,9999.000,  -0.700,  -0.014,   1.034,  -1.000,   0.734,  -0.500,   1.234
202605140206,   1.746,9999.000,9999.000,9999.000,9999.000,9999.000,9999.000,9999.000,9999.000
202605140212,   1.744,9999.000,9999.000,9999.000,9999.000,9999.000,9999.000,9999.000,9999.000
202605140218,   1.742,9999.000,9999.000,9999.000,9999.000,9999.000,9999.000,9999.000,9999.000
202605140224,   1.740,9999.000,9999.000,9999.000,9999.000,9999.000,9999.000,9999.000,9999.000
202605140230,   1.739,9999.000,9999.000,9999.000,9999.000,9999.000,9999.000,9999.000,9999.000
202605140236,   1.737,9999.000,9999.000,9999.000,9999.000,9999.000,9999.000,9999.000,9999.000
202605140242,   1.736,9999.000,9999.000,9999.000,9999.000,9999.000,9999.000,9999.000,9999.000
202605140248,   1.735,9999.000,9999.000,9999.000,9999.000,9999.000,9999.000,9999.000,9999.000
202605140254,   1.734,9999.000,9999.000,9999.000,9999.000,9999.000,9999.000,9999.000,9999.000
202605140300,   1.733,9999.000,  -0.700,  -0.014,   1.019,  -1.000,   0.719,  -0.500,   1.219
202605140306,   1.733,9999.000,9999.000,9999.000,9999.000,9999.000,9999.000,9999.000,9999.000
202605140312,   1.734,9999.000,9999.000,9999.000,9999.000,9999.000,9999.000,9999.000,9999.000
202605140318,   1.735,9999.000,9999.000,9999.000,9999.000,9999.000,9999.000,9999.000,9999.000
202605140324,   1.736,9999.000,9999.000,9999.000,9999.000,9999.000,9999.000,9999.000,9999.000
202605140330,   1.738,9999.000,9999.000,9999.000,9999.000,9999.000,9999.000,9999.000,9999.000
202605140336,   1.740,9999.000,9999.000,9999.000,9999.000,9999.000,9999.000,9999.000,9999.000
202605140342,   1.744,9999.000,9999.000,9999.000,9999.000,9999.000,9999.000,9999.000,9999.000
202605140348,   1.747,9999.000,9999.000,9999.000,9999.000,9999.000,9999.000,9999.000,9999.000
202605140354,   1.752,9999.000,9999.000,9999.000,9999.000,9999.000,9999.000,9999.000,9999.000
202605140400,   1.757,9999.000,  -0.800,  -0.014,   0.943,  -0.900,   0.843,  -0.400,   1.343
202605140406,   1.763,9999.000,9999.000,9999.000,9999.000,9999.000,9999.000,9999.000,9999.000
202605140412,   1.770,9999.000,9999.000,9999.000,9999.000,9999.000,9999.000,9999.000,9999.000
202605140418,   1.778,9999.000,9999.000,9999.000,9999.000,9999.000,9999.000,9999.000,9999.000
202605140424,   1.786,9999.000,9999.000,9999.000,9999.000,9999.000,9999.000,9999.000,9999.000
202605140430,   1.796,9999.000,9999.000,9999.000,9999.000,9999.000,9999.000,9999.000,9999.000
202605140436,   1.806,9999.000,9999.000,9999.000,9999.000,9999.000,9999.000,9999.000,9999.000
202605140442,   1.817,9999.000,9999.000,9999.000,9999.000,9999.000,9999.000,9999.000,9999.000
202605140448,   1.830,9999.000,9999.000,9999.000,9999.000,9999.000,9999.000,9999.000,9999.000
202605140454,   1.843,9999.000,9999.000,9999.000,9999.000,9999.000,9999.000,9999.000,9999.000
202605140500,   1.857,9999.000,  -0.700,  -0.014,   1.143,  -0.900,   0.943,  -0.500,   1.343
202605140506,   1.873,9999.000,9999.000,9999.000,9999.000,9999.000,9999.000,9999.000,9999.000
202605140512,   1.889,9999.000,9999.000,9999.000,9999.000,9999.000,9999.000,9999.000,9999.000
202605140518,   1.907,9999.000,9999.000,9999.000,9999.000,9999.000,9999.000,9999.000,9999.000
202605140524,   1.926,9999.000,9999.000,9999.000,9999.000,9999.000,9999.000,9999.000,9999.000
202605140530,   1.945,9999.000,9999.000,9999.000,9999.000,9999.000,9999.000,9999.000,9999.000
202605140536,   1.966,9999.000,9999.000,9999.000,9999.000,9999.000,9999.000,9999.000,9999.000
202605140542,   1.988,9999.000,9999.000,9999.000,9999.000,9999.000,9999.000,9999.000,9999.000
202605140548,   2.011,9999.000,9999.000,9999.000,9999.000,9999.000,9999.000,9999.000,9999.000
202605140554,   2.035,9999.000,9999.000,9999.000,9999.000,9999.000,9999.000,9999.000,9999.000
202605140600,   2.060,9999.000,  -0.700,  -0.014,   1.346,  -0.900,   1.146,  -0.500,   1.546
202605140606,   2.086,9999.000,9999.000,9999.000,9999.000,9999.000,9999.000,9999.000,9999.000
202605140612,   2.114,9999.000,9999.000,9999.000,9999.000,9999.000,9999.000,9999.000,9999.000
202605140618,   2.142,9999.000,9999.000,9999.000,9999.000,9999.000,9999.000,9999.000,9999.000
202605140624,   2.171,9999.000,9999.000,9999.000,9999.000,9999.000,9999.000,9999.000,9999.000
202605140630,   2.201,9999.000,9999.000,9999.000,9999.000,9999.000,9999.000,9999.000,9999.000
202605140636,   2.231,9999.000,9999.000,9999.000,9999.000,9999.000,9999.000,9999.000,9999.000
202605140642,   2.263,9999.000,9999.000,9999.000,9999.000,9999.000,9999.000,9999.000,9999.000
202605140648,   2.295,9999.000,9999.000,9999.000,9999.000,9999.000,9999.000,9999.000,9999.000
202605140654,   2.328,9999.000,9999.000,9999.000,9999.000,9999.000,9999.000,9999.000,9999.000
202605140700,   2.362,9999.000,  -0.800,  -0.014,   1.548,  -0.900,   1.448,  -0.500,   1.848
202605140706,   2.396,9999.000,9999.000,9999.000,9999.000,9999.000,9999.000,9999.000,9999.000
202605140712,   2.431,9999.000,9999.000,9999.000,9999.000,9999.000,9999.000,9999.000,9999.000
202605140718,   2.466,9999.000,9999.000,9999.000,9999.000,9999.000,9999.000,9999.000,9999.000
202605140724,   2.501,9999.000,9999.000,9999.000,9999.000,9999.000,9999.000,9999.000,9999.000
202605140730,   2.537,9999.000,9999.000,9999.000,9999.000,9999.000,9999.000,9999.000,9999.000
202605140736,   2.572,9999.000,9999.000,9999.000,9999.000,9999.000,9999.000,9999.000,9999.000
202605140742,   2.608,9999.000,9999.000,9999.000,9999.000,9999.000,9999.000,9999.000,9999.000
202605140748,   2.644,9999.000,9999.000,9999.000,9999.000,9999.000,9999.000,9999.000,9999.000
202605140754,   2.680,9999.000,9999.000,9999.000,9999.000,9999.000,9999.000,9999.000,9999.000
202605140800,   2.716,9999.000,  -0.800,  -0.014,   1.902,  -1.000,   1.702,  -0.500,   2.202
202605140806,   2.751,9999.000,9999.000,9999.000,9999.000,9999.000,9999.000,9999.000,9999.000
202605140812,   2.787,9999.000,9999.000,9999.000,9999.000,9999.000,9999.000,9999.000,9999.000
202605140818,   2.822,9999.000,9999.000,9999.000,9999.000,9999.000,9999.000,9999.000,9999.000
202605140824,   2.856,9999.000,9999.000,9999.000,9999.000,9999.000,9999.000,9999.000,9999.000
202605140830,   2.890,9999.000,9999.000,9999.000,9999.000,9999.000,9999.000,9999.000,9999.000
202605140836,   2.924,9999.000,9999.000,9999.000,9999.000,9999.000,9999.000,9999.000,9999.000
202605140842,   2.956,9999.000,9999.000,9999.000,9999.000,9999.000,9999.000,9999.000,9999.000
202605140848,   2.988,9999.000,9999.000,9999.000,9999.000,9999.000,9999.000,9999.000,9999.000
202605140854,   3.020,9999.000,9999.000,9999.000,9999.000,9999.000,9999.000,9999.000,9999.000
202605140900,   3.050,9999.000,  -0.800,  -0.014,   2.236,  -1.000,   2.036,  -0.500,   2.536
202605140906,   3.079,9999.000,9999.000,9999.000,9999.000,9999.000,9999.000,9999.000,9999.000
202605140912,   3.108,9999.000,9999.000,9999.000,9999.000,9999.000,9999.000,9999.000,9999.000
202605140918,   3.135,9999.000,9999.000,9999.000,9999.000,9999.000,9999.000,9999.000,9999.000
202605140924,   3.162,9999.000,9999.000,9999.000,9999.000,9999.000,9999.000,9999.000,9999.000
202605140930,   3.187,9999.000,9999.000,9999.000,9999.000,9999.000,9999.000,9999.000,9999.000
202605140936,   3.210,9999.000,9999.000,9999.000,9999.000,9999.000,9999.000,9999.000,9999.000
202605140942,   3.233,9999.000,9999.000,9999.000,9999.000,9999.000,9999.000,9999.000,9999.000
202605140948,   3.254,9999.000,9999.000,9999.000,9999.000,9999.000,9999.000,9999.000,9999.000
202605140954,   3.274,9999.000,9999.000,9999.000,9999.000,9999.000,9999.000,9999.000,9999.000
202605141000,   3.292,9999.000,  -0.800,  -0.014,   2.478,  -1.000,   2.278,  -0.500,   2.778
202605141006,   3.309,9999.000,9999.000,9999.000,9999.000,9999.000,9999.000,9999.000,9999.000
202605141012,   3.324,9999.000,9999.000,9999.000,9999.000,9999.000,9999.000,9999.000,9999.000
202605141018,   3.337,9999.000,9999.000,9999.000,9999.000,9999.000,9999.000,9999.000,9999.000
202605141024,   3.349,9999.000,9999.000,9999.000,9999.000,9999.000,9999.000,9999.000,9999.000
202605141030,   3.358,9999.000,9999.000,9999.000,9999.000,9999.000,9999.000,9999.000,9999.000
202605141036,   3.366,9999.000,9999.000,9999.000,9999.000,9999.000,9999.000,9999.000,9999.000
202605141042,   3.373,9999.000,9999.000,9999.000,9999.000,9999.000,9999.000,9999.000,9999.000
202605141048,   3.377,9999.000,9999.000,9999.000,9999.000,9999.000,9999.000,9999.000,9999.000
202605141054,   3.379,9999.000,9999.000,9999.000,9999.000,9999.000,9999.000,9999.000,9999.000
202605141100,   3.379,9999.000,  -0.800,  -0.014,   2.565,  -1.000,   2.365,  -0.600,   2.765
202605141106,   3.378,9999.000,9999.000,9999.000,9999.000,9999.000,9999.000,9999.000,9999.000
202605141112,   3.374,9999.000,9999.000,9999.000,9999.000,9999.000,9999.000,9999.000,9999.000
202605141118,   3.368,9999.000,9999.000,9999.000,9999.000,9999.000,9999.000,9999.000,9999.000
202605141124,   3.360,9999.000,9999.000,9999.000,9999.000,9999.000,9999.000,9999.000,9999.000
202605141130,   3.349,9999.000,9999.000,9999.000,9999.000,9999.000,9999.000,9999.000,9999.000
202605141136,   3.337,9999.000,9999.000,9999.000,9999.000,9999.000,9999.000,9999.000,9999.000
202605141142,   3.322,9999.000,9999.000,9999.000,9999.000,9999.000,9999.000,9999.000,9999.000
202605141148,   3.306,9999.000,9999.000,9999.000,9999.000,9999.000,9999.000,9999.000,9999.000
202605141154,   3.286,9999.000,9999.000,9999.000,9999.000,9999.000,9999.000,9999.000,9999.000
202605141200,   3.265,9999.000,  -0.800,  -0.014,   2.451,  -1.000,   2.251,  -0.600,   2.651
