        TIME,    TIDE,      OB,   SURGE,    BIAS,     TWL,SURGE90p,  TWL90p,SURGE10p,   TWL10p
202606061200,   2.192,   2.889,  -0.300,   0.997,   2.889,  -0.300,   2.889,  -0.200,   2.989
202606061206,   2.188,9999.000,9999.000,9999.000,9999.000,9999.000,9999.000,9999.000,9999.000
202606061212,   2.186,   2.929,9999.000,9999.000,9999.000,9999.000,9999.000,9999.000,9999.000
202606061218,   2.184,9999.000,9999.000,9999.000,9999.000,9999.000,9999.000,9999.000,9999.000
202606061224,   2.184,   2.919,9999.000,9999.000,9999.000,9999.000,9999.000,9999.000,9999.000
202606061230,   2.185,9999.000,9999.000,9999.000,9999.000,9999.000,9999.000,9999.000,9999.000
202606061236,   2.187,   2.899,9999.000,9999.000,9999.000,9999.000,9999.000,9999.000,9999.000
202606061242,   2.191,9999.000,9999.000,9999.000,9999.000,9999.000,9999.000,9999.000,9999.000
202606061248,   2.197,   2.830,9999.000,9999.000,9999.000,9999.000,9999.000,9999.000,9999.000
202606061254,   2.204,9999.000,9999.000,9999.000,9999.000,9999.000,9999.000,9999.000,9999.000
202606061300,   2.213,   2.807,  -0.300,   0.894,   2.807,  -0.300,   2.807,  -0.200,   2.907
202606061306,   2.223,   2.840,9999.000,9999.000,9999.000,9999.000,9999.000,9999.000,9999.000
202606061312,   2.236,   2.778,9999.000,9999.000,9999.000,9999.000,9999.000,9999.000,9999.000
202606061318,   2.250,   2.787,9999.000,9999.000,9999.000,9999.000,9999.000,9999.000,9999.000
202606061324,   2.266,   2.787,9999.000,9999.000,9999.000,9999.000,9999.000,9999.000,9999.000
202606061330,   2.285,   2.778,9999.000,9999.000,9999.000,9999.000,9999.000,9999.000,9999.000
202606061336,   2.305,   2.787,9999.000,9999.000,9999.000,9999.000,9999.000,9999.000,9999.000
202606061342,   2.327,   2.807,9999.000,9999.000,9999.000,9999.000,9999.000,9999.000,9999.000
202606061348,   2.351,   2.778,9999.000,9999.000,9999.000,9999.000,9999.000,9999.000,9999.000
202606061354,   2.378,   2.748,9999.000,9999.000,9999.000,9999.000,9999.000,9999.000,9999.000
202606061400,   2.406,   2.738,  -0.300,   0.632,   2.738,  -0.300,   2.738,  -0.200,   2.838
202606061406,   2.435,   2.719,9999.000,9999.000,9999.000,9999.000,9999.000,9999.000,9999.000
202606061412,   2.467,   2.719,9999.000,9999.000,9999.000,9999.000,9999.000,9999.000,9999.000
202606061418,   2.499,   2.689,9999.000,9999.000,9999.000,9999.000,9999.000,9999.000,9999.000
202606061424,   2.533,   2.650,9999.000,9999.000,9999.000,9999.000,9999.000,9999.000,9999.000
202606061430,   2.568,   2.709,9999.000,9999.000,9999.000,9999.000,9999.000,9999.000,9999.000
202606061436,   2.604,   2.738,9999.000,9999.000,9999.000,9999.000,9999.000,9999.000,9999.000
202606061442,   2.640,   2.679,9999.000,9999.000,9999.000,9999.000,9999.000,9999.000,9999.000
202606061448,   2.676,   2.660,9999.000,9999.000,9999.000,9999.000,9999.000,9999.000,9999.000
202606061454,   2.712,   2.679,9999.000,9999.000,9999.000,9999.000,9999.000,9999.000,9999.000
202606061500,   2.748,   2.650,  -0.300,   0.202,   2.650,  -0.300,   2.650,  -0.200,   2.750
202606061506,   2.783,   2.650,9999.000,9999.000,9999.000,9999.000,9999.000,9999.000,9999.000
202606061512,   2.817,   2.650,9999.000,9999.000,9999.000,9999.000,9999.000,9999.000,9999.000
202606061518,   2.850,   2.620,9999.000,9999.000,9999.000,9999.000,9999.000,9999.000,9999.000
202606061524,   2.881,   2.630,9999.000,9999.000,9999.000,9999.000,9999.000,9999.000,9999.000
202606061530,   2.911,   2.650,9999.000,9999.000,9999.000,9999.000,9999.000,9999.000,9999.000
202606061536,   2.939,   2.620,9999.000,9999.000,9999.000,9999.000,9999.000,9999.000,9999.000
202606061542,   2.964,   2.610,9999.000,9999.000,9999.000,9999.000,9999.000,9999.000,9999.000
202606061548,   2.988,   2.597,9999.000,9999.000,9999.000,9999.000,9999.000,9999.000,9999.000
202606061554,   3.009,   2.578,9999.000,9999.000,9999.000,9999.000,9999.000,9999.000,9999.000
202606061600,   3.028,   2.578,  -0.300,  -0.150,   2.578,  -0.300,   2.578,  -0.200,   2.678
202606061606,   3.045,   2.597,9999.000,9999.000,9999.000,9999.000,9999.000,9999.000,9999.000
202606061612,   3.059,   2.578,9999.000,9999.000,9999.000,9999.000,9999.000,9999.000,9999.000
202606061618,   3.071,   2.538,9999.000,9999.000,9999.000,9999.000,9999.000,9999.000,9999.000
202606061624,   3.080,   2.558,9999.000,9999.000,9999.000,9999.000,9999.000,9999.000,9999.000
202606061630,   3.087,   2.578,9999.000,9999.000,9999.000,9999.000,9999.000,9999.000,9999.000
202606061636,   3.092,   2.548,9999.000,9999.000,9999.000,9999.000,9999.000,9999.000,9999.000
202606061642,   3.095,   2.519,9999.000,9999.000,9999.000,9999.000,9999.000,9999.000,9999.000
202606061648,   3.096,   2.499,9999.000,9999.000,9999.000,9999.000,9999.000,9999.000,9999.000
202606061654,   3.095,   2.479,9999.000,9999.000,9999.000,9999.000,9999.000,9999.000,9999.000
202606061700,   3.092,   2.499,  -0.300,  -0.293,   2.499,  -0.300,   2.499,  -0.200,   2.599
202606061706,   3.087,   2.479,9999.000,9999.000,9999.000,9999.000,9999.000,9999.000,9999.000
202606061712,   3.081,   2.450,9999.000,9999.000,9999.000,9999.000,9999.000,9999.000,9999.000
202606061718,   3.073,   2.459,9999.000,9999.000,9999.000,9999.000,9999.000,9999.000,9999.000
202606061724,   3.064,   2.469,9999.000,9999.000,9999.000,9999.000,9999.000,9999.000,9999.000
202606061730,   3.053,   2.420,9999.000,9999.000,9999.000,9999.000,9999.000,9999.000,9999.000
202606061736,   3.041,   2.420,9999.000,9999.000,9999.000,9999.000,9999.000,9999.000,9999.000
202606061742,   3.028,   2.420,9999.000,9999.000,9999.000,9999.000,9999.000,9999.000,9999.000
202606061748,   3.014,   2.400,9999.000,9999.000,9999.000,9999.000,9999.000,9999.000,9999.000
202606061754,   2.998,   2.377,9999.000,9999.000,9999.000,9999.000,9999.000,9999.000,9999.000
202606061800,   2.981,   2.368,  -0.300,  -0.313,   2.368,  -0.300,   2.368,  -0.200,   2.468
202606061806,   2.963,   2.328,9999.000,9999.000,9999.000,9999.000,9999.000,9999.000,9999.000
202606061812,   2.943,   2.269,9999.000,9999.000,9999.000,9999.000,9999.000,9999.000,9999.000
202606061818,   2.923,   2.269,9999.000,9999.000,9999.000,9999.000,9999.000,9999.000,9999.000
202606061824,   2.901,   2.230,9999.000,9999.000,9999.000,9999.000,9999.000,9999.000,9999.000
202606061830,   2.878,   2.177,9999.000,9999.000,9999.000,9999.000,9999.000,9999.000,9999.000
202606061836,   2.854,   2.210,9999.000,9999.000,9999.000,9999.000,9999.000,9999.000,9999.000
202606061842,   2.829,   2.230,9999.000,9999.000,9999.000,9999.000,9999.000,9999.000,9999.000
202606061848,   2.803,   2.168,9999.000,9999.000,9999.000,9999.000,9999.000,9999.000,9999.000
202606061854,   2.776,   2.099,9999.000,9999.000,9999.000,9999.000,9999.000,9999.000,9999.000
202606061900,   2.748,   2.059,  -0.300,  -0.389,   2.059,  -0.300,   2.059,  -0.200,   2.159
202606061906,   2.720,   2.010,9999.000,9999.000,9999.000,9999.000,9999.000,9999.000,9999.000
202606061912,   2.690,   1.967,9999.000,9999.000,9999.000,9999.000,9999.000,9999.000,9999.000
202606061918,   2.660,   1.958,9999.000,9999.000,9999.000,9999.000,9999.000,9999.000,9999.000
202606061924,   2.630,   1.967,9999.000,9999.000,9999.000,9999.000,9999.000,9999.000,9999.000
202606061930,   2.599,   1.938,9999.000,9999.000,9999.000,9999.000,9999.000,9999.000,9999.000
202606061936,   2.568,   1.879,9999.000,9999.000,9999.000,9999.000,9999.000,9999.000,9999.000
202606061942,   2.537,   1.820,9999.000,9999.000,9999.000,9999.000,9999.000,9999.000,9999.000
202606061948,   2.506,   1.781,9999.000,9999.000,9999.000,9999.000,9999.000,9999.000,9999.000
202606061954,   2.475,   1.738,9999.000,9999.000,9999.000,9999.000,9999.000,9999.000,9999.000
202606062000,   2.443,   1.699,  -0.300,  -0.444,   1.699,  -0.300,   1.699,  -0.200,   1.799
202606062006,   2.412,   1.639,9999.000,9999.000,9999.000,9999.000,9999.000,9999.000,9999.000
202606062012,   2.381,   1.571,9999.000,9999.000,9999.000,9999.000,9999.000,9999.000,9999.000
202606062018,   2.351,   1.508,9999.000,9999.000,9999.000,9999.000,9999.000,9999.000,9999.000
202606062024,   2.320,   1.498,9999.000,9999.000,9999.000,9999.000,9999.000,9999.000,9999.000
202606062030,   2.289,   1.528,9999.000,9999.000,9999.000,9999.000,9999.000,9999.000,9999.000
202606062036,   2.259,   1.439,9999.000,9999.000,9999.000,9999.000,9999.000,9999.000,9999.000
202606062042,   2.228,   1.348,9999.000,9999.000,9999.000,9999.000,9999.000,9999.000,9999.000
202606062048,   2.197,   1.348,9999.000,9999.000,9999.000,9999.000,9999.000,9999.000,9999.000
202606062054,   2.166,   1.318,9999.000,9999.000,9999.000,9999.000,9999.000,9999.000,9999.000
202606062100,   2.134,   1.249,  -0.300,  -0.585,   1.249,  -0.300,   1.249,  -0.200,   1.349
202606062106,   2.102,   1.190,9999.000,9999.000,9999.000,9999.000,9999.000,9999.000,9999.000
202606062112,   2.069,   1.170,9999.000,9999.000,9999.000,9999.000,9999.000,9999.000,9999.000
202606062118,   2.036,   1.088,9999.000,9999.000,9999.000,9999.000,9999.000,9999.000,9999.000
202606062124,   2.002,   1.010,9999.000,9999.000,9999.000,9999.000,9999.000,9999.000,9999.000
202606062130,   1.967,   0.990,9999.000,9999.000,9999.000,9999.000,9999.000,9999.000,9999.000
202606062136,   1.931,   0.961,9999.000,9999.000,9999.000,9999.000,9999.000,9999.000,9999.000
202606062142,   1.893,   0.879,9999.000,9999.000,9999.000,9999.000,9999.000,9999.000,9999.000
202606062148,   1.855,   0.839,9999.000,9999.000,9999.000,9999.000,9999.000,9999.000,9999.000
202606062154,   1.816,   0.790,9999.000,9999.000,9999.000,9999.000,9999.000,9999.000,9999.000
202606062200,   1.776,   0.760,  -0.300,  -0.716,   0.760,  -0.300,   0.760,  -0.300,   0.760
202606062206,   1.734,   0.760,9999.000,9999.000,9999.000,9999.000,9999.000,9999.000,9999.000
202606062212,   1.692,   0.678,9999.000,9999.000,9999.000,9999.000,9999.000,9999.000,9999.000
202606062218,   1.650,   0.649,9999.000,9999.000,9999.000,9999.000,9999.000,9999.000,9999.000
202606062224,   1.606,   0.629,9999.000,9999.000,9999.000,9999.000,9999.000,9999.000,9999.000
202606062230,   1.562,   0.508,9999.000,9999.000,9999.000,9999.000,9999.000,9999.000,9999.000
202606062236,   1.518,   0.409,9999.000,9999.000,9999.000,9999.000,9999.000,9999.000,9999.000
202606062242,   1.474,   0.419,9999.000,9999.000,9999.000,9999.000,9999.000,9999.000,9999.000
202606062248,   1.430,   0.400,9999.000,9999.000,9999.000,9999.000,9999.000,9999.000,9999.000
202606062254,   1.386,   0.341,9999.000,9999.000,9999.000,9999.000,9999.000,9999.000,9999.000
202606062300,   1.343,   0.321,  -0.300,  -0.722,   0.321,  -0.400,   0.221,  -0.300,   0.321
202606062306,   1.300,   0.278,9999.000,9999.000,9999.000,9999.000,9999.000,9999.000,9999.000
202606062312,   1.259,   0.229,9999.000,9999.000,9999.000,9999.000,9999.000,9999.000,9999.000
202606062318,   1.219,   0.200,9999.000,9999.000,9999.000,9999.000,9999.000,9999.000,9999.000
202606062324,   1.180,   0.141,9999.000,9999.000,9999.000,9999.000,9999.000,9999.000,9999.000
202606062330,   1.142,   0.088,9999.000,9999.000,9999.000,9999.000,9999.000,9999.000,9999.000
202606062336,   1.106,   0.068,9999.000,9999.000,9999.000,9999.000,9999.000,9999.000,9999.000
202606062342,   1.072,   0.019,9999.000,9999.000,9999.000,9999.000,9999.000,9999.000,9999.000
202606062348,   1.040,  -0.009,9999.000,9999.000,9999.000,9999.000,9999.000,9999.000,9999.000
202606062354,   1.010,  -0.029,9999.000,9999.000,9999.000,9999.000,9999.000,9999.000,9999.000
202606070000,   0.981,  -0.068,  -0.200,  -0.849,  -0.068,  -0.200,  -0.068,  -0.100,   0.032
202606070006,   0.955,  -0.098,9999.000,9999.000,9999.000,9999.000,9999.000,9999.000,9999.000
202606070012,   0.931,  -0.111,9999.000,9999.000,9999.000,9999.000,9999.000,9999.000,9999.000
202606070018,   0.909,  -0.141,9999.000,9999.000,9999.000,9999.000,9999.000,9999.000,9999.000
202606070024,   0.890,  -0.180,9999.000,9999.000,9999.000,9999.000,9999.000,9999.000,9999.000
202606070030,   0.872,  -0.209,9999.000,9999.000,9999.000,9999.000,9999.000,9999.000,9999.000
202606070036,   0.857,  -0.190,9999.000,9999.000,9999.000,9999.000,9999.000,9999.000,9999.000
202606070042,   0.844,  -0.200,9999.000,9999.000,9999.000,9999.000,9999.000,9999.000,9999.000
202606070048,   0.834,  -0.219,9999.000,9999.000,9999.000,9999.000,9999.000,9999.000,9999.000
202606070054,   0.826,  -0.239,9999.000,9999.000,9999.000,9999.000,9999.000,9999.000,9999.000
202606070100,   0.820,  -0.259,  -0.200,  -0.879,  -0.259,  -0.200,  -0.259,  -0.100,  -0.159
202606070106,   0.816,  -0.259,9999.000,9999.000,9999.000,9999.000,9999.000,9999.000,9999.000
202606070112,   0.815,  -0.298,9999.000,9999.000,9999.000,9999.000,9999.000,9999.000,9999.000
202606070118,   0.817,  -0.308,9999.000,9999.000,9999.000,9999.000,9999.000,9999.000,9999.000
202606070124,   0.821,  -0.308,9999.000,9999.000,9999.000,9999.000,9999.000,9999.000,9999.000
202606070130,   0.827,  -0.308,9999.000,9999.000,9999.000,9999.000,9999.000,9999.000,9999.000
202606070136,   0.836,  -0.278,9999.000,9999.000,9999.000,9999.000,9999.000,9999.000,9999.000
202606070142,   0.848,  -0.268,9999.000,9999.000,9999.000,9999.000,9999.000,9999.000,9999.000
202606070148,   0.863,  -0.268,9999.000,9999.000,9999.000,9999.000,9999.000,9999.000,9999.000
202606070154,   0.880,  -0.278,9999.000,9999.000,9999.000,9999.000,9999.000,9999.000,9999.000
202606070200,   0.899,  -0.278,  -0.200,  -0.977,  -0.278,  -0.200,  -0.278,  -0.100,  -0.178
202606070206,   0.921,  -0.249,9999.000,9999.000,9999.000,9999.000,9999.000,9999.000,9999.000
202606070212,   0.946,  -0.209,9999.000,9999.000,9999.000,9999.000,9999.000,9999.000,9999.000
202606070218,   0.973,  -0.219,9999.000,9999.000,9999.000,9999.000,9999.000,9999.000,9999.000
202606070224,   1.003,  -0.229,9999.000,9999.000,9999.000,9999.000,9999.000,9999.000,9999.000
202606070230,   1.034,  -0.268,9999.000,9999.000,9999.000,9999.000,9999.000,9999.000,9999.000
202606070236,   1.068,  -0.278,9999.000,9999.000,9999.000,9999.000,9999.000,9999.000,9999.000
202606070242,   1.104,  -0.249,9999.000,9999.000,9999.000,9999.000,9999.000,9999.000,9999.000
202606070248,   1.141,  -0.180,9999.000,9999.000,9999.000,9999.000,9999.000,9999.000,9999.000
202606070254,   1.180,  -0.150,9999.000,9999.000,9999.000,9999.000,9999.000,9999.000,9999.000
202606070300,   1.219,  -0.180,  -0.200,  -1.199,  -0.180,  -0.200,  -0.180,  -0.100,  -0.080
202606070306,   1.260,  -0.121,9999.000,9999.000,9999.000,9999.000,9999.000,9999.000,9999.000
202606070312,   1.301,  -0.049,9999.000,9999.000,9999.000,9999.000,9999.000,9999.000,9999.000
202606070318,   1.342,   0.019,9999.000,9999.000,9999.000,9999.000,9999.000,9999.000,9999.000
202606070324,   1.384,   0.059,9999.000,9999.000,9999.000,9999.000,9999.000,9999.000,9999.000
202606070330,   1.425,   0.039,9999.000,9999.000,9999.000,9999.000,9999.000,9999.000,9999.000
202606070336,   1.465,   0.068,9999.000,9999.000,9999.000,9999.000,9999.000,9999.000,9999.000
202606070342,   1.505,   0.098,9999.000,9999.000,9999.000,9999.000,9999.000,9999.000,9999.000
202606070348,   1.544,   0.150,9999.000,9999.000,9999.000,9999.000,9999.000,9999.000,9999.000
202606070354,   1.581,   0.239,9999.000,9999.000,9999.000,9999.000,9999.000,9999.000,9999.000
202606070400,   1.617,   0.278,  -0.200,  -1.139,   0.278,  -0.200,   0.278,  -0.200,   0.278
202606070406,   1.651,   0.298,9999.000,9999.000,9999.000,9999.000,9999.000,9999.000,9999.000
202606070412,   1.683,   0.370,9999.000,9999.000,9999.000,9999.000,9999.000,9999.000,9999.000
202606070418,   1.714,   0.449,9999.000,9999.000,9999.000,9999.000,9999.000,9999.000,9999.000
202606070424,   1.743,   0.449,9999.000,9999.000,9999.000,9999.000,9999.000,9999.000,9999.000
202606070430,   1.770,   0.518,9999.000,9999.000,9999.000,9999.000,9999.000,9999.000,9999.000
202606070436,   1.795,   0.590,9999.000,9999.000,9999.000,9999.000,9999.000,9999.000,9999.000
202606070442,   1.818,   0.590,9999.000,9999.000,9999.000,9999.000,9999.000,9999.000,9999.000
202606070448,   1.839,   0.619,9999.000,9999.000,9999.000,9999.000,9999.000,9999.000,9999.000
202606070454,   1.859,   0.718,9999.000,9999.000,9999.000,9999.000,9999.000,9999.000,9999.000
202606070500,   1.877,   0.790,  -0.200,  -0.887,   0.790,  -0.200,   0.790,  -0.200,   0.790
202606070506,   1.893,   0.839,9999.000,9999.000,9999.000,9999.000,9999.000,9999.000,9999.000
202606070512,   1.908,   0.898,9999.000,9999.000,9999.000,9999.000,9999.000,9999.000,9999.000
202606070518,   1.922,   0.980,9999.000,9999.000,9999.000,9999.000,9999.000,9999.000,9999.000
202606070524,   1.935,   1.039,9999.000,9999.000,9999.000,9999.000,9999.000,9999.000,9999.000
202606070530,   1.946,   1.079,9999.000,9999.000,9999.000,9999.000,9999.000,9999.000,9999.000
202606070536,   1.957,   1.098,9999.000,9999.000,9999.000,9999.000,9999.000,9999.000,9999.000
202606070542,   1.967,   1.138,9999.000,9999.000,9999.000,9999.000,9999.000,9999.000,9999.000
202606070548,   1.976,   1.170,9999.000,9999.000,9999.000,9999.000,9999.000,9999.000,9999.000
202606070554,   1.984,   1.279,9999.000,9999.000,9999.000,9999.000,9999.000,9999.000,9999.000
202606070600,   1.992,   1.318,  -0.100,  -0.574,   1.318,  -0.200,   1.218,  -0.100,   1.318
202606070606,   2.000,   1.338,9999.000,9999.000,9999.000,9999.000,9999.000,9999.000,9999.000
202606070612,   2.006,   1.439,9999.000,9999.000,9999.000,9999.000,9999.000,9999.000,9999.000
202606070618,   2.013,   1.518,9999.000,9999.000,9999.000,9999.000,9999.000,9999.000,9999.000
202606070624,   2.018,   1.600,9999.000,9999.000,9999.000,9999.000,9999.000,9999.000,9999.000
202606070630,   2.024,   1.669,9999.000,9999.000,9999.000,9999.000,9999.000,9999.000,9999.000
202606070636,   2.029,   1.679,9999.000,9999.000,9999.000,9999.000,9999.000,9999.000,9999.000
202606070642,   2.033,   1.718,9999.000,9999.000,9999.000,9999.000,9999.000,9999.000,9999.000
202606070648,   2.037,   1.810,9999.000,9999.000,9999.000,9999.000,9999.000,9999.000,9999.000
202606070654,   2.040,   1.859,9999.000,9999.000,9999.000,9999.000,9999.000,9999.000,9999.000
202606070700,   2.043,   1.869,  -0.100,  -0.074,   1.869,  -0.200,   1.769,  -0.100,   1.869
202606070706,   2.045,   1.938,9999.000,9999.000,9999.000,9999.000,9999.000,9999.000,9999.000
202606070712,   2.047,   2.059,9999.000,9999.000,9999.000,9999.000,9999.000,9999.000,9999.000
202606070718,   2.049,   2.099,9999.000,9999.000,9999.000,9999.000,9999.000,9999.000,9999.000
202606070724,   2.050,   2.148,9999.000,9999.000,9999.000,9999.000,9999.000,9999.000,9999.000
202606070730,   2.051,   2.230,9999.000,9999.000,9999.000,9999.000,9999.000,9999.000,9999.000
202606070736,   2.052,   2.230,9999.000,9999.000,9999.000,9999.000,9999.000,9999.000,9999.000
202606070742,   2.052,   2.250,9999.000,9999.000,9999.000,9999.000,9999.000,9999.000,9999.000
202606070748,   2.053,   2.289,9999.000,9999.000,9999.000,9999.000,9999.000,9999.000,9999.000
202606070754,   2.053,   2.328,9999.000,9999.000,9999.000,9999.000,9999.000,9999.000,9999.000
202606070800,   2.053,   2.400,  -0.200,   0.547,   2.400,  -0.200,   2.400,  -0.100,   2.500
202606070806,   2.054,   2.430,9999.000,9999.000,9999.000,9999.000,9999.000,9999.000,9999.000
202606070812,   2.054,   2.479,9999.000,9999.000,9999.000,9999.000,9999.000,9999.000,9999.000
202606070818,   2.055,   2.519,9999.000,9999.000,9999.000,9999.000,9999.000,9999.000,9999.000
202606070824,   2.056,   2.548,9999.000,9999.000,9999.000,9999.000,9999.000,9999.000,9999.000
202606070830,   2.057,   2.620,9999.000,9999.000,9999.000,9999.000,9999.000,9999.000,9999.000
202606070836,   2.059,   2.640,9999.000,9999.000,9999.000,9999.000,9999.000,9999.000,9999.000
202606070842,   2.060,   2.630,9999.000,9999.000,9999.000,9999.000,9999.000,9999.000,9999.000
202606070848,   2.062,   2.660,9999.000,9999.000,9999.000,9999.000,9999.000,9999.000,9999.000
202606070854,   2.064,   2.679,9999.000,9999.000,9999.000,9999.000,9999.000,9999.000,9999.000
202606070900,   2.066,   2.709,  -0.200,   0.843,   2.709,  -0.200,   2.709,  -0.100,   2.809
202606070906,   2.067,   2.768,9999.000,9999.000,9999.000,9999.000,9999.000,9999.000,9999.000
202606070912,   2.069,   2.778,9999.000,9999.000,9999.000,9999.000,9999.000,9999.000,9999.000
202606070918,   2.070,   2.748,9999.000,9999.000,9999.000,9999.000,9999.000,9999.000,9999.000
202606070924,   2.070,   2.787,9999.000,9999.000,9999.000,9999.000,9999.000,9999.000,9999.000
202606070930,   2.070,   2.840,9999.000,9999.000,9999.000,9999.000,9999.000,9999.000,9999.000
202606070936,   2.069,   2.807,9999.000,9999.000,9999.000,9999.000,9999.000,9999.000,9999.000
202606070942,   2.068,   2.797,9999.000,9999.000,9999.000,9999.000,9999.000,9999.000,9999.000
202606070948,   2.065,   2.850,9999.000,9999.000,9999.000,9999.000,9999.000,9999.000,9999.000
202606070954,   2.061,   2.860,9999.000,9999.000,9999.000,9999.000,9999.000,9999.000,9999.000
202606071000,   2.056,   2.840,  -0.200,   0.984,   2.840,  -0.200,   2.840,  -0.200,   2.840
202606071006,   2.050,   2.869,9999.000,9999.000,9999.000,9999.000,9999.000,9999.000,9999.000
202606071012,   2.042,   2.889,9999.000,9999.000,9999.000,9999.000,9999.000,9999.000,9999.000
202606071018,   2.033,   2.830,9999.000,9999.000,9999.000,9999.000,9999.000,9999.000,9999.000
202606071024,   2.023,   2.869,9999.000,9999.000,9999.000,9999.000,9999.000,9999.000,9999.000
202606071030,   2.012,   2.909,9999.000,9999.000,9999.000,9999.000,9999.000,9999.000,9999.000
202606071036,   2.000,   2.869,9999.000,9999.000,9999.000,9999.000,9999.000,9999.000,9999.000
202606071042,   1.986,   2.820,9999.000,9999.000,9999.000,9999.000,9999.000,9999.000,9999.000
202606071048,   1.972,   2.807,9999.000,9999.000,9999.000,9999.000,9999.000,9999.000,9999.000
202606071054,   1.957,   2.787,9999.000,9999.000,9999.000,9999.000,9999.000,9999.000,9999.000
202606071100,   1.941,   2.820,  -0.200,   1.079,   2.820,  -0.200,   2.820,  -0.200,   2.820
202606071106,   1.925,   2.860,9999.000,9999.000,9999.000,9999.000,9999.000,9999.000,9999.000
202606071112,   1.909,   2.830,9999.000,9999.000,9999.000,9999.000,9999.000,9999.000,9999.000
202606071118,   1.892,   2.787,9999.000,9999.000,9999.000,9999.000,9999.000,9999.000,9999.000
202606071124,   1.876,   2.748,9999.000,9999.000,9999.000,9999.000,9999.000,9999.000,9999.000
202606071130,   1.861,   2.768,9999.000,9999.000,9999.000,9999.000,9999.000,9999.000,9999.000
202606071136,   1.846,   2.778,9999.000,9999.000,9999.000,9999.000,9999.000,9999.000,9999.000
202606071142,   1.832,   2.738,9999.000,9999.000,9999.000,9999.000,9999.000,9999.000,9999.000
202606071148,   1.819,   2.679,9999.000,9999.000,9999.000,9999.000,9999.000,9999.000,9999.000
202606071154,   1.806,   2.650,9999.000,9999.000,9999.000,9999.000,9999.000,9999.000,9999.000
202606071200,   1.796,   2.679,  -0.200,   1.083,   2.679,  -0.200,   2.679,  -0.200,   2.679
202606071206,   1.786,   2.699,9999.000,9999.000,9999.000,9999.000,9999.000,9999.000,9999.000
202606071212,   1.778,   2.660,9999.000,9999.000,9999.000,9999.000,9999.000,9999.000,9999.000
202606071218,   1.772,   2.610,9999.000,9999.000,9999.000,9999.000,9999.000,9999.000,9999.000
202606071224,   1.767,   2.620,9999.000,9999.000,9999.000,9999.000,9999.000,9999.000,9999.000
202606071230,   1.763,   2.610,9999.000,9999.000,9999.000,9999.000,9999.000,9999.000,9999.000
202606071236,   1.762,   2.597,9999.000,9999.000,9999.000,9999.000,9999.000,9999.000,9999.000
202606071242,   1.762,   2.578,9999.000,9999.000,9999.000,9999.000,9999.000,9999.000,9999.000
202606071248,   1.764,   2.538,9999.000,9999.000,9999.000,9999.000,9999.000,9999.000,9999.000
202606071254,   1.767,   2.469,9999.000,9999.000,9999.000,9999.000,9999.000,9999.000,9999.000
202606071300,   1.772,   2.479,  -0.200,   0.907,   2.479,  -0.200,   2.479,  -0.200,   2.479
202606071306,   1.779,   2.538,9999.000,9999.000,9999.000,9999.000,9999.000,9999.000,9999.000
202606071312,   1.787,   2.489,9999.000,9999.000,9999.000,9999.000,9999.000,9999.000,9999.000
202606071318,   1.797,   2.430,9999.000,9999.000,9999.000,9999.000,9999.000,9999.000,9999.000
202606071324,   1.809,   2.420,9999.000,9999.000,9999.000,9999.000,9999.000,9999.000,9999.000
202606071330,   1.822,   2.430,9999.000,9999.000,9999.000,9999.000,9999.000,9999.000,9999.000
202606071336,   1.837,   2.420,9999.000,9999.000,9999.000,9999.000,9999.000,9999.000,9999.000
202606071342,   1.853,   2.400,9999.000,9999.000,9999.000,9999.000,9999.000,9999.000,9999.000
202606071348,   1.871,   2.400,9999.000,9999.000,9999.000,9999.000,9999.000,9999.000,9999.000
202606071354,   1.891,   2.368,9999.000,9999.000,9999.000,9999.000,9999.000,9999.000,9999.000
202606071400,   1.912,   2.328,  -0.200,   0.616,   2.328,  -0.200,   2.328,  -0.200,   2.328
202606071406,   1.935,   2.309,9999.000,9999.000,9999.000,9999.000,9999.000,9999.000,9999.000
202606071412,   1.960,   2.309,9999.000,9999.000,9999.000,9999.000,9999.000,9999.000,9999.000
202606071418,   1.986,   2.318,9999.000,9999.000,9999.000,9999.000,9999.000,9999.000,9999.000
202606071424,   2.014,   2.309,9999.000,9999.000,9999.000,9999.000,9999.000,9999.000,9999.000
202606071430,   2.044,   2.279,9999.000,9999.000,9999.000,9999.000,9999.000,9999.000,9999.000
202606071436,   2.075,   2.279,9999.000,9999.000,9999.000,9999.000,9999.000,9999.000,9999.000
202606071442,   2.108,   2.279,9999.000,9999.000,9999.000,9999.000,9999.000,9999.000,9999.000
202606071448,   2.141,   2.240,9999.000,9999.000,9999.000,9999.000,9999.000,9999.000,9999.000
202606071454,   2.176,   2.230,9999.000,9999.000,9999.000,9999.000,9999.000,9999.000,9999.000
202606071500,   2.212,   2.259,  -0.200,   0.247,   2.259,  -0.200,   2.259,  -0.200,   2.259
202606071506,   2.249,   2.230,9999.000,9999.000,9999.000,9999.000,9999.000,9999.000,9999.000
202606071512,   2.286,   2.200,9999.000,9999.000,9999.000,9999.000,9999.000,9999.000,9999.000
202606071518,   2.324,   2.250,9999.000,9999.000,9999.000,9999.000,9999.000,9999.000,9999.000
202606071524,   2.361,   2.220,9999.000,9999.000,9999.000,9999.000,9999.000,9999.000,9999.000
202606071530,   2.399,   2.168,9999.000,9999.000,9999.000,9999.000,9999.000,9999.000,9999.000
202606071536,   2.436,   2.240,9999.000,9999.000,9999.000,9999.000,9999.000,9999.000,9999.000
202606071542,   2.472,   2.240,9999.000,9999.000,9999.000,9999.000,9999.000,9999.000,9999.000
202606071548,   2.508,   2.210,9999.000,9999.000,9999.000,9999.000,9999.000,9999.000,9999.000
202606071554,   2.542,   2.168,9999.000,9999.000,9999.000,9999.000,9999.000,9999.000,9999.000
202606071600,   2.575,   2.168,  -0.200,  -0.207,   2.168,  -0.300,   2.068,  -0.200,   2.168
202606071606,   2.606,   2.158,9999.000,9999.000,9999.000,9999.000,9999.000,9999.000,9999.000
202606071612,   2.635,   2.158,9999.000,9999.000,9999.000,9999.000,9999.000,9999.000,9999.000
202606071618,   2.662,   2.168,9999.000,9999.000,9999.000,9999.000,9999.000,9999.000,9999.000
202606071624,   2.687,   2.168,9999.000,9999.000,9999.000,9999.000,9999.000,9999.000,9999.000
202606071630,   2.710,   2.168,9999.000,9999.000,9999.000,9999.000,9999.000,9999.000,9999.000
202606071636,   2.730,   2.128,9999.000,9999.000,9999.000,9999.000,9999.000,9999.000,9999.000
202606071642,   2.747,   2.138,9999.000,9999.000,9999.000,9999.000,9999.000,9999.000,9999.000
202606071648,   2.762,   2.138,9999.000,9999.000,9999.000,9999.000,9999.000,9999.000,9999.000
202606071654,   2.775,   2.138,9999.000,9999.000,9999.000,9999.000,9999.000,9999.000,9999.000
202606071700,   2.785,   2.118,  -0.200,  -0.467,   2.118,  -0.300,   2.018,  -0.200,   2.118
202606071706,   2.793,   2.128,9999.000,9999.000,9999.000,9999.000,9999.000,9999.000,9999.000
202606071712,   2.798,   2.138,9999.000,9999.000,9999.000,9999.000,9999.000,9999.000,9999.000
202606071718,   2.801,   2.128,9999.000,9999.000,9999.000,9999.000,9999.000,9999.000,9999.000
202606071724,   2.802,   2.148,9999.000,9999.000,9999.000,9999.000,9999.000,9999.000,9999.000
202606071730,   2.801,   2.109,9999.000,9999.000,9999.000,9999.000,9999.000,9999.000,9999.000
202606071736,   2.798,   2.079,9999.000,9999.000,9999.000,9999.000,9999.000,9999.000,9999.000
202606071742,   2.794,   2.079,9999.000,9999.000,9999.000,9999.000,9999.000,9999.000,9999.000
202606071748,   2.789,   2.069,9999.000,9999.000,9999.000,9999.000,9999.000,9999.000,9999.000
202606071754,   2.782,   2.089,9999.000,9999.000,9999.000,9999.000,9999.000,9999.000,9999.000
202606071800,   2.774,   2.069,  -0.200,  -0.505,   2.069,  -0.300,   1.969,  -0.200,   2.069
202606071806,   2.765,   2.059,9999.000,9999.000,9999.000,9999.000,9999.000,9999.000,9999.000
202606071812,   2.755,   2.049,9999.000,9999.000,9999.000,9999.000,9999.000,9999.000,9999.000
202606071818,   2.744,   2.069,9999.000,9999.000,9999.000,9999.000,9999.000,9999.000,9999.000
202606071824,   2.733,   2.089,9999.000,9999.000,9999.000,9999.000,9999.000,9999.000,9999.000
202606071830,   2.721,   2.020,9999.000,9999.000,9999.000,9999.000,9999.000,9999.000,9999.000
202606071836,   2.708,   1.967,9999.000,9999.000,9999.000,9999.000,9999.000,9999.000,9999.000
202606071842,   2.695,   1.967,9999.000,9999.000,9999.000,9999.000,9999.000,9999.000,9999.000
202606071848,   2.681,   1.981,9999.000,9999.000,9999.000,9999.000,9999.000,9999.000,9999.000
202606071854,   2.667,   1.958,9999.000,9999.000,9999.000,9999.000,9999.000,9999.000,9999.000
202606071900,   2.652,   1.958,  -0.200,  -0.494,   1.958,  -0.200,   1.958,  -0.200,   1.958
202606071906,   2.637,   1.948,9999.000,9999.000,9999.000,9999.000,9999.000,9999.000,9999.000
202606071912,   2.622,   1.899,9999.000,9999.000,9999.000,9999.000,9999.000,9999.000,9999.000
202606071918,   2.606,   1.899,9999.000,9999.000,9999.000,9999.000,9999.000,9999.000,9999.000
202606071924,   2.589,   1.918,9999.000,9999.000,9999.000,9999.000,9999.000,9999.000,9999.000
202606071930,   2.572,   1.899,9999.000,9999.000,9999.000,9999.000,9999.000,9999.000,9999.000
202606071936,   2.555,   1.830,9999.000,9999.000,9999.000,9999.000,9999.000,9999.000,9999.000
202606071942,   2.537,   1.767,9999.000,9999.000,9999.000,9999.000,9999.000,9999.000,9999.000
202606071948,   2.519,   1.748,9999.000,9999.000,9999.000,9999.000,9999.000,9999.000,9999.000
202606071954,   2.501,   1.748,9999.000,9999.000,9999.000,9999.000,9999.000,9999.000,9999.000
202606072000,   2.482,   1.748,  -0.200,  -0.534,   1.748,  -0.300,   1.648,  -0.200,   1.748
202606072006,   2.463,   1.699,9999.000,9999.000,9999.000,9999.000,9999.000,9999.000,9999.000
202606072012,   2.444,   1.649,9999.000,9999.000,9999.000,9999.000,9999.000,9999.000,9999.000
202606072018,   2.425,   1.620,9999.000,9999.000,9999.000,9999.000,9999.000,9999.000,9999.000
202606072024,   2.407,   1.610,9999.000,9999.000,9999.000,9999.000,9999.000,9999.000,9999.000
202606072030,   2.388,   1.610,9999.000,9999.000,9999.000,9999.000,9999.000,9999.000,9999.000
202606072036,   2.369,   1.610,9999.000,9999.000,9999.000,9999.000,9999.000,9999.000,9999.000
202606072042,   2.351,   1.580,9999.000,9999.000,9999.000,9999.000,9999.000,9999.000,9999.000
202606072048,   2.332,   1.469,9999.000,9999.000,9999.000,9999.000,9999.000,9999.000,9999.000
202606072054,   2.314,   1.400,9999.000,9999.000,9999.000,9999.000,9999.000,9999.000,9999.000
202606072100,   2.297,   1.410,  -0.200,  -0.687,   1.410,  -0.300,   1.310,  -0.200,   1.410
202606072106,   2.279,   1.361,9999.000,9999.000,9999.000,9999.000,9999.000,9999.000,9999.000
202606072112,   2.262,   1.289,9999.000,9999.000,9999.000,9999.000,9999.000,9999.000,9999.000
202606072118,   2.245,   1.269,9999.000,9999.000,9999.000,9999.000,9999.000,9999.000,9999.000
202606072124,   2.227,   1.279,9999.000,9999.000,9999.000,9999.000,9999.000,9999.000,9999.000
202606072130,   2.210,   1.229,9999.000,9999.000,9999.000,9999.000,9999.000,9999.000,9999.000
202606072136,   2.193,   1.220,9999.000,9999.000,9999.000,9999.000,9999.000,9999.000,9999.000
202606072142,   2.176,   1.200,9999.000,9999.000,9999.000,9999.000,9999.000,9999.000,9999.000
202606072148,   2.158,   1.161,9999.000,9999.000,9999.000,9999.000,9999.000,9999.000,9999.000
202606072154,   2.140,   1.118,9999.000,9999.000,9999.000,9999.000,9999.000,9999.000,9999.000
202606072200,   2.121,   1.069,  -0.200,  -0.852,   1.069,  -0.300,   0.969,  -0.200,   1.069
202606072206,   2.102,   1.000,9999.000,9999.000,9999.000,9999.000,9999.000,9999.000,9999.000
202606072212,   2.082,   0.941,9999.000,9999.000,9999.000,9999.000,9999.000,9999.000,9999.000
202606072218,   2.061,   0.908,9999.000,9999.000,9999.000,9999.000,9999.000,9999.000,9999.000
202606072224,   2.039,   0.849,9999.000,9999.000,9999.000,9999.000,9999.000,9999.000,9999.000
202606072230,   2.016,   0.839,9999.000,9999.000,9999.000,9999.000,9999.000,9999.000,9999.000
202606072236,   1.992,   0.829,9999.000,9999.000,9999.000,9999.000,9999.000,9999.000,9999.000
202606072242,   1.968,   0.790,9999.000,9999.000,9999.000,9999.000,9999.000,9999.000,9999.000
202606072248,   1.942,   0.780,9999.000,9999.000,9999.000,9999.000,9999.000,9999.000,9999.000
202606072254,   1.916,   0.760,9999.000,9999.000,9999.000,9999.000,9999.000,9999.000,9999.000
202606072300,   1.889,   0.669,  -0.300,  -0.920,   0.669,  -0.300,   0.669,  -0.200,   0.769
202606072306,   1.861,   0.600,9999.000,9999.000,9999.000,9999.000,9999.000,9999.000,9999.000
202606072312,   1.833,   0.560,9999.000,9999.000,9999.000,9999.000,9999.000,9999.000,9999.000
202606072318,   1.804,   0.551,9999.000,9999.000,9999.000,9999.000,9999.000,9999.000,9999.000
202606072324,   1.776,   0.531,9999.000,9999.000,9999.000,9999.000,9999.000,9999.000,9999.000
202606072330,   1.747,   0.518,9999.000,9999.000,9999.000,9999.000,9999.000,9999.000,9999.000
202606072336,   1.719,   0.478,9999.000,9999.000,9999.000,9999.000,9999.000,9999.000,9999.000
202606072342,   1.691,   0.449,9999.000,9999.000,9999.000,9999.000,9999.000,9999.000,9999.000
202606072348,   1.664,   0.429,9999.000,9999.000,9999.000,9999.000,9999.000,9999.000,9999.000
202606072354,   1.638,   0.390,9999.000,9999.000,9999.000,9999.000,9999.000,9999.000,9999.000
202606080000,   1.613,   0.331,  -0.200,  -1.082,   0.331,  -0.200,   0.331,  -0.200,   0.331
202606080006,   1.590,   0.341,9999.000,9999.000,9999.000,9999.000,9999.000,9999.000,9999.000
202606080012,   1.567,   0.278,9999.000,9999.000,9999.000,9999.000,9999.000,9999.000,9999.000
202606080018,   1.547,   0.229,9999.000,9999.000,9999.000,9999.000,9999.000,9999.000,9999.000
202606080024,   1.528,   0.200,9999.000,9999.000,9999.000,9999.000,9999.000,9999.000,9999.000
202606080030,   1.511,   0.209,9999.000,9999.000,9999.000,9999.000,9999.000,9999.000,9999.000
202606080036,   1.496,   0.200,9999.000,9999.000,9999.000,9999.000,9999.000,9999.000,9999.000
202606080042,   1.483,   0.170,9999.000,9999.000,9999.000,9999.000,9999.000,9999.000,9999.000
202606080048,   1.471,   0.150,9999.000,9999.000,9999.000,9999.000,9999.000,9999.000,9999.000
202606080054,   1.462,   0.131,9999.000,9999.000,9999.000,9999.000,9999.000,9999.000,9999.000
202606080100,   1.455,   0.068,  -0.200,  -1.187,   0.068,  -0.200,   0.068,  -0.200,   0.068
202606080106,   1.450,   0.068,9999.000,9999.000,9999.000,9999.000,9999.000,9999.000,9999.000
202606080112,   1.447,   0.059,9999.000,9999.000,9999.000,9999.000,9999.000,9999.000,9999.000
202606080118,   1.446,   0.059,9999.000,9999.000,9999.000,9999.000,9999.000,9999.000,9999.000
202606080124,   1.447,   0.068,9999.000,9999.000,9999.000,9999.000,9999.000,9999.000,9999.000
202606080130,   1.450,   0.059,9999.000,9999.000,9999.000,9999.000,9999.000,9999.000,9999.000
202606080136,   1.454,   0.059,9999.000,9999.000,9999.000,9999.000,9999.000,9999.000,9999.000
202606080142,   1.461,   0.059,9999.000,9999.000,9999.000,9999.000,9999.000,9999.000,9999.000
202606080148,   1.469,   0.059,9999.000,9999.000,9999.000,9999.000,9999.000,9999.000,9999.000
202606080154,   1.479,   0.000,9999.000,9999.000,9999.000,9999.000,9999.000,9999.000,9999.000
202606080200,   1.490,  -0.039,  -0.200,  -1.329,  -0.039,  -0.200,  -0.039,  -0.200,  -0.039
202606080206,   1.503,  -0.029,9999.000,9999.000,9999.000,9999.000,9999.000,9999.000,9999.000
202606080212,   1.518,  -0.009,9999.000,9999.000,9999.000,9999.000,9999.000,9999.000,9999.000
202606080218,   1.535,   0.049,9999.000,9999.000,9999.000,9999.000,9999.000,9999.000,9999.000
202606080224,   1.553,   0.059,9999.000,9999.000,9999.000,9999.000,9999.000,9999.000,9999.000
202606080230,   1.572,   0.029,9999.000,9999.000,9999.000,9999.000,9999.000,9999.000,9999.000
202606080236,   1.593,   0.049,9999.000,9999.000,9999.000,9999.000,9999.000,9999.000,9999.000
202606080242,   1.616,   0.068,9999.000,9999.000,9999.000,9999.000,9999.000,9999.000,9999.000
202606080248,   1.640,   0.121,9999.000,9999.000,9999.000,9999.000,9999.000,9999.000,9999.000
202606080254,   1.666,   0.088,9999.000,9999.000,9999.000,9999.000,9999.000,9999.000,9999.000
202606080300,   1.692,   0.039,  -0.200,  -1.453,   0.039,  -0.200,   0.039,  -0.200,   0.039
202606080306,   1.720,   0.039,9999.000,9999.000,9999.000,9999.000,9999.000,9999.000,9999.000
202606080312,   1.750,   0.029,9999.000,9999.000,9999.000,9999.000,9999.000,9999.000,9999.000
202606080318,   1.780,   0.088,9999.000,9999.000,9999.000,9999.000,9999.000,9999.000,9999.000
202606080324,   1.810,   0.170,9999.000,9999.000,9999.000,9999.000,9999.000,9999.000,9999.000
202606080330,   1.842,   0.180,9999.000,9999.000,9999.000,9999.000,9999.000,9999.000,9999.000
202606080336,   1.874,   0.219,9999.000,9999.000,9999.000,9999.000,9999.000,9999.000,9999.000
202606080342,   1.906,   0.249,9999.000,9999.000,9999.000,9999.000,9999.000,9999.000,9999.000
202606080348,   1.938,   0.278,9999.000,9999.000,9999.000,9999.000,9999.000,9999.000,9999.000
202606080354,   1.970,   0.341,9999.000,9999.000,9999.000,9999.000,9999.000,9999.000,9999.000
202606080400,   2.001,   0.390,  -0.200,  -1.411,   0.390,  -0.200,   0.390,  -0.100,   0.490
202606080406,   2.031,   0.409,9999.000,9999.000,9999.000,9999.000,9999.000,9999.000,9999.000
202606080412,   2.060,   0.439,9999.000,9999.000,9999.000,9999.000,9999.000,9999.000,9999.000
202606080418,   2.088,   0.508,9999.000,9999.000,9999.000,9999.000,9999.000,9999.000,9999.000
202606080424,   2.115,   0.531,9999.000,9999.000,9999.000,9999.000,9999.000,9999.000,9999.000
202606080430,   2.140,   0.531,9999.000,9999.000,9999.000,9999.000,9999.000,9999.000,9999.000
202606080436,   2.163,   0.580,9999.000,9999.000,9999.000,9999.000,9999.000,9999.000,9999.000
202606080442,   2.184,   0.659,9999.000,9999.000,9999.000,9999.000,9999.000,9999.000,9999.000
202606080448,   2.203,   0.708,9999.000,9999.000,9999.000,9999.000,9999.000,9999.000,9999.000
202606080454,   2.219,   0.780,9999.000,9999.000,9999.000,9999.000,9999.000,9999.000,9999.000
202606080500,   2.233,   0.819,  -0.200,  -1.214,   0.819,  -0.200,   0.819,  -0.100,   0.919
202606080506,   2.245,   0.879,9999.000,9999.000,9999.000,9999.000,9999.000,9999.000,9999.000
202606080512,   2.255,   0.908,9999.000,9999.000,9999.000,9999.000,9999.000,9999.000,9999.000
202606080518,   2.262,   0.898,9999.000,9999.000,9999.000,9999.000,9999.000,9999.000,9999.000
202606080524,   2.267,   0.961,9999.000,9999.000,9999.000,9999.000,9999.000,9999.000,9999.000
202606080530,   2.270,   1.049,9999.000,9999.000,9999.000,9999.000,9999.000,9999.000,9999.000
202606080536,   2.271,   1.079,9999.000,9999.000,9999.000,9999.000,9999.000,9999.000,9999.000
202606080542,   2.270,   1.118,9999.000,9999.000,9999.000,9999.000,9999.000,9999.000,9999.000
202606080548,   2.267,   1.190,9999.000,9999.000,9999.000,9999.000,9999.000,9999.000,9999.000
202606080554,   2.263,   1.259,9999.000,9999.000,9999.000,9999.000,9999.000,9999.000,9999.000
202606080600,   2.257,   1.318,  -0.200,  -0.739,   1.318,  -0.200,   1.318,  -0.200,   1.318
202606080606,   2.251,   1.348,9999.000,9999.000,9999.000,9999.000,9999.000,9999.000,9999.000
202606080612,   2.243,   1.361,9999.000,9999.000,9999.000,9999.000,9999.000,9999.000,9999.000
202606080618,   2.234,   1.420,9999.000,9999.000,9999.000,9999.000,9999.000,9999.000,9999.000
202606080624,   2.225,   1.508,9999.000,9999.000,9999.000,9999.000,9999.000,9999.000,9999.000
202606080630,   2.215,   1.571,9999.000,9999.000,9999.000,9999.000,9999.000,9999.000,9999.000
202606080636,   2.205,   1.630,9999.000,9999.000,9999.000,9999.000,9999.000,9999.000,9999.000
202606080642,   2.195,   1.689,9999.000,9999.000,9999.000,9999.000,9999.000,9999.000,9999.000
202606080648,   2.184,   1.738,9999.000,9999.000,9999.000,9999.000,9999.000,9999.000,9999.000
202606080654,   2.174,   1.758,9999.000,9999.000,9999.000,9999.000,9999.000,9999.000,9999.000
202606080700,   2.163,   1.830,  -0.200,  -0.133,   1.830,  -0.200,   1.830,  -0.200,   1.830
202606080706,   2.152,   1.889,9999.000,9999.000,9999.000,9999.000,9999.000,9999.000,9999.000
202606080712,   2.141,   1.889,9999.000,9999.000,9999.000,9999.000,9999.000,9999.000,9999.000
202606080718,   2.130,   1.938,9999.000,9999.000,9999.000,9999.000,9999.000,9999.000,9999.000
202606080724,   2.120,   2.010,9999.000,9999.000,9999.000,9999.000,9999.000,9999.000,9999.000
202606080730,   2.109,   2.118,9999.000,9999.000,9999.000,9999.000,9999.000,9999.000,9999.000
202606080736,   2.098,   2.148,9999.000,9999.000,9999.000,9999.000,9999.000,9999.000,9999.000
202606080742,   2.087,   2.177,9999.000,9999.000,9999.000,9999.000,9999.000,9999.000,9999.000
202606080748,   2.076,   2.220,9999.000,9999.000,9999.000,9999.000,9999.000,9999.000,9999.000
202606080754,   2.064,   2.230,9999.000,9999.000,9999.000,9999.000,9999.000,9999.000,9999.000
202606080800,   2.053,   2.289,  -0.200,   0.436,   2.289,  -0.200,   2.289,  -0.200,   2.289
202606080806,   2.042,   2.348,9999.000,9999.000,9999.000,9999.000,9999.000,9999.000,9999.000
202606080812,   2.030,   2.377,9999.000,9999.000,9999.000,9999.000,9999.000,9999.000,9999.000
202606080818,   2.019,   2.377,9999.000,9999.000,9999.000,9999.000,9999.000,9999.000,9999.000
202606080824,   2.007,   2.387,9999.000,9999.000,9999.000,9999.000,9999.000,9999.000,9999.000
202606080830,   1.996,   2.440,9999.000,9999.000,9999.000,9999.000,9999.000,9999.000,9999.000
202606080836,   1.984,   2.509,9999.000,9999.000,9999.000,9999.000,9999.000,9999.000,9999.000
202606080842,   1.973,   2.548,9999.000,9999.000,9999.000,9999.000,9999.000,9999.000,9999.000
202606080848,   1.961,   2.578,9999.000,9999.000,9999.000,9999.000,9999.000,9999.000,9999.000
202606080854,   1.950,   2.578,9999.000,9999.000,9999.000,9999.000,9999.000,9999.000,9999.000
202606080900,   1.939,   2.597,  -0.200,   0.858,   2.597,  -0.200,   2.597,  -0.200,   2.597
202606080906,   1.928,   2.597,9999.000,9999.000,9999.000,9999.000,9999.000,9999.000,9999.000
202606080912,   1.917,   2.660,9999.000,9999.000,9999.000,9999.000,9999.000,9999.000,9999.000
202606080918,   1.907,   2.630,9999.000,9999.000,9999.000,9999.000,9999.000,9999.000,9999.000
202606080924,   1.897,   2.610,9999.000,9999.000,9999.000,9999.000,9999.000,9999.000,9999.000
202606080930,   1.887,   2.669,9999.000,9999.000,9999.000,9999.000,9999.000,9999.000,9999.000
202606080936,   1.877,   2.709,9999.000,9999.000,9999.000,9999.000,9999.000,9999.000,9999.000
202606080942,   1.867,   2.728,9999.000,9999.000,9999.000,9999.000,9999.000,9999.000,9999.000
202606080948,   1.857,   2.738,9999.000,9999.000,9999.000,9999.000,9999.000,9999.000,9999.000
202606080954,   1.847,   2.699,9999.000,9999.000,9999.000,9999.000,9999.000,9999.000,9999.000
202606081000,   1.837,   2.689,  -0.200,   1.052,   2.689,  -0.200,   2.689,  -0.200,   2.689
202606081006,   1.827,   2.728,9999.000,9999.000,9999.000,9999.000,9999.000,9999.000,9999.000
202606081012,   1.816,   2.728,9999.000,9999.000,9999.000,9999.000,9999.000,9999.000,9999.000
202606081018,   1.805,   2.719,9999.000,9999.000,9999.000,9999.000,9999.000,9999.000,9999.000
202606081024,   1.793,   2.709,9999.000,9999.000,9999.000,9999.000,9999.000,9999.000,9999.000
202606081030,   1.781,   2.719,9999.000,9999.000,9999.000,9999.000,9999.000,9999.000,9999.000
202606081036,   1.768,   2.709,9999.000,9999.000,9999.000,9999.000,9999.000,9999.000,9999.000
202606081042,   1.754,   2.679,9999.000,9999.000,9999.000,9999.000,9999.000,9999.000,9999.000
202606081048,   1.739,   2.699,9999.000,9999.000,9999.000,9999.000,9999.000,9999.000,9999.000
202606081054,   1.723,   2.660,9999.000,9999.000,9999.000,9999.000,9999.000,9999.000,9999.000
202606081100,   1.706,   2.660,  -0.200,   1.154,   2.660,  -0.200,   2.660,  -0.100,   2.760
202606081106,   1.688,   2.669,9999.000,9999.000,9999.000,9999.000,9999.000,9999.000,9999.000
202606081112,   1.669,   2.660,9999.000,9999.000,9999.000,9999.000,9999.000,9999.000,9999.000
202606081118,   1.649,   2.630,9999.000,9999.000,9999.000,9999.000,9999.000,9999.000,9999.000
202606081124,   1.629,   2.620,9999.000,9999.000,9999.000,9999.000,9999.000,9999.000,9999.000
202606081130,   1.608,   2.597,9999.000,9999.000,9999.000,9999.000,9999.000,9999.000,9999.000
202606081136,   1.587,   2.538,9999.000,9999.000,9999.000,9999.000,9999.000,9999.000,9999.000
202606081142,   1.565,   2.538,9999.000,9999.000,9999.000,9999.000,9999.000,9999.000,9999.000
202606081148,   1.543,   2.548,9999.000,9999.000,9999.000,9999.000,9999.000,9999.000,9999.000
202606081154,   1.522,   2.558,9999.000,9999.000,9999.000,9999.000,9999.000,9999.000,9999.000
202606081200,   1.501,   2.469,  -0.200,   1.168,   2.469,  -0.200,   2.469,  -0.100,   2.569
202606081206,   1.480,   2.489,9999.000,9999.000,9999.000,9999.000,9999.000,9999.000,9999.000
202606081212,   1.460,   2.489,9999.000,9999.000,9999.000,9999.000,9999.000,9999.000,9999.000
202606081218,   1.441,   2.440,9999.000,9999.000,9999.000,9999.000,9999.000,9999.000,9999.000
202606081224,   1.424,   2.420,9999.000,9999.000,9999.000,9999.000,9999.000,9999.000,9999.000
202606081230,   1.408,   2.318,9999.000,9999.000,9999.000,9999.000,9999.000,9999.000,9999.000
202606081236,   1.393,   2.328,9999.000,9999.000,9999.000,9999.000,9999.000,9999.000,9999.000
202606081242,   1.380,   2.348,9999.000,9999.000,9999.000,9999.000,9999.000,9999.000,9999.000
202606081248,   1.369,   2.358,9999.000,9999.000,9999.000,9999.000,9999.000,9999.000,9999.000
202606081254,   1.360,   2.318,9999.000,9999.000,9999.000,9999.000,9999.000,9999.000,9999.000
202606081300,   1.353,   2.328,  -0.200,   1.175,   2.328,  -0.200,   2.328,  -0.100,   2.428
202606081306,   1.348,   2.259,9999.000,9999.000,9999.000,9999.000,9999.000,9999.000,9999.000
202606081312,   1.345,   2.230,9999.000,9999.000,9999.000,9999.000,9999.000,9999.000,9999.000
202606081318,   1.344,   2.200,9999.000,9999.000,9999.000,9999.000,9999.000,9999.000,9999.000
202606081324,   1.345,   2.158,9999.000,9999.000,9999.000,9999.000,9999.000,9999.000,9999.000
202606081330,   1.348,   2.128,9999.000,9999.000,9999.000,9999.000,9999.000,9999.000,9999.000
202606081336,   1.353,   2.089,9999.000,9999.000,9999.000,9999.000,9999.000,9999.000,9999.000
202606081342,   1.360,   2.118,9999.000,9999.000,9999.000,9999.000,9999.000,9999.000,9999.000
202606081348,   1.369,   2.089,9999.000,9999.000,9999.000,9999.000,9999.000,9999.000,9999.000
202606081354,   1.380,   2.020,9999.000,9999.000,9999.000,9999.000,9999.000,9999.000,9999.000
202606081400,   1.393,   1.981,  -0.100,   0.688,   1.981,  -0.200,   1.881,  -0.100,   1.981
202606081406,   1.407,   2.010,9999.000,9999.000,9999.000,9999.000,9999.000,9999.000,9999.000
202606081412,   1.423,   2.049,9999.000,9999.000,9999.000,9999.000,9999.000,9999.000,9999.000
202606081418,   1.441,   1.938,9999.000,9999.000,9999.000,9999.000,9999.000,9999.000,9999.000
202606081424,   1.460,   1.981,9999.000,9999.000,9999.000,9999.000,9999.000,9999.000,9999.000
202606081430,   1.480,   1.967,9999.000,9999.000,9999.000,9999.000,9999.000,9999.000,9999.000
202606081436,   1.502,   1.938,9999.000,9999.000,9999.000,9999.000,9999.000,9999.000,9999.000
202606081442,   1.525,   1.869,9999.000,9999.000,9999.000,9999.000,9999.000,9999.000,9999.000
202606081448,   1.550,   1.840,9999.000,9999.000,9999.000,9999.000,9999.000,9999.000,9999.000
202606081454,   1.576,   1.840,9999.000,9999.000,9999.000,9999.000,9999.000,9999.000,9999.000
202606081500,   1.603,   1.781,  -0.100,   0.278,   1.781,  -0.200,   1.681,  -0.100,   1.781
202606081506,   1.631,   1.790,9999.000,9999.000,9999.000,9999.000,9999.000,9999.000,9999.000
202606081512,   1.660,   1.781,9999.000,9999.000,9999.000,9999.000,9999.000,9999.000,9999.000
202606081518,   1.691,   1.810,9999.000,9999.000,9999.000,9999.000,9999.000,9999.000,9999.000
202606081524,   1.722,   1.820,9999.000,9999.000,9999.000,9999.000,9999.000,9999.000,9999.000
202606081530,   1.755,   1.840,9999.000,9999.000,9999.000,9999.000,9999.000,9999.000,9999.000
202606081536,   1.788,   1.810,9999.000,9999.000,9999.000,9999.000,9999.000,9999.000,9999.000
202606081542,   1.822,   1.758,9999.000,9999.000,9999.000,9999.000,9999.000,9999.000,9999.000
202606081548,   1.856,   1.728,9999.000,9999.000,9999.000,9999.000,9999.000,9999.000,9999.000
202606081554,   1.891,   1.738,9999.000,9999.000,9999.000,9999.000,9999.000,9999.000,9999.000
202606081600,   1.925,   1.758,  -0.100,  -0.067,   1.758,  -0.100,   1.758,  -0.100,   1.758
202606081606,   1.960,   1.718,9999.000,9999.000,9999.000,9999.000,9999.000,9999.000,9999.000
202606081612,   1.994,   1.659,9999.000,9999.000,9999.000,9999.000,9999.000,9999.000,9999.000
202606081618,   2.028,   1.669,9999.000,9999.000,9999.000,9999.000,9999.000,9999.000,9999.000
202606081624,   2.062,   1.748,9999.000,9999.000,9999.000,9999.000,9999.000,9999.000,9999.000
202606081630,   2.094,   1.738,9999.000,9999.000,9999.000,9999.000,9999.000,9999.000,9999.000
202606081636,   2.125,   1.728,9999.000,9999.000,9999.000,9999.000,9999.000,9999.000,9999.000
202606081642,   2.154,   1.718,9999.000,9999.000,9999.000,9999.000,9999.000,9999.000,9999.000
202606081648,   2.182,   1.708,9999.000,9999.000,9999.000,9999.000,9999.000,9999.000,9999.000
202606081654,   2.208,   1.689,9999.000,9999.000,9999.000,9999.000,9999.000,9999.000,9999.000
202606081700,   2.233,   1.718,  -0.100,  -0.415,   1.718,  -0.100,   1.718,  -0.100,   1.718
202606081706,   2.255,   1.767,9999.000,9999.000,9999.000,9999.000,9999.000,9999.000,9999.000
202606081712,   2.275,   1.699,9999.000,9999.000,9999.000,9999.000,9999.000,9999.000,9999.000
202606081718,   2.293,   1.649,9999.000,9999.000,9999.000,9999.000,9999.000,9999.000,9999.000
202606081724,   2.308,   1.689,9999.000,9999.000,9999.000,9999.000,9999.000,9999.000,9999.000
202606081730,   2.321,   1.738,9999.000,9999.000,9999.000,9999.000,9999.000,9999.000,9999.000
202606081736,   2.332,   1.699,9999.000,9999.000,9999.000,9999.000,9999.000,9999.000,9999.000
202606081742,   2.341,   1.699,9999.000,9999.000,9999.000,9999.000,9999.000,9999.000,9999.000
202606081748,   2.347,   1.728,9999.000,9999.000,9999.000,9999.000,9999.000,9999.000,9999.000
202606081754,   2.352,   1.758,9999.000,9999.000,9999.000,9999.000,9999.000,9999.000,9999.000
202606081800,   2.355,   1.767,   0.000,  -0.588,   1.767,  -0.100,   1.667,   0.000,   1.767
202606081806,   2.356,   1.718,9999.000,9999.000,9999.000,9999.000,9999.000,9999.000,9999.000
202606081812,   2.355,   1.738,9999.000,9999.000,9999.000,9999.000,9999.000,9999.000,9999.000
202606081818,   2.353,   1.718,9999.000,9999.000,9999.000,9999.000,9999.000,9999.000,9999.000
202606081824,   2.351,   1.669,9999.000,9999.000,9999.000,9999.000,9999.000,9999.000,9999.000
202606081830,   2.347,   1.679,9999.000,9999.000,9999.000,9999.000,9999.000,9999.000,9999.000
202606081836,   2.342,   1.699,9999.000,9999.000,9999.000,9999.000,9999.000,9999.000,9999.000
202606081842,   2.337,   1.639,9999.000,9999.000,9999.000,9999.000,9999.000,9999.000,9999.000
202606081848,   2.332,   1.659,9999.000,9999.000,9999.000,9999.000,9999.000,9999.000,9999.000
202606081854,   2.326,   1.718,9999.000,9999.000,9999.000,9999.000,9999.000,9999.000,9999.000
202606081900,   2.321,   1.708,   0.000,  -0.613,   1.708,   0.000,   1.708,   0.000,   1.708
202606081906,   2.315,   1.728,9999.000,9999.000,9999.000,9999.000,9999.000,9999.000,9999.000
202606081912,   2.310,   1.718,9999.000,9999.000,9999.000,9999.000,9999.000,9999.000,9999.000
202606081918,   2.304,   1.689,9999.000,9999.000,9999.000,9999.000,9999.000,9999.000,9999.000
202606081924,   2.299,   1.649,9999.000,9999.000,9999.000,9999.000,9999.000,9999.000,9999.000
202606081930,   2.295,   1.630,9999.000,9999.000,9999.000,9999.000,9999.000,9999.000,9999.000
202606081936,   2.290,   1.639,9999.000,9999.000,9999.000,9999.000,9999.000,9999.000,9999.000
202606081942,   2.286,   1.610,9999.000,9999.000,9999.000,9999.000,9999.000,9999.000,9999.000
202606081948,   2.282,   1.580,9999.000,9999.000,9999.000,9999.000,9999.000,9999.000,9999.000
202606081954,   2.279,   1.610,9999.000,9999.000,9999.000,9999.000,9999.000,9999.000,9999.000
202606082000,   2.275,   1.590,   0.000,  -0.685,   1.590,   0.000,   1.590,   0.000,   1.590
202606082006,   2.272,   1.649,9999.000,9999.000,9999.000,9999.000,9999.000,9999.000,9999.000
202606082012,   2.269,   1.649,9999.000,9999.000,9999.000,9999.000,9999.000,9999.000,9999.000
202606082018,   2.266,   1.571,9999.000,9999.000,9999.000,9999.000,9999.000,9999.000,9999.000
202606082024,   2.264,   1.538,9999.000,9999.000,9999.000,9999.000,9999.000,9999.000,9999.000
202606082030,   2.261,   1.538,9999.000,9999.000,9999.000,9999.000,9999.000,9999.000,9999.000
202606082036,   2.258,   1.557,9999.000,9999.000,9999.000,9999.000,9999.000,9999.000,9999.000
202606082042,   2.256,   1.479,9999.000,9999.000,9999.000,9999.000,9999.000,9999.000,9999.000
202606082048,   2.253,   1.479,9999.000,9999.000,9999.000,9999.000,9999.000,9999.000,9999.000
202606082054,   2.251,   1.439,9999.000,9999.000,9999.000,9999.000,9999.000,9999.000,9999.000
202606082100,   2.249,   1.449,   0.000,  -0.800,   1.449,   0.000,   1.449,   0.000,   1.449
202606082106,   2.247,   1.459,9999.000,9999.000,9999.000,9999.000,9999.000,9999.000,9999.000
202606082112,   2.245,   1.489,9999.000,9999.000,9999.000,9999.000,9999.000,9999.000,9999.000
202606082118,   2.243,   1.400,9999.000,9999.000,9999.000,9999.000,9999.000,9999.000,9999.000
202606082124,   2.241,   1.371,9999.000,9999.000,9999.000,9999.000,9999.000,9999.000,9999.000
202606082130,   2.240,   1.410,9999.000,9999.000,9999.000,9999.000,9999.000,9999.000,9999.000
202606082136,   2.239,   1.380,9999.000,9999.000,9999.000,9999.000,9999.000,9999.000,9999.000
202606082142,   2.238,   1.298,9999.000,9999.000,9999.000,9999.000,9999.000,9999.000,9999.000
202606082148,   2.238,   1.298,9999.000,9999.000,9999.000,9999.000,9999.000,9999.000,9999.000
202606082154,   2.237,   1.259,9999.000,9999.000,9999.000,9999.000,9999.000,9999.000,9999.000
202606082200,   2.237,   1.210,   0.000,  -1.027,   1.210,   0.000,   1.210,   0.000,   1.210
202606082206,   2.237,   1.239,9999.000,9999.000,9999.000,9999.000,9999.000,9999.000,9999.000
202606082212,   2.237,   1.269,9999.000,9999.000,9999.000,9999.000,9999.000,9999.000,9999.000
202606082218,   2.237,   1.220,9999.000,9999.000,9999.000,9999.000,9999.000,9999.000,9999.000
202606082224,   2.237,   1.161,9999.000,9999.000,9999.000,9999.000,9999.000,9999.000,9999.000
202606082230,   2.237,   1.170,9999.000,9999.000,9999.000,9999.000,9999.000,9999.000,9999.000
202606082236,   2.236,   1.170,9999.000,9999.000,9999.000,9999.000,9999.000,9999.000,9999.000
202606082242,   2.235,   1.118,9999.000,9999.000,9999.000,9999.000,9999.000,9999.000,9999.000
202606082248,   2.233,   1.039,9999.000,9999.000,9999.000,9999.000,9999.000,9999.000,9999.000
202606082254,   2.230,   0.980,9999.000,9999.000,9999.000,9999.000,9999.000,9999.000,9999.000
202606082300,   2.227,   0.980,   0.000,  -1.247,   0.980,   0.000,   0.980,   0.000,   0.980
202606082306,   2.223,   0.980,9999.000,9999.000,9999.000,9999.000,9999.000,9999.000,9999.000
202606082312,   2.219,   0.951,9999.000,9999.000,9999.000,9999.000,9999.000,9999.000,9999.000
202606082318,   2.213,   0.918,9999.000,9999.000,9999.000,9999.000,9999.000,9999.000,9999.000
202606082324,   2.206,   0.951,9999.000,9999.000,9999.000,9999.000,9999.000,9999.000,9999.000
202606082330,   2.199,   0.941,9999.000,9999.000,9999.000,9999.000,9999.000,9999.000,9999.000
202606082336,   2.190,   0.810,9999.000,9999.000,9999.000,9999.000,9999.000,9999.000,9999.000
202606082342,   2.181,   0.810,9999.000,9999.000,9999.000,9999.000,9999.000,9999.000,9999.000
202606082348,   2.171,   0.790,9999.000,9999.000,9999.000,9999.000,9999.000,9999.000,9999.000
202606082354,   2.161,   0.760,9999.000,9999.000,9999.000,9999.000,9999.000,9999.000,9999.000
202606090000,   2.150,   0.760,   0.000,  -1.390,   0.760,   0.000,   0.760,   0.000,   0.760
202606090006,   2.139,   0.760,9999.000,9999.000,9999.000,9999.000,9999.000,9999.000,9999.000
202606090012,   2.127,   0.741,9999.000,9999.000,9999.000,9999.000,9999.000,9999.000,9999.000
202606090018,   2.116,   0.669,9999.000,9999.000,9999.000,9999.000,9999.000,9999.000,9999.000
202606090024,   2.106,   0.659,9999.000,9999.000,9999.000,9999.000,9999.000,9999.000,9999.000
202606090030,   2.095,   0.659,9999.000,9999.000,9999.000,9999.000,9999.000,9999.000,9999.000
202606090036,   2.086,   0.649,9999.000,9999.000,9999.000,9999.000,9999.000,9999.000,9999.000
202606090042,   2.077,   0.590,9999.000,9999.000,9999.000,9999.000,9999.000,9999.000,9999.000
202606090048,   2.069,   0.551,9999.000,9999.000,9999.000,9999.000,9999.000,9999.000,9999.000
202606090054,   2.063,   0.610,9999.000,9999.000,9999.000,9999.000,9999.000,9999.000,9999.000
202606090100,   2.058,   0.629,   0.000,  -1.429,   0.629,   0.000,   0.629,   0.000,   0.629
202606090106,   2.054,   0.531,9999.000,9999.000,9999.000,9999.000,9999.000,9999.000,9999.000
202606090112,   2.052,   0.478,9999.000,9999.000,9999.000,9999.000,9999.000,9999.000,9999.000
202606090118,   2.052,   0.518,9999.000,9999.000,9999.000,9999.000,9999.000,9999.000,9999.000
202606090124,   2.053,   0.478,9999.000,9999.000,9999.000,9999.000,9999.000,9999.000,9999.000
202606090130,   2.057,   0.508,9999.000,9999.000,9999.000,9999.000,9999.000,9999.000,9999.000
202606090136,   2.061,   0.551,9999.000,9999.000,9999.000,9999.000,9999.000,9999.000,9999.000
202606090142,   2.068,   0.449,9999.000,9999.000,9999.000,9999.000,9999.000,9999.000,9999.000
202606090148,   2.076,   0.341,9999.000,9999.000,9999.000,9999.000,9999.000,9999.000,9999.000
202606090154,   2.086,   0.439,9999.000,9999.000,9999.000,9999.000,9999.000,9999.000,9999.000
202606090200,   2.097,   0.508,   0.000,  -1.589,   0.508,   0.000,   0.508,   0.000,   0.508
202606090206,   2.110,   0.469,9999.000,9999.000,9999.000,9999.000,9999.000,9999.000,9999.000
202606090212,   2.123,   0.488,9999.000,9999.000,9999.000,9999.000,9999.000,9999.000,9999.000
202606090218,   2.139,   0.459,9999.000,9999.000,9999.000,9999.000,9999.000,9999.000,9999.000
202606090224,   2.155,   0.419,9999.000,9999.000,9999.000,9999.000,9999.000,9999.000,9999.000
202606090230,   2.172,   0.409,9999.000,9999.000,9999.000,9999.000,9999.000,9999.000,9999.000
202606090236,   2.190,   0.459,9999.000,9999.000,9999.000,9999.000,9999.000,9999.000,9999.000
202606090242,   2.209,   0.429,9999.000,9999.000,9999.000,9999.000,9999.000,9999.000,9999.000
202606090248,   2.228,   0.478,9999.000,9999.000,9999.000,9999.000,9999.000,9999.000,9999.000
202606090254,   2.248,   0.551,9999.000,9999.000,9999.000,9999.000,9999.000,9999.000,9999.000
202606090300,   2.269,   0.488,   0.000,  -1.781,   0.488,   0.000,   0.488,   0.000,   0.488
202606090306,   2.290,   0.469,9999.000,9999.000,9999.000,9999.000,9999.000,9999.000,9999.000
202606090312,   2.312,   0.560,9999.000,9999.000,9999.000,9999.000,9999.000,9999.000,9999.000
202606090318,   2.334,   0.551,9999.000,9999.000,9999.000,9999.000,9999.000,9999.000,9999.000
202606090324,   2.357,   0.439,9999.000,9999.000,9999.000,9999.000,9999.000,9999.000,9999.000
202606090330,   2.379,   0.531,9999.000,9999.000,9999.000,9999.000,9999.000,9999.000,9999.000
202606090336,   2.402,   0.551,9999.000,9999.000,9999.000,9999.000,9999.000,9999.000,9999.000
202606090342,   2.425,   0.531,9999.000,9999.000,9999.000,9999.000,9999.000,9999.000,9999.000
202606090348,   2.448,   0.600,9999.000,9999.000,9999.000,9999.000,9999.000,9999.000,9999.000
202606090354,   2.471,   0.649,9999.000,9999.000,9999.000,9999.000,9999.000,9999.000,9999.000
202606090400,   2.494,   0.659,   0.000,  -1.835,   0.659,   0.000,   0.659,   0.000,   0.659
202606090406,   2.517,   0.708,9999.000,9999.000,9999.000,9999.000,9999.000,9999.000,9999.000
202606090412,   2.539,   0.780,9999.000,9999.000,9999.000,9999.000,9999.000,9999.000,9999.000
202606090418,   2.561,   0.780,9999.000,9999.000,9999.000,9999.000,9999.000,9999.000,9999.000
202606090424,   2.583,   0.819,9999.000,9999.000,9999.000,9999.000,9999.000,9999.000,9999.000
202606090430,   2.603,   0.849,9999.000,9999.000,9999.000,9999.000,9999.000,9999.000,9999.000
202606090436,   2.623,   0.908,9999.000,9999.000,9999.000,9999.000,9999.000,9999.000,9999.000
202606090442,   2.641,   0.918,9999.000,9999.000,9999.000,9999.000,9999.000,9999.000,9999.000
202606090448,   2.658,   0.980,9999.000,9999.000,9999.000,9999.000,9999.000,9999.000,9999.000
202606090454,   2.673,   1.039,9999.000,9999.000,9999.000,9999.000,9999.000,9999.000,9999.000
202606090500,   2.687,   1.098,   0.000,  -1.589,   1.098,   0.000,   1.098,   0.000,   1.098
202606090506,   2.699,   1.151,9999.000,9999.000,9999.000,9999.000,9999.000,9999.000,9999.000
202606090512,   2.709,   1.161,9999.000,9999.000,9999.000,9999.000,9999.000,9999.000,9999.000
202606090518,   2.716,   1.180,9999.000,9999.000,9999.000,9999.000,9999.000,9999.000,9999.000
202606090524,   2.721,   1.220,9999.000,9999.000,9999.000,9999.000,9999.000,9999.000,9999.000
202606090530,   2.724,   1.269,9999.000,9999.000,9999.000,9999.000,9999.000,9999.000,9999.000
202606090536,   2.725,   1.318,9999.000,9999.000,9999.000,9999.000,9999.000,9999.000,9999.000
202606090542,   2.722,   1.380,9999.000,9999.000,9999.000,9999.000,9999.000,9999.000,9999.000
202606090548,   2.718,   1.449,9999.000,9999.000,9999.000,9999.000,9999.000,9999.000,9999.000
202606090554,   2.711,   1.469,9999.000,9999.000,9999.000,9999.000,9999.000,9999.000,9999.000
202606090600,   2.701,   1.528,  -0.100,  -1.073,   1.528,  -0.100,   1.528,  -0.100,   1.528
202606090606,   2.689,   1.580,9999.000,9999.000,9999.000,9999.000,9999.000,9999.000,9999.000
202606090612,   2.675,   1.610,9999.000,9999.000,9999.000,9999.000,9999.000,9999.000,9999.000
202606090618,   2.659,   1.580,9999.000,9999.000,9999.000,9999.000,9999.000,9999.000,9999.000
202606090624,   2.641,   1.620,9999.000,9999.000,9999.000,9999.000,9999.000,9999.000,9999.000
202606090630,   2.622,   1.689,9999.000,9999.000,9999.000,9999.000,9999.000,9999.000,9999.000
202606090636,   2.601,   1.758,9999.000,9999.000,9999.000,9999.000,9999.000,9999.000,9999.000
202606090642,   2.579,   1.849,9999.000,9999.000,9999.000,9999.000,9999.000,9999.000,9999.000
202606090648,   2.556,   1.869,9999.000,9999.000,9999.000,9999.000,9999.000,9999.000,9999.000
202606090654,   2.532,   1.958,9999.000,9999.000,9999.000,9999.000,9999.000,9999.000,9999.000
202606090700,   2.507,   1.990,  -0.100,  -0.417,   1.990,  -0.100,   1.990,  -0.100,   1.990
202606090706,   2.482,   1.967,9999.000,9999.000,9999.000,9999.000,9999.000,9999.000,9999.000
202606090712,   2.457,   2.020,9999.000,9999.000,9999.000,9999.000,9999.000,9999.000,9999.000
202606090718,   2.432,   2.069,9999.000,9999.000,9999.000,9999.000,9999.000,9999.000,9999.000
202606090724,   2.407,   2.089,9999.000,9999.000,9999.000,9999.000,9999.000,9999.000,9999.000
202606090730,   2.382,   2.089,9999.000,9999.000,9999.000,9999.000,9999.000,9999.000,9999.000
202606090736,   2.358,   2.168,9999.000,9999.000,9999.000,9999.000,9999.000,9999.000,9999.000
202606090742,   2.334,   2.230,9999.000,9999.000,9999.000,9999.000,9999.000,9999.000,9999.000
202606090748,   2.310,   2.250,9999.000,9999.000,9999.000,9999.000,9999.000,9999.000,9999.000
202606090754,   2.287,   2.309,9999.000,9999.000,9999.000,9999.000,9999.000,9999.000,9999.000
202606090800,   2.264,   2.348,  -0.100,   0.184,   2.348,  -0.100,   2.348,  -0.100,   2.348
202606090806,   2.242,   2.348,9999.000,9999.000,9999.000,9999.000,9999.000,9999.000,9999.000
202606090812,   2.220,   2.338,9999.000,9999.000,9999.000,9999.000,9999.000,9999.000,9999.000
202606090818,   2.199,   2.430,9999.000,9999.000,9999.000,9999.000,9999.000,9999.000,9999.000
202606090824,   2.178,   2.489,9999.000,9999.000,9999.000,9999.000,9999.000,9999.000,9999.000
202606090830,   2.157,   2.479,9999.000,9999.000,9999.000,9999.000,9999.000,9999.000,9999.000
202606090836,   2.136,   2.479,9999.000,9999.000,9999.000,9999.000,9999.000,9999.000,9999.000
202606090842,   2.115,   2.499,9999.000,9999.000,9999.000,9999.000,9999.000,9999.000,9999.000
202606090848,   2.095,   2.509,9999.000,9999.000,9999.000,9999.000,9999.000,9999.000,9999.000
202606090854,   2.075,   2.538,9999.000,9999.000,9999.000,9999.000,9999.000,9999.000,9999.000
202606090900,   2.054,   2.587,  -0.100,   0.633,   2.587,  -0.100,   2.587,  -0.100,   2.587
202606090906,   2.034,   2.630,9999.000,9999.000,9999.000,9999.000,9999.000,9999.000,9999.000
202606090912,   2.013,   2.640,9999.000,9999.000,9999.000,9999.000,9999.000,9999.000,9999.000
202606090918,   1.993,   2.640,9999.000,9999.000,9999.000,9999.000,9999.000,9999.000,9999.000
202606090924,   1.973,   2.709,9999.000,9999.000,9999.000,9999.000,9999.000,9999.000,9999.000
202606090930,   1.952,   2.699,9999.000,9999.000,9999.000,9999.000,9999.000,9999.000,9999.000
202606090936,   1.932,   2.699,9999.000,9999.000,9999.000,9999.000,9999.000,9999.000,9999.000
202606090942,   1.912,   2.660,9999.000,9999.000,9999.000,9999.000,9999.000,9999.000,9999.000
202606090948,   1.891,   2.640,9999.000,9999.000,9999.000,9999.000,9999.000,9999.000,9999.000
202606090954,   1.871,   2.660,9999.000,9999.000,9999.000,9999.000,9999.000,9999.000,9999.000
202606091000,   1.851,   2.689,  -0.100,   0.938,   2.689,  -0.100,   2.689,  -0.100,   2.689
202606091006,   1.831,   2.719,9999.000,9999.000,9999.000,9999.000,9999.000,9999.000,9999.000
202606091012,   1.811,   2.660,9999.000,9999.000,9999.000,9999.000,9999.000,9999.000,9999.000
202606091018,   1.791,   2.650,9999.000,9999.000,9999.000,9999.000,9999.000,9999.000,9999.000
202606091024,   1.771,   2.660,9999.000,9999.000,9999.000,9999.000,9999.000,9999.000,9999.000
202606091030,   1.751,   2.660,9999.000,9999.000,9999.000,9999.000,9999.000,9999.000,9999.000
202606091036,   1.730,   2.679,9999.000,9999.000,9999.000,9999.000,9999.000,9999.000,9999.000
202606091042,   1.710,   2.650,9999.000,9999.000,9999.000,9999.000,9999.000,9999.000,9999.000
202606091048,   1.690,   2.597,9999.000,9999.000,9999.000,9999.000,9999.000,9999.000,9999.000
202606091054,   1.669,   2.548,9999.000,9999.000,9999.000,9999.000,9999.000,9999.000,9999.000
202606091100,   1.648,   2.568,  -0.100,   1.020,   2.568,  -0.100,   2.568,  -0.100,   2.568
202606091106,   1.626,   2.528,9999.000,9999.000,9999.000,9999.000,9999.000,9999.000,9999.000
202606091112,   1.604,   2.548,9999.000,9999.000,9999.000,9999.000,9999.000,9999.000,9999.000
202606091118,   1.581,   2.538,9999.000,9999.000,9999.000,9999.000,9999.000,9999.000,9999.000
202606091124,   1.557,   2.519,9999.000,9999.000,9999.000,9999.000,9999.000,9999.000,9999.000
202606091130,   1.533,   2.509,9999.000,9999.000,9999.000,9999.000,9999.000,9999.000,9999.000
202606091136,   1.508,   2.479,9999.000,9999.000,9999.000,9999.000,9999.000,9999.000,9999.000
202606091142,   1.482,   2.459,9999.000,9999.000,9999.000,9999.000,9999.000,9999.000,9999.000
202606091148,   1.456,   2.420,9999.000,9999.000,9999.000,9999.000,9999.000,9999.000,9999.000
202606091154,   1.429,   2.348,9999.000,9999.000,9999.000,9999.000,9999.000,9999.000,9999.000
202606091200,   1.401,   2.318,  -0.200,   1.117,   2.318,  -0.200,   2.318,  -0.200,   2.318
202606091206,   1.373,   2.299,9999.000,9999.000,9999.000,9999.000,9999.000,9999.000,9999.000
202606091212,   1.344,   2.279,9999.000,9999.000,9999.000,9999.000,9999.000,9999.000,9999.000
202606091218,   1.315,   2.230,9999.000,9999.000,9999.000,9999.000,9999.000,9999.000,9999.000
202606091224,   1.286,   2.177,9999.000,9999.000,9999.000,9999.000,9999.000,9999.000,9999.000
202606091230,   1.258,   2.177,9999.000,9999.000,9999.000,9999.000,9999.000,9999.000,9999.000
202606091236,   1.229,   2.191,9999.000,9999.000,9999.000,9999.000,9999.000,9999.000,9999.000
202606091242,   1.201,   2.148,9999.000,9999.000,9999.000,9999.000,9999.000,9999.000,9999.000
202606091248,   1.174,   2.079,9999.000,9999.000,9999.000,9999.000,9999.000,9999.000,9999.000
202606091254,   1.147,   2.000,9999.000,9999.000,9999.000,9999.000,9999.000,9999.000,9999.000
202606091300,   1.122,   2.000,  -0.200,   1.078,   2.000,  -0.200,   2.000,  -0.200,   2.000
202606091306,   1.098,   1.938,9999.000,9999.000,9999.000,9999.000,9999.000,9999.000,9999.000
202606091312,   1.076,   1.889,9999.000,9999.000,9999.000,9999.000,9999.000,9999.000,9999.000
202606091318,   1.056,   1.889,9999.000,9999.000,9999.000,9999.000,9999.000,9999.000,9999.000
202606091324,   1.037,   1.879,9999.000,9999.000,9999.000,9999.000,9999.000,9999.000,9999.000
202606091330,   1.021,   1.781,9999.000,9999.000,9999.000,9999.000,9999.000,9999.000,9999.000
202606091336,   1.007,   1.738,9999.000,9999.000,9999.000,9999.000,9999.000,9999.000,9999.000
202606091342,   0.995,   1.758,9999.000,9999.000,9999.000,9999.000,9999.000,9999.000,9999.000
202606091348,   0.985,   1.689,9999.000,9999.000,9999.000,9999.000,9999.000,9999.000,9999.000
202606091354,   0.978,   1.689,9999.000,9999.000,9999.000,9999.000,9999.000,9999.000,9999.000
202606091400,   0.973,   1.610,  -0.200,   0.837,   1.610,  -0.200,   1.610,  -0.200,   1.610
202606091406,   0.970,   1.590,9999.000,9999.000,9999.000,9999.000,9999.000,9999.000,9999.000
202606091412,   0.969,   1.557,9999.000,9999.000,9999.000,9999.000,9999.000,9999.000,9999.000
202606091418,   0.971,   1.508,9999.000,9999.000,9999.000,9999.000,9999.000,9999.000,9999.000
202606091424,   0.975,   1.489,9999.000,9999.000,9999.000,9999.000,9999.000,9999.000,9999.000
202606091430,   0.981,   1.479,9999.000,9999.000,9999.000,9999.000,9999.000,9999.000,9999.000
202606091436,   0.988,   1.439,9999.000,9999.000,9999.000,9999.000,9999.000,9999.000,9999.000
202606091442,   0.998,   1.390,9999.000,9999.000,9999.000,9999.000,9999.000,9999.000,9999.000
202606091448,   1.009,   1.380,9999.000,9999.000,9999.000,9999.000,9999.000,9999.000,9999.000
202606091454,   1.021,   1.308,9999.000,9999.000,9999.000,9999.000,9999.000,9999.000,9999.000
202606091500,   1.036,   1.279,  -0.200,   0.443,   1.279,  -0.200,   1.279,  -0.200,   1.279
202606091506,   1.051,   1.259,9999.000,9999.000,9999.000,9999.000,9999.000,9999.000,9999.000
202606091512,   1.068,   1.200,9999.000,9999.000,9999.000,9999.000,9999.000,9999.000,9999.000
202606091518,   1.086,   1.170,9999.000,9999.000,9999.000,9999.000,9999.000,9999.000,9999.000
202606091524,   1.104,   1.180,9999.000,9999.000,9999.000,9999.000,9999.000,9999.000,9999.000
202606091530,   1.124,   1.220,9999.000,9999.000,9999.000,9999.000,9999.000,9999.000,9999.000
202606091536,   1.145,   1.190,9999.000,9999.000,9999.000,9999.000,9999.000,9999.000,9999.000
202606091542,   1.167,   1.151,9999.000,9999.000,9999.000,9999.000,9999.000,9999.000,9999.000
202606091548,   1.190,   1.069,9999.000,9999.000,9999.000,9999.000,9999.000,9999.000,9999.000
202606091554,   1.213,   1.079,9999.000,9999.000,9999.000,9999.000,9999.000,9999.000,9999.000
202606091600,   1.237,   1.069,  -0.200,   0.032,   1.069,  -0.200,   1.069,  -0.100,   1.169
202606091606,   1.262,   1.000,9999.000,9999.000,9999.000,9999.000,9999.000,9999.000,9999.000
202606091612,   1.288,   1.049,9999.000,9999.000,9999.000,9999.000,9999.000,9999.000,9999.000
202606091618,   1.314,   1.049,9999.000,9999.000,9999.000,9999.000,9999.000,9999.000,9999.000
202606091624,   1.340,   1.029,9999.000,9999.000,9999.000,9999.000,9999.000,9999.000,9999.000
202606091630,   1.367,   1.000,9999.000,9999.000,9999.000,9999.000,9999.000,9999.000,9999.000
202606091636,   1.394,   1.000,9999.000,9999.000,9999.000,9999.000,9999.000,9999.000,9999.000
202606091642,   1.421,   0.941,9999.000,9999.000,9999.000,9999.000,9999.000,9999.000,9999.000
202606091648,   1.448,   0.980,9999.000,9999.000,9999.000,9999.000,9999.000,9999.000,9999.000
202606091654,   1.475,   1.020,9999.000,9999.000,9999.000,9999.000,9999.000,9999.000,9999.000
202606091700,   1.502,   1.020,  -0.200,  -0.282,   1.020,  -0.200,   1.020,  -0.100,   1.120
202606091706,   1.528,   0.990,9999.000,9999.000,9999.000,9999.000,9999.000,9999.000,9999.000
202606091712,   1.554,   0.970,9999.000,9999.000,9999.000,9999.000,9999.000,9999.000,9999.000
202606091718,   1.578,   0.970,9999.000,9999.000,9999.000,9999.000,9999.000,9999.000,9999.000
202606091724,   1.602,   1.000,9999.000,9999.000,9999.000,9999.000,9999.000,9999.000,9999.000
202606091730,   1.625,   0.990,9999.000,9999.000,9999.000,9999.000,9999.000,9999.000,9999.000
202606091736,   1.646,   0.970,9999.000,9999.000,9999.000,9999.000,9999.000,9999.000,9999.000
202606091742,   1.666,   0.970,9999.000,9999.000,9999.000,9999.000,9999.000,9999.000,9999.000
202606091748,   1.684,   1.010,9999.000,9999.000,9999.000,9999.000,9999.000,9999.000,9999.000
202606091754,   1.701,   1.029,9999.000,9999.000,9999.000,9999.000,9999.000,9999.000,9999.000
202606091800,   1.716,   1.020,  -0.100,  -0.596,   1.020,  -0.100,   1.020,   0.000,   1.120
202606091806,   1.729,   1.010,9999.000,9999.000,9999.000,9999.000,9999.000,9999.000,9999.000
202606091812,   1.741,   1.020,9999.000,9999.000,9999.000,9999.000,9999.000,9999.000,9999.000
202606091818,   1.751,   1.020,9999.000,9999.000,9999.000,9999.000,9999.000,9999.000,9999.000
202606091824,   1.760,   1.010,9999.000,9999.000,9999.000,9999.000,9999.000,9999.000,9999.000
202606091830,   1.767,   1.039,9999.000,9999.000,9999.000,9999.000,9999.000,9999.000,9999.000
202606091836,   1.773,   1.059,9999.000,9999.000,9999.000,9999.000,9999.000,9999.000,9999.000
202606091842,   1.777,   1.059,9999.000,9999.000,9999.000,9999.000,9999.000,9999.000,9999.000
202606091848,   1.781,   1.069,9999.000,9999.000,9999.000,9999.000,9999.000,9999.000,9999.000
202606091854,   1.784,   1.059,9999.000,9999.000,9999.000,9999.000,9999.000,9999.000,9999.000
202606091900,   1.786,   1.128,  -0.100,  -0.558,   1.128,  -0.100,   1.128,   0.000,   1.228
202606091906,   1.788,   1.161,9999.000,9999.000,9999.000,9999.000,9999.000,9999.000,9999.000
202606091912,   1.790,   1.039,9999.000,9999.000,9999.000,9999.000,9999.000,9999.000,9999.000
202606091918,   1.792,   0.990,9999.000,9999.000,9999.000,9999.000,9999.000,9999.000,9999.000
202606091924,   1.794,   1.088,9999.000,9999.000,9999.000,9999.000,9999.000,9999.000,9999.000
202606091930,   1.796,   1.180,9999.000,9999.000,9999.000,9999.000,9999.000,9999.000,9999.000
202606091936,   1.799,   1.151,9999.000,9999.000,9999.000,9999.000,9999.000,9999.000,9999.000
202606091942,   1.803,   1.161,9999.000,9999.000,9999.000,9999.000,9999.000,9999.000,9999.000
202606091948,   1.808,   1.138,9999.000,9999.000,9999.000,9999.000,9999.000,9999.000,9999.000
202606091954,   1.814,   1.088,9999.000,9999.000,9999.000,9999.000,9999.000,9999.000,9999.000
202606092000,   1.820,   1.151,  -0.100,  -0.569,   1.151,  -0.100,   1.151,  -0.100,   1.151
202606092006,   1.828,   1.220,9999.000,9999.000,9999.000,9999.000,9999.000,9999.000,9999.000
202606092012,   1.837,   1.118,9999.000,9999.000,9999.000,9999.000,9999.000,9999.000,9999.000
202606092018,   1.847,   1.138,9999.000,9999.000,9999.000,9999.000,9999.000,9999.000,9999.000
202606092024,   1.858,   1.151,9999.000,9999.000,9999.000,9999.000,9999.000,9999.000,9999.000
202606092030,   1.870,   1.190,9999.000,9999.000,9999.000,9999.000,9999.000,9999.000,9999.000
202606092036,   1.883,   1.229,9999.000,9999.000,9999.000,9999.000,9999.000,9999.000,9999.000
202606092042,   1.897,   1.170,9999.000,9999.000,9999.000,9999.000,9999.000,9999.000,9999.000
202606092048,   1.911,   1.151,9999.000,9999.000,9999.000,9999.000,9999.000,9999.000,9999.000
202606092054,   1.927,   1.138,9999.000,9999.000,9999.000,9999.000,9999.000,9999.000,9999.000
202606092100,   1.943,   1.161,  -0.100,  -0.682,   1.161,  -0.100,   1.161,  -0.100,   1.161
202606092106,   1.959,   1.180,9999.000,9999.000,9999.000,9999.000,9999.000,9999.000,9999.000
202606092112,   1.976,   1.220,9999.000,9999.000,9999.000,9999.000,9999.000,9999.000,9999.000
202606092118,   1.994,   1.210,9999.000,9999.000,9999.000,9999.000,9999.000,9999.000,9999.000
202606092124,   2.012,   1.151,9999.000,9999.000,9999.000,9999.000,9999.000,9999.000,9999.000
202606092130,   2.030,   1.161,9999.000,9999.000,9999.000,9999.000,9999.000,9999.000,9999.000
202606092136,   2.048,   1.229,9999.000,9999.000,9999.000,9999.000,9999.000,9999.000,9999.000
202606092142,   2.066,   1.239,9999.000,9999.000,9999.000,9999.000,9999.000,9999.000,9999.000
202606092148,   2.084,   1.170,9999.000,9999.000,9999.000,9999.000,9999.000,9999.000,9999.000
202606092154,   2.103,   1.079,9999.000,9999.000,9999.000,9999.000,9999.000,9999.000,9999.000
202606092200,   2.122,   1.108,  -0.100,  -0.914,   1.108,  -0.100,   1.108,  -0.100,   1.108
202606092206,   2.141,   1.161,9999.000,9999.000,9999.000,9999.000,9999.000,9999.000,9999.000
202606092212,   2.159,   1.180,9999.000,9999.000,9999.000,9999.000,9999.000,9999.000,9999.000
202606092218,   2.178,   1.180,9999.000,9999.000,9999.000,9999.000,9999.000,9999.000,9999.000
202606092224,   2.197,   1.138,9999.000,9999.000,9999.000,9999.000,9999.000,9999.000,9999.000
202606092230,   2.217,   1.128,9999.000,9999.000,9999.000,9999.000,9999.000,9999.000,9999.000
202606092236,   2.236,   1.170,9999.000,9999.000,9999.000,9999.000,9999.000,9999.000,9999.000
202606092242,   2.255,   1.118,9999.000,9999.000,9999.000,9999.000,9999.000,9999.000,9999.000
202606092248,   2.274,   1.098,9999.000,9999.000,9999.000,9999.000,9999.000,9999.000,9999.000
202606092254,   2.293,   1.059,9999.000,9999.000,9999.000,9999.000,9999.000,9999.000,9999.000
202606092300,   2.312,   1.039,  -0.100,  -1.173,   1.039,  -0.200,   0.939,  -0.100,   1.039
202606092306,   2.331,   1.108,9999.000,9999.000,9999.000,9999.000,9999.000,9999.000,9999.000
202606092312,   2.349,   1.079,9999.000,9999.000,9999.000,9999.000,9999.000,9999.000,9999.000
202606092318,   2.367,   1.020,9999.000,9999.000,9999.000,9999.000,9999.000,9999.000,9999.000
202606092324,   2.384,   1.000,9999.000,9999.000,9999.000,9999.000,9999.000,9999.000,9999.000
202606092330,   2.401,   1.010,9999.000,9999.000,9999.000,9999.000,9999.000,9999.000,9999.000
202606092336,   2.417,   0.980,9999.000,9999.000,9999.000,9999.000,9999.000,9999.000,9999.000
202606092342,   2.433,   0.980,9999.000,9999.000,9999.000,9999.000,9999.000,9999.000,9999.000
202606092348,   2.447,   1.059,9999.000,9999.000,9999.000,9999.000,9999.000,9999.000,9999.000
202606092354,   2.461,   1.029,9999.000,9999.000,9999.000,9999.000,9999.000,9999.000,9999.000
202606100000,   2.474,   0.941,  -0.100,  -1.433,   0.941,  -0.100,   0.941,  -0.100,   0.941
202606100006,   2.485,   0.898,9999.000,9999.000,9999.000,9999.000,9999.000,9999.000,9999.000
202606100012,   2.496,   0.908,9999.000,9999.000,9999.000,9999.000,9999.000,9999.000,9999.000
202606100018,   2.506,   0.928,9999.000,9999.000,9999.000,9999.000,9999.000,9999.000,9999.000
202606100024,   2.515,   0.888,9999.000,9999.000,9999.000,9999.000,9999.000,9999.000,9999.000
202606100030,   2.523,   0.849,9999.000,9999.000,9999.000,9999.000,9999.000,9999.000,9999.000
202606100036,   2.530,   0.829,9999.000,9999.000,9999.000,9999.000,9999.000,9999.000,9999.000
202606100042,   2.536,   0.829,9999.000,9999.000,9999.000,9999.000,9999.000,9999.000,9999.000
202606100048,   2.542,   0.839,9999.000,9999.000,9999.000,9999.000,9999.000,9999.000,9999.000
202606100054,   2.548,   0.829,9999.000,9999.000,9999.000,9999.000,9999.000,9999.000,9999.000
202606100100,   2.553,   0.829,  -0.100,  -1.624,   0.829,  -0.100,   0.829,  -0.100,   0.829
202606100106,   2.559,   0.780,9999.000,9999.000,9999.000,9999.000,9999.000,9999.000,9999.000
202606100112,   2.564,   0.760,9999.000,9999.000,9999.000,9999.000,9999.000,9999.000,9999.000
202606100118,   2.570,   0.800,9999.000,9999.000,9999.000,9999.000,9999.000,9999.000,9999.000
202606100124,   2.576,   0.869,9999.000,9999.000,9999.000,9999.000,9999.000,9999.000,9999.000
202606100130,   2.583,   0.770,9999.000,9999.000,9999.000,9999.000,9999.000,9999.000,9999.000
202606100136,   2.591,   0.731,9999.000,9999.000,9999.000,9999.000,9999.000,9999.000,9999.000
202606100142,   2.599,   0.751,9999.000,9999.000,9999.000,9999.000,9999.000,9999.000,9999.000
202606100148,   2.609,   0.731,9999.000,9999.000,9999.000,9999.000,9999.000,9999.000,9999.000
202606100154,   2.620,   0.760,9999.000,9999.000,9999.000,9999.000,9999.000,9999.000,9999.000
202606100200,   2.632,   0.760,  -0.100,  -1.772,   0.760,  -0.100,   0.760,  -0.100,   0.760
202606100206,   2.645,   0.731,9999.000,9999.000,9999.000,9999.000,9999.000,9999.000,9999.000
202606100212,   2.660,   0.708,9999.000,9999.000,9999.000,9999.000,9999.000,9999.000,9999.000
202606100218,   2.675,   0.780,9999.000,9999.000,9999.000,9999.000,9999.000,9999.000,9999.000
202606100224,   2.692,   0.819,9999.000,9999.000,9999.000,9999.000,9999.000,9999.000,9999.000
202606100230,   2.710,   0.790,9999.000,9999.000,9999.000,9999.000,9999.000,9999.000,9999.000
202606100236,   2.729,   0.810,9999.000,9999.000,9999.000,9999.000,9999.000,9999.000,9999.000
202606100242,   2.749,   0.829,9999.000,9999.000,9999.000,9999.000,9999.000,9999.000,9999.000
202606100248,   2.770,   0.770,9999.000,9999.000,9999.000,9999.000,9999.000,9999.000,9999.000
202606100254,   2.791,   0.741,9999.000,9999.000,9999.000,9999.000,9999.000,9999.000,9999.000
202606100300,   2.812,   0.718,  -0.100,  -1.994,   0.718,  -0.200,   0.618,  -0.100,   0.718
202606100306,   2.834,   0.649,9999.000,9999.000,9999.000,9999.000,9999.000,9999.000,9999.000
202606100312,   2.857,   0.731,9999.000,9999.000,9999.000,9999.000,9999.000,9999.000,9999.000
202606100318,   2.879,   0.859,9999.000,9999.000,9999.000,9999.000,9999.000,9999.000,9999.000
202606100324,   2.901,   0.869,9999.000,9999.000,9999.000,9999.000,9999.000,9999.000,9999.000
202606100330,   2.923,   0.829,9999.000,9999.000,9999.000,9999.000,9999.000,9999.000,9999.000
202606100336,   2.944,   0.829,9999.000,9999.000,9999.000,9999.000,9999.000,9999.000,9999.000
202606100342,   2.965,   0.879,9999.000,9999.000,9999.000,9999.000,9999.000,9999.000,9999.000
202606100348,   2.986,   0.898,9999.000,9999.000,9999.000,9999.000,9999.000,9999.000,9999.000
202606100354,   3.006,   0.908,9999.000,9999.000,9999.000,9999.000,9999.000,9999.000,9999.000
202606100400,   3.025,   0.888,  -0.100,  -2.037,   0.888,  -0.200,   0.788,  -0.100,   0.888
202606100406,   3.043,   0.879,9999.000,9999.000,9999.000,9999.000,9999.000,9999.000,9999.000
202606100412,   3.061,   0.898,9999.000,9999.000,9999.000,9999.000,9999.000,9999.000,9999.000
202606100418,   3.077,   1.000,9999.000,9999.000,9999.000,9999.000,9999.000,9999.000,9999.000
202606100424,   3.093,   1.079,9999.000,9999.000,9999.000,9999.000,9999.000,9999.000,9999.000
202606100430,   3.108,   1.039,9999.000,9999.000,9999.000,9999.000,9999.000,9999.000,9999.000
202606100436,   3.122,   1.088,9999.000,9999.000,9999.000,9999.000,9999.000,9999.000,9999.000
202606100442,   3.135,   1.098,9999.000,9999.000,9999.000,9999.000,9999.000,9999.000,9999.000
202606100448,   3.147,   1.138,9999.000,9999.000,9999.000,9999.000,9999.000,9999.000,9999.000
202606100454,   3.158,   1.190,9999.000,9999.000,9999.000,9999.000,9999.000,9999.000,9999.000
202606100500,   3.168,   1.190,  -0.100,  -1.878,   1.190,  -0.200,   1.090,  -0.100,   1.190
202606100506,   3.176,   1.210,9999.000,9999.000,9999.000,9999.000,9999.000,9999.000,9999.000
202606100512,   3.183,   1.229,9999.000,9999.000,9999.000,9999.000,9999.000,9999.000,9999.000
202606100518,   3.189,   1.308,9999.000,9999.000,9999.000,9999.000,9999.000,9999.000,9999.000
202606100524,   3.193,   1.371,9999.000,9999.000,9999.000,9999.000,9999.000,9999.000,9999.000
202606100530,   3.195,   1.390,9999.000,9999.000,9999.000,9999.000,9999.000,9999.000,9999.000
202606100536,   3.196,   1.390,9999.000,9999.000,9999.000,9999.000,9999.000,9999.000,9999.000
202606100542,   3.195,   1.390,9999.000,9999.000,9999.000,9999.000,9999.000,9999.000,9999.000
202606100548,   3.192,   1.449,9999.000,9999.000,9999.000,9999.000,9999.000,9999.000,9999.000
202606100554,   3.187,   1.571,9999.000,9999.000,9999.000,9999.000,9999.000,9999.000,9999.000
202606100600,   3.179,   1.649,  -0.300,  -1.230,   1.649,  -0.400,   1.549,  -0.300,   1.649
202606100606,   3.170,   1.610,9999.000,9999.000,9999.000,9999.000,9999.000,9999.000,9999.000
202606100612,   3.158,   1.590,9999.000,9999.000,9999.000,9999.000,9999.000,9999.000,9999.000
202606100618,   3.143,   1.659,9999.000,9999.000,9999.000,9999.000,9999.000,9999.000,9999.000
202606100624,   3.127,   1.639,9999.000,9999.000,9999.000,9999.000,9999.000,9999.000,9999.000
202606100630,   3.108,   1.708,9999.000,9999.000,9999.000,9999.000,9999.000,9999.000,9999.000
202606100636,   3.087,   1.800,9999.000,9999.000,9999.000,9999.000,9999.000,9999.000,9999.000
202606100642,   3.064,   1.869,9999.000,9999.000,9999.000,9999.000,9999.000,9999.000,9999.000
202606100648,   3.039,   1.899,9999.000,9999.000,9999.000,9999.000,9999.000,9999.000,9999.000
202606100654,   3.011,   1.918,9999.000,9999.000,9999.000,9999.000,9999.000,9999.000,9999.000
202606100700,   2.983,   2.010,  -0.300,  -0.673,   2.010,  -0.400,   1.910,  -0.300,   2.010
202606100706,   2.952,   2.010,9999.000,9999.000,9999.000,9999.000,9999.000,9999.000,9999.000
202606100712,   2.920,   2.010,9999.000,9999.000,9999.000,9999.000,9999.000,9999.000,9999.000
202606100718,   2.888,   2.000,9999.000,9999.000,9999.000,9999.000,9999.000,9999.000,9999.000
202606100724,   2.854,   2.040,9999.000,9999.000,9999.000,9999.000,9999.000,9999.000,9999.000
202606100730,   2.819,   2.069,9999.000,9999.000,9999.000,9999.000,9999.000,9999.000,9999.000
202606100736,   2.785,   2.128,9999.000,9999.000,9999.000,9999.000,9999.000,9999.000,9999.000
202606100742,   2.750,   2.220,9999.000,9999.000,9999.000,9999.000,9999.000,9999.000,9999.000
202606100748,   2.714,   2.259,9999.000,9999.000,9999.000,9999.000,9999.000,9999.000,9999.000
202606100754,   2.680,   2.210,9999.000,9999.000,9999.000,9999.000,9999.000,9999.000,9999.000
202606100800,   2.645,   2.269,  -0.400,   0.024,   2.269,  -0.400,   2.269,  -0.300,   2.369
202606100806,   2.611,   2.338,9999.000,9999.000,9999.000,9999.000,9999.000,9999.000,9999.000
202606100812,   2.578,   2.309,9999.000,9999.000,9999.000,9999.000,9999.000,9999.000,9999.000
202606100818,   2.546,   2.299,9999.000,9999.000,9999.000,9999.000,9999.000,9999.000,9999.000
202606100824,   2.514,   2.400,9999.000,9999.000,9999.000,9999.000,9999.000,9999.000,9999.000
202606100830,   2.483,   2.410,9999.000,9999.000,9999.000,9999.000,9999.000,9999.000,9999.000
202606100836,   2.453,   2.400,9999.000,9999.000,9999.000,9999.000,9999.000,9999.000,9999.000
202606100842,   2.425,   2.459,9999.000,9999.000,9999.000,9999.000,9999.000,9999.000,9999.000
202606100848,   2.396,   2.489,9999.000,9999.000,9999.000,9999.000,9999.000,9999.000,9999.000
202606100854,   2.369,   2.499,9999.000,9999.000,9999.000,9999.000,9999.000,9999.000,9999.000
202606100900,   2.342,   2.499,  -0.400,   0.557,   2.499,  -0.400,   2.499,  -0.300,   2.599
202606100906,   2.316,   2.528,9999.000,9999.000,9999.000,9999.000,9999.000,9999.000,9999.000
202606100912,   2.291,   2.548,9999.000,9999.000,9999.000,9999.000,9999.000,9999.000,9999.000
202606100918,   2.266,   2.509,9999.000,9999.000,9999.000,9999.000,9999.000,9999.000,9999.000
202606100924,   2.241,   2.489,9999.000,9999.000,9999.000,9999.000,9999.000,9999.000,9999.000
202606100930,   2.217,   2.558,9999.000,9999.000,9999.000,9999.000,9999.000,9999.000,9999.000
202606100936,   2.192,   2.578,9999.000,9999.000,9999.000,9999.000,9999.000,9999.000,9999.000
202606100942,   2.168,   2.558,9999.000,9999.000,9999.000,9999.000,9999.000,9999.000,9999.000
202606100948,   2.143,   2.558,9999.000,9999.000,9999.000,9999.000,9999.000,9999.000,9999.000
202606100954,   2.119,   2.610,9999.000,9999.000,9999.000,9999.000,9999.000,9999.000,9999.000
202606101000,   2.094,   2.578,  -0.400,   0.884,   2.578,  -0.400,   2.578,  -0.400,   2.578
202606101006,   2.069,   2.479,9999.000,9999.000,9999.000,9999.000,9999.000,9999.000,9999.000
202606101012,   2.043,   2.430,9999.000,9999.000,9999.000,9999.000,9999.000,9999.000,9999.000
202606101018,   2.018,   2.469,9999.000,9999.000,9999.000,9999.000,9999.000,9999.000,9999.000
202606101024,   1.992,   2.519,9999.000,9999.000,9999.000,9999.000,9999.000,9999.000,9999.000
202606101030,   1.966,   2.469,9999.000,9999.000,9999.000,9999.000,9999.000,9999.000,9999.000
202606101036,   1.939,   2.499,9999.000,9999.000,9999.000,9999.000,9999.000,9999.000,9999.000
202606101042,   1.912,   2.558,9999.000,9999.000,9999.000,9999.000,9999.000,9999.000,9999.000
202606101048,   1.885,   2.479,9999.000,9999.000,9999.000,9999.000,9999.000,9999.000,9999.000
202606101054,   1.858,   2.368,9999.000,9999.000,9999.000,9999.000,9999.000,9999.000,9999.000
202606101100,   1.830,   2.348,  -0.400,   0.918,   2.348,  -0.400,   2.348,  -0.400,   2.348
202606101106,   1.802,   2.368,9999.000,9999.000,9999.000,9999.000,9999.000,9999.000,9999.000
202606101112,   1.773,   2.318,9999.000,9999.000,9999.000,9999.000,9999.000,9999.000,9999.000
202606101118,   1.745,   2.328,9999.000,9999.000,9999.000,9999.000,9999.000,9999.000,9999.000
202606101124,   1.716,   2.328,9999.000,9999.000,9999.000,9999.000,9999.000,9999.000,9999.000
202606101130,   1.687,   2.259,9999.000,9999.000,9999.000,9999.000,9999.000,9999.000,9999.000
202606101136,   1.657,   2.279,9999.000,9999.000,9999.000,9999.000,9999.000,9999.000,9999.000
202606101142,   1.627,   2.250,9999.000,9999.000,9999.000,9999.000,9999.000,9999.000,9999.000
202606101148,   1.596,   2.200,9999.000,9999.000,9999.000,9999.000,9999.000,9999.000,9999.000
202606101154,   1.564,   2.177,9999.000,9999.000,9999.000,9999.000,9999.000,9999.000,9999.000
202606101200,   1.532,   2.059,  -0.600,   1.127,   2.059,  -0.600,   2.059,  -0.500,   2.159
202606101206,   1.500,   2.020,9999.000,9999.000,9999.000,9999.000,9999.000,9999.000,9999.000
202606101212,   1.467,   2.059,9999.000,9999.000,9999.000,9999.000,9999.000,9999.000,9999.000
202606101218,   1.433,   2.020,9999.000,9999.000,9999.000,9999.000,9999.000,9999.000,9999.000
202606101224,   1.398,   1.928,9999.000,9999.000,9999.000,9999.000,9999.000,9999.000,9999.000
202606101230,   1.363,   1.849,9999.000,9999.000,9999.000,9999.000,9999.000,9999.000,9999.000
202606101236,   1.326,   1.820,9999.000,9999.000,9999.000,9999.000,9999.000,9999.000,9999.000
202606101242,   1.290,   1.781,9999.000,9999.000,9999.000,9999.000,9999.000,9999.000,9999.000
202606101248,   1.253,   1.781,9999.000,9999.000,9999.000,9999.000,9999.000,9999.000,9999.000
202606101254,   1.215,   1.738,9999.000,9999.000,9999.000,9999.000,9999.000,9999.000,9999.000
202606101300,   1.178,   1.708,  -0.600,   1.130,   1.708,  -0.600,   1.708,  -0.500,   1.808
202606101306,   1.140,   1.630,9999.000,9999.000,9999.000,9999.000,9999.000,9999.000,9999.000
202606101312,   1.102,   1.528,9999.000,9999.000,9999.000,9999.000,9999.000,9999.000,9999.000
202606101318,   1.065,   1.528,9999.000,9999.000,9999.000,9999.000,9999.000,9999.000,9999.000
202606101324,   1.028,   1.518,9999.000,9999.000,9999.000,9999.000,9999.000,9999.000,9999.000
202606101330,   0.991,   1.420,9999.000,9999.000,9999.000,9999.000,9999.000,9999.000,9999.000
202606101336,   0.956,   1.259,9999.000,9999.000,9999.000,9999.000,9999.000,9999.000,9999.000
202606101342,   0.922,   1.298,9999.000,9999.000,9999.000,9999.000,9999.000,9999.000,9999.000
202606101348,   0.889,   1.298,9999.000,9999.000,9999.000,9999.000,9999.000,9999.000,9999.000
202606101354,   0.858,   1.239,9999.000,9999.000,9999.000,9999.000,9999.000,9999.000,9999.000
202606101400,   0.828,   1.170,  -0.600,   0.942,   1.170,  -0.600,   1.170,  -0.600,   1.170
202606101406,   0.800,   1.088,9999.000,9999.000,9999.000,9999.000,9999.000,9999.000,9999.000
202606101412,   0.775,   1.020,9999.000,9999.000,9999.000,9999.000,9999.000,9999.000,9999.000
202606101418,   0.751,   0.951,9999.000,9999.000,9999.000,9999.000,9999.000,9999.000,9999.000
202606101424,   0.730,   0.951,9999.000,9999.000,9999.000,9999.000,9999.000,9999.000,9999.000
202606101430,   0.711,   0.918,9999.000,9999.000,9999.000,9999.000,9999.000,9999.000,9999.000
202606101436,   0.694,   0.859,9999.000,9999.000,9999.000,9999.000,9999.000,9999.000,9999.000
202606101442,   0.680,   0.800,9999.000,9999.000,9999.000,9999.000,9999.000,9999.000,9999.000
202606101448,   0.668,   0.770,9999.000,9999.000,9999.000,9999.000,9999.000,9999.000,9999.000
202606101454,   0.658,   0.731,9999.000,9999.000,9999.000,9999.000,9999.000,9999.000,9999.000
202606101500,   0.650,   0.708,  -0.600,   0.658,   0.708,  -0.600,   0.708,  -0.600,   0.708
202606101506,   0.645,   0.639,9999.000,9999.000,9999.000,9999.000,9999.000,9999.000,9999.000
202606101512,   0.641,   0.551,9999.000,9999.000,9999.000,9999.000,9999.000,9999.000,9999.000
202606101518,   0.640,   0.488,9999.000,9999.000,9999.000,9999.000,9999.000,9999.000,9999.000
202606101524,   0.640,   0.439,9999.000,9999.000,9999.000,9999.000,9999.000,9999.000,9999.000
202606101530,   0.641,   0.488,9999.000,9999.000,9999.000,9999.000,9999.000,9999.000,9999.000
202606101536,   0.644,   0.488,9999.000,9999.000,9999.000,9999.000,9999.000,9999.000,9999.000
202606101542,   0.649,   0.429,9999.000,9999.000,9999.000,9999.000,9999.000,9999.000,9999.000
202606101548,   0.654,   0.308,9999.000,9999.000,9999.000,9999.000,9999.000,9999.000,9999.000
202606101554,   0.661,   0.278,9999.000,9999.000,9999.000,9999.000,9999.000,9999.000,9999.000
202606101600,   0.669,   0.331,  -0.600,   0.262,   0.331,  -0.600,   0.331,  -0.600,   0.331
202606101606,   0.677,   0.288,9999.000,9999.000,9999.000,9999.000,9999.000,9999.000,9999.000
202606101612,   0.686,   0.180,9999.000,9999.000,9999.000,9999.000,9999.000,9999.000,9999.000
202606101618,   0.696,   0.200,9999.000,9999.000,9999.000,9999.000,9999.000,9999.000,9999.000
202606101624,   0.707,   0.190,9999.000,9999.000,9999.000,9999.000,9999.000,9999.000,9999.000
202606101630,   0.718,   0.121,9999.000,9999.000,9999.000,9999.000,9999.000,9999.000,9999.000
202606101636,   0.730,   0.121,9999.000,9999.000,9999.000,9999.000,9999.000,9999.000,9999.000
202606101642,   0.742,   0.180,9999.000,9999.000,9999.000,9999.000,9999.000,9999.000,9999.000
202606101648,   0.755,   0.141,9999.000,9999.000,9999.000,9999.000,9999.000,9999.000,9999.000
202606101654,   0.769,   0.049,9999.000,9999.000,9999.000,9999.000,9999.000,9999.000,9999.000
202606101700,   0.783,   0.059,  -0.600,  -0.124,   0.059,  -0.600,   0.059,  -0.600,   0.059
202606101706,   0.797,   0.121,9999.000,9999.000,9999.000,9999.000,9999.000,9999.000,9999.000
202606101712,   0.812,   0.111,9999.000,9999.000,9999.000,9999.000,9999.000,9999.000,9999.000
202606101718,   0.827,   0.068,9999.000,9999.000,9999.000,9999.000,9999.000,9999.000,9999.000
202606101724,   0.843,   0.009,9999.000,9999.000,9999.000,9999.000,9999.000,9999.000,9999.000
202606101730,   0.859,   0.009,9999.000,9999.000,9999.000,9999.000,9999.000,9999.000,9999.000
202606101736,   0.875,   0.049,9999.000,9999.000,9999.000,9999.000,9999.000,9999.000,9999.000
202606101742,   0.891,   0.078,9999.000,9999.000,9999.000,9999.000,9999.000,9999.000,9999.000
202606101748,   0.907,   0.078,9999.000,9999.000,9999.000,9999.000,9999.000,9999.000,9999.000
202606101754,   0.924,   0.068,9999.000,9999.000,9999.000,9999.000,9999.000,9999.000,9999.000
202606101800,   0.940,   0.068,  -0.500,  -0.372,   0.068,  -0.500,   0.068,  -0.500,   0.068
202606101806,   0.956,   0.059,9999.000,9999.000,9999.000,9999.000,9999.000,9999.000,9999.000
202606101812,   0.971,   0.039,9999.000,9999.000,9999.000,9999.000,9999.000,9999.000,9999.000
202606101818,   0.987,   0.078,9999.000,9999.000,9999.000,9999.000,9999.000,9999.000,9999.000
202606101824,   1.001,   0.059,9999.000,9999.000,9999.000,9999.000,9999.000,9999.000,9999.000
202606101830,   1.016,   0.078,9999.000,9999.000,9999.000,9999.000,9999.000,9999.000,9999.000
202606101836,   1.029,   0.150,9999.000,9999.000,9999.000,9999.000,9999.000,9999.000,9999.000
202606101842,   1.042,   0.200,9999.000,9999.000,9999.000,9999.000,9999.000,9999.000,9999.000
202606101848,   1.054,   0.141,9999.000,9999.000,9999.000,9999.000,9999.000,9999.000,9999.000
202606101854,   1.066,   0.150,9999.000,9999.000,9999.000,9999.000,9999.000,9999.000,9999.000
202606101900,   1.077,   0.150,  -0.500,  -0.427,   0.150,  -0.500,   0.150,  -0.500,   0.150
202606101906,   1.087,   0.190,9999.000,9999.000,9999.000,9999.000,9999.000,9999.000,9999.000
202606101912,   1.097,   0.170,9999.000,9999.000,9999.000,9999.000,9999.000,9999.000,9999.000
202606101918,   1.107,   0.170,9999.000,9999.000,9999.000,9999.000,9999.000,9999.000,9999.000
202606101924,   1.116,   0.268,9999.000,9999.000,9999.000,9999.000,9999.000,9999.000,9999.000
202606101930,   1.125,   0.259,9999.000,9999.000,9999.000,9999.000,9999.000,9999.000,9999.000
202606101936,   1.135,   0.249,9999.000,9999.000,9999.000,9999.000,9999.000,9999.000,9999.000
202606101942,   1.145,   0.249,9999.000,9999.000,9999.000,9999.000,9999.000,9999.000,9999.000
202606101948,   1.155,   0.308,9999.000,9999.000,9999.000,9999.000,9999.000,9999.000,9999.000
202606101954,   1.166,   0.341,9999.000,9999.000,9999.000,9999.000,9999.000,9999.000,9999.000
202606102000,   1.179,   0.288,  -0.500,  -0.391,   0.288,  -0.500,   0.288,  -0.500,   0.288
202606102006,   1.192,   0.321,9999.000,9999.000,9999.000,9999.000,9999.000,9999.000,9999.000
202606102012,   1.206,   0.350,9999.000,9999.000,9999.000,9999.000,9999.000,9999.000,9999.000
202606102018,   1.222,   0.341,9999.000,9999.000,9999.000,9999.000,9999.000,9999.000,9999.000
202606102024,   1.240,   0.370,9999.000,9999.000,9999.000,9999.000,9999.000,9999.000,9999.000
202606102030,   1.259,   0.400,9999.000,9999.000,9999.000,9999.000,9999.000,9999.000,9999.000
202606102036,   1.280,   0.380,9999.000,9999.000,9999.000,9999.000,9999.000,9999.000,9999.000
202606102042,   1.303,   0.390,9999.000,9999.000,9999.000,9999.000,9999.000,9999.000,9999.000
202606102048,   1.327,   0.469,9999.000,9999.000,9999.000,9999.000,9999.000,9999.000,9999.000
202606102054,   1.354,   0.488,9999.000,9999.000,9999.000,9999.000,9999.000,9999.000,9999.000
202606102100,   1.382,   0.478,  -0.500,  -0.404,   0.478,  -0.500,   0.478,  -0.500,   0.478
202606102106,   1.412,   0.459,9999.000,9999.000,9999.000,9999.000,9999.000,9999.000,9999.000
202606102112,   1.444,   0.478,9999.000,9999.000,9999.000,9999.000,9999.000,9999.000,9999.000
202606102118,   1.478,   0.531,9999.000,9999.000,9999.000,9999.000,9999.000,9999.000,9999.000
202606102124,   1.512,   0.590,9999.000,9999.000,9999.000,9999.000,9999.000,9999.000,9999.000
202606102130,   1.549,   0.590,9999.000,9999.000,9999.000,9999.000,9999.000,9999.000,9999.000
202606102136,   1.586,   0.541,9999.000,9999.000,9999.000,9999.000,9999.000,9999.000,9999.000
202606102142,   1.624,   0.580,9999.000,9999.000,9999.000,9999.000,9999.000,9999.000,9999.000
202606102148,   1.663,   0.639,9999.000,9999.000,9999.000,9999.000,9999.000,9999.000,9999.000
202606102154,   1.703,   0.688,9999.000,9999.000,9999.000,9999.000,9999.000,9999.000,9999.000
202606102200,   1.744,   0.731,  -0.500,  -0.513,   0.731,  -0.500,   0.731,  -0.500,   0.731
202606102206,   1.784,   0.698,9999.000,9999.000,9999.000,9999.000,9999.000,9999.000,9999.000
202606102212,   1.825,   0.669,9999.000,9999.000,9999.000,9999.000,9999.000,9999.000,9999.000
202606102218,   1.866,   0.659,9999.000,9999.000,9999.000,9999.000,9999.000,9999.000,9999.000
202606102224,   1.908,   0.731,9999.000,9999.000,9999.000,9999.000,9999.000,9999.000,9999.000
202606102230,   1.949,   0.751,9999.000,9999.000,9999.000,9999.000,9999.000,9999.000,9999.000
202606102236,   1.990,   0.741,9999.000,9999.000,9999.000,9999.000,9999.000,9999.000,9999.000
202606102242,   2.031,   0.780,9999.000,9999.000,9999.000,9999.000,9999.000,9999.000,9999.000
202606102248,   2.072,   0.780,9999.000,9999.000,9999.000,9999.000,9999.000,9999.000,9999.000
202606102254,   2.112,   0.780,9999.000,9999.000,9999.000,9999.000,9999.000,9999.000,9999.000
202606102300,   2.153,   0.859,  -0.600,  -0.694,   0.859,  -0.600,   0.859,  -0.500,   0.959
202606102306,   2.193,   0.859,9999.000,9999.000,9999.000,9999.000,9999.000,9999.000,9999.000
202606102312,   2.232,   0.800,9999.000,9999.000,9999.000,9999.000,9999.000,9999.000,9999.000
202606102318,   2.272,   0.790,9999.000,9999.000,9999.000,9999.000,9999.000,9999.000,9999.000
202606102324,   2.310,   0.849,9999.000,9999.000,9999.000,9999.000,9999.000,9999.000,9999.000
202606102330,   2.349,   0.869,9999.000,9999.000,9999.000,9999.000,9999.000,9999.000,9999.000
202606102336,   2.387,   0.879,9999.000,9999.000,9999.000,9999.000,9999.000,9999.000,9999.000
202606102342,   2.425,   0.928,9999.000,9999.000,9999.000,9999.000,9999.000,9999.000,9999.000
202606102348,   2.462,   0.869,9999.000,9999.000,9999.000,9999.000,9999.000,9999.000,9999.000
202606102354,   2.499,   0.888,9999.000,9999.000,9999.000,9999.000,9999.000,9999.000,9999.000
202606110000,   2.535,   0.951,  -0.500,  -1.084,   0.951,  -0.500,   0.951,  -0.400,   1.051
202606110006,   2.570,   0.970,9999.000,9999.000,9999.000,9999.000,9999.000,9999.000,9999.000
202606110012,   2.604,   0.961,9999.000,9999.000,9999.000,9999.000,9999.000,9999.000,9999.000
202606110018,   2.638,   0.898,9999.000,9999.000,9999.000,9999.000,9999.000,9999.000,9999.000
202606110024,   2.671,   0.908,9999.000,9999.000,9999.000,9999.000,9999.000,9999.000,9999.000
202606110030,   2.702,   0.961,9999.000,9999.000,9999.000,9999.000,9999.000,9999.000,9999.000
202606110036,   2.733,   0.980,9999.000,9999.000,9999.000,9999.000,9999.000,9999.000,9999.000
202606110042,   2.762,   0.980,9999.000,9999.000,9999.000,9999.000,9999.000,9999.000,9999.000
202606110048,   2.790,   0.928,9999.000,9999.000,9999.000,9999.000,9999.000,9999.000,9999.000
202606110054,   2.817,   0.928,9999.000,9999.000,9999.000,9999.000,9999.000,9999.000,9999.000
202606110100,   2.843,   0.941,  -0.500,  -1.402,   0.941,  -0.500,   0.941,  -0.400,   1.041
202606110106,   2.868,   1.020,9999.000,9999.000,9999.000,9999.000,9999.000,9999.000,9999.000
202606110112,   2.891,   1.039,9999.000,9999.000,9999.000,9999.000,9999.000,9999.000,9999.000
202606110118,   2.914,   1.020,9999.000,9999.000,9999.000,9999.000,9999.000,9999.000,9999.000
202606110124,   2.935,   1.010,9999.000,9999.000,9999.000,9999.000,9999.000,9999.000,9999.000
202606110130,   2.956,   0.990,9999.000,9999.000,9999.000,9999.000,9999.000,9999.000,9999.000
202606110136,   2.975,   1.039,9999.000,9999.000,9999.000,9999.000,9999.000,9999.000,9999.000
202606110142,   2.994,   1.059,9999.000,9999.000,9999.000,9999.000,9999.000,9999.000,9999.000
202606110148,   3.013,   0.980,9999.000,9999.000,9999.000,9999.000,9999.000,9999.000,9999.000
202606110154,   3.031,   0.970,9999.000,9999.000,9999.000,9999.000,9999.000,9999.000,9999.000
202606110200,   3.049,   1.000,  -0.500,  -1.549,   1.000,  -0.500,   1.000,  -0.400,   1.100
202606110206,   3.067,   1.010,9999.000,9999.000,9999.000,9999.000,9999.000,9999.000,9999.000
202606110212,   3.084,   1.059,9999.000,9999.000,9999.000,9999.000,9999.000,9999.000,9999.000
202606110218,   3.103,   1.118,9999.000,9999.000,9999.000,9999.000,9999.000,9999.000,9999.000
202606110224,   3.121,   1.128,9999.000,9999.000,9999.000,9999.000,9999.000,9999.000,9999.000
202606110230,   3.140,   1.059,9999.000,9999.000,9999.000,9999.000,9999.000,9999.000,9999.000
202606110236,   3.159,   1.098,9999.000,9999.000,9999.000,9999.000,9999.000,9999.000,9999.000
202606110242,   3.179,   1.118,9999.000,9999.000,9999.000,9999.000,9999.000,9999.000,9999.000
202606110248,   3.200,   1.108,9999.000,9999.000,9999.000,9999.000,9999.000,9999.000,9999.000
202606110254,   3.221,   1.079,9999.000,9999.000,9999.000,9999.000,9999.000,9999.000,9999.000
202606110300,   3.243,   1.098,  -0.500,  -1.645,   1.098,  -0.500,   1.098,  -0.500,   1.098
202606110306,   3.265,   1.118,9999.000,9999.000,9999.000,9999.000,9999.000,9999.000,9999.000
202606110312,   3.288,   1.151,9999.000,9999.000,9999.000,9999.000,9999.000,9999.000,9999.000
202606110318,   3.311,   1.220,9999.000,9999.000,9999.000,9999.000,9999.000,9999.000,9999.000
202606110324,   3.334,   1.210,9999.000,9999.000,9999.000,9999.000,9999.000,9999.000,9999.000
202606110330,   3.358,   1.151,9999.000,9999.000,9999.000,9999.000,9999.000,9999.000,9999.000
202606110336,   3.381,   1.190,9999.000,9999.000,9999.000,9999.000,9999.000,9999.000,9999.000
202606110342,   3.404,   1.220,9999.000,9999.000,9999.000,9999.000,9999.000,9999.000,9999.000
202606110348,   3.427,   1.269,9999.000,9999.000,9999.000,9999.000,9999.000,9999.000,9999.000
202606110354,   3.449,   1.298,9999.000,9999.000,9999.000,9999.000,9999.000,9999.000,9999.000
202606110400,   3.470,   1.298,  -0.500,  -1.672,   1.298,  -0.500,   1.298,  -0.500,   1.298
202606110406,   3.491,   1.269,9999.000,9999.000,9999.000,9999.000,9999.000,9999.000,9999.000
202606110412,   3.510,   1.328,9999.000,9999.000,9999.000,9999.000,9999.000,9999.000,9999.000
202606110418,   3.529,   1.410,9999.000,9999.000,9999.000,9999.000,9999.000,9999.000,9999.000
202606110424,   3.545,   1.430,9999.000,9999.000,9999.000,9999.000,9999.000,9999.000,9999.000
202606110430,   3.561,   1.420,9999.000,9999.000,9999.000,9999.000,9999.000,9999.000,9999.000
202606110436,   3.575,   1.420,9999.000,9999.000,9999.000,9999.000,9999.000,9999.000,9999.000
202606110442,   3.587,   1.469,9999.000,9999.000,9999.000,9999.000,9999.000,9999.000,9999.000
202606110448,   3.598,   1.518,9999.000,9999.000,9999.000,9999.000,9999.000,9999.000,9999.000
202606110454,   3.607,   1.548,9999.000,9999.000,9999.000,9999.000,9999.000,9999.000,9999.000
202606110500,   3.615,   1.538,  -0.500,  -1.577,   1.538,  -0.500,   1.538,  -0.500,   1.538
202606110506,   3.621,   1.528,9999.000,9999.000,9999.000,9999.000,9999.000,9999.000,9999.000
202606110512,   3.625,   1.590,9999.000,9999.000,9999.000,9999.000,9999.000,9999.000,9999.000
202606110518,   3.627,   1.639,9999.000,9999.000,9999.000,9999.000,9999.000,9999.000,9999.000
202606110524,   3.628,   1.689,9999.000,9999.000,9999.000,9999.000,9999.000,9999.000,9999.000
202606110530,   3.628,   1.758,9999.000,9999.000,9999.000,9999.000,9999.000,9999.000,9999.000
202606110536,   3.625,   1.748,9999.000,9999.000,9999.000,9999.000,9999.000,9999.000,9999.000
202606110542,   3.622,   1.781,9999.000,9999.000,9999.000,9999.000,9999.000,9999.000,9999.000
202606110548,   3.616,   1.830,9999.000,9999.000,9999.000,9999.000,9999.000,9999.000,9999.000
202606110554,   3.609,   1.840,9999.000,9999.000,9999.000,9999.000,9999.000,9999.000,9999.000
202606110600,   3.601,   1.830,  -0.500,  -1.271,   1.830,  -0.500,   1.830,  -0.500,   1.830
202606110606,   3.591,   1.849,9999.000,9999.000,9999.000,9999.000,9999.000,9999.000,9999.000
202606110612,   3.579,   1.948,9999.000,9999.000,9999.000,9999.000,9999.000,9999.000,9999.000
202606110618,   3.566,   2.010,9999.000,9999.000,9999.000,9999.000,9999.000,9999.000,9999.000
202606110624,   3.551,   2.049,9999.000,9999.000,9999.000,9999.000,9999.000,9999.000,9999.000
202606110630,   3.535,   2.099,9999.000,9999.000,9999.000,9999.000,9999.000,9999.000,9999.000
202606110636,   3.517,   2.109,9999.000,9999.000,9999.000,9999.000,9999.000,9999.000,9999.000
202606110642,   3.497,   2.138,9999.000,9999.000,9999.000,9999.000,9999.000,9999.000,9999.000
202606110648,   3.475,   2.168,9999.000,9999.000,9999.000,9999.000,9999.000,9999.000,9999.000
202606110654,   3.451,   2.220,9999.000,9999.000,9999.000,9999.000,9999.000,9999.000,9999.000
202606110700,   3.426,   2.230,  -0.500,  -0.696,   2.230,  -0.500,   2.230,  -0.500,   2.230
202606110706,   3.399,   2.250,9999.000,9999.000,9999.000,9999.000,9999.000,9999.000,9999.000
202606110712,   3.370,   2.289,9999.000,9999.000,9999.000,9999.000,9999.000,9999.000,9999.000
202606110718,   3.340,   2.338,9999.000,9999.000,9999.000,9999.000,9999.000,9999.000,9999.000
202606110724,   3.308,   2.377,9999.000,9999.000,9999.000,9999.000,9999.000,9999.000,9999.000
202606110730,   3.274,   2.410,9999.000,9999.000,9999.000,9999.000,9999.000,9999.000,9999.000
202606110736,   3.240,   2.489,9999.000,9999.000,9999.000,9999.000,9999.000,9999.000,9999.000
202606110742,   3.204,   2.509,9999.000,9999.000,9999.000,9999.000,9999.000,9999.000,9999.000
202606110748,   3.167,   2.578,9999.000,9999.000,9999.000,9999.000,9999.000,9999.000,9999.000
202606110754,   3.129,   2.558,9999.000,9999.000,9999.000,9999.000,9999.000,9999.000,9999.000
202606110800,   3.091,   2.568,  -0.500,  -0.023,   2.568,  -0.500,   2.568,  -0.500,   2.568
202606110806,   3.053,   2.587,9999.000,9999.000,9999.000,9999.000,9999.000,9999.000,9999.000
202606110812,   3.014,   2.578,9999.000,9999.000,9999.000,9999.000,9999.000,9999.000,9999.000
202606110818,   2.975,   2.597,9999.000,9999.000,9999.000,9999.000,9999.000,9999.000,9999.000
202606110824,   2.937,   2.660,9999.000,9999.000,9999.000,9999.000,9999.000,9999.000,9999.000
202606110830,   2.899,   2.728,9999.000,9999.000,9999.000,9999.000,9999.000,9999.000,9999.000
202606110836,   2.861,   2.728,9999.000,9999.000,9999.000,9999.000,9999.000,9999.000,9999.000
202606110842,   2.825,   2.778,9999.000,9999.000,9999.000,9999.000,9999.000,9999.000,9999.000
202606110848,   2.789,   2.797,9999.000,9999.000,9999.000,9999.000,9999.000,9999.000,9999.000
202606110854,   2.755,   2.787,9999.000,9999.000,9999.000,9999.000,9999.000,9999.000,9999.000
202606110900,   2.721,   2.787,  -0.500,   0.566,   2.787,  -0.500,   2.787,  -0.500,   2.787
202606110906,   2.689,   2.778,9999.000,9999.000,9999.000,9999.000,9999.000,9999.000,9999.000
202606110912,   2.659,   2.758,9999.000,9999.000,9999.000,9999.000,9999.000,9999.000,9999.000
202606110918,   2.629,   2.807,9999.000,9999.000,9999.000,9999.000,9999.000,9999.000,9999.000
202606110924,   2.601,   2.860,9999.000,9999.000,9999.000,9999.000,9999.000,9999.000,9999.000
202606110930,   2.573,   2.869,9999.000,9999.000,9999.000,9999.000,9999.000,9999.000,9999.000
202606110936,   2.547,   2.879,9999.000,9999.000,9999.000,9999.000,9999.000,9999.000,9999.000
202606110942,   2.522,   2.850,9999.000,9999.000,9999.000,9999.000,9999.000,9999.000,9999.000
202606110948,   2.497,   2.860,9999.000,9999.000,9999.000,9999.000,9999.000,9999.000,9999.000
202606110954,   2.474,   2.860,9999.000,9999.000,9999.000,9999.000,9999.000,9999.000,9999.000
202606111000,   2.450,   2.860,  -0.500,   0.910,   2.860,  -0.600,   2.760,  -0.500,   2.860
202606111006,   2.427,   2.830,9999.000,9999.000,9999.000,9999.000,9999.000,9999.000,9999.000
202606111012,   2.405,   2.830,9999.000,9999.000,9999.000,9999.000,9999.000,9999.000,9999.000
202606111018,   2.382,   2.860,9999.000,9999.000,9999.000,9999.000,9999.000,9999.000,9999.000
202606111024,   2.359,   2.787,9999.000,9999.000,9999.000,9999.000,9999.000,9999.000,9999.000
202606111030,   2.335,   2.748,9999.000,9999.000,9999.000,9999.000,9999.000,9999.000,9999.000
202606111036,   2.312,   2.719,9999.000,9999.000,9999.000,9999.000,9999.000,9999.000,9999.000
202606111042,   2.287,   2.728,9999.000,9999.000,9999.000,9999.000,9999.000,9999.000,9999.000
202606111048,   2.263,   2.719,9999.000,9999.000,9999.000,9999.000,9999.000,9999.000,9999.000
202606111054,   2.237,   2.709,9999.000,9999.000,9999.000,9999.000,9999.000,9999.000,9999.000
202606111100,   2.211,   2.719,  -0.500,   1.008,   2.719,  -0.600,   2.619,  -0.500,   2.719
202606111106,   2.184,   2.699,9999.000,9999.000,9999.000,9999.000,9999.000,9999.000,9999.000
202606111112,   2.156,   2.679,9999.000,9999.000,9999.000,9999.000,9999.000,9999.000,9999.000
202606111118,   2.127,   2.640,9999.000,9999.000,9999.000,9999.000,9999.000,9999.000,9999.000
202606111124,   2.097,   2.597,9999.000,9999.000,9999.000,9999.000,9999.000,9999.000,9999.000
202606111130,   2.066,   2.528,9999.000,9999.000,9999.000,9999.000,9999.000,9999.000,9999.000
202606111136,   2.035,   2.489,9999.000,9999.000,9999.000,9999.000,9999.000,9999.000,9999.000
202606111142,   2.003,   2.499,9999.000,9999.000,9999.000,9999.000,9999.000,9999.000,9999.000
202606111148,   1.970,   2.459,9999.000,9999.000,9999.000,9999.000,9999.000,9999.000,9999.000
202606111154,   1.936,   2.459,9999.000,9999.000,9999.000,9999.000,9999.000,9999.000,9999.000
202606111200,   1.901,   2.400,  -0.600,   0.982,   2.283,  -0.600,   2.283,  -0.600,   2.283
202606111206,   1.866,   2.400,9999.000,9999.000,9999.000,9999.000,9999.000,9999.000,9999.000
202606111212,   1.830,   2.358,9999.000,9999.000,9999.000,9999.000,9999.000,9999.000,9999.000
202606111218,   1.793,   2.250,9999.000,9999.000,9999.000,9999.000,9999.000,9999.000,9999.000
202606111224,   1.755,   2.168,9999.000,9999.000,9999.000,9999.000,9999.000,9999.000,9999.000
202606111230,   1.717,   2.118,9999.000,9999.000,9999.000,9999.000,9999.000,9999.000,9999.000
202606111236,   1.677,   2.069,9999.000,9999.000,9999.000,9999.000,9999.000,9999.000,9999.000
202606111242,   1.637,   1.990,9999.000,9999.000,9999.000,9999.000,9999.000,9999.000,9999.000
202606111248,   1.596,   1.967,9999.000,9999.000,9999.000,9999.000,9999.000,9999.000,9999.000
202606111254,   1.555,   1.938,9999.000,9999.000,9999.000,9999.000,9999.000,9999.000,9999.000
202606111300,   1.512,   1.899,  -0.600,   0.810,   1.722,  -0.600,   1.722,  -0.600,   1.722
202606111306,   1.468,   1.840,9999.000,9999.000,9999.000,9999.000,9999.000,9999.000,9999.000
202606111312,   1.424,   1.767,9999.000,9999.000,9999.000,9999.000,9999.000,9999.000,9999.000
202606111318,   1.379,   1.679,9999.000,9999.000,9999.000,9999.000,9999.000,9999.000,9999.000
202606111324,   1.333,   1.620,9999.000,9999.000,9999.000,9999.000,9999.000,9999.000,9999.000
202606111330,   1.287,   1.571,9999.000,9999.000,9999.000,9999.000,9999.000,9999.000,9999.000
202606111336,   1.240,   1.479,9999.000,9999.000,9999.000,9999.000,9999.000,9999.000,9999.000
202606111342,   1.193,   1.410,9999.000,9999.000,9999.000,9999.000,9999.000,9999.000,9999.000
202606111348,   1.145,   1.348,9999.000,9999.000,9999.000,9999.000,9999.000,9999.000,9999.000
202606111354,   1.097,   1.308,9999.000,9999.000,9999.000,9999.000,9999.000,9999.000,9999.000
202606111400,   1.049,   1.239,  -0.600,   0.599,   1.048,  -0.600,   1.048,  -0.600,   1.048
202606111406,   1.002,   1.161,9999.000,9999.000,9999.000,9999.000,9999.000,9999.000,9999.000
202606111412,   0.955,   1.108,9999.000,9999.000,9999.000,9999.000,9999.000,9999.000,9999.000
202606111418,   0.908,   1.029,9999.000,9999.000,9999.000,9999.000,9999.000,9999.000,9999.000
202606111424,   0.862,   0.951,9999.000,9999.000,9999.000,9999.000,9999.000,9999.000,9999.000
202606111430,   0.818,   0.898,9999.000,9999.000,9999.000,9999.000,9999.000,9999.000,9999.000
202606111436,   0.774,   0.859,9999.000,9999.000,9999.000,9999.000,9999.000,9999.000,9999.000
202606111442,   0.732,   0.800,9999.000,9999.000,9999.000,9999.000,9999.000,9999.000,9999.000
202606111448,   0.692,   0.731,9999.000,9999.000,9999.000,9999.000,9999.000,9999.000,9999.000
202606111454,   0.654,   0.649,9999.000,9999.000,9999.000,9999.000,9999.000,9999.000,9999.000
202606111500,   0.617,   0.551,  -0.600,   0.288,   0.305,  -0.600,   0.305,  -0.600,   0.305
202606111506,   0.582,   0.518,9999.000,9999.000,9999.000,9999.000,9999.000,9999.000,9999.000
202606111512,   0.550,9999.000,9999.000,9999.000,9999.000,9999.000,9999.000,9999.000,9999.000
202606111518,   0.519,9999.000,9999.000,9999.000,9999.000,9999.000,9999.000,9999.000,9999.000
202606111524,   0.491,  -0.013,9999.000,9999.000,9999.000,9999.000,9999.000,9999.000,9999.000
202606111530,   0.465,9999.000,9999.000,9999.000,9999.000,9999.000,9999.000,9999.000,9999.000
202606111536,   0.440,   0.239,9999.000,9999.000,9999.000,9999.000,9999.000,9999.000,9999.000
202606111542,   0.418,   0.219,9999.000,9999.000,9999.000,9999.000,9999.000,9999.000,9999.000
202606111548,   0.398,   0.141,9999.000,9999.000,9999.000,9999.000,9999.000,9999.000,9999.000
202606111554,   0.380,   0.009,9999.000,9999.000,9999.000,9999.000,9999.000,9999.000,9999.000
202606111600,   0.364,  -0.009,  -0.600,  -0.136,  -0.372,  -0.600,  -0.372,  -0.500,  -0.272
202606111606,   0.349,  -0.049,9999.000,9999.000,9999.000,9999.000,9999.000,9999.000,9999.000
202606111612,   0.335,  -0.088,9999.000,9999.000,9999.000,9999.000,9999.000,9999.000,9999.000
202606111618,   0.323,  -0.141,9999.000,9999.000,9999.000,9999.000,9999.000,9999.000,9999.000
202606111624,   0.312,  -0.190,9999.000,9999.000,9999.000,9999.000,9999.000,9999.000,9999.000
202606111630,   0.302,  -0.239,9999.000,9999.000,9999.000,9999.000,9999.000,9999.000,9999.000
202606111636,   0.294,  -0.308,9999.000,9999.000,9999.000,9999.000,9999.000,9999.000,9999.000
202606111642,   0.286,  -0.331,9999.000,9999.000,9999.000,9999.000,9999.000,9999.000,9999.000
202606111648,   0.278,  -0.350,9999.000,9999.000,9999.000,9999.000,9999.000,9999.000,9999.000
202606111654,   0.272,  -0.380,9999.000,9999.000,9999.000,9999.000,9999.000,9999.000,9999.000
202606111700,   0.266,  -0.419,  -0.500,  -0.535,  -0.769,  -0.600,  -0.869,  -0.500,  -0.769
202606111706,   0.260,  -0.439,9999.000,9999.000,9999.000,9999.000,9999.000,9999.000,9999.000
202606111712,   0.255,  -0.429,9999.000,9999.000,9999.000,9999.000,9999.000,9999.000,9999.000
202606111718,   0.251,  -0.469,9999.000,9999.000,9999.000,9999.000,9999.000,9999.000,9999.000
202606111724,   0.247,  -0.478,9999.000,9999.000,9999.000,9999.000,9999.000,9999.000,9999.000
202606111730,   0.244,  -0.488,9999.000,9999.000,9999.000,9999.000,9999.000,9999.000,9999.000
202606111736,   0.242,  -0.580,9999.000,9999.000,9999.000,9999.000,9999.000,9999.000,9999.000
202606111742,   0.240,  -0.619,9999.000,9999.000,9999.000,9999.000,9999.000,9999.000,9999.000
202606111748,   0.239,  -0.619,9999.000,9999.000,9999.000,9999.000,9999.000,9999.000,9999.000
202606111754,   0.238,9999.000,9999.000,9999.000,9999.000,9999.000,9999.000,9999.000,9999.000
202606111800,   0.239,9999.000,  -0.500,  -0.740,  -1.001,  -0.600,  -1.101,  -0.500,  -1.001
202606111806,   0.240,9999.000,9999.000,9999.000,9999.000,9999.000,9999.000,9999.000,9999.000
202606111812,   0.242,9999.000,9999.000,9999.000,9999.000,9999.000,9999.000,9999.000,9999.000
202606111818,   0.245,9999.000,9999.000,9999.000,9999.000,9999.000,9999.000,9999.000,9999.000
202606111824,   0.249,9999.000,9999.000,9999.000,9999.000,9999.000,9999.000,9999.000,9999.000
202606111830,   0.254,9999.000,9999.000,9999.000,9999.000,9999.000,9999.000,9999.000,9999.000
202606111836,   0.260,9999.000,9999.000,9999.000,9999.000,9999.000,9999.000,9999.000,9999.000
202606111842,   0.266,9999.000,9999.000,9999.000,9999.000,9999.000,9999.000,9999.000,9999.000
202606111848,   0.274,9999.000,9999.000,9999.000,9999.000,9999.000,9999.000,9999.000,9999.000
202606111854,   0.282,9999.000,9999.000,9999.000,9999.000,9999.000,9999.000,9999.000,9999.000
202606111900,   0.291,9999.000,  -0.500,  -0.721,  -0.930,  -0.600,  -1.030,  -0.500,  -0.930
202606111906,   0.300,9999.000,9999.000,9999.000,9999.000,9999.000,9999.000,9999.000,9999.000
202606111912,   0.311,9999.000,9999.000,9999.000,9999.000,9999.000,9999.000,9999.000,9999.000
202606111918,   0.322,9999.000,9999.000,9999.000,9999.000,9999.000,9999.000,9999.000,9999.000
202606111924,   0.333,9999.000,9999.000,9999.000,9999.000,9999.000,9999.000,9999.000,9999.000
202606111930,   0.346,9999.000,9999.000,9999.000,9999.000,9999.000,9999.000,9999.000,9999.000
202606111936,   0.359,9999.000,9999.000,9999.000,9999.000,9999.000,9999.000,9999.000,9999.000
202606111942,   0.372,9999.000,9999.000,9999.000,9999.000,9999.000,9999.000,9999.000,9999.000
202606111948,   0.387,9999.000,9999.000,9999.000,9999.000,9999.000,9999.000,9999.000,9999.000
202606111954,   0.402,9999.000,9999.000,9999.000,9999.000,9999.000,9999.000,9999.000,9999.000
202606112000,   0.418,9999.000,  -0.500,  -0.584,  -0.666,  -0.600,  -0.766,  -0.500,  -0.666
202606112006,   0.435,9999.000,9999.000,9999.000,9999.000,9999.000,9999.000,9999.000,9999.000
202606112012,   0.453,9999.000,9999.000,9999.000,9999.000,9999.000,9999.000,9999.000,9999.000
202606112018,   0.472,9999.000,9999.000,9999.000,9999.000,9999.000,9999.000,9999.000,9999.000
202606112024,   0.493,9999.000,9999.000,9999.000,9999.000,9999.000,9999.000,9999.000,9999.000
202606112030,   0.516,9999.000,9999.000,9999.000,9999.000,9999.000,9999.000,9999.000,9999.000
202606112036,   0.540,9999.000,9999.000,9999.000,9999.000,9999.000,9999.000,9999.000,9999.000
202606112042,   0.565,9999.000,9999.000,9999.000,9999.000,9999.000,9999.000,9999.000,9999.000
202606112048,   0.593,9999.000,9999.000,9999.000,9999.000,9999.000,9999.000,9999.000,9999.000
202606112054,   0.623,9999.000,9999.000,9999.000,9999.000,9999.000,9999.000,9999.000,9999.000
202606112100,   0.656,9999.000,  -0.500,  -0.466,  -0.310,  -0.600,  -0.410,  -0.500,  -0.310
202606112106,   0.690,9999.000,9999.000,9999.000,9999.000,9999.000,9999.000,9999.000,9999.000
202606112112,   0.727,9999.000,9999.000,9999.000,9999.000,9999.000,9999.000,9999.000,9999.000
202606112118,   0.767,9999.000,9999.000,9999.000,9999.000,9999.000,9999.000,9999.000,9999.000
202606112124,   0.809,9999.000,9999.000,9999.000,9999.000,9999.000,9999.000,9999.000,9999.000
202606112130,   0.854,9999.000,9999.000,9999.000,9999.000,9999.000,9999.000,9999.000,9999.000
202606112136,   0.901,9999.000,9999.000,9999.000,9999.000,9999.000,9999.000,9999.000,9999.000
202606112142,   0.950,9999.000,9999.000,9999.000,9999.000,9999.000,9999.000,9999.000,9999.000
202606112148,   1.002,9999.000,9999.000,9999.000,9999.000,9999.000,9999.000,9999.000,9999.000
202606112154,   1.056,9999.000,9999.000,9999.000,9999.000,9999.000,9999.000,9999.000,9999.000
202606112200,   1.111,9999.000,  -0.600,  -0.458,   0.053,  -0.600,   0.053,  -0.500,   0.153
202606112206,   1.169,9999.000,9999.000,9999.000,9999.000,9999.000,9999.000,9999.000,9999.000
202606112212,   1.229,9999.000,9999.000,9999.000,9999.000,9999.000,9999.000,9999.000,9999.000
202606112218,   1.289,9999.000,9999.000,9999.000,9999.000,9999.000,9999.000,9999.000,9999.000
202606112224,   1.351,9999.000,9999.000,9999.000,9999.000,9999.000,9999.000,9999.000,9999.000
202606112230,   1.414,9999.000,9999.000,9999.000,9999.000,9999.000,9999.000,9999.000,9999.000
202606112236,   1.478,9999.000,9999.000,9999.000,9999.000,9999.000,9999.000,9999.000,9999.000
202606112242,   1.542,9999.000,9999.000,9999.000,9999.000,9999.000,9999.000,9999.000,9999.000
202606112248,   1.606,9999.000,9999.000,9999.000,9999.000,9999.000,9999.000,9999.000,9999.000
202606112254,   1.671,9999.000,9999.000,9999.000,9999.000,9999.000,9999.000,9999.000,9999.000
202606112300,   1.736,9999.000,  -0.600,  -0.608,   0.528,  -0.600,   0.528,  -0.500,   0.628
202606112306,   1.800,9999.000,9999.000,9999.000,9999.000,9999.000,9999.000,9999.000,9999.000
202606112312,   1.864,9999.000,9999.000,9999.000,9999.000,9999.000,9999.000,9999.000,9999.000
202606112318,   1.927,9999.000,9999.000,9999.000,9999.000,9999.000,9999.000,9999.000,9999.000
202606112324,   1.990,9999.000,9999.000,9999.000,9999.000,9999.000,9999.000,9999.000,9999.000
202606112330,   2.053,9999.000,9999.000,9999.000,9999.000,9999.000,9999.000,9999.000,9999.000
202606112336,   2.114,9999.000,9999.000,9999.000,9999.000,9999.000,9999.000,9999.000,9999.000
202606112342,   2.175,9999.000,9999.000,9999.000,9999.000,9999.000,9999.000,9999.000,9999.000
202606112348,   2.234,9999.000,9999.000,9999.000,9999.000,9999.000,9999.000,9999.000,9999.000
202606112354,   2.293,9999.000,9999.000,9999.000,9999.000,9999.000,9999.000,9999.000,9999.000
202606120000,   2.351,9999.000,  -0.600,  -0.882,   0.869,  -0.600,   0.869,  -0.500,   0.969
202606120006,   2.408,9999.000,9999.000,9999.000,9999.000,9999.000,9999.000,9999.000,9999.000
202606120012,   2.465,9999.000,9999.000,9999.000,9999.000,9999.000,9999.000,9999.000,9999.000
202606120018,   2.520,9999.000,9999.000,9999.000,9999.000,9999.000,9999.000,9999.000,9999.000
202606120024,   2.574,9999.000,9999.000,9999.000,9999.000,9999.000,9999.000,9999.000,9999.000
202606120030,   2.627,9999.000,9999.000,9999.000,9999.000,9999.000,9999.000,9999.000,9999.000
202606120036,   2.679,9999.000,9999.000,9999.000,9999.000,9999.000,9999.000,9999.000,9999.000
202606120042,   2.730,9999.000,9999.000,9999.000,9999.000,9999.000,9999.000,9999.000,9999.000
202606120048,   2.781,9999.000,9999.000,9999.000,9999.000,9999.000,9999.000,9999.000,9999.000
202606120054,   2.829,9999.000,9999.000,9999.000,9999.000,9999.000,9999.000,9999.000,9999.000
202606120100,   2.877,9999.000,  -0.600,  -1.168,   1.109,  -0.600,   1.109,  -0.500,   1.209
202606120106,   2.923,9999.000,9999.000,9999.000,9999.000,9999.000,9999.000,9999.000,9999.000
202606120112,   2.969,9999.000,9999.000,9999.000,9999.000,9999.000,9999.000,9999.000,9999.000
202606120118,   3.012,9999.000,9999.000,9999.000,9999.000,9999.000,9999.000,9999.000,9999.000
202606120124,   3.055,9999.000,9999.000,9999.000,9999.000,9999.000,9999.000,9999.000,9999.000
202606120130,   3.095,9999.000,9999.000,9999.000,9999.000,9999.000,9999.000,9999.000,9999.000
202606120136,   3.135,9999.000,9999.000,9999.000,9999.000,9999.000,9999.000,9999.000,9999.000
202606120142,   3.172,9999.000,9999.000,9999.000,9999.000,9999.000,9999.000,9999.000,9999.000
202606120148,   3.209,9999.000,9999.000,9999.000,9999.000,9999.000,9999.000,9999.000,9999.000
202606120154,   3.243,9999.000,9999.000,9999.000,9999.000,9999.000,9999.000,9999.000,9999.000
202606120200,   3.277,9999.000,  -0.500,  -1.360,   1.417,  -0.600,   1.317,  -0.500,   1.417
202606120206,   3.308,9999.000,9999.000,9999.000,9999.000,9999.000,9999.000,9999.000,9999.000
202606120212,   3.339,9999.000,9999.000,9999.000,9999.000,9999.000,9999.000,9999.000,9999.000
202606120218,   3.368,9999.000,9999.000,9999.000,9999.000,9999.000,9999.000,9999.000,9999.000
202606120224,   3.396,9999.000,9999.000,9999.000,9999.000,9999.000,9999.000,9999.000,9999.000
202606120230,   3.422,9999.000,9999.000,9999.000,9999.000,9999.000,9999.000,9999.000,9999.000
202606120236,   3.448,9999.000,9999.000,9999.000,9999.000,9999.000,9999.000,9999.000,9999.000
202606120242,   3.473,9999.000,9999.000,9999.000,9999.000,9999.000,9999.000,9999.000,9999.000
202606120248,   3.498,9999.000,9999.000,9999.000,9999.000,9999.000,9999.000,9999.000,9999.000
202606120254,   3.521,9999.000,9999.000,9999.000,9999.000,9999.000,9999.000,9999.000,9999.000
202606120300,   3.544,9999.000,  -0.500,  -1.448,   1.596,  -0.600,   1.496,  -0.500,   1.596
202606120306,   3.567,9999.000,9999.000,9999.000,9999.000,9999.000,9999.000,9999.000,9999.000
202606120312,   3.590,9999.000,9999.000,9999.000,9999.000,9999.000,9999.000,9999.000,9999.000
202606120318,   3.612,9999.000,9999.000,9999.000,9999.000,9999.000,9999.000,9999.000,9999.000
202606120324,   3.635,9999.000,9999.000,9999.000,9999.000,9999.000,9999.000,9999.000,9999.000
202606120330,   3.657,9999.000,9999.000,9999.000,9999.000,9999.000,9999.000,9999.000,9999.000
202606120336,   3.679,9999.000,9999.000,9999.000,9999.000,9999.000,9999.000,9999.000,9999.000
202606120342,   3.701,9999.000,9999.000,9999.000,9999.000,9999.000,9999.000,9999.000,9999.000
202606120348,   3.723,9999.000,9999.000,9999.000,9999.000,9999.000,9999.000,9999.000,9999.000
202606120354,   3.745,9999.000,9999.000,9999.000,9999.000,9999.000,9999.000,9999.000,9999.000
202606120400,   3.767,9999.000,  -0.500,  -1.455,   1.812,  -0.600,   1.712,  -0.500,   1.812
202606120406,   3.788,9999.000,9999.000,9999.000,9999.000,9999.000,9999.000,9999.000,9999.000
202606120412,   3.808,9999.000,9999.000,9999.000,9999.000,9999.000,9999.000,9999.000,9999.000
202606120418,   3.828,9999.000,9999.000,9999.000,9999.000,9999.000,9999.000,9999.000,9999.000
202606120424,   3.847,9999.000,9999.000,9999.000,9999.000,9999.000,9999.000,9999.000,9999.000
202606120430,   3.865,9999.000,9999.000,9999.000,9999.000,9999.000,9999.000,9999.000,9999.000
202606120436,   3.882,9999.000,9999.000,9999.000,9999.000,9999.000,9999.000,9999.000,9999.000
202606120442,   3.898,9999.000,9999.000,9999.000,9999.000,9999.000,9999.000,9999.000,9999.000
202606120448,   3.912,9999.000,9999.000,9999.000,9999.000,9999.000,9999.000,9999.000,9999.000
202606120454,   3.924,9999.000,9999.000,9999.000,9999.000,9999.000,9999.000,9999.000,9999.000
202606120500,   3.935,9999.000,  -0.500,  -1.344,   2.091,  -0.500,   2.091,  -0.400,   2.191
202606120506,   3.944,9999.000,9999.000,9999.000,9999.000,9999.000,9999.000,9999.000,9999.000
202606120512,   3.950,9999.000,9999.000,9999.000,9999.000,9999.000,9999.000,9999.000,9999.000
202606120518,   3.955,9999.000,9999.000,9999.000,9999.000,9999.000,9999.000,9999.000,9999.000
202606120524,   3.957,9999.000,9999.000,9999.000,9999.000,9999.000,9999.000,9999.000,9999.000
202606120530,   3.958,9999.000,9999.000,9999.000,9999.000,9999.000,9999.000,9999.000,9999.000
202606120536,   3.956,9999.000,9999.000,9999.000,9999.000,9999.000,9999.000,9999.000,9999.000
202606120542,   3.952,9999.000,9999.000,9999.000,9999.000,9999.000,9999.000,9999.000,9999.000
202606120548,   3.946,9999.000,9999.000,9999.000,9999.000,9999.000,9999.000,9999.000,9999.000
202606120554,   3.938,9999.000,9999.000,9999.000,9999.000,9999.000,9999.000,9999.000,9999.000
202606120600,   3.928,9999.000,  -0.500,  -1.043,   2.385,  -0.500,   2.385,  -0.400,   2.485
202606120606,   3.916,9999.000,9999.000,9999.000,9999.000,9999.000,9999.000,9999.000,9999.000
202606120612,   3.902,9999.000,9999.000,9999.000,9999.000,9999.000,9999.000,9999.000,9999.000
202606120618,   3.887,9999.000,9999.000,9999.000,9999.000,9999.000,9999.000,9999.000,9999.000
202606120624,   3.870,9999.000,9999.000,9999.000,9999.000,9999.000,9999.000,9999.000,9999.000
202606120630,   3.852,9999.000,9999.000,9999.000,9999.000,9999.000,9999.000,9999.000,9999.000
202606120636,   3.832,9999.000,9999.000,9999.000,9999.000,9999.000,9999.000,9999.000,9999.000
202606120642,   3.811,9999.000,9999.000,9999.000,9999.000,9999.000,9999.000,9999.000,9999.000
202606120648,   3.788,9999.000,9999.000,9999.000,9999.000,9999.000,9999.000,9999.000,9999.000
202606120654,   3.765,9999.000,9999.000,9999.000,9999.000,9999.000,9999.000,9999.000,9999.000
202606120700,   3.740,9999.000,  -0.500,  -0.543,   2.697,  -0.500,   2.697,  -0.400,   2.797
202606120706,   3.715,9999.000,9999.000,9999.000,9999.000,9999.000,9999.000,9999.000,9999.000
202606120712,   3.688,9999.000,9999.000,9999.000,9999.000,9999.000,9999.000,9999.000,9999.000
202606120718,   3.660,9999.000,9999.000,9999.000,9999.000,9999.000,9999.000,9999.000,9999.000
202606120724,   3.632,9999.000,9999.000,9999.000,9999.000,9999.000,9999.000,9999.000,9999.000
202606120730,   3.602,9999.000,9999.000,9999.000,9999.000,9999.000,9999.000,9999.000,9999.000
202606120736,   3.571,9999.000,9999.000,9999.000,9999.000,9999.000,9999.000,9999.000,9999.000
202606120742,   3.540,9999.000,9999.000,9999.000,9999.000,9999.000,9999.000,9999.000,9999.000
202606120748,   3.508,9999.000,9999.000,9999.000,9999.000,9999.000,9999.000,9999.000,9999.000
202606120754,   3.475,9999.000,9999.000,9999.000,9999.000,9999.000,9999.000,9999.000,9999.000
202606120800,   3.441,9999.000,  -0.500,   0.058,   2.999,  -0.500,   2.999,  -0.400,   3.099
202606120806,   3.406,9999.000,9999.000,9999.000,9999.000,9999.000,9999.000,9999.000,9999.000
202606120812,   3.371,9999.000,9999.000,9999.000,9999.000,9999.000,9999.000,9999.000,9999.000
202606120818,   3.336,9999.000,9999.000,9999.000,9999.000,9999.000,9999.000,9999.000,9999.000
202606120824,   3.300,9999.000,9999.000,9999.000,9999.000,9999.000,9999.000,9999.000,9999.000
202606120830,   3.264,9999.000,9999.000,9999.000,9999.000,9999.000,9999.000,9999.000,9999.000
202606120836,   3.228,9999.000,9999.000,9999.000,9999.000,9999.000,9999.000,9999.000,9999.000
202606120842,   3.191,9999.000,9999.000,9999.000,9999.000,9999.000,9999.000,9999.000,9999.000
202606120848,   3.156,9999.000,9999.000,9999.000,9999.000,9999.000,9999.000,9999.000,9999.000
202606120854,   3.120,9999.000,9999.000,9999.000,9999.000,9999.000,9999.000,9999.000,9999.000
202606120900,   3.085,9999.000,  -0.500,   0.610,   3.195,  -0.500,   3.195,  -0.400,   3.295
202606120906,   3.051,9999.000,9999.000,9999.000,9999.000,9999.000,9999.000,9999.000,9999.000
202606120912,   3.018,9999.000,9999.000,9999.000,9999.000,9999.000,9999.000,9999.000,9999.000
202606120918,   2.986,9999.000,9999.000,9999.000,9999.000,9999.000,9999.000,9999.000,9999.000
202606120924,   2.956,9999.000,9999.000,9999.000,9999.000,9999.000,9999.000,9999.000,9999.000
202606120930,   2.926,9999.000,9999.000,9999.000,9999.000,9999.000,9999.000,9999.000,9999.000
202606120936,   2.898,9999.000,9999.000,9999.000,9999.000,9999.000,9999.000,9999.000,9999.000
202606120942,   2.871,9999.000,9999.000,9999.000,9999.000,9999.000,9999.000,9999.000,9999.000
202606120948,   2.846,9999.000,9999.000,9999.000,9999.000,9999.000,9999.000,9999.000,9999.000
202606120954,   2.823,9999.000,9999.000,9999.000,9999.000,9999.000,9999.000,9999.000,9999.000
202606121000,   2.801,9999.000,  -0.500,   0.979,   3.280,  -0.500,   3.280,  -0.400,   3.380
202606121006,   2.780,9999.000,9999.000,9999.000,9999.000,9999.000,9999.000,9999.000,9999.000
202606121012,   2.760,9999.000,9999.000,9999.000,9999.000,9999.000,9999.000,9999.000,9999.000
202606121018,   2.742,9999.000,9999.000,9999.000,9999.000,9999.000,9999.000,9999.000,9999.000
202606121024,   2.724,9999.000,9999.000,9999.000,9999.000,9999.000,9999.000,9999.000,9999.000
202606121030,   2.708,9999.000,9999.000,9999.000,9999.000,9999.000,9999.000,9999.000,9999.000
202606121036,   2.692,9999.000,9999.000,9999.000,9999.000,9999.000,9999.000,9999.000,9999.000
202606121042,   2.676,9999.000,9999.000,9999.000,9999.000,9999.000,9999.000,9999.000,9999.000
202606121048,   2.661,9999.000,9999.000,9999.000,9999.000,9999.000,9999.000,9999.000,9999.000
202606121054,   2.645,9999.000,9999.000,9999.000,9999.000,9999.000,9999.000,9999.000,9999.000
202606121100,   2.630,9999.000,  -0.500,   1.094,   3.224,  -0.600,   3.124,  -0.400,   3.324
202606121106,   2.614,9999.000,9999.000,9999.000,9999.000,9999.000,9999.000,9999.000,9999.000
202606121112,   2.597,9999.000,9999.000,9999.000,9999.000,9999.000,9999.000,9999.000,9999.000
202606121118,   2.579,9999.000,9999.000,9999.000,9999.000,9999.000,9999.000,9999.000,9999.000
202606121124,   2.561,9999.000,9999.000,9999.000,9999.000,9999.000,9999.000,9999.000,9999.000
202606121130,   2.541,9999.000,9999.000,9999.000,9999.000,9999.000,9999.000,9999.000,9999.000
202606121136,   2.520,9999.000,9999.000,9999.000,9999.000,9999.000,9999.000,9999.000,9999.000
202606121142,   2.497,9999.000,9999.000,9999.000,9999.000,9999.000,9999.000,9999.000,9999.000
202606121148,   2.473,9999.000,9999.000,9999.000,9999.000,9999.000,9999.000,9999.000,9999.000
202606121154,   2.448,9999.000,9999.000,9999.000,9999.000,9999.000,9999.000,9999.000,9999.000
202606121200,   2.420,9999.000,  -0.500,   0.995,   2.915,  -0.600,   2.815,  -0.400,   3.015
202606121206,   2.392,9999.000,9999.000,9999.000,9999.000,9999.000,9999.000,9999.000,9999.000
202606121212,   2.361,9999.000,9999.000,9999.000,9999.000,9999.000,9999.000,9999.000,9999.000
202606121218,   2.330,9999.000,9999.000,9999.000,9999.000,9999.000,9999.000,9999.000,9999.000
202606121224,   2.296,9999.000,9999.000,9999.000,9999.000,9999.000,9999.000,9999.000,9999.000
202606121230,   2.261,9999.000,9999.000,9999.000,9999.000,9999.000,9999.000,9999.000,9999.000
202606121236,   2.225,9999.000,9999.000,9999.000,9999.000,9999.000,9999.000,9999.000,9999.000
202606121242,   2.187,9999.000,9999.000,9999.000,9999.000,9999.000,9999.000,9999.000,9999.000
202606121248,   2.148,9999.000,9999.000,9999.000,9999.000,9999.000,9999.000,9999.000,9999.000
202606121254,   2.107,9999.000,9999.000,9999.000,9999.000,9999.000,9999.000,9999.000,9999.000
202606121300,   2.066,9999.000,  -0.500,   0.799,   2.365,  -0.500,   2.365,  -0.400,   2.465
202606121306,   2.022,9999.000,9999.000,9999.000,9999.000,9999.000,9999.000,9999.000,9999.000
202606121312,   1.978,9999.000,9999.000,9999.000,9999.000,9999.000,9999.000,9999.000,9999.000
202606121318,   1.933,9999.000,9999.000,9999.000,9999.000,9999.000,9999.000,9999.000,9999.000
202606121324,   1.886,9999.000,9999.000,9999.000,9999.000,9999.000,9999.000,9999.000,9999.000
202606121330,   1.838,9999.000,9999.000,9999.000,9999.000,9999.000,9999.000,9999.000,9999.000
202606121336,   1.789,9999.000,9999.000,9999.000,9999.000,9999.000,9999.000,9999.000,9999.000
202606121342,   1.738,9999.000,9999.000,9999.000,9999.000,9999.000,9999.000,9999.000,9999.000
202606121348,   1.687,9999.000,9999.000,9999.000,9999.000,9999.000,9999.000,9999.000,9999.000
202606121354,   1.634,9999.000,9999.000,9999.000,9999.000,9999.000,9999.000,9999.000,9999.000
202606121400,   1.581,9999.000,  -0.500,   0.574,   1.655,  -0.500,   1.655,  -0.400,   1.755
202606121406,   1.526,9999.000,9999.000,9999.000,9999.000,9999.000,9999.000,9999.000,9999.000
202606121412,   1.470,9999.000,9999.000,9999.000,9999.000,9999.000,9999.000,9999.000,9999.000
202606121418,   1.414,9999.000,9999.000,9999.000,9999.000,9999.000,9999.000,9999.000,9999.000
202606121424,   1.357,9999.000,9999.000,9999.000,9999.000,9999.000,9999.000,9999.000,9999.000
202606121430,   1.299,9999.000,9999.000,9999.000,9999.000,9999.000,9999.000,9999.000,9999.000
202606121436,   1.240,9999.000,9999.000,9999.000,9999.000,9999.000,9999.000,9999.000,9999.000
202606121442,   1.181,9999.000,9999.000,9999.000,9999.000,9999.000,9999.000,9999.000,9999.000
202606121448,   1.123,9999.000,9999.000,9999.000,9999.000,9999.000,9999.000,9999.000,9999.000
202606121454,   1.064,9999.000,9999.000,9999.000,9999.000,9999.000,9999.000,9999.000,9999.000
202606121500,   1.005,9999.000,  -0.400,   0.288,   0.893,  -0.500,   0.793,  -0.400,   0.893
202606121506,   0.946,9999.000,9999.000,9999.000,9999.000,9999.000,9999.000,9999.000,9999.000
202606121512,   0.888,9999.000,9999.000,9999.000,9999.000,9999.000,9999.000,9999.000,9999.000
202606121518,   0.831,9999.000,9999.000,9999.000,9999.000,9999.000,9999.000,9999.000,9999.000
202606121524,   0.775,9999.000,9999.000,9999.000,9999.000,9999.000,9999.000,9999.000,9999.000
202606121530,   0.720,9999.000,9999.000,9999.000,9999.000,9999.000,9999.000,9999.000,9999.000
202606121536,   0.666,9999.000,9999.000,9999.000,9999.000,9999.000,9999.000,9999.000,9999.000
202606121542,   0.614,9999.000,9999.000,9999.000,9999.000,9999.000,9999.000,9999.000,9999.000
202606121548,   0.563,9999.000,9999.000,9999.000,9999.000,9999.000,9999.000,9999.000,9999.000
202606121554,   0.514,9999.000,9999.000,9999.000,9999.000,9999.000,9999.000,9999.000,9999.000
202606121600,   0.466,9999.000,  -0.400,  -0.089,  -0.023,  -0.500,  -0.123,  -0.400,  -0.023
202606121606,   0.421,9999.000,9999.000,9999.000,9999.000,9999.000,9999.000,9999.000,9999.000
202606121612,   0.377,9999.000,9999.000,9999.000,9999.000,9999.000,9999.000,9999.000,9999.000
202606121618,   0.335,9999.000,9999.000,9999.000,9999.000,9999.000,9999.000,9999.000,9999.000
202606121624,   0.295,9999.000,9999.000,9999.000,9999.000,9999.000,9999.000,9999.000,9999.000
202606121630,   0.256,9999.000,9999.000,9999.000,9999.000,9999.000,9999.000,9999.000,9999.000
202606121636,   0.220,9999.000,9999.000,9999.000,9999.000,9999.000,9999.000,9999.000,9999.000
202606121642,   0.184,9999.000,9999.000,9999.000,9999.000,9999.000,9999.000,9999.000,9999.000
202606121648,   0.151,9999.000,9999.000,9999.000,9999.000,9999.000,9999.000,9999.000,9999.000
202606121654,   0.118,9999.000,9999.000,9999.000,9999.000,9999.000,9999.000,9999.000,9999.000
202606121700,   0.087,9999.000,  -0.400,  -0.473,  -0.786,  -0.500,  -0.886,  -0.300,  -0.686
202606121706,   0.057,9999.000,9999.000,9999.000,9999.000,9999.000,9999.000,9999.000,9999.000
202606121712,   0.028,9999.000,9999.000,9999.000,9999.000,9999.000,9999.000,9999.000,9999.000
202606121718,   0.000,9999.000,9999.000,9999.000,9999.000,9999.000,9999.000,9999.000,9999.000
202606121724,  -0.026,9999.000,9999.000,9999.000,9999.000,9999.000,9999.000,9999.000,9999.000
202606121730,  -0.053,9999.000,9999.000,9999.000,9999.000,9999.000,9999.000,9999.000,9999.000
202606121736,  -0.079,9999.000,9999.000,9999.000,9999.000,9999.000,9999.000,9999.000,9999.000
202606121742,  -0.104,9999.000,9999.000,9999.000,9999.000,9999.000,9999.000,9999.000,9999.000
202606121748,  -0.128,9999.000,9999.000,9999.000,9999.000,9999.000,9999.000,9999.000,9999.000
202606121754,  -0.152,9999.000,9999.000,9999.000,9999.000,9999.000,9999.000,9999.000,9999.000
202606121800,  -0.175,9999.000,  -0.400,  -0.725,  -1.300,  -0.500,  -1.400,  -0.300,  -1.200
202606121806,  -0.198,9999.000,9999.000,9999.000,9999.000,9999.000,9999.000,9999.000,9999.000
202606121812,  -0.219,9999.000,9999.000,9999.000,9999.000,9999.000,9999.000,9999.000,9999.000
202606121818,  -0.240,9999.000,9999.000,9999.000,9999.000,9999.000,9999.000,9999.000,9999.000
202606121824,  -0.259,9999.000,9999.000,9999.000,9999.000,9999.000,9999.000,9999.000,9999.000
202606121830,  -0.277,9999.000,9999.000,9999.000,9999.000,9999.000,9999.000,9999.000,9999.000
202606121836,  -0.294,9999.000,9999.000,9999.000,9999.000,9999.000,9999.000,9999.000,9999.000
202606121842,  -0.310,9999.000,9999.000,9999.000,9999.000,9999.000,9999.000,9999.000,9999.000
202606121848,  -0.324,9999.000,9999.000,9999.000,9999.000,9999.000,9999.000,9999.000,9999.000
202606121854,  -0.336,9999.000,9999.000,9999.000,9999.000,9999.000,9999.000,9999.000,9999.000
202606121900,  -0.347,9999.000,  -0.400,  -0.781,  -1.528,  -0.400,  -1.528,  -0.300,  -1.428
202606121906,  -0.356,9999.000,9999.000,9999.000,9999.000,9999.000,9999.000,9999.000,9999.000
202606121912,  -0.363,9999.000,9999.000,9999.000,9999.000,9999.000,9999.000,9999.000,9999.000
202606121918,  -0.368,9999.000,9999.000,9999.000,9999.000,9999.000,9999.000,9999.000,9999.000
202606121924,  -0.371,9999.000,9999.000,9999.000,9999.000,9999.000,9999.000,9999.000,9999.000
202606121930,  -0.371,9999.000,9999.000,9999.000,9999.000,9999.000,9999.000,9999.000,9999.000
202606121936,  -0.370,9999.000,9999.000,9999.000,9999.000,9999.000,9999.000,9999.000,9999.000
202606121942,  -0.367,9999.000,9999.000,9999.000,9999.000,9999.000,9999.000,9999.000,9999.000
202606121948,  -0.361,9999.000,9999.000,9999.000,9999.000,9999.000,9999.000,9999.000,9999.000
202606121954,  -0.353,9999.000,9999.000,9999.000,9999.000,9999.000,9999.000,9999.000,9999.000
202606122000,  -0.344,9999.000,  -0.400,  -0.690,  -1.434,  -0.400,  -1.434,  -0.300,  -1.334
202606122006,  -0.332,9999.000,9999.000,9999.000,9999.000,9999.000,9999.000,9999.000,9999.000
202606122012,  -0.318,9999.000,9999.000,9999.000,9999.000,9999.000,9999.000,9999.000,9999.000
202606122018,  -0.302,9999.000,9999.000,9999.000,9999.000,9999.000,9999.000,9999.000,9999.000
202606122024,  -0.283,9999.000,9999.000,9999.000,9999.000,9999.000,9999.000,9999.000,9999.000
202606122030,  -0.263,9999.000,9999.000,9999.000,9999.000,9999.000,9999.000,9999.000,9999.000
202606122036,  -0.240,9999.000,9999.000,9999.000,9999.000,9999.000,9999.000,9999.000,9999.000
202606122042,  -0.216,9999.000,9999.000,9999.000,9999.000,9999.000,9999.000,9999.000,9999.000
202606122048,  -0.189,9999.000,9999.000,9999.000,9999.000,9999.000,9999.000,9999.000,9999.000
202606122054,  -0.160,9999.000,9999.000,9999.000,9999.000,9999.000,9999.000,9999.000,9999.000
202606122100,  -0.128,9999.000,  -0.400,  -0.552,  -1.080,  -0.400,  -1.080,  -0.300,  -0.980
202606122106,  -0.094,9999.000,9999.000,9999.000,9999.000,9999.000,9999.000,9999.000,9999.000
202606122112,  -0.057,9999.000,9999.000,9999.000,9999.000,9999.000,9999.000,9999.000,9999.000
202606122118,  -0.018,9999.000,9999.000,9999.000,9999.000,9999.000,9999.000,9999.000,9999.000
202606122124,   0.023,9999.000,9999.000,9999.000,9999.000,9999.000,9999.000,9999.000,9999.000
202606122130,   0.067,9999.000,9999.000,9999.000,9999.000,9999.000,9999.000,9999.000,9999.000
202606122136,   0.115,9999.000,9999.000,9999.000,9999.000,9999.000,9999.000,9999.000,9999.000
202606122142,   0.165,9999.000,9999.000,9999.000,9999.000,9999.000,9999.000,9999.000,9999.000
202606122148,   0.219,9999.000,9999.000,9999.000,9999.000,9999.000,9999.000,9999.000,9999.000
202606122154,   0.275,9999.000,9999.000,9999.000,9999.000,9999.000,9999.000,9999.000,9999.000
202606122200,   0.335,9999.000,  -0.400,  -0.482,  -0.547,  -0.400,  -0.547,  -0.300,  -0.447
202606122206,   0.397,9999.000,9999.000,9999.000,9999.000,9999.000,9999.000,9999.000,9999.000
202606122212,   0.463,9999.000,9999.000,9999.000,9999.000,9999.000,9999.000,9999.000,9999.000
202606122218,   0.531,9999.000,9999.000,9999.000,9999.000,9999.000,9999.000,9999.000,9999.000
202606122224,   0.602,9999.000,9999.000,9999.000,9999.000,9999.000,9999.000,9999.000,9999.000
202606122230,   0.675,9999.000,9999.000,9999.000,9999.000,9999.000,9999.000,9999.000,9999.000
202606122236,   0.751,9999.000,9999.000,9999.000,9999.000,9999.000,9999.000,9999.000,9999.000
202606122242,   0.829,9999.000,9999.000,9999.000,9999.000,9999.000,9999.000,9999.000,9999.000
202606122248,   0.910,9999.000,9999.000,9999.000,9999.000,9999.000,9999.000,9999.000,9999.000
202606122254,   0.991,9999.000,9999.000,9999.000,9999.000,9999.000,9999.000,9999.000,9999.000
202606122300,   1.075,9999.000,  -0.400,  -0.580,   0.095,  -0.400,   0.095,  -0.300,   0.195
202606122306,   1.159,9999.000,9999.000,9999.000,9999.000,9999.000,9999.000,9999.000,9999.000
202606122312,   1.244,9999.000,9999.000,9999.000,9999.000,9999.000,9999.000,9999.000,9999.000
202606122318,   1.330,9999.000,9999.000,9999.000,9999.000,9999.000,9999.000,9999.000,9999.000
202606122324,   1.417,9999.000,9999.000,9999.000,9999.000,9999.000,9999.000,9999.000,9999.000
202606122330,   1.503,9999.000,9999.000,9999.000,9999.000,9999.000,9999.000,9999.000,9999.000
202606122336,   1.589,9999.000,9999.000,9999.000,9999.000,9999.000,9999.000,9999.000,9999.000
202606122342,   1.675,9999.000,9999.000,9999.000,9999.000,9999.000,9999.000,9999.000,9999.000
202606122348,   1.760,9999.000,9999.000,9999.000,9999.000,9999.000,9999.000,9999.000,9999.000
202606122354,   1.844,9999.000,9999.000,9999.000,9999.000,9999.000,9999.000,9999.000,9999.000
202606130000,   1.927,9999.000,  -0.400,  -0.848,   0.679,  -0.400,   0.679,  -0.300,   0.779
202606130006,   2.009,9999.000,9999.000,9999.000,9999.000,9999.000,9999.000,9999.000,9999.000
202606130012,   2.089,9999.000,9999.000,9999.000,9999.000,9999.000,9999.000,9999.000,9999.000
202606130018,   2.169,9999.000,9999.000,9999.000,9999.000,9999.000,9999.000,9999.000,9999.000
202606130024,   2.246,9999.000,9999.000,9999.000,9999.000,9999.000,9999.000,9999.000,9999.000
202606130030,   2.322,9999.000,9999.000,9999.000,9999.000,9999.000,9999.000,9999.000,9999.000
202606130036,   2.397,9999.000,9999.000,9999.000,9999.000,9999.000,9999.000,9999.000,9999.000
202606130042,   2.470,9999.000,9999.000,9999.000,9999.000,9999.000,9999.000,9999.000,9999.000
202606130048,   2.541,9999.000,9999.000,9999.000,9999.000,9999.000,9999.000,9999.000,9999.000
202606130054,   2.611,9999.000,9999.000,9999.000,9999.000,9999.000,9999.000,9999.000,9999.000
202606130100,   2.679,9999.000,  -0.300,  -1.158,   1.221,  -0.400,   1.121,  -0.300,   1.221
202606130106,   2.745,9999.000,9999.000,9999.000,9999.000,9999.000,9999.000,9999.000,9999.000
202606130112,   2.810,9999.000,9999.000,9999.000,9999.000,9999.000,9999.000,9999.000,9999.000
202606130118,   2.873,9999.000,9999.000,9999.000,9999.000,9999.000,9999.000,9999.000,9999.000
202606130124,   2.935,9999.000,9999.000,9999.000,9999.000,9999.000,9999.000,9999.000,9999.000
202606130130,   2.994,9999.000,9999.000,9999.000,9999.000,9999.000,9999.000,9999.000,9999.000
202606130136,   3.053,9999.000,9999.000,9999.000,9999.000,9999.000,9999.000,9999.000,9999.000
202606130142,   3.109,9999.000,9999.000,9999.000,9999.000,9999.000,9999.000,9999.000,9999.000
202606130148,   3.164,9999.000,9999.000,9999.000,9999.000,9999.000,9999.000,9999.000,9999.000
202606130154,   3.218,9999.000,9999.000,9999.000,9999.000,9999.000,9999.000,9999.000,9999.000
202606130200,   3.269,9999.000,  -0.300,  -1.354,   1.615,  -0.400,   1.515,  -0.200,   1.715
202606130206,   3.319,9999.000,9999.000,9999.000,9999.000,9999.000,9999.000,9999.000,9999.000
202606130212,   3.367,9999.000,9999.000,9999.000,9999.000,9999.000,9999.000,9999.000,9999.000
202606130218,   3.413,9999.000,9999.000,9999.000,9999.000,9999.000,9999.000,9999.000,9999.000
202606130224,   3.457,9999.000,9999.000,9999.000,9999.000,9999.000,9999.000,9999.000,9999.000
202606130230,   3.499,9999.000,9999.000,9999.000,9999.000,9999.000,9999.000,9999.000,9999.000
202606130236,   3.539,9999.000,9999.000,9999.000,9999.000,9999.000,9999.000,9999.000,9999.000
202606130242,   3.577,9999.000,9999.000,9999.000,9999.000,9999.000,9999.000,9999.000,9999.000
202606130248,   3.614,9999.000,9999.000,9999.000,9999.000,9999.000,9999.000,9999.000,9999.000
202606130254,   3.648,9999.000,9999.000,9999.000,9999.000,9999.000,9999.000,9999.000,9999.000
202606130300,   3.681,9999.000,  -0.300,  -1.393,   1.988,  -0.400,   1.888,  -0.200,   2.088
202606130306,   3.712,9999.000,9999.000,9999.000,9999.000,9999.000,9999.000,9999.000,9999.000
202606130312,   3.742,9999.000,9999.000,9999.000,9999.000,9999.000,9999.000,9999.000,9999.000
202606130318,   3.769,9999.000,9999.000,9999.000,9999.000,9999.000,9999.000,9999.000,9999.000
202606130324,   3.796,9999.000,9999.000,9999.000,9999.000,9999.000,9999.000,9999.000,9999.000
202606130330,   3.821,9999.000,9999.000,9999.000,9999.000,9999.000,9999.000,9999.000,9999.000
202606130336,   3.844,9999.000,9999.000,9999.000,9999.000,9999.000,9999.000,9999.000,9999.000
202606130342,   3.867,9999.000,9999.000,9999.000,9999.000,9999.000,9999.000,9999.000,9999.000
202606130348,   3.888,9999.000,9999.000,9999.000,9999.000,9999.000,9999.000,9999.000,9999.000
202606130354,   3.909,9999.000,9999.000,9999.000,9999.000,9999.000,9999.000,9999.000,9999.000
202606130400,   3.929,9999.000,  -0.300,  -1.328,   2.301,  -0.400,   2.201,  -0.200,   2.401
202606130406,   3.948,9999.000,9999.000,9999.000,9999.000,9999.000,9999.000,9999.000,9999.000
202606130412,   3.966,9999.000,9999.000,9999.000,9999.000,9999.000,9999.000,9999.000,9999.000
202606130418,   3.983,9999.000,9999.000,9999.000,9999.000,9999.000,9999.000,9999.000,9999.000
202606130424,   4.000,9999.000,9999.000,9999.000,9999.000,9999.000,9999.000,9999.000,9999.000
202606130430,   4.016,9999.000,9999.000,9999.000,9999.000,9999.000,9999.000,9999.000,9999.000
202606130436,   4.032,9999.000,9999.000,9999.000,9999.000,9999.000,9999.000,9999.000,9999.000
202606130442,   4.046,9999.000,9999.000,9999.000,9999.000,9999.000,9999.000,9999.000,9999.000
202606130448,   4.060,9999.000,9999.000,9999.000,9999.000,9999.000,9999.000,9999.000,9999.000
202606130454,   4.072,9999.000,9999.000,9999.000,9999.000,9999.000,9999.000,9999.000,9999.000
202606130500,   4.084,9999.000,  -0.300,  -1.182,   2.602,  -0.400,   2.502,  -0.200,   2.702
202606130506,   4.094,9999.000,9999.000,9999.000,9999.000,9999.000,9999.000,9999.000,9999.000
202606130512,   4.103,9999.000,9999.000,9999.000,9999.000,9999.000,9999.000,9999.000,9999.000
202606130518,   4.110,9999.000,9999.000,9999.000,9999.000,9999.000,9999.000,9999.000,9999.000
202606130524,   4.116,9999.000,9999.000,9999.000,9999.000,9999.000,9999.000,9999.000,9999.000
202606130530,   4.120,9999.000,9999.000,9999.000,9999.000,9999.000,9999.000,9999.000,9999.000
202606130536,   4.121,9999.000,9999.000,9999.000,9999.000,9999.000,9999.000,9999.000,9999.000
202606130542,   4.121,9999.000,9999.000,9999.000,9999.000,9999.000,9999.000,9999.000,9999.000
202606130548,   4.119,9999.000,9999.000,9999.000,9999.000,9999.000,9999.000,9999.000,9999.000
202606130554,   4.114,9999.000,9999.000,9999.000,9999.000,9999.000,9999.000,9999.000,9999.000
202606130600,   4.107,9999.000,  -0.300,  -0.913,   2.894,  -0.400,   2.794,  -0.200,   2.994
202606130606,   4.098,9999.000,9999.000,9999.000,9999.000,9999.000,9999.000,9999.000,9999.000
202606130612,   4.086,9999.000,9999.000,9999.000,9999.000,9999.000,9999.000,9999.000,9999.000
202606130618,   4.072,9999.000,9999.000,9999.000,9999.000,9999.000,9999.000,9999.000,9999.000
202606130624,   4.056,9999.000,9999.000,9999.000,9999.000,9999.000,9999.000,9999.000,9999.000
202606130630,   4.038,9999.000,9999.000,9999.000,9999.000,9999.000,9999.000,9999.000,9999.000
202606130636,   4.018,9999.000,9999.000,9999.000,9999.000,9999.000,9999.000,9999.000,9999.000
202606130642,   3.996,9999.000,9999.000,9999.000,9999.000,9999.000,9999.000,9999.000,9999.000
202606130648,   3.972,9999.000,9999.000,9999.000,9999.000,9999.000,9999.000,9999.000,9999.000
202606130654,   3.946,9999.000,9999.000,9999.000,9999.000,9999.000,9999.000,9999.000,9999.000
202606130700,   3.920,9999.000,  -0.300,  -0.494,   3.126,  -0.400,   3.026,  -0.200,   3.226
202606130706,   3.891,9999.000,9999.000,9999.000,9999.000,9999.000,9999.000,9999.000,9999.000
202606130712,   3.862,9999.000,9999.000,9999.000,9999.000,9999.000,9999.000,9999.000,9999.000
202606130718,   3.832,9999.000,9999.000,9999.000,9999.000,9999.000,9999.000,9999.000,9999.000
202606130724,   3.801,9999.000,9999.000,9999.000,9999.000,9999.000,9999.000,9999.000,9999.000
202606130730,   3.770,9999.000,9999.000,9999.000,9999.000,9999.000,9999.000,9999.000,9999.000
202606130736,   3.738,9999.000,9999.000,9999.000,9999.000,9999.000,9999.000,9999.000,9999.000
202606130742,   3.706,9999.000,9999.000,9999.000,9999.000,9999.000,9999.000,9999.000,9999.000
202606130748,   3.673,9999.000,9999.000,9999.000,9999.000,9999.000,9999.000,9999.000,9999.000
202606130754,   3.641,9999.000,9999.000,9999.000,9999.000,9999.000,9999.000,9999.000,9999.000
202606130800,   3.608,9999.000,  -0.300,   0.023,   3.331,  -0.400,   3.231,  -0.300,   3.331
202606130806,   3.576,9999.000,9999.000,9999.000,9999.000,9999.000,9999.000,9999.000,9999.000
202606130812,   3.544,9999.000,9999.000,9999.000,9999.000,9999.000,9999.000,9999.000,9999.000
202606130818,   3.512,9999.000,9999.000,9999.000,9999.000,9999.000,9999.000,9999.000,9999.000
202606130824,   3.480,9999.000,9999.000,9999.000,9999.000,9999.000,9999.000,9999.000,9999.000
202606130830,   3.448,9999.000,9999.000,9999.000,9999.000,9999.000,9999.000,9999.000,9999.000
202606130836,   3.417,9999.000,9999.000,9999.000,9999.000,9999.000,9999.000,9999.000,9999.000
202606130842,   3.386,9999.000,9999.000,9999.000,9999.000,9999.000,9999.000,9999.000,9999.000
202606130848,   3.356,9999.000,9999.000,9999.000,9999.000,9999.000,9999.000,9999.000,9999.000
202606130854,   3.326,9999.000,9999.000,9999.000,9999.000,9999.000,9999.000,9999.000,9999.000
202606130900,   3.296,9999.000,  -0.300,   0.532,   3.528,  -0.400,   3.428,  -0.300,   3.528
202606130906,   3.267,9999.000,9999.000,9999.000,9999.000,9999.000,9999.000,9999.000,9999.000
202606130912,   3.239,9999.000,9999.000,9999.000,9999.000,9999.000,9999.000,9999.000,9999.000
202606130918,   3.211,9999.000,9999.000,9999.000,9999.000,9999.000,9999.000,9999.000,9999.000
202606130924,   3.185,9999.000,9999.000,9999.000,9999.000,9999.000,9999.000,9999.000,9999.000
202606130930,   3.159,9999.000,9999.000,9999.000,9999.000,9999.000,9999.000,9999.000,9999.000
202606130936,   3.134,9999.000,9999.000,9999.000,9999.000,9999.000,9999.000,9999.000,9999.000
202606130942,   3.111,9999.000,9999.000,9999.000,9999.000,9999.000,9999.000,9999.000,9999.000
202606130948,   3.088,9999.000,9999.000,9999.000,9999.000,9999.000,9999.000,9999.000,9999.000
202606130954,   3.067,9999.000,9999.000,9999.000,9999.000,9999.000,9999.000,9999.000,9999.000
202606131000,   3.048,9999.000,  -0.400,   0.909,   3.557,  -0.400,   3.557,  -0.300,   3.657
202606131006,   3.030,9999.000,9999.000,9999.000,9999.000,9999.000,9999.000,9999.000,9999.000
202606131012,   3.013,9999.000,9999.000,9999.000,9999.000,9999.000,9999.000,9999.000,9999.000
202606131018,   2.998,9999.000,9999.000,9999.000,9999.000,9999.000,9999.000,9999.000,9999.000
202606131024,   2.985,9999.000,9999.000,9999.000,9999.000,9999.000,9999.000,9999.000,9999.000
202606131030,   2.973,9999.000,9999.000,9999.000,9999.000,9999.000,9999.000,9999.000,9999.000
202606131036,   2.963,9999.000,9999.000,9999.000,9999.000,9999.000,9999.000,9999.000,9999.000
202606131042,   2.954,9999.000,9999.000,9999.000,9999.000,9999.000,9999.000,9999.000,9999.000
202606131048,   2.947,9999.000,9999.000,9999.000,9999.000,9999.000,9999.000,9999.000,9999.000
202606131054,   2.941,9999.000,9999.000,9999.000,9999.000,9999.000,9999.000,9999.000,9999.000
202606131100,   2.936,9999.000,  -0.400,   1.059,   3.595,  -0.400,   3.595,  -0.300,   3.695
202606131106,   2.931,9999.000,9999.000,9999.000,9999.000,9999.000,9999.000,9999.000,9999.000
202606131112,   2.928,9999.000,9999.000,9999.000,9999.000,9999.000,9999.000,9999.000,9999.000
202606131118,   2.925,9999.000,9999.000,9999.000,9999.000,9999.000,9999.000,9999.000,9999.000
202606131124,   2.922,9999.000,9999.000,9999.000,9999.000,9999.000,9999.000,9999.000,9999.000
202606131130,   2.918,9999.000,9999.000,9999.000,9999.000,9999.000,9999.000,9999.000,9999.000
202606131136,   2.915,9999.000,9999.000,9999.000,9999.000,9999.000,9999.000,9999.000,9999.000
202606131142,   2.911,9999.000,9999.000,9999.000,9999.000,9999.000,9999.000,9999.000,9999.000
202606131148,   2.906,9999.000,9999.000,9999.000,9999.000,9999.000,9999.000,9999.000,9999.000
202606131154,   2.899,9999.000,9999.000,9999.000,9999.000,9999.000,9999.000,9999.000,9999.000
202606131200,   2.892,9999.000,  -0.400,   0.975,   3.467,  -0.500,   3.367,  -0.300,   3.567
202606131206,   2.883,9999.000,9999.000,9999.000,9999.000,9999.000,9999.000,9999.000,9999.000
202606131212,   2.872,9999.000,9999.000,9999.000,9999.000,9999.000,9999.000,9999.000,9999.000
202606131218,   2.859,9999.000,9999.000,9999.000,9999.000,9999.000,9999.000,9999.000,9999.000
202606131224,   2.843,9999.000,9999.000,9999.000,9999.000,9999.000,9999.000,9999.000,9999.000
202606131230,   2.826,9999.000,9999.000,9999.000,9999.000,9999.000,9999.000,9999.000,9999.000
202606131236,   2.806,9999.000,9999.000,9999.000,9999.000,9999.000,9999.000,9999.000,9999.000
202606131242,   2.784,9999.000,9999.000,9999.000,9999.000,9999.000,9999.000,9999.000,9999.000
202606131248,   2.760,9999.000,9999.000,9999.000,9999.000,9999.000,9999.000,9999.000,9999.000
202606131254,   2.733,9999.000,9999.000,9999.000,9999.000,9999.000,9999.000,9999.000,9999.000
202606131300,   2.704,9999.000,  -0.400,   0.754,   3.058,  -0.500,   2.958,  -0.300,   3.158
202606131306,   2.672,9999.000,9999.000,9999.000,9999.000,9999.000,9999.000,9999.000,9999.000
202606131312,   2.639,9999.000,9999.000,9999.000,9999.000,9999.000,9999.000,9999.000,9999.000
202606131318,   2.602,9999.000,9999.000,9999.000,9999.000,9999.000,9999.000,9999.000,9999.000
202606131324,   2.564,9999.000,9999.000,9999.000,9999.000,9999.000,9999.000,9999.000,9999.000
202606131330,   2.524,9999.000,9999.000,9999.000,9999.000,9999.000,9999.000,9999.000,9999.000
202606131336,   2.481,9999.000,9999.000,9999.000,9999.000,9999.000,9999.000,9999.000,9999.000
202606131342,   2.437,9999.000,9999.000,9999.000,9999.000,9999.000,9999.000,9999.000,9999.000
202606131348,   2.390,9999.000,9999.000,9999.000,9999.000,9999.000,9999.000,9999.000,9999.000
202606131354,   2.342,9999.000,9999.000,9999.000,9999.000,9999.000,9999.000,9999.000,9999.000
202606131400,   2.292,9999.000,  -0.400,   0.497,   2.389,  -0.500,   2.289,  -0.300,   2.489
202606131406,   2.240,9999.000,9999.000,9999.000,9999.000,9999.000,9999.000,9999.000,9999.000
202606131412,   2.187,9999.000,9999.000,9999.000,9999.000,9999.000,9999.000,9999.000,9999.000
202606131418,   2.132,9999.000,9999.000,9999.000,9999.000,9999.000,9999.000,9999.000,9999.000
202606131424,   2.076,9999.000,9999.000,9999.000,9999.000,9999.000,9999.000,9999.000,9999.000
202606131430,   2.018,9999.000,9999.000,9999.000,9999.000,9999.000,9999.000,9999.000,9999.000
202606131436,   1.958,9999.000,9999.000,9999.000,9999.000,9999.000,9999.000,9999.000,9999.000
202606131442,   1.897,9999.000,9999.000,9999.000,9999.000,9999.000,9999.000,9999.000,9999.000
202606131448,   1.835,9999.000,9999.000,9999.000,9999.000,9999.000,9999.000,9999.000,9999.000
202606131454,   1.771,9999.000,9999.000,9999.000,9999.000,9999.000,9999.000,9999.000,9999.000
202606131500,   1.706,9999.000,  -0.400,   0.224,   1.530,  -0.400,   1.530,  -0.300,   1.630
202606131506,   1.640,9999.000,9999.000,9999.000,9999.000,9999.000,9999.000,9999.000,9999.000
202606131512,   1.572,9999.000,9999.000,9999.000,9999.000,9999.000,9999.000,9999.000,9999.000
202606131518,   1.504,9999.000,9999.000,9999.000,9999.000,9999.000,9999.000,9999.000,9999.000
202606131524,   1.435,9999.000,9999.000,9999.000,9999.000,9999.000,9999.000,9999.000,9999.000
202606131530,   1.365,9999.000,9999.000,9999.000,9999.000,9999.000,9999.000,9999.000,9999.000
202606131536,   1.295,9999.000,9999.000,9999.000,9999.000,9999.000,9999.000,9999.000,9999.000
202606131542,   1.224,9999.000,9999.000,9999.000,9999.000,9999.000,9999.000,9999.000,9999.000
202606131548,   1.153,9999.000,9999.000,9999.000,9999.000,9999.000,9999.000,9999.000,9999.000
202606131554,   1.082,9999.000,9999.000,9999.000,9999.000,9999.000,9999.000,9999.000,9999.000
202606131600,   1.011,9999.000,  -0.400,  -0.097,   0.514,  -0.500,   0.414,  -0.300,   0.614
202606131606,   0.940,9999.000,9999.000,9999.000,9999.000,9999.000,9999.000,9999.000,9999.000
202606131612,   0.870,9999.000,9999.000,9999.000,9999.000,9999.000,9999.000,9999.000,9999.000
202606131618,   0.801,9999.000,9999.000,9999.000,9999.000,9999.000,9999.000,9999.000,9999.000
202606131624,   0.732,9999.000,9999.000,9999.000,9999.000,9999.000,9999.000,9999.000,9999.000
202606131630,   0.665,9999.000,9999.000,9999.000,9999.000,9999.000,9999.000,9999.000,9999.000
202606131636,   0.598,9999.000,9999.000,9999.000,9999.000,9999.000,9999.000,9999.000,9999.000
202606131642,   0.533,9999.000,9999.000,9999.000,9999.000,9999.000,9999.000,9999.000,9999.000
202606131648,   0.469,9999.000,9999.000,9999.000,9999.000,9999.000,9999.000,9999.000,9999.000
202606131654,   0.407,9999.000,9999.000,9999.000,9999.000,9999.000,9999.000,9999.000,9999.000
202606131700,   0.346,9999.000,  -0.400,  -0.441,  -0.495,  -0.500,  -0.595,  -0.300,  -0.395
202606131706,   0.286,9999.000,9999.000,9999.000,9999.000,9999.000,9999.000,9999.000,9999.000
202606131712,   0.228,9999.000,9999.000,9999.000,9999.000,9999.000,9999.000,9999.000,9999.000
202606131718,   0.172,9999.000,9999.000,9999.000,9999.000,9999.000,9999.000,9999.000,9999.000
202606131724,   0.116,9999.000,9999.000,9999.000,9999.000,9999.000,9999.000,9999.000,9999.000
202606131730,   0.062,9999.000,9999.000,9999.000,9999.000,9999.000,9999.000,9999.000,9999.000
202606131736,   0.010,9999.000,9999.000,9999.000,9999.000,9999.000,9999.000,9999.000,9999.000
202606131742,  -0.041,9999.000,9999.000,9999.000,9999.000,9999.000,9999.000,9999.000,9999.000
202606131748,  -0.091,9999.000,9999.000,9999.000,9999.000,9999.000,9999.000,9999.000,9999.000
202606131754,  -0.141,9999.000,9999.000,9999.000,9999.000,9999.000,9999.000,9999.000,9999.000
202606131800,  -0.189,9999.000,  -0.400,  -0.718,  -1.307,  -0.500,  -1.407,  -0.300,  -1.207
202606131806,  -0.237,9999.000,9999.000,9999.000,9999.000,9999.000,9999.000,9999.000,9999.000
202606131812,  -0.283,9999.000,9999.000,9999.000,9999.000,9999.000,9999.000,9999.000,9999.000
202606131818,  -0.329,9999.000,9999.000,9999.000,9999.000,9999.000,9999.000,9999.000,9999.000
202606131824,  -0.374,9999.000,9999.000,9999.000,9999.000,9999.000,9999.000,9999.000,9999.000
202606131830,  -0.418,9999.000,9999.000,9999.000,9999.000,9999.000,9999.000,9999.000,9999.000
202606131836,  -0.461,9999.000,9999.000,9999.000,9999.000,9999.000,9999.000,9999.000,9999.000
202606131842,  -0.503,9999.000,9999.000,9999.000,9999.000,9999.000,9999.000,9999.000,9999.000
202606131848,  -0.544,9999.000,9999.000,9999.000,9999.000,9999.000,9999.000,9999.000,9999.000
202606131854,  -0.584,9999.000,9999.000,9999.000,9999.000,9999.000,9999.000,9999.000,9999.000
202606131900,  -0.622,9999.000,  -0.400,  -0.850,  -1.872,  -0.500,  -1.972,  -0.300,  -1.772
202606131906,  -0.658,9999.000,9999.000,9999.000,9999.000,9999.000,9999.000,9999.000,9999.000
202606131912,  -0.693,9999.000,9999.000,9999.000,9999.000,9999.000,9999.000,9999.000,9999.000
202606131918,  -0.726,9999.000,9999.000,9999.000,9999.000,9999.000,9999.000,9999.000,9999.000
202606131924,  -0.757,9999.000,9999.000,9999.000,9999.000,9999.000,9999.000,9999.000,9999.000
202606131930,  -0.785,9999.000,9999.000,9999.000,9999.000,9999.000,9999.000,9999.000,9999.000
202606131936,  -0.811,9999.000,9999.000,9999.000,9999.000,9999.000,9999.000,9999.000,9999.000
202606131942,  -0.835,9999.000,9999.000,9999.000,9999.000,9999.000,9999.000,9999.000,9999.000
202606131948,  -0.855,9999.000,9999.000,9999.000,9999.000,9999.000,9999.000,9999.000,9999.000
202606131954,  -0.872,9999.000,9999.000,9999.000,9999.000,9999.000,9999.000,9999.000,9999.000
202606132000,  -0.887,9999.000,  -0.400,  -0.823,  -2.110,  -0.500,  -2.210,  -0.400,  -2.110
202606132006,  -0.897,9999.000,9999.000,9999.000,9999.000,9999.000,9999.000,9999.000,9999.000
202606132012,  -0.905,9999.000,9999.000,9999.000,9999.000,9999.000,9999.000,9999.000,9999.000
202606132018,  -0.909,9999.000,9999.000,9999.000,9999.000,9999.000,9999.000,9999.000,9999.000
202606132024,  -0.910,9999.000,9999.000,9999.000,9999.000,9999.000,9999.000,9999.000,9999.000
202606132030,  -0.907,9999.000,9999.000,9999.000,9999.000,9999.000,9999.000,9999.000,9999.000
202606132036,  -0.900,9999.000,9999.000,9999.000,9999.000,9999.000,9999.000,9999.000,9999.000
202606132042,  -0.890,9999.000,9999.000,9999.000,9999.000,9999.000,9999.000,9999.000,9999.000
202606132048,  -0.876,9999.000,9999.000,9999.000,9999.000,9999.000,9999.000,9999.000,9999.000
202606132054,  -0.859,9999.000,9999.000,9999.000,9999.000,9999.000,9999.000,9999.000,9999.000
202606132100,  -0.838,9999.000,  -0.400,  -0.688,  -1.926,  -0.500,  -2.026,  -0.400,  -1.926
202606132106,  -0.814,9999.000,9999.000,9999.000,9999.000,9999.000,9999.000,9999.000,9999.000
202606132112,  -0.786,9999.000,9999.000,9999.000,9999.000,9999.000,9999.000,9999.000,9999.000
202606132118,  -0.755,9999.000,9999.000,9999.000,9999.000,9999.000,9999.000,9999.000,9999.000
202606132124,  -0.721,9999.000,9999.000,9999.000,9999.000,9999.000,9999.000,9999.000,9999.000
202606132130,  -0.683,9999.000,9999.000,9999.000,9999.000,9999.000,9999.000,9999.000,9999.000
202606132136,  -0.641,9999.000,9999.000,9999.000,9999.000,9999.000,9999.000,9999.000,9999.000
202606132142,  -0.596,9999.000,9999.000,9999.000,9999.000,9999.000,9999.000,9999.000,9999.000
202606132148,  -0.548,9999.000,9999.000,9999.000,9999.000,9999.000,9999.000,9999.000,9999.000
202606132154,  -0.497,9999.000,9999.000,9999.000,9999.000,9999.000,9999.000,9999.000,9999.000
202606132200,  -0.442,9999.000,  -0.400,  -0.564,  -1.406,  -0.500,  -1.506,  -0.400,  -1.406
202606132206,  -0.383,9999.000,9999.000,9999.000,9999.000,9999.000,9999.000,9999.000,9999.000
202606132212,  -0.322,9999.000,9999.000,9999.000,9999.000,9999.000,9999.000,9999.000,9999.000
202606132218,  -0.256,9999.000,9999.000,9999.000,9999.000,9999.000,9999.000,9999.000,9999.000
202606132224,  -0.188,9999.000,9999.000,9999.000,9999.000,9999.000,9999.000,9999.000,9999.000
202606132230,  -0.116,9999.000,9999.000,9999.000,9999.000,9999.000,9999.000,9999.000,9999.000
202606132236,  -0.041,9999.000,9999.000,9999.000,9999.000,9999.000,9999.000,9999.000,9999.000
202606132242,   0.036,9999.000,9999.000,9999.000,9999.000,9999.000,9999.000,9999.000,9999.000
202606132248,   0.118,9999.000,9999.000,9999.000,9999.000,9999.000,9999.000,9999.000,9999.000
202606132254,   0.203,9999.000,9999.000,9999.000,9999.000,9999.000,9999.000,9999.000,9999.000
202606132300,   0.290,9999.000,  -0.500,  -0.593,  -0.803,  -0.500,  -0.803,  -0.400,  -0.703
202606132306,   0.380,9999.000,9999.000,9999.000,9999.000,9999.000,9999.000,9999.000,9999.000
202606132312,   0.473,9999.000,9999.000,9999.000,9999.000,9999.000,9999.000,9999.000,9999.000
202606132318,   0.569,9999.000,9999.000,9999.000,9999.000,9999.000,9999.000,9999.000,9999.000
202606132324,   0.666,9999.000,9999.000,9999.000,9999.000,9999.000,9999.000,9999.000,9999.000
202606132330,   0.765,9999.000,9999.000,9999.000,9999.000,9999.000,9999.000,9999.000,9999.000
202606132336,   0.866,9999.000,9999.000,9999.000,9999.000,9999.000,9999.000,9999.000,9999.000
202606132342,   0.968,9999.000,9999.000,9999.000,9999.000,9999.000,9999.000,9999.000,9999.000
202606132348,   1.071,9999.000,9999.000,9999.000,9999.000,9999.000,9999.000,9999.000,9999.000
202606132354,   1.175,9999.000,9999.000,9999.000,9999.000,9999.000,9999.000,9999.000,9999.000
202606140000,   1.278,9999.000,  -0.500,  -0.819,  -0.041,  -0.500,  -0.041,  -0.400,   0.059
202606140006,   1.382,9999.000,9999.000,9999.000,9999.000,9999.000,9999.000,9999.000,9999.000
202606140012,   1.486,9999.000,9999.000,9999.000,9999.000,9999.000,9999.000,9999.000,9999.000
202606140018,   1.589,9999.000,9999.000,9999.000,9999.000,9999.000,9999.000,9999.000,9999.000
202606140024,   1.690,9999.000,9999.000,9999.000,9999.000,9999.000,9999.000,9999.000,9999.000
202606140030,   1.791,9999.000,9999.000,9999.000,9999.000,9999.000,9999.000,9999.000,9999.000
202606140036,   1.890,9999.000,9999.000,9999.000,9999.000,9999.000,9999.000,9999.000,9999.000
202606140042,   1.988,9999.000,9999.000,9999.000,9999.000,9999.000,9999.000,9999.000,9999.000
202606140048,   2.083,9999.000,9999.000,9999.000,9999.000,9999.000,9999.000,9999.000,9999.000
202606140054,   2.177,9999.000,9999.000,9999.000,9999.000,9999.000,9999.000,9999.000,9999.000
202606140100,   2.268,9999.000,  -0.500,  -1.118,   0.650,  -0.500,   0.650,  -0.400,   0.750
202606140106,   2.358,9999.000,9999.000,9999.000,9999.000,9999.000,9999.000,9999.000,9999.000
202606140112,   2.444,9999.000,9999.000,9999.000,9999.000,9999.000,9999.000,9999.000,9999.000
202606140118,   2.529,9999.000,9999.000,9999.000,9999.000,9999.000,9999.000,9999.000,9999.000
202606140124,   2.611,9999.000,9999.000,9999.000,9999.000,9999.000,9999.000,9999.000,9999.000
202606140130,   2.691,9999.000,9999.000,9999.000,9999.000,9999.000,9999.000,9999.000,9999.000
202606140136,   2.768,9999.000,9999.000,9999.000,9999.000,9999.000,9999.000,9999.000,9999.000
202606140142,   2.843,9999.000,9999.000,9999.000,9999.000,9999.000,9999.000,9999.000,9999.000
202606140148,   2.916,9999.000,9999.000,9999.000,9999.000,9999.000,9999.000,9999.000,9999.000
202606140154,   2.986,9999.000,9999.000,9999.000,9999.000,9999.000,9999.000,9999.000,9999.000
202606140200,   3.055,9999.000,  -0.500,  -1.297,   1.258,  -0.500,   1.258,  -0.400,   1.358
202606140206,   3.121,9999.000,9999.000,9999.000,9999.000,9999.000,9999.000,9999.000,9999.000
202606140212,   3.184,9999.000,9999.000,9999.000,9999.000,9999.000,9999.000,9999.000,9999.000
202606140218,   3.246,9999.000,9999.000,9999.000,9999.000,9999.000,9999.000,9999.000,9999.000
202606140224,   3.305,9999.000,9999.000,9999.000,9999.000,9999.000,9999.000,9999.000,9999.000
202606140230,   3.363,9999.000,9999.000,9999.000,9999.000,9999.000,9999.000,9999.000,9999.000
202606140236,   3.418,9999.000,9999.000,9999.000,9999.000,9999.000,9999.000,9999.000,9999.000
202606140242,   3.471,9999.000,9999.000,9999.000,9999.000,9999.000,9999.000,9999.000,9999.000
202606140248,   3.522,9999.000,9999.000,9999.000,9999.000,9999.000,9999.000,9999.000,9999.000
202606140254,   3.571,9999.000,9999.000,9999.000,9999.000,9999.000,9999.000,9999.000,9999.000
202606140300,   3.617,9999.000,  -0.500,  -1.282,   1.835,  -0.500,   1.835,  -0.400,   1.935
202606140306,   3.662,9999.000,9999.000,9999.000,9999.000,9999.000,9999.000,9999.000,9999.000
202606140312,   3.704,9999.000,9999.000,9999.000,9999.000,9999.000,9999.000,9999.000,9999.000
202606140318,   3.743,9999.000,9999.000,9999.000,9999.000,9999.000,9999.000,9999.000,9999.000
202606140324,   3.781,9999.000,9999.000,9999.000,9999.000,9999.000,9999.000,9999.000,9999.000
202606140330,   3.816,9999.000,9999.000,9999.000,9999.000,9999.000,9999.000,9999.000,9999.000
202606140336,   3.849,9999.000,9999.000,9999.000,9999.000,9999.000,9999.000,9999.000,9999.000
202606140342,   3.880,9999.000,9999.000,9999.000,9999.000,9999.000,9999.000,9999.000,9999.000
202606140348,   3.909,9999.000,9999.000,9999.000,9999.000,9999.000,9999.000,9999.000,9999.000
202606140354,   3.935,9999.000,9999.000,9999.000,9999.000,9999.000,9999.000,9999.000,9999.000
202606140400,   3.959,9999.000,  -0.500,  -1.137,   2.322,  -0.500,   2.322,  -0.400,   2.422
202606140406,   3.982,9999.000,9999.000,9999.000,9999.000,9999.000,9999.000,9999.000,9999.000
202606140412,   4.002,9999.000,9999.000,9999.000,9999.000,9999.000,9999.000,9999.000,9999.000
202606140418,   4.020,9999.000,9999.000,9999.000,9999.000,9999.000,9999.000,9999.000,9999.000
202606140424,   4.037,9999.000,9999.000,9999.000,9999.000,9999.000,9999.000,9999.000,9999.000
202606140430,   4.052,9999.000,9999.000,9999.000,9999.000,9999.000,9999.000,9999.000,9999.000
202606140436,   4.066,9999.000,9999.000,9999.000,9999.000,9999.000,9999.000,9999.000,9999.000
202606140442,   4.078,9999.000,9999.000,9999.000,9999.000,9999.000,9999.000,9999.000,9999.000
202606140448,   4.089,9999.000,9999.000,9999.000,9999.000,9999.000,9999.000,9999.000,9999.000
202606140454,   4.098,9999.000,9999.000,9999.000,9999.000,9999.000,9999.000,9999.000,9999.000
202606140500,   4.107,9999.000,  -0.500,  -0.940,   2.667,  -0.500,   2.667,  -0.400,   2.767
202606140506,   4.114,9999.000,9999.000,9999.000,9999.000,9999.000,9999.000,9999.000,9999.000
202606140512,   4.120,9999.000,9999.000,9999.000,9999.000,9999.000,9999.000,9999.000,9999.000
202606140518,   4.124,9999.000,9999.000,9999.000,9999.000,9999.000,9999.000,9999.000,9999.000
202606140524,   4.128,9999.000,9999.000,9999.000,9999.000,9999.000,9999.000,9999.000,9999.000
202606140530,   4.130,9999.000,9999.000,9999.000,9999.000,9999.000,9999.000,9999.000,9999.000
202606140536,   4.131,9999.000,9999.000,9999.000,9999.000,9999.000,9999.000,9999.000,9999.000
202606140542,   4.131,9999.000,9999.000,9999.000,9999.000,9999.000,9999.000,9999.000,9999.000
202606140548,   4.129,9999.000,9999.000,9999.000,9999.000,9999.000,9999.000,9999.000,9999.000
202606140554,   4.125,9999.000,9999.000,9999.000,9999.000,9999.000,9999.000,9999.000,9999.000
202606140600,   4.120,9999.000,  -0.400,  -0.692,   3.028,  -0.500,   2.928,  -0.400,   3.028
202606140606,   4.113,9999.000,9999.000,9999.000,9999.000,9999.000,9999.000,9999.000,9999.000
202606140612,   4.105,9999.000,9999.000,9999.000,9999.000,9999.000,9999.000,9999.000,9999.000
202606140618,   4.094,9999.000,9999.000,9999.000,9999.000,9999.000,9999.000,9999.000,9999.000
202606140624,   4.081,9999.000,9999.000,9999.000,9999.000,9999.000,9999.000,9999.000,9999.000
202606140630,   4.066,9999.000,9999.000,9999.000,9999.000,9999.000,9999.000,9999.000,9999.000
202606140636,   4.050,9999.000,9999.000,9999.000,9999.000,9999.000,9999.000,9999.000,9999.000
202606140642,   4.031,9999.000,9999.000,9999.000,9999.000,9999.000,9999.000,9999.000,9999.000
202606140648,   4.009,9999.000,9999.000,9999.000,9999.000,9999.000,9999.000,9999.000,9999.000
202606140654,   3.986,9999.000,9999.000,9999.000,9999.000,9999.000,9999.000,9999.000,9999.000
202606140700,   3.961,9999.000,  -0.500,  -0.365,   3.096,  -0.500,   3.096,  -0.400,   3.196
202606140706,   3.933,9999.000,9999.000,9999.000,9999.000,9999.000,9999.000,9999.000,9999.000
202606140712,   3.904,9999.000,9999.000,9999.000,9999.000,9999.000,9999.000,9999.000,9999.000
202606140718,   3.874,9999.000,9999.000,9999.000,9999.000,9999.000,9999.000,9999.000,9999.000
202606140724,   3.841,9999.000,9999.000,9999.000,9999.000,9999.000,9999.000,9999.000,9999.000
202606140730,   3.808,9999.000,9999.000,9999.000,9999.000,9999.000,9999.000,9999.000,9999.000
202606140736,   3.773,9999.000,9999.000,9999.000,9999.000,9999.000,9999.000,9999.000,9999.000
202606140742,   3.737,9999.000,9999.000,9999.000,9999.000,9999.000,9999.000,9999.000,9999.000
202606140748,   3.701,9999.000,9999.000,9999.000,9999.000,9999.000,9999.000,9999.000,9999.000
202606140754,   3.665,9999.000,9999.000,9999.000,9999.000,9999.000,9999.000,9999.000,9999.000
202606140800,   3.628,9999.000,  -0.500,   0.036,   3.164,  -0.500,   3.164,  -0.400,   3.264
202606140806,   3.591,9999.000,9999.000,9999.000,9999.000,9999.000,9999.000,9999.000,9999.000
202606140812,   3.555,9999.000,9999.000,9999.000,9999.000,9999.000,9999.000,9999.000,9999.000
202606140818,   3.519,9999.000,9999.000,9999.000,9999.000,9999.000,9999.000,9999.000,9999.000
202606140824,   3.484,9999.000,9999.000,9999.000,9999.000,9999.000,9999.000,9999.000,9999.000
202606140830,   3.449,9999.000,9999.000,9999.000,9999.000,9999.000,9999.000,9999.000,9999.000
202606140836,   3.416,9999.000,9999.000,9999.000,9999.000,9999.000,9999.000,9999.000,9999.000
202606140842,   3.384,9999.000,9999.000,9999.000,9999.000,9999.000,9999.000,9999.000,9999.000
202606140848,   3.353,9999.000,9999.000,9999.000,9999.000,9999.000,9999.000,9999.000,9999.000
202606140854,   3.323,9999.000,9999.000,9999.000,9999.000,9999.000,9999.000,9999.000,9999.000
202606140900,   3.295,9999.000,  -0.500,   0.457,   3.252,  -0.500,   3.252,  -0.400,   3.352
202606140906,   3.268,9999.000,9999.000,9999.000,9999.000,9999.000,9999.000,9999.000,9999.000
202606140912,   3.243,9999.000,9999.000,9999.000,9999.000,9999.000,9999.000,9999.000,9999.000
202606140918,   3.219,9999.000,9999.000,9999.000,9999.000,9999.000,9999.000,9999.000,9999.000
202606140924,   3.197,9999.000,9999.000,9999.000,9999.000,9999.000,9999.000,9999.000,9999.000
202606140930,   3.176,9999.000,9999.000,9999.000,9999.000,9999.000,9999.000,9999.000,9999.000
202606140936,   3.157,9999.000,9999.000,9999.000,9999.000,9999.000,9999.000,9999.000,9999.000
202606140942,   3.139,9999.000,9999.000,9999.000,9999.000,9999.000,9999.000,9999.000,9999.000
202606140948,   3.123,9999.000,9999.000,9999.000,9999.000,9999.000,9999.000,9999.000,9999.000
202606140954,   3.108,9999.000,9999.000,9999.000,9999.000,9999.000,9999.000,9999.000,9999.000
202606141000,   3.095,9999.000,  -0.500,   0.809,   3.404,  -0.600,   3.304,  -0.400,   3.504
202606141006,   3.083,9999.000,9999.000,9999.000,9999.000,9999.000,9999.000,9999.000,9999.000
202606141012,   3.073,9999.000,9999.000,9999.000,9999.000,9999.000,9999.000,9999.000,9999.000
202606141018,   3.064,9999.000,9999.000,9999.000,9999.000,9999.000,9999.000,9999.000,9999.000
202606141024,   3.057,9999.000,9999.000,9999.000,9999.000,9999.000,9999.000,9999.000,9999.000
202606141030,   3.052,9999.000,9999.000,9999.000,9999.000,9999.000,9999.000,9999.000,9999.000
202606141036,   3.048,9999.000,9999.000,9999.000,9999.000,9999.000,9999.000,9999.000,9999.000
202606141042,   3.046,9999.000,9999.000,9999.000,9999.000,9999.000,9999.000,9999.000,9999.000
202606141048,   3.046,9999.000,9999.000,9999.000,9999.000,9999.000,9999.000,9999.000,9999.000
202606141054,   3.047,9999.000,9999.000,9999.000,9999.000,9999.000,9999.000,9999.000,9999.000
202606141100,   3.049,9999.000,  -0.500,   0.985,   3.534,  -0.600,   3.434,  -0.400,   3.634
202606141106,   3.054,9999.000,9999.000,9999.000,9999.000,9999.000,9999.000,9999.000,9999.000
202606141112,   3.059,9999.000,9999.000,9999.000,9999.000,9999.000,9999.000,9999.000,9999.000
202606141118,   3.067,9999.000,9999.000,9999.000,9999.000,9999.000,9999.000,9999.000,9999.000
202606141124,   3.075,9999.000,9999.000,9999.000,9999.000,9999.000,9999.000,9999.000,9999.000
202606141130,   3.085,9999.000,9999.000,9999.000,9999.000,9999.000,9999.000,9999.000,9999.000
202606141136,   3.095,9999.000,9999.000,9999.000,9999.000,9999.000,9999.000,9999.000,9999.000
202606141142,   3.106,9999.000,9999.000,9999.000,9999.000,9999.000,9999.000,9999.000,9999.000
202606141148,   3.118,9999.000,9999.000,9999.000,9999.000,9999.000,9999.000,9999.000,9999.000
202606141154,   3.130,9999.000,9999.000,9999.000,9999.000,9999.000,9999.000,9999.000,9999.000
202606141200,   3.142,9999.000,  -0.500,   0.925,   3.567,  -0.600,   3.467,  -0.400,   3.667
202606141206,   3.154,9999.000,9999.000,9999.000,9999.000,9999.000,9999.000,9999.000,9999.000
202606141212,   3.166,9999.000,9999.000,9999.000,9999.000,9999.000,9999.000,9999.000,9999.000
202606141218,   3.176,9999.000,9999.000,9999.000,9999.000,9999.000,9999.000,9999.000,9999.000
202606141224,   3.186,9999.000,9999.000,9999.000,9999.000,9999.000,9999.000,9999.000,9999.000
202606141230,   3.194,9999.000,9999.000,9999.000,9999.000,9999.000,9999.000,9999.000,9999.000
202606141236,   3.200,9999.000,9999.000,9999.000,9999.000,9999.000,9999.000,9999.000,9999.000
202606141242,   3.205,9999.000,9999.000,9999.000,9999.000,9999.000,9999.000,9999.000,9999.000
202606141248,   3.207,9999.000,9999.000,9999.000,9999.000,9999.000,9999.000,9999.000,9999.000
202606141254,   3.207,9999.000,9999.000,9999.000,9999.000,9999.000,9999.000,9999.000,9999.000
202606141300,   3.204,9999.000,  -0.500,   0.684,   3.388,  -0.600,   3.288,  -0.400,   3.488
202606141306,   3.198,9999.000,9999.000,9999.000,9999.000,9999.000,9999.000,9999.000,9999.000
202606141312,   3.189,9999.000,9999.000,9999.000,9999.000,9999.000,9999.000,9999.000,9999.000
202606141318,   3.178,9999.000,9999.000,9999.000,9999.000,9999.000,9999.000,9999.000,9999.000
202606141324,   3.163,9999.000,9999.000,9999.000,9999.000,9999.000,9999.000,9999.000,9999.000
202606141330,   3.145,9999.000,9999.000,9999.000,9999.000,9999.000,9999.000,9999.000,9999.000
202606141336,   3.123,9999.000,9999.000,9999.000,9999.000,9999.000,9999.000,9999.000,9999.000
202606141342,   3.099,9999.000,9999.000,9999.000,9999.000,9999.000,9999.000,9999.000,9999.000
202606141348,   3.071,9999.000,9999.000,9999.000,9999.000,9999.000,9999.000,9999.000,9999.000
202606141354,   3.041,9999.000,9999.000,9999.000,9999.000,9999.000,9999.000,9999.000,9999.000
202606141400,   3.007,9999.000,  -0.500,   0.385,   2.892,  -0.600,   2.792,  -0.400,   2.992
202606141406,   2.970,9999.000,9999.000,9999.000,9999.000,9999.000,9999.000,9999.000,9999.000
202606141412,   2.930,9999.000,9999.000,9999.000,9999.000,9999.000,9999.000,9999.000,9999.000
202606141418,   2.888,9999.000,9999.000,9999.000,9999.000,9999.000,9999.000,9999.000,9999.000
202606141424,   2.843,9999.000,9999.000,9999.000,9999.000,9999.000,9999.000,9999.000,9999.000
202606141430,   2.796,9999.000,9999.000,9999.000,9999.000,9999.000,9999.000,9999.000,9999.000
202606141436,   2.746,9999.000,9999.000,9999.000,9999.000,9999.000,9999.000,9999.000,9999.000
202606141442,   2.694,9999.000,9999.000,9999.000,9999.000,9999.000,9999.000,9999.000,9999.000
202606141448,   2.640,9999.000,9999.000,9999.000,9999.000,9999.000,9999.000,9999.000,9999.000
202606141454,   2.583,9999.000,9999.000,9999.000,9999.000,9999.000,9999.000,9999.000,9999.000
202606141500,   2.524,9999.000,  -0.500,   0.108,   2.132,  -0.600,   2.032,  -0.400,   2.232
202606141506,   2.464,9999.000,9999.000,9999.000,9999.000,9999.000,9999.000,9999.000,9999.000
202606141512,   2.401,9999.000,9999.000,9999.000,9999.000,9999.000,9999.000,9999.000,9999.000
202606141518,   2.337,9999.000,9999.000,9999.000,9999.000,9999.000,9999.000,9999.000,9999.000
202606141524,   2.271,9999.000,9999.000,9999.000,9999.000,9999.000,9999.000,9999.000,9999.000
202606141530,   2.203,9999.000,9999.000,9999.000,9999.000,9999.000,9999.000,9999.000,9999.000
202606141536,   2.133,9999.000,9999.000,9999.000,9999.000,9999.000,9999.000,9999.000,9999.000
202606141542,   2.062,9999.000,9999.000,9999.000,9999.000,9999.000,9999.000,9999.000,9999.000
202606141548,   1.989,9999.000,9999.000,9999.000,9999.000,9999.000,9999.000,9999.000,9999.000
202606141554,   1.914,9999.000,9999.000,9999.000,9999.000,9999.000,9999.000,9999.000,9999.000
202606141600,   1.839,9999.000,  -0.500,  -0.158,   1.181,  -0.600,   1.081,  -0.400,   1.281
202606141606,   1.761,9999.000,9999.000,9999.000,9999.000,9999.000,9999.000,9999.000,9999.000
202606141612,   1.683,9999.000,9999.000,9999.000,9999.000,9999.000,9999.000,9999.000,9999.000
202606141618,   1.603,9999.000,9999.000,9999.000,9999.000,9999.000,9999.000,9999.000,9999.000
202606141624,   1.523,9999.000,9999.000,9999.000,9999.000,9999.000,9999.000,9999.000,9999.000
202606141630,   1.441,9999.000,9999.000,9999.000,9999.000,9999.000,9999.000,9999.000,9999.000
202606141636,   1.359,9999.000,9999.000,9999.000,9999.000,9999.000,9999.000,9999.000,9999.000
202606141642,   1.277,9999.000,9999.000,9999.000,9999.000,9999.000,9999.000,9999.000,9999.000
202606141648,   1.194,9999.000,9999.000,9999.000,9999.000,9999.000,9999.000,9999.000,9999.000
202606141654,   1.111,9999.000,9999.000,9999.000,9999.000,9999.000,9999.000,9999.000,9999.000
202606141700,   1.028,9999.000,  -0.500,  -0.444,   0.084,  -0.600,  -0.016,  -0.400,   0.184
202606141706,   0.945,9999.000,9999.000,9999.000,9999.000,9999.000,9999.000,9999.000,9999.000
202606141712,   0.863,9999.000,9999.000,9999.000,9999.000,9999.000,9999.000,9999.000,9999.000
202606141718,   0.781,9999.000,9999.000,9999.000,9999.000,9999.000,9999.000,9999.000,9999.000
202606141724,   0.700,9999.000,9999.000,9999.000,9999.000,9999.000,9999.000,9999.000,9999.000
202606141730,   0.620,9999.000,9999.000,9999.000,9999.000,9999.000,9999.000,9999.000,9999.000
202606141736,   0.541,9999.000,9999.000,9999.000,9999.000,9999.000,9999.000,9999.000,9999.000
202606141742,   0.462,9999.000,9999.000,9999.000,9999.000,9999.000,9999.000,9999.000,9999.000
202606141748,   0.385,9999.000,9999.000,9999.000,9999.000,9999.000,9999.000,9999.000,9999.000
202606141754,   0.309,9999.000,9999.000,9999.000,9999.000,9999.000,9999.000,9999.000,9999.000
202606141800,   0.234,9999.000,  -0.500,  -0.722,  -0.988,  -0.600,  -1.088,  -0.400,  -0.888
202606141806,   0.160,9999.000,9999.000,9999.000,9999.000,9999.000,9999.000,9999.000,9999.000
202606141812,   0.088,9999.000,9999.000,9999.000,9999.000,9999.000,9999.000,9999.000,9999.000
202606141818,   0.016,9999.000,9999.000,9999.000,9999.000,9999.000,9999.000,9999.000,9999.000
202606141824,  -0.053,9999.000,9999.000,9999.000,9999.000,9999.000,9999.000,9999.000,9999.000
202606141830,  -0.122,9999.000,9999.000,9999.000,9999.000,9999.000,9999.000,9999.000,9999.000
202606141836,  -0.190,9999.000,9999.000,9999.000,9999.000,9999.000,9999.000,9999.000,9999.000
202606141842,  -0.257,9999.000,9999.000,9999.000,9999.000,9999.000,9999.000,9999.000,9999.000
202606141848,  -0.323,9999.000,9999.000,9999.000,9999.000,9999.000,9999.000,9999.000,9999.000
202606141854,  -0.387,9999.000,9999.000,9999.000,9999.000,9999.000,9999.000,9999.000,9999.000
202606141900,  -0.451,9999.000,  -0.500,  -0.916,  -1.867,  -0.600,  -1.967,  -0.400,  -1.767
202606141906,  -0.513,9999.000,9999.000,9999.000,9999.000,9999.000,9999.000,9999.000,9999.000
202606141912,  -0.574,9999.000,9999.000,9999.000,9999.000,9999.000,9999.000,9999.000,9999.000
202606141918,  -0.634,9999.000,9999.000,9999.000,9999.000,9999.000,9999.000,9999.000,9999.000
202606141924,  -0.693,9999.000,9999.000,9999.000,9999.000,9999.000,9999.000,9999.000,9999.000
202606141930,  -0.750,9999.000,9999.000,9999.000,9999.000,9999.000,9999.000,9999.000,9999.000
202606141936,  -0.805,9999.000,9999.000,9999.000,9999.000,9999.000,9999.000,9999.000,9999.000
202606141942,  -0.858,9999.000,9999.000,9999.000,9999.000,9999.000,9999.000,9999.000,9999.000
202606141948,  -0.909,9999.000,9999.000,9999.000,9999.000,9999.000,9999.000,9999.000,9999.000
202606141954,  -0.957,9999.000,9999.000,9999.000,9999.000,9999.000,9999.000,9999.000,9999.000
202606142000,  -1.003,9999.000,  -0.500,  -0.957,  -2.460,  -0.600,  -2.560,  -0.400,  -2.360
202606142006,  -1.046,9999.000,9999.000,9999.000,9999.000,9999.000,9999.000,9999.000,9999.000
202606142012,  -1.086,9999.000,9999.000,9999.000,9999.000,9999.000,9999.000,9999.000,9999.000
202606142018,  -1.123,9999.000,9999.000,9999.000,9999.000,9999.000,9999.000,9999.000,9999.000
202606142024,  -1.156,9999.000,9999.000,9999.000,9999.000,9999.000,9999.000,9999.000,9999.000
202606142030,  -1.185,9999.000,9999.000,9999.000,9999.000,9999.000,9999.000,9999.000,9999.000
202606142036,  -1.211,9999.000,9999.000,9999.000,9999.000,9999.000,9999.000,9999.000,9999.000
202606142042,  -1.232,9999.000,9999.000,9999.000,9999.000,9999.000,9999.000,9999.000,9999.000
202606142048,  -1.248,9999.000,9999.000,9999.000,9999.000,9999.000,9999.000,9999.000,9999.000
202606142054,  -1.260,9999.000,9999.000,9999.000,9999.000,9999.000,9999.000,9999.000,9999.000
202606142100,  -1.268,9999.000,  -0.500,  -0.845,  -2.613,  -0.600,  -2.713,  -0.400,  -2.513
202606142106,  -1.270,9999.000,9999.000,9999.000,9999.000,9999.000,9999.000,9999.000,9999.000
202606142112,  -1.268,9999.000,9999.000,9999.000,9999.000,9999.000,9999.000,9999.000,9999.000
202606142118,  -1.261,9999.000,9999.000,9999.000,9999.000,9999.000,9999.000,9999.000,9999.000
202606142124,  -1.249,9999.000,9999.000,9999.000,9999.000,9999.000,9999.000,9999.000,9999.000
202606142130,  -1.233,9999.000,9999.000,9999.000,9999.000,9999.000,9999.000,9999.000,9999.000
202606142136,  -1.211,9999.000,9999.000,9999.000,9999.000,9999.000,9999.000,9999.000,9999.000
202606142142,  -1.185,9999.000,9999.000,9999.000,9999.000,9999.000,9999.000,9999.000,9999.000
202606142148,  -1.154,9999.000,9999.000,9999.000,9999.000,9999.000,9999.000,9999.000,9999.000
202606142154,  -1.118,9999.000,9999.000,9999.000,9999.000,9999.000,9999.000,9999.000,9999.000
202606142200,  -1.078,9999.000,  -0.500,  -0.686,  -2.264,  -0.600,  -2.364,  -0.400,  -2.164
202606142206,  -1.033,9999.000,9999.000,9999.000,9999.000,9999.000,9999.000,9999.000,9999.000
202606142212,  -0.984,9999.000,9999.000,9999.000,9999.000,9999.000,9999.000,9999.000,9999.000
202606142218,  -0.931,9999.000,9999.000,9999.000,9999.000,9999.000,9999.000,9999.000,9999.000
202606142224,  -0.874,9999.000,9999.000,9999.000,9999.000,9999.000,9999.000,9999.000,9999.000
202606142230,  -0.812,9999.000,9999.000,9999.000,9999.000,9999.000,9999.000,9999.000,9999.000
202606142236,  -0.747,9999.000,9999.000,9999.000,9999.000,9999.000,9999.000,9999.000,9999.000
202606142242,  -0.678,9999.000,9999.000,9999.000,9999.000,9999.000,9999.000,9999.000,9999.000
202606142248,  -0.605,9999.000,9999.000,9999.000,9999.000,9999.000,9999.000,9999.000,9999.000
202606142254,  -0.528,9999.000,9999.000,9999.000,9999.000,9999.000,9999.000,9999.000,9999.000
202606142300,  -0.448,9999.000,  -0.500,  -0.645,  -1.593,  -0.600,  -1.693,  -0.400,  -1.493
202606142306,  -0.364,9999.000,9999.000,9999.000,9999.000,9999.000,9999.000,9999.000,9999.000
202606142312,  -0.276,9999.000,9999.000,9999.000,9999.000,9999.000,9999.000,9999.000,9999.000
202606142318,  -0.186,9999.000,9999.000,9999.000,9999.000,9999.000,9999.000,9999.000,9999.000
202606142324,  -0.092,9999.000,9999.000,9999.000,9999.000,9999.000,9999.000,9999.000,9999.000
202606142330,   0.004,9999.000,9999.000,9999.000,9999.000,9999.000,9999.000,9999.000,9999.000
202606142336,   0.104,9999.000,9999.000,9999.000,9999.000,9999.000,9999.000,9999.000,9999.000
202606142342,   0.206,9999.000,9999.000,9999.000,9999.000,9999.000,9999.000,9999.000,9999.000
202606142348,   0.311,9999.000,9999.000,9999.000,9999.000,9999.000,9999.000,9999.000,9999.000
202606142354,   0.418,9999.000,9999.000,9999.000,9999.000,9999.000,9999.000,9999.000,9999.000
202606150000,   0.528,9999.000,  -0.500,  -0.802,  -0.774,  -0.700,  -0.974,  -0.400,  -0.674
202606150006,   0.639,9999.000,9999.000,9999.000,9999.000,9999.000,9999.000,9999.000,9999.000
202606150012,   0.751,9999.000,9999.000,9999.000,9999.000,9999.000,9999.000,9999.000,9999.000
202606150018,   0.865,9999.000,9999.000,9999.000,9999.000,9999.000,9999.000,9999.000,9999.000
202606150024,   0.980,9999.000,9999.000,9999.000,9999.000,9999.000,9999.000,9999.000,9999.000
202606150030,   1.095,9999.000,9999.000,9999.000,9999.000,9999.000,9999.000,9999.000,9999.000
202606150036,   1.210,9999.000,9999.000,9999.000,9999.000,9999.000,9999.000,9999.000,9999.000
202606150042,   1.325,9999.000,9999.000,9999.000,9999.000,9999.000,9999.000,9999.000,9999.000
202606150048,   1.440,9999.000,9999.000,9999.000,9999.000,9999.000,9999.000,9999.000,9999.000
202606150054,   1.553,9999.000,9999.000,9999.000,9999.000,9999.000,9999.000,9999.000,9999.000
202606150100,   1.666,9999.000,  -0.600,  -1.056,   0.010,  -0.700,  -0.090,  -0.400,   0.210
202606150106,   1.777,9999.000,9999.000,9999.000,9999.000,9999.000,9999.000,9999.000,9999.000
202606150112,   1.886,9999.000,9999.000,9999.000,9999.000,9999.000,9999.000,9999.000,9999.000
202606150118,   1.993,9999.000,9999.000,9999.000,9999.000,9999.000,9999.000,9999.000,9999.000
202606150124,   2.098,9999.000,9999.000,9999.000,9999.000,9999.000,9999.000,9999.000,9999.000
202606150130,   2.201,9999.000,9999.000,9999.000,9999.000,9999.000,9999.000,9999.000,9999.000
202606150136,   2.300,9999.000,9999.000,9999.000,9999.000,9999.000,9999.000,9999.000,9999.000
202606150142,   2.397,9999.000,9999.000,9999.000,9999.000,9999.000,9999.000,9999.000,9999.000
202606150148,   2.491,9999.000,9999.000,9999.000,9999.000,9999.000,9999.000,9999.000,9999.000
202606150154,   2.582,9999.000,9999.000,9999.000,9999.000,9999.000,9999.000,9999.000,9999.000
202606150200,   2.670,9999.000,  -0.500,  -1.202,   0.968,  -0.700,   0.768,  -0.400,   1.068
202606150206,   2.754,9999.000,9999.000,9999.000,9999.000,9999.000,9999.000,9999.000,9999.000
202606150212,   2.836,9999.000,9999.000,9999.000,9999.000,9999.000,9999.000,9999.000,9999.000
202606150218,   2.915,9999.000,9999.000,9999.000,9999.000,9999.000,9999.000,9999.000,9999.000
202606150224,   2.990,9999.000,9999.000,9999.000,9999.000,9999.000,9999.000,9999.000,9999.000
202606150230,   3.063,9999.000,9999.000,9999.000,9999.000,9999.000,9999.000,9999.000,9999.000
202606150236,   3.132,9999.000,9999.000,9999.000,9999.000,9999.000,9999.000,9999.000,9999.000
202606150242,   3.199,9999.000,9999.000,9999.000,9999.000,9999.000,9999.000,9999.000,9999.000
202606150248,   3.264,9999.000,9999.000,9999.000,9999.000,9999.000,9999.000,9999.000,9999.000
202606150254,   3.325,9999.000,9999.000,9999.000,9999.000,9999.000,9999.000,9999.000,9999.000
202606150300,   3.384,9999.000,  -0.500,  -1.136,   1.748,  -0.700,   1.548,  -0.400,   1.848
202606150306,   3.440,9999.000,9999.000,9999.000,9999.000,9999.000,9999.000,9999.000,9999.000
202606150312,   3.494,9999.000,9999.000,9999.000,9999.000,9999.000,9999.000,9999.000,9999.000
202606150318,   3.545,9999.000,9999.000,9999.000,9999.000,9999.000,9999.000,9999.000,9999.000
202606150324,   3.594,9999.000,9999.000,9999.000,9999.000,9999.000,9999.000,9999.000,9999.000
202606150330,   3.641,9999.000,9999.000,9999.000,9999.000,9999.000,9999.000,9999.000,9999.000
202606150336,   3.685,9999.000,9999.000,9999.000,9999.000,9999.000,9999.000,9999.000,9999.000
202606150342,   3.726,9999.000,9999.000,9999.000,9999.000,9999.000,9999.000,9999.000,9999.000
202606150348,   3.765,9999.000,9999.000,9999.000,9999.000,9999.000,9999.000,9999.000,9999.000
202606150354,   3.802,9999.000,9999.000,9999.000,9999.000,9999.000,9999.000,9999.000,9999.000
202606150400,   3.836,9999.000,  -0.500,  -0.919,   2.417,  -0.700,   2.217,  -0.400,   2.517
202606150406,   3.868,9999.000,9999.000,9999.000,9999.000,9999.000,9999.000,9999.000,9999.000
202606150412,   3.897,9999.000,9999.000,9999.000,9999.000,9999.000,9999.000,9999.000,9999.000
202606150418,   3.924,9999.000,9999.000,9999.000,9999.000,9999.000,9999.000,9999.000,9999.000
202606150424,   3.948,9999.000,9999.000,9999.000,9999.000,9999.000,9999.000,9999.000,9999.000
202606150430,   3.970,9999.000,9999.000,9999.000,9999.000,9999.000,9999.000,9999.000,9999.000
202606150436,   3.989,9999.000,9999.000,9999.000,9999.000,9999.000,9999.000,9999.000,9999.000
202606150442,   4.005,9999.000,9999.000,9999.000,9999.000,9999.000,9999.000,9999.000,9999.000
202606150448,   4.020,9999.000,9999.000,9999.000,9999.000,9999.000,9999.000,9999.000,9999.000
202606150454,   4.032,9999.000,9999.000,9999.000,9999.000,9999.000,9999.000,9999.000,9999.000
202606150500,   4.041,9999.000,  -0.600,  -0.666,   2.775,  -0.700,   2.675,  -0.400,   2.975
202606150506,   4.049,9999.000,9999.000,9999.000,9999.000,9999.000,9999.000,9999.000,9999.000
202606150512,   4.054,9999.000,9999.000,9999.000,9999.000,9999.000,9999.000,9999.000,9999.000
202606150518,   4.058,9999.000,9999.000,9999.000,9999.000,9999.000,9999.000,9999.000,9999.000
202606150524,   4.059,9999.000,9999.000,9999.000,9999.000,9999.000,9999.000,9999.000,9999.000
202606150530,   4.059,9999.000,9999.000,9999.000,9999.000,9999.000,9999.000,9999.000,9999.000
202606150536,   4.057,9999.000,9999.000,9999.000,9999.000,9999.000,9999.000,9999.000,9999.000
202606150542,   4.053,9999.000,9999.000,9999.000,9999.000,9999.000,9999.000,9999.000,9999.000
202606150548,   4.048,9999.000,9999.000,9999.000,9999.000,9999.000,9999.000,9999.000,9999.000
202606150554,   4.041,9999.000,9999.000,9999.000,9999.000,9999.000,9999.000,9999.000,9999.000
202606150600,   4.033,9999.000,  -0.500,  -0.425,   3.108,  -0.700,   2.908,  -0.400,   3.208
202606150606,   4.024,9999.000,9999.000,9999.000,9999.000,9999.000,9999.000,9999.000,9999.000
202606150612,   4.013,9999.000,9999.000,9999.000,9999.000,9999.000,9999.000,9999.000,9999.000
202606150618,   4.000,9999.000,9999.000,9999.000,9999.000,9999.000,9999.000,9999.000,9999.000
202606150624,   3.987,9999.000,9999.000,9999.000,9999.000,9999.000,9999.000,9999.000,9999.000
202606150630,   3.971,9999.000,9999.000,9999.000,9999.000,9999.000,9999.000,9999.000,9999.000
202606150636,   3.955,9999.000,9999.000,9999.000,9999.000,9999.000,9999.000,9999.000,9999.000
202606150642,   3.936,9999.000,9999.000,9999.000,9999.000,9999.000,9999.000,9999.000,9999.000
202606150648,   3.917,9999.000,9999.000,9999.000,9999.000,9999.000,9999.000,9999.000,9999.000
202606150654,   3.895,9999.000,9999.000,9999.000,9999.000,9999.000,9999.000,9999.000,9999.000
202606150700,   3.872,9999.000,  -0.600,  -0.180,   3.092,  -0.700,   2.992,  -0.500,   3.192
202606150706,   3.847,9999.000,9999.000,9999.000,9999.000,9999.000,9999.000,9999.000,9999.000
202606150712,   3.821,9999.000,9999.000,9999.000,9999.000,9999.000,9999.000,9999.000,9999.000
202606150718,   3.792,9999.000,9999.000,9999.000,9999.000,9999.000,9999.000,9999.000,9999.000
202606150724,   3.762,9999.000,9999.000,9999.000,9999.000,9999.000,9999.000,9999.000,9999.000
202606150730,   3.731,9999.000,9999.000,9999.000,9999.000,9999.000,9999.000,9999.000,9999.000
202606150736,   3.697,9999.000,9999.000,9999.000,9999.000,9999.000,9999.000,9999.000,9999.000
202606150742,   3.663,9999.000,9999.000,9999.000,9999.000,9999.000,9999.000,9999.000,9999.000
202606150748,   3.626,9999.000,9999.000,9999.000,9999.000,9999.000,9999.000,9999.000,9999.000
202606150754,   3.589,9999.000,9999.000,9999.000,9999.000,9999.000,9999.000,9999.000,9999.000
202606150800,   3.551,9999.000,  -0.600,   0.095,   3.046,  -0.700,   2.946,  -0.500,   3.146
202606150806,   3.511,9999.000,9999.000,9999.000,9999.000,9999.000,9999.000,9999.000,9999.000
202606150812,   3.471,9999.000,9999.000,9999.000,9999.000,9999.000,9999.000,9999.000,9999.000
202606150818,   3.431,9999.000,9999.000,9999.000,9999.000,9999.000,9999.000,9999.000,9999.000
202606150824,   3.390,9999.000,9999.000,9999.000,9999.000,9999.000,9999.000,9999.000,9999.000
202606150830,   3.350,9999.000,9999.000,9999.000,9999.000,9999.000,9999.000,9999.000,9999.000
202606150836,   3.310,9999.000,9999.000,9999.000,9999.000,9999.000,9999.000,9999.000,9999.000
202606150842,   3.271,9999.000,9999.000,9999.000,9999.000,9999.000,9999.000,9999.000,9999.000
202606150848,   3.232,9999.000,9999.000,9999.000,9999.000,9999.000,9999.000,9999.000,9999.000
202606150854,   3.195,9999.000,9999.000,9999.000,9999.000,9999.000,9999.000,9999.000,9999.000
202606150900,   3.160,9999.000,  -0.600,   0.400,   2.960,  -0.700,   2.860,  -0.500,   3.060
202606150906,   3.126,9999.000,9999.000,9999.000,9999.000,9999.000,9999.000,9999.000,9999.000
202606150912,   3.094,9999.000,9999.000,9999.000,9999.000,9999.000,9999.000,9999.000,9999.000
202606150918,   3.064,9999.000,9999.000,9999.000,9999.000,9999.000,9999.000,9999.000,9999.000
202606150924,   3.036,9999.000,9999.000,9999.000,9999.000,9999.000,9999.000,9999.000,9999.000
202606150930,   3.011,9999.000,9999.000,9999.000,9999.000,9999.000,9999.000,9999.000,9999.000
202606150936,   2.988,9999.000,9999.000,9999.000,9999.000,9999.000,9999.000,9999.000,9999.000
202606150942,   2.968,9999.000,9999.000,9999.000,9999.000,9999.000,9999.000,9999.000,9999.000
202606150948,   2.950,9999.000,9999.000,9999.000,9999.000,9999.000,9999.000,9999.000,9999.000
202606150954,   2.935,9999.000,9999.000,9999.000,9999.000,9999.000,9999.000,9999.000,9999.000
202606151000,   2.922,9999.000,  -0.600,   0.698,   3.020,  -0.700,   2.920,  -0.400,   3.220
202606151006,   2.912,9999.000,9999.000,9999.000,9999.000,9999.000,9999.000,9999.000,9999.000
202606151012,   2.905,9999.000,9999.000,9999.000,9999.000,9999.000,9999.000,9999.000,9999.000
202606151018,   2.900,9999.000,9999.000,9999.000,9999.000,9999.000,9999.000,9999.000,9999.000
202606151024,   2.897,9999.000,9999.000,9999.000,9999.000,9999.000,9999.000,9999.000,9999.000
202606151030,   2.897,9999.000,9999.000,9999.000,9999.000,9999.000,9999.000,9999.000,9999.000
202606151036,   2.899,9999.000,9999.000,9999.000,9999.000,9999.000,9999.000,9999.000,9999.000
202606151042,   2.903,9999.000,9999.000,9999.000,9999.000,9999.000,9999.000,9999.000,9999.000
202606151048,   2.909,9999.000,9999.000,9999.000,9999.000,9999.000,9999.000,9999.000,9999.000
202606151054,   2.917,9999.000,9999.000,9999.000,9999.000,9999.000,9999.000,9999.000,9999.000
202606151100,   2.928,9999.000,  -0.600,   0.886,   3.214,  -0.700,   3.114,  -0.500,   3.314
202606151106,   2.940,9999.000,9999.000,9999.000,9999.000,9999.000,9999.000,9999.000,9999.000
202606151112,   2.953,9999.000,9999.000,9999.000,9999.000,9999.000,9999.000,9999.000,9999.000
202606151118,   2.969,9999.000,9999.000,9999.000,9999.000,9999.000,9999.000,9999.000,9999.000
202606151124,   2.986,9999.000,9999.000,9999.000,9999.000,9999.000,9999.000,9999.000,9999.000
202606151130,   3.005,9999.000,9999.000,9999.000,9999.000,9999.000,9999.000,9999.000,9999.000
202606151136,   3.025,9999.000,9999.000,9999.000,9999.000,9999.000,9999.000,9999.000,9999.000
202606151142,   3.047,9999.000,9999.000,9999.000,9999.000,9999.000,9999.000,9999.000,9999.000
202606151148,   3.070,9999.000,9999.000,9999.000,9999.000,9999.000,9999.000,9999.000,9999.000
202606151154,   3.094,9999.000,9999.000,9999.000,9999.000,9999.000,9999.000,9999.000,9999.000
202606151200,   3.119,9999.000,  -0.600,   0.855,   3.374,  -0.700,   3.274,  -0.500,   3.474
202606151206,   3.145,9999.000,9999.000,9999.000,9999.000,9999.000,9999.000,9999.000,9999.000
202606151212,   3.172,9999.000,9999.000,9999.000,9999.000,9999.000,9999.000,9999.000,9999.000
202606151218,   3.199,9999.000,9999.000,9999.000,9999.000,9999.000,9999.000,9999.000,9999.000
202606151224,   3.227,9999.000,9999.000,9999.000,9999.000,9999.000,9999.000,9999.000,9999.000
202606151230,   3.254,9999.000,9999.000,9999.000,9999.000,9999.000,9999.000,9999.000,9999.000
202606151236,   3.282,9999.000,9999.000,9999.000,9999.000,9999.000,9999.000,9999.000,9999.000
202606151242,   3.309,9999.000,9999.000,9999.000,9999.000,9999.000,9999.000,9999.000,9999.000
202606151248,   3.336,9999.000,9999.000,9999.000,9999.000,9999.000,9999.000,9999.000,9999.000
202606151254,   3.361,9999.000,9999.000,9999.000,9999.000,9999.000,9999.000,9999.000,9999.000
202606151300,   3.385,9999.000,  -0.600,   0.602,   3.387,  -0.700,   3.287,  -0.400,   3.587
202606151306,   3.408,9999.000,9999.000,9999.000,9999.000,9999.000,9999.000,9999.000,9999.000
202606151312,   3.429,9999.000,9999.000,9999.000,9999.000,9999.000,9999.000,9999.000,9999.000
202606151318,   3.447,9999.000,9999.000,9999.000,9999.000,9999.000,9999.000,9999.000,9999.000
202606151324,   3.463,9999.000,9999.000,9999.000,9999.000,9999.000,9999.000,9999.000,9999.000
202606151330,   3.477,9999.000,9999.000,9999.000,9999.000,9999.000,9999.000,9999.000,9999.000
202606151336,   3.487,9999.000,9999.000,9999.000,9999.000,9999.000,9999.000,9999.000,9999.000
202606151342,   3.494,9999.000,9999.000,9999.000,9999.000,9999.000,9999.000,9999.000,9999.000
202606151348,   3.498,9999.000,9999.000,9999.000,9999.000,9999.000,9999.000,9999.000,9999.000
202606151354,   3.498,9999.000,9999.000,9999.000,9999.000,9999.000,9999.000,9999.000,9999.000
202606151400,   3.494,9999.000,  -0.600,   0.260,   3.154,  -0.700,   3.054,  -0.400,   3.354
202606151406,   3.487,9999.000,9999.000,9999.000,9999.000,9999.000,9999.000,9999.000,9999.000
202606151412,   3.476,9999.000,9999.000,9999.000,9999.000,9999.000,9999.000,9999.000,9999.000
202606151418,   3.461,9999.000,9999.000,9999.000,9999.000,9999.000,9999.000,9999.000,9999.000
202606151424,   3.442,9999.000,9999.000,9999.000,9999.000,9999.000,9999.000,9999.000,9999.000
202606151430,   3.420,9999.000,9999.000,9999.000,9999.000,9999.000,9999.000,9999.000,9999.000
202606151436,   3.393,9999.000,9999.000,9999.000,9999.000,9999.000,9999.000,9999.000,9999.000
202606151442,   3.363,9999.000,9999.000,9999.000,9999.000,9999.000,9999.000,9999.000,9999.000
202606151448,   3.330,9999.000,9999.000,9999.000,9999.000,9999.000,9999.000,9999.000,9999.000
202606151454,   3.293,9999.000,9999.000,9999.000,9999.000,9999.000,9999.000,9999.000,9999.000
202606151500,   3.253,9999.000,  -0.600,  -0.035,   2.618,  -0.800,   2.418,  -0.400,   2.818
202606151506,   3.210,9999.000,9999.000,9999.000,9999.000,9999.000,9999.000,9999.000,9999.000
202606151512,   3.163,9999.000,9999.000,9999.000,9999.000,9999.000,9999.000,9999.000,9999.000
202606151518,   3.114,9999.000,9999.000,9999.000,9999.000,9999.000,9999.000,9999.000,9999.000
202606151524,   3.062,9999.000,9999.000,9999.000,9999.000,9999.000,9999.000,9999.000,9999.000
202606151530,   3.007,9999.000,9999.000,9999.000,9999.000,9999.000,9999.000,9999.000,9999.000
202606151536,   2.950,9999.000,9999.000,9999.000,9999.000,9999.000,9999.000,9999.000,9999.000
202606151542,   2.891,9999.000,9999.000,9999.000,9999.000,9999.000,9999.000,9999.000,9999.000
202606151548,   2.829,9999.000,9999.000,9999.000,9999.000,9999.000,9999.000,9999.000,9999.000
202606151554,   2.765,9999.000,9999.000,9999.000,9999.000,9999.000,9999.000,9999.000,9999.000
202606151600,   2.699,9999.000,  -0.600,  -0.260,   1.839,  -0.800,   1.639,  -0.400,   2.039
202606151606,   2.631,9999.000,9999.000,9999.000,9999.000,9999.000,9999.000,9999.000,9999.000
202606151612,   2.560,9999.000,9999.000,9999.000,9999.000,9999.000,9999.000,9999.000,9999.000
202606151618,   2.488,9999.000,9999.000,9999.000,9999.000,9999.000,9999.000,9999.000,9999.000
202606151624,   2.414,9999.000,9999.000,9999.000,9999.000,9999.000,9999.000,9999.000,9999.000
202606151630,   2.338,9999.000,9999.000,9999.000,9999.000,9999.000,9999.000,9999.000,9999.000
202606151636,   2.260,9999.000,9999.000,9999.000,9999.000,9999.000,9999.000,9999.000,9999.000
202606151642,   2.180,9999.000,9999.000,9999.000,9999.000,9999.000,9999.000,9999.000,9999.000
202606151648,   2.098,9999.000,9999.000,9999.000,9999.000,9999.000,9999.000,9999.000,9999.000
202606151654,   2.015,9999.000,9999.000,9999.000,9999.000,9999.000,9999.000,9999.000,9999.000
202606151700,   1.931,9999.000,  -0.600,  -0.291,   1.040,  -0.700,   0.940,  -0.400,   1.240
202606151706,   1.844,9999.000,9999.000,9999.000,9999.000,9999.000,9999.000,9999.000,9999.000
202606151712,   1.757,9999.000,9999.000,9999.000,9999.000,9999.000,9999.000,9999.000,9999.000
202606151718,   1.668,9999.000,9999.000,9999.000,9999.000,9999.000,9999.000,9999.000,9999.000
202606151724,   1.578,9999.000,9999.000,9999.000,9999.000,9999.000,9999.000,9999.000,9999.000
202606151730,   1.488,9999.000,9999.000,9999.000,9999.000,9999.000,9999.000,9999.000,9999.000
202606151736,   1.397,9999.000,9999.000,9999.000,9999.000,9999.000,9999.000,9999.000,9999.000
202606151742,   1.305,9999.000,9999.000,9999.000,9999.000,9999.000,9999.000,9999.000,9999.000
202606151748,   1.212,9999.000,9999.000,9999.000,9999.000,9999.000,9999.000,9999.000,9999.000
202606151754,   1.120,9999.000,9999.000,9999.000,9999.000,9999.000,9999.000,9999.000,9999.000
202606151800,   1.027,9999.000,  -0.600,  -0.291,   0.136,  -0.700,   0.036,  -0.400,   0.336
