        TIME,    TIDE,      OB,   SURGE,    BIAS,     TWL,SURGE90p,  TWL90p,SURGE10p,   TWL10p
202605100600,   4.814,   5.448,   0.400,   0.234,   5.448,   0.400,   5.448,   0.400,   5.448
202605100606,   4.839,9999.000,9999.000,9999.000,9999.000,9999.000,9999.000,9999.000,9999.000
202605100612,   4.860,   5.507,9999.000,9999.000,9999.000,9999.000,9999.000,9999.000,9999.000
202605100618,   4.877,9999.000,9999.000,9999.000,9999.000,9999.000,9999.000,9999.000,9999.000
202605100624,   4.889,   5.539,9999.000,9999.000,9999.000,9999.000,9999.000,9999.000,9999.000
202605100630,   4.898,9999.000,9999.000,9999.000,9999.000,9999.000,9999.000,9999.000,9999.000
202605100636,   4.903,   5.559,9999.000,9999.000,9999.000,9999.000,9999.000,9999.000,9999.000
202605100642,   4.905,9999.000,9999.000,9999.000,9999.000,9999.000,9999.000,9999.000,9999.000
202605100648,   4.902,   5.559,9999.000,9999.000,9999.000,9999.000,9999.000,9999.000,9999.000
202605100654,   4.895,9999.000,9999.000,9999.000,9999.000,9999.000,9999.000,9999.000,9999.000
202605100700,   4.885,   5.539,   0.400,   0.254,   5.539,   0.300,   5.439,   0.400,   5.539
202605100706,   4.870,   5.530,9999.000,9999.000,9999.000,9999.000,9999.000,9999.000,9999.000
202605100712,   4.852,   5.497,9999.000,9999.000,9999.000,9999.000,9999.000,9999.000,9999.000
202605100718,   4.830,   5.477,9999.000,9999.000,9999.000,9999.000,9999.000,9999.000,9999.000
202605100724,   4.804,   5.438,9999.000,9999.000,9999.000,9999.000,9999.000,9999.000,9999.000
202605100730,   4.773,   5.408,9999.000,9999.000,9999.000,9999.000,9999.000,9999.000,9999.000
202605100736,   4.739,   5.389,9999.000,9999.000,9999.000,9999.000,9999.000,9999.000,9999.000
202605100742,   4.701,   5.379,9999.000,9999.000,9999.000,9999.000,9999.000,9999.000,9999.000
202605100748,   4.658,   5.349,9999.000,9999.000,9999.000,9999.000,9999.000,9999.000,9999.000
202605100754,   4.612,   5.329,9999.000,9999.000,9999.000,9999.000,9999.000,9999.000,9999.000
202605100800,   4.561,   5.277,   0.400,   0.316,   5.277,   0.300,   5.177,   0.400,   5.277
202605100806,   4.506,   5.238,9999.000,9999.000,9999.000,9999.000,9999.000,9999.000,9999.000
202605100812,   4.448,   5.188,9999.000,9999.000,9999.000,9999.000,9999.000,9999.000,9999.000
202605100818,   4.386,   5.129,9999.000,9999.000,9999.000,9999.000,9999.000,9999.000,9999.000
202605100824,   4.319,   5.047,9999.000,9999.000,9999.000,9999.000,9999.000,9999.000,9999.000
202605100830,   4.250,   4.998,9999.000,9999.000,9999.000,9999.000,9999.000,9999.000,9999.000
202605100836,   4.176,   4.939,9999.000,9999.000,9999.000,9999.000,9999.000,9999.000,9999.000
202605100842,   4.100,   4.877,9999.000,9999.000,9999.000,9999.000,9999.000,9999.000,9999.000
202605100848,   4.020,   4.818,9999.000,9999.000,9999.000,9999.000,9999.000,9999.000,9999.000
202605100854,   3.937,   4.759,9999.000,9999.000,9999.000,9999.000,9999.000,9999.000,9999.000
202605100900,   3.852,   4.719,   0.300,   0.567,   4.719,   0.300,   4.719,   0.400,   4.819
202605100906,   3.764,   4.657,9999.000,9999.000,9999.000,9999.000,9999.000,9999.000,9999.000
202605100912,   3.674,   4.588,9999.000,9999.000,9999.000,9999.000,9999.000,9999.000,9999.000
202605100918,   3.582,   4.519,9999.000,9999.000,9999.000,9999.000,9999.000,9999.000,9999.000
202605100924,   3.489,   4.427,9999.000,9999.000,9999.000,9999.000,9999.000,9999.000,9999.000
202605100930,   3.394,   4.359,9999.000,9999.000,9999.000,9999.000,9999.000,9999.000,9999.000
202605100936,   3.298,   4.280,9999.000,9999.000,9999.000,9999.000,9999.000,9999.000,9999.000
202605100942,   3.202,   4.188,9999.000,9999.000,9999.000,9999.000,9999.000,9999.000,9999.000
202605100948,   3.105,   4.129,9999.000,9999.000,9999.000,9999.000,9999.000,9999.000,9999.000
202605100954,   3.008,   4.047,9999.000,9999.000,9999.000,9999.000,9999.000,9999.000,9999.000
202605101000,   2.911,   3.958,   0.400,   0.647,   3.958,   0.300,   3.858,   0.400,   3.958
202605101006,   2.816,   3.870,9999.000,9999.000,9999.000,9999.000,9999.000,9999.000,9999.000
202605101012,   2.720,   3.778,9999.000,9999.000,9999.000,9999.000,9999.000,9999.000,9999.000
202605101018,   2.626,   3.680,9999.000,9999.000,9999.000,9999.000,9999.000,9999.000,9999.000
202605101024,   2.534,   3.578,9999.000,9999.000,9999.000,9999.000,9999.000,9999.000,9999.000
202605101030,   2.443,   3.480,9999.000,9999.000,9999.000,9999.000,9999.000,9999.000,9999.000
202605101036,   2.354,   3.388,9999.000,9999.000,9999.000,9999.000,9999.000,9999.000,9999.000
202605101042,   2.267,   3.309,9999.000,9999.000,9999.000,9999.000,9999.000,9999.000,9999.000
202605101048,   2.183,   3.207,9999.000,9999.000,9999.000,9999.000,9999.000,9999.000,9999.000
202605101054,   2.101,   3.109,9999.000,9999.000,9999.000,9999.000,9999.000,9999.000,9999.000
202605101100,   2.022,   2.997,   0.400,   0.575,   2.997,   0.300,   2.897,   0.400,   2.997
202605101106,   1.946,   2.909,9999.000,9999.000,9999.000,9999.000,9999.000,9999.000,9999.000
202605101112,   1.872,   2.807,9999.000,9999.000,9999.000,9999.000,9999.000,9999.000,9999.000
202605101118,   1.802,   2.719,9999.000,9999.000,9999.000,9999.000,9999.000,9999.000,9999.000
202605101124,   1.735,   2.640,9999.000,9999.000,9999.000,9999.000,9999.000,9999.000,9999.000
202605101130,   1.670,   2.568,9999.000,9999.000,9999.000,9999.000,9999.000,9999.000,9999.000
202605101136,   1.609,   2.499,9999.000,9999.000,9999.000,9999.000,9999.000,9999.000,9999.000
202605101142,   1.551,   2.430,9999.000,9999.000,9999.000,9999.000,9999.000,9999.000,9999.000
202605101148,   1.496,   2.358,9999.000,9999.000,9999.000,9999.000,9999.000,9999.000,9999.000
202605101154,   1.443,   2.279,9999.000,9999.000,9999.000,9999.000,9999.000,9999.000,9999.000
202605101200,   1.393,   2.220,   0.500,   0.327,   2.220,   0.400,   2.120,   0.500,   2.220
202605101206,   1.346,   2.148,9999.000,9999.000,9999.000,9999.000,9999.000,9999.000,9999.000
202605101212,   1.301,   2.089,9999.000,9999.000,9999.000,9999.000,9999.000,9999.000,9999.000
202605101218,   1.259,   2.020,9999.000,9999.000,9999.000,9999.000,9999.000,9999.000,9999.000
202605101224,   1.218,   1.958,9999.000,9999.000,9999.000,9999.000,9999.000,9999.000,9999.000
202605101230,   1.180,   1.899,9999.000,9999.000,9999.000,9999.000,9999.000,9999.000,9999.000
202605101236,   1.144,   1.849,9999.000,9999.000,9999.000,9999.000,9999.000,9999.000,9999.000
202605101242,   1.109,   1.800,9999.000,9999.000,9999.000,9999.000,9999.000,9999.000,9999.000
202605101248,   1.077,   1.758,9999.000,9999.000,9999.000,9999.000,9999.000,9999.000,9999.000
202605101254,   1.046,   1.689,9999.000,9999.000,9999.000,9999.000,9999.000,9999.000,9999.000
202605101300,   1.017,   1.639,   0.500,   0.122,   1.639,   0.400,   1.539,   0.500,   1.639
202605101306,   0.990,   1.580,9999.000,9999.000,9999.000,9999.000,9999.000,9999.000,9999.000
202605101312,   0.965,   1.538,9999.000,9999.000,9999.000,9999.000,9999.000,9999.000,9999.000
202605101318,   0.942,   1.508,9999.000,9999.000,9999.000,9999.000,9999.000,9999.000,9999.000
202605101324,   0.921,   1.479,9999.000,9999.000,9999.000,9999.000,9999.000,9999.000,9999.000
202605101330,   0.902,   1.449,9999.000,9999.000,9999.000,9999.000,9999.000,9999.000,9999.000
202605101336,   0.886,   1.420,9999.000,9999.000,9999.000,9999.000,9999.000,9999.000,9999.000
202605101342,   0.873,   1.410,9999.000,9999.000,9999.000,9999.000,9999.000,9999.000,9999.000
202605101348,   0.863,   1.380,9999.000,9999.000,9999.000,9999.000,9999.000,9999.000,9999.000
202605101354,   0.857,   1.361,9999.000,9999.000,9999.000,9999.000,9999.000,9999.000,9999.000
202605101400,   0.854,   1.348,   0.400,   0.094,   1.348,   0.400,   1.348,   0.500,   1.448
202605101406,   0.856,   1.348,9999.000,9999.000,9999.000,9999.000,9999.000,9999.000,9999.000
202605101412,   0.862,   1.361,9999.000,9999.000,9999.000,9999.000,9999.000,9999.000,9999.000
202605101418,   0.873,   1.380,9999.000,9999.000,9999.000,9999.000,9999.000,9999.000,9999.000
202605101424,   0.889,   1.410,9999.000,9999.000,9999.000,9999.000,9999.000,9999.000,9999.000
202605101430,   0.911,   1.449,9999.000,9999.000,9999.000,9999.000,9999.000,9999.000,9999.000
202605101436,   0.939,   1.498,9999.000,9999.000,9999.000,9999.000,9999.000,9999.000,9999.000
202605101442,   0.974,   1.557,9999.000,9999.000,9999.000,9999.000,9999.000,9999.000,9999.000
202605101448,   1.015,   1.630,9999.000,9999.000,9999.000,9999.000,9999.000,9999.000,9999.000
202605101454,   1.063,   1.708,9999.000,9999.000,9999.000,9999.000,9999.000,9999.000,9999.000
202605101500,   1.118,   1.800,   0.400,   0.282,   1.800,   0.400,   1.800,   0.500,   1.900
202605101506,   1.181,   1.899,9999.000,9999.000,9999.000,9999.000,9999.000,9999.000,9999.000
202605101512,   1.250,   2.020,9999.000,9999.000,9999.000,9999.000,9999.000,9999.000,9999.000
202605101518,   1.327,   2.128,9999.000,9999.000,9999.000,9999.000,9999.000,9999.000,9999.000
202605101524,   1.411,   2.250,9999.000,9999.000,9999.000,9999.000,9999.000,9999.000,9999.000
202605101530,   1.501,   2.377,9999.000,9999.000,9999.000,9999.000,9999.000,9999.000,9999.000
202605101536,   1.598,   2.509,9999.000,9999.000,9999.000,9999.000,9999.000,9999.000,9999.000
202605101542,   1.702,   2.630,9999.000,9999.000,9999.000,9999.000,9999.000,9999.000,9999.000
202605101548,   1.810,   2.748,9999.000,9999.000,9999.000,9999.000,9999.000,9999.000,9999.000
202605101554,   1.923,   2.899,9999.000,9999.000,9999.000,9999.000,9999.000,9999.000,9999.000
202605101600,   2.041,   3.030,   0.400,   0.589,   3.030,   0.400,   3.030,   0.400,   3.030
202605101606,   2.162,   3.138,9999.000,9999.000,9999.000,9999.000,9999.000,9999.000,9999.000
202605101612,   2.285,   3.260,9999.000,9999.000,9999.000,9999.000,9999.000,9999.000,9999.000
202605101618,   2.410,   3.378,9999.000,9999.000,9999.000,9999.000,9999.000,9999.000,9999.000
202605101624,   2.535,   3.509,9999.000,9999.000,9999.000,9999.000,9999.000,9999.000,9999.000
202605101630,   2.661,   3.627,9999.000,9999.000,9999.000,9999.000,9999.000,9999.000,9999.000
202605101636,   2.786,   3.739,9999.000,9999.000,9999.000,9999.000,9999.000,9999.000,9999.000
202605101642,   2.909,   3.847,9999.000,9999.000,9999.000,9999.000,9999.000,9999.000,9999.000
202605101648,   3.030,   3.949,9999.000,9999.000,9999.000,9999.000,9999.000,9999.000,9999.000
202605101654,   3.148,   4.070,9999.000,9999.000,9999.000,9999.000,9999.000,9999.000,9999.000
202605101700,   3.263,   4.149,   0.400,   0.486,   4.149,   0.400,   4.149,   0.400,   4.149
202605101706,   3.373,   4.227,9999.000,9999.000,9999.000,9999.000,9999.000,9999.000,9999.000
202605101712,   3.480,   4.319,9999.000,9999.000,9999.000,9999.000,9999.000,9999.000,9999.000
202605101718,   3.582,   4.398,9999.000,9999.000,9999.000,9999.000,9999.000,9999.000,9999.000
202605101724,   3.679,   4.467,9999.000,9999.000,9999.000,9999.000,9999.000,9999.000,9999.000
202605101730,   3.772,   4.529,9999.000,9999.000,9999.000,9999.000,9999.000,9999.000,9999.000
202605101736,   3.860,   4.588,9999.000,9999.000,9999.000,9999.000,9999.000,9999.000,9999.000
202605101742,   3.942,   4.647,9999.000,9999.000,9999.000,9999.000,9999.000,9999.000,9999.000
202605101748,   4.020,   4.710,9999.000,9999.000,9999.000,9999.000,9999.000,9999.000,9999.000
202605101754,   4.093,   4.759,9999.000,9999.000,9999.000,9999.000,9999.000,9999.000,9999.000
202605101800,   4.161,   4.798,   0.500,   0.137,   4.798,   0.400,   4.698,   0.500,   4.798
202605101806,   4.224,   4.837,9999.000,9999.000,9999.000,9999.000,9999.000,9999.000,9999.000
202605101812,   4.283,   4.900,9999.000,9999.000,9999.000,9999.000,9999.000,9999.000,9999.000
202605101818,   4.336,   4.949,9999.000,9999.000,9999.000,9999.000,9999.000,9999.000,9999.000
202605101824,   4.386,   4.959,9999.000,9999.000,9999.000,9999.000,9999.000,9999.000,9999.000
202605101830,   4.431,   4.969,9999.000,9999.000,9999.000,9999.000,9999.000,9999.000,9999.000
202605101836,   4.471,   4.998,9999.000,9999.000,9999.000,9999.000,9999.000,9999.000,9999.000
202605101842,   4.508,   5.038,9999.000,9999.000,9999.000,9999.000,9999.000,9999.000,9999.000
202605101848,   4.540,   5.057,9999.000,9999.000,9999.000,9999.000,9999.000,9999.000,9999.000
202605101854,   4.568,   5.047,9999.000,9999.000,9999.000,9999.000,9999.000,9999.000,9999.000
202605101900,   4.592,   5.067,   0.500,  -0.025,   5.067,   0.400,   4.967,   0.500,   5.067
202605101906,   4.612,   5.087,9999.000,9999.000,9999.000,9999.000,9999.000,9999.000,9999.000
202605101912,   4.628,   5.110,9999.000,9999.000,9999.000,9999.000,9999.000,9999.000,9999.000
202605101918,   4.639,   5.139,9999.000,9999.000,9999.000,9999.000,9999.000,9999.000,9999.000
202605101924,   4.647,   5.159,9999.000,9999.000,9999.000,9999.000,9999.000,9999.000,9999.000
202605101930,   4.651,   5.188,9999.000,9999.000,9999.000,9999.000,9999.000,9999.000,9999.000
202605101936,   4.650,   5.208,9999.000,9999.000,9999.000,9999.000,9999.000,9999.000,9999.000
202605101942,   4.646,   5.238,9999.000,9999.000,9999.000,9999.000,9999.000,9999.000,9999.000
202605101948,   4.637,   5.267,9999.000,9999.000,9999.000,9999.000,9999.000,9999.000,9999.000
202605101954,   4.624,   5.277,9999.000,9999.000,9999.000,9999.000,9999.000,9999.000,9999.000
202605102000,   4.607,   5.297,   0.500,   0.190,   5.297,   0.400,   5.197,   0.500,   5.297
202605102006,   4.586,   5.297,9999.000,9999.000,9999.000,9999.000,9999.000,9999.000,9999.000
202605102012,   4.560,   5.287,9999.000,9999.000,9999.000,9999.000,9999.000,9999.000,9999.000
202605102018,   4.531,   5.287,9999.000,9999.000,9999.000,9999.000,9999.000,9999.000,9999.000
202605102024,   4.497,   5.238,9999.000,9999.000,9999.000,9999.000,9999.000,9999.000,9999.000
202605102030,   4.459,   5.208,9999.000,9999.000,9999.000,9999.000,9999.000,9999.000,9999.000
202605102036,   4.417,   5.179,9999.000,9999.000,9999.000,9999.000,9999.000,9999.000,9999.000
202605102042,   4.371,   5.129,9999.000,9999.000,9999.000,9999.000,9999.000,9999.000,9999.000
202605102048,   4.321,   5.077,9999.000,9999.000,9999.000,9999.000,9999.000,9999.000,9999.000
202605102054,   4.268,   5.008,9999.000,9999.000,9999.000,9999.000,9999.000,9999.000,9999.000
202605102100,   4.211,   4.959,   0.500,   0.248,   4.959,   0.400,   4.859,   0.500,   4.959
202605102106,   4.151,   4.877,9999.000,9999.000,9999.000,9999.000,9999.000,9999.000,9999.000
202605102112,   4.087,   4.798,9999.000,9999.000,9999.000,9999.000,9999.000,9999.000,9999.000
202605102118,   4.020,   4.710,9999.000,9999.000,9999.000,9999.000,9999.000,9999.000,9999.000
202605102124,   3.951,   4.628,9999.000,9999.000,9999.000,9999.000,9999.000,9999.000,9999.000
202605102130,   3.879,   4.539,9999.000,9999.000,9999.000,9999.000,9999.000,9999.000,9999.000
202605102136,   3.804,   4.457,9999.000,9999.000,9999.000,9999.000,9999.000,9999.000,9999.000
202605102142,   3.728,   4.378,9999.000,9999.000,9999.000,9999.000,9999.000,9999.000,9999.000
202605102148,   3.650,   4.290,9999.000,9999.000,9999.000,9999.000,9999.000,9999.000,9999.000
202605102154,   3.570,   4.198,9999.000,9999.000,9999.000,9999.000,9999.000,9999.000,9999.000
202605102200,   3.489,   4.119,   0.500,   0.130,   4.119,   0.400,   4.019,   0.500,   4.119
202605102206,   3.407,   4.037,9999.000,9999.000,9999.000,9999.000,9999.000,9999.000,9999.000
202605102212,   3.325,   3.949,9999.000,9999.000,9999.000,9999.000,9999.000,9999.000,9999.000
202605102218,   3.242,   3.880,9999.000,9999.000,9999.000,9999.000,9999.000,9999.000,9999.000
202605102224,   3.159,   3.808,9999.000,9999.000,9999.000,9999.000,9999.000,9999.000,9999.000
202605102230,   3.077,   3.739,9999.000,9999.000,9999.000,9999.000,9999.000,9999.000,9999.000
202605102236,   2.995,   3.680,9999.000,9999.000,9999.000,9999.000,9999.000,9999.000,9999.000
202605102242,   2.913,   3.598,9999.000,9999.000,9999.000,9999.000,9999.000,9999.000,9999.000
202605102248,   2.833,   3.519,9999.000,9999.000,9999.000,9999.000,9999.000,9999.000,9999.000
202605102254,   2.755,   3.450,9999.000,9999.000,9999.000,9999.000,9999.000,9999.000,9999.000
202605102300,   2.678,   3.378,   0.500,   0.200,   3.378,   0.400,   3.278,   0.500,   3.378
202605102306,   2.602,   3.309,9999.000,9999.000,9999.000,9999.000,9999.000,9999.000,9999.000
202605102312,   2.529,   3.240,9999.000,9999.000,9999.000,9999.000,9999.000,9999.000,9999.000
202605102318,   2.458,   3.158,9999.000,9999.000,9999.000,9999.000,9999.000,9999.000,9999.000
202605102324,   2.389,   3.089,9999.000,9999.000,9999.000,9999.000,9999.000,9999.000,9999.000
202605102330,   2.323,   3.007,9999.000,9999.000,9999.000,9999.000,9999.000,9999.000,9999.000
202605102336,   2.259,   2.909,9999.000,9999.000,9999.000,9999.000,9999.000,9999.000,9999.000
202605102342,   2.198,   2.830,9999.000,9999.000,9999.000,9999.000,9999.000,9999.000,9999.000
202605102348,   2.139,   2.758,9999.000,9999.000,9999.000,9999.000,9999.000,9999.000,9999.000
202605102354,   2.083,   2.679,9999.000,9999.000,9999.000,9999.000,9999.000,9999.000,9999.000
202605110000,   2.030,   2.610,   0.400,   0.180,   2.610,   0.300,   2.510,   0.400,   2.610
202605110006,   1.979,   2.538,9999.000,9999.000,9999.000,9999.000,9999.000,9999.000,9999.000
202605110012,   1.931,   2.479,9999.000,9999.000,9999.000,9999.000,9999.000,9999.000,9999.000
202605110018,   1.885,   2.420,9999.000,9999.000,9999.000,9999.000,9999.000,9999.000,9999.000
202605110024,   1.841,   2.368,9999.000,9999.000,9999.000,9999.000,9999.000,9999.000,9999.000
202605110030,   1.800,   2.318,9999.000,9999.000,9999.000,9999.000,9999.000,9999.000,9999.000
202605110036,   1.761,   2.269,9999.000,9999.000,9999.000,9999.000,9999.000,9999.000,9999.000
202605110042,   1.724,   2.220,9999.000,9999.000,9999.000,9999.000,9999.000,9999.000,9999.000
202605110048,   1.688,   2.168,9999.000,9999.000,9999.000,9999.000,9999.000,9999.000,9999.000
202605110054,   1.654,   2.138,9999.000,9999.000,9999.000,9999.000,9999.000,9999.000,9999.000
202605110100,   1.622,   2.118,   0.300,   0.196,   2.118,   0.300,   2.118,   0.400,   2.218
202605110106,   1.592,   2.099,9999.000,9999.000,9999.000,9999.000,9999.000,9999.000,9999.000
202605110112,   1.563,   2.069,9999.000,9999.000,9999.000,9999.000,9999.000,9999.000,9999.000
202605110118,   1.535,   2.049,9999.000,9999.000,9999.000,9999.000,9999.000,9999.000,9999.000
202605110124,   1.509,   2.040,9999.000,9999.000,9999.000,9999.000,9999.000,9999.000,9999.000
202605110130,   1.485,   2.010,9999.000,9999.000,9999.000,9999.000,9999.000,9999.000,9999.000
202605110136,   1.462,   2.000,9999.000,9999.000,9999.000,9999.000,9999.000,9999.000,9999.000
202605110142,   1.440,   2.000,9999.000,9999.000,9999.000,9999.000,9999.000,9999.000,9999.000
202605110148,   1.421,   2.010,9999.000,9999.000,9999.000,9999.000,9999.000,9999.000,9999.000
202605110154,   1.404,   2.010,9999.000,9999.000,9999.000,9999.000,9999.000,9999.000,9999.000
202605110200,   1.389,   2.000,   0.300,   0.311,   2.000,   0.300,   2.000,   0.400,   2.100
202605110206,   1.376,   1.981,9999.000,9999.000,9999.000,9999.000,9999.000,9999.000,9999.000
202605110212,   1.367,   1.990,9999.000,9999.000,9999.000,9999.000,9999.000,9999.000,9999.000
202605110218,   1.361,   1.990,9999.000,9999.000,9999.000,9999.000,9999.000,9999.000,9999.000
202605110224,   1.358,   1.981,9999.000,9999.000,9999.000,9999.000,9999.000,9999.000,9999.000
202605110230,   1.360,   1.990,9999.000,9999.000,9999.000,9999.000,9999.000,9999.000,9999.000
202605110236,   1.365,   1.990,9999.000,9999.000,9999.000,9999.000,9999.000,9999.000,9999.000
202605110242,   1.376,   1.990,9999.000,9999.000,9999.000,9999.000,9999.000,9999.000,9999.000
202605110248,   1.392,   2.010,9999.000,9999.000,9999.000,9999.000,9999.000,9999.000,9999.000
202605110254,   1.413,   2.049,9999.000,9999.000,9999.000,9999.000,9999.000,9999.000,9999.000
202605110300,   1.441,   2.089,   0.300,   0.348,   2.089,   0.300,   2.089,   0.400,   2.189
202605110306,   1.474,   2.138,9999.000,9999.000,9999.000,9999.000,9999.000,9999.000,9999.000
202605110312,   1.515,   2.177,9999.000,9999.000,9999.000,9999.000,9999.000,9999.000,9999.000
202605110318,   1.562,   2.230,9999.000,9999.000,9999.000,9999.000,9999.000,9999.000,9999.000
202605110324,   1.616,   2.299,9999.000,9999.000,9999.000,9999.000,9999.000,9999.000,9999.000
202605110330,   1.678,   2.377,9999.000,9999.000,9999.000,9999.000,9999.000,9999.000,9999.000
202605110336,   1.747,   2.440,9999.000,9999.000,9999.000,9999.000,9999.000,9999.000,9999.000
202605110342,   1.824,   2.519,9999.000,9999.000,9999.000,9999.000,9999.000,9999.000,9999.000
202605110348,   1.907,   2.610,9999.000,9999.000,9999.000,9999.000,9999.000,9999.000,9999.000
202605110354,   1.998,   2.709,9999.000,9999.000,9999.000,9999.000,9999.000,9999.000,9999.000
202605110400,   2.096,   2.797,   0.300,   0.401,   2.797,   0.300,   2.797,   0.400,   2.897
202605110406,   2.199,   2.889,9999.000,9999.000,9999.000,9999.000,9999.000,9999.000,9999.000
202605110412,   2.309,   2.997,9999.000,9999.000,9999.000,9999.000,9999.000,9999.000,9999.000
202605110418,   2.423,   3.089,9999.000,9999.000,9999.000,9999.000,9999.000,9999.000,9999.000
202605110424,   2.541,   3.178,9999.000,9999.000,9999.000,9999.000,9999.000,9999.000,9999.000
202605110430,   2.663,   3.279,9999.000,9999.000,9999.000,9999.000,9999.000,9999.000,9999.000
202605110436,   2.787,   3.368,9999.000,9999.000,9999.000,9999.000,9999.000,9999.000,9999.000
202605110442,   2.913,   3.480,9999.000,9999.000,9999.000,9999.000,9999.000,9999.000,9999.000
202605110448,   3.040,   3.558,9999.000,9999.000,9999.000,9999.000,9999.000,9999.000,9999.000
202605110454,   3.166,   3.650,9999.000,9999.000,9999.000,9999.000,9999.000,9999.000,9999.000
202605110500,   3.291,   3.729,   0.300,   0.138,   3.729,   0.300,   3.729,   0.300,   3.729
202605110506,   3.413,   3.817,9999.000,9999.000,9999.000,9999.000,9999.000,9999.000,9999.000
202605110512,   3.533,   3.909,9999.000,9999.000,9999.000,9999.000,9999.000,9999.000,9999.000
202605110518,   3.650,   3.998,9999.000,9999.000,9999.000,9999.000,9999.000,9999.000,9999.000
202605110524,   3.763,   4.090,9999.000,9999.000,9999.000,9999.000,9999.000,9999.000,9999.000
202605110530,   3.871,   4.198,9999.000,9999.000,9999.000,9999.000,9999.000,9999.000,9999.000
202605110536,   3.974,   4.309,9999.000,9999.000,9999.000,9999.000,9999.000,9999.000,9999.000
202605110542,   4.071,   4.408,9999.000,9999.000,9999.000,9999.000,9999.000,9999.000,9999.000
202605110548,   4.164,   4.519,9999.000,9999.000,9999.000,9999.000,9999.000,9999.000,9999.000
202605110554,   4.251,   4.608,9999.000,9999.000,9999.000,9999.000,9999.000,9999.000,9999.000
202605110600,   4.332,   4.690,   0.200,   0.158,   4.690,   0.200,   4.690,   0.200,   4.690
202605110606,   4.407,   4.759,9999.000,9999.000,9999.000,9999.000,9999.000,9999.000,9999.000
202605110612,   4.477,   4.837,9999.000,9999.000,9999.000,9999.000,9999.000,9999.000,9999.000
202605110618,   4.541,   4.887,9999.000,9999.000,9999.000,9999.000,9999.000,9999.000,9999.000
202605110624,   4.600,   4.959,9999.000,9999.000,9999.000,9999.000,9999.000,9999.000,9999.000
202605110630,   4.653,   5.008,9999.000,9999.000,9999.000,9999.000,9999.000,9999.000,9999.000
202605110636,   4.701,   5.028,9999.000,9999.000,9999.000,9999.000,9999.000,9999.000,9999.000
202605110642,   4.744,   5.047,9999.000,9999.000,9999.000,9999.000,9999.000,9999.000,9999.000
202605110648,   4.782,   5.047,9999.000,9999.000,9999.000,9999.000,9999.000,9999.000,9999.000
202605110654,   4.815,   5.038,9999.000,9999.000,9999.000,9999.000,9999.000,9999.000,9999.000
202605110700,   4.844,   5.047,   0.200,   0.003,   5.047,   0.200,   5.047,   0.200,   5.047
202605110706,   4.867,   5.018,9999.000,9999.000,9999.000,9999.000,9999.000,9999.000,9999.000
202605110712,   4.887,   5.008,9999.000,9999.000,9999.000,9999.000,9999.000,9999.000,9999.000
202605110718,   4.901,   5.028,9999.000,9999.000,9999.000,9999.000,9999.000,9999.000,9999.000
202605110724,   4.912,   5.038,9999.000,9999.000,9999.000,9999.000,9999.000,9999.000,9999.000
202605110730,   4.918,   5.047,9999.000,9999.000,9999.000,9999.000,9999.000,9999.000,9999.000
202605110736,   4.920,   5.077,9999.000,9999.000,9999.000,9999.000,9999.000,9999.000,9999.000
202605110742,   4.918,   5.087,9999.000,9999.000,9999.000,9999.000,9999.000,9999.000,9999.000
202605110748,   4.912,   5.087,9999.000,9999.000,9999.000,9999.000,9999.000,9999.000,9999.000
202605110754,   4.902,   5.067,9999.000,9999.000,9999.000,9999.000,9999.000,9999.000,9999.000
202605110800,   4.888,   5.047,   0.200,  -0.041,   5.047,   0.100,   4.947,   0.200,   5.047
202605110806,   4.870,   5.038,9999.000,9999.000,9999.000,9999.000,9999.000,9999.000,9999.000
202605110812,   4.848,   5.018,9999.000,9999.000,9999.000,9999.000,9999.000,9999.000,9999.000
202605110818,   4.822,   4.998,9999.000,9999.000,9999.000,9999.000,9999.000,9999.000,9999.000
202605110824,   4.791,   4.959,9999.000,9999.000,9999.000,9999.000,9999.000,9999.000,9999.000
202605110830,   4.757,   4.939,9999.000,9999.000,9999.000,9999.000,9999.000,9999.000,9999.000
202605110836,   4.719,   4.887,9999.000,9999.000,9999.000,9999.000,9999.000,9999.000,9999.000
202605110842,   4.677,   4.828,9999.000,9999.000,9999.000,9999.000,9999.000,9999.000,9999.000
202605110848,   4.630,   4.769,9999.000,9999.000,9999.000,9999.000,9999.000,9999.000,9999.000
202605110854,   4.580,   4.719,9999.000,9999.000,9999.000,9999.000,9999.000,9999.000,9999.000
202605110900,   4.526,   4.677,   0.100,   0.051,   4.677,   0.100,   4.677,   0.200,   4.777
202605110906,   4.468,   4.637,9999.000,9999.000,9999.000,9999.000,9999.000,9999.000,9999.000
202605110912,   4.405,   4.569,9999.000,9999.000,9999.000,9999.000,9999.000,9999.000,9999.000
202605110918,   4.340,   4.529,9999.000,9999.000,9999.000,9999.000,9999.000,9999.000,9999.000
202605110924,   4.270,   4.490,9999.000,9999.000,9999.000,9999.000,9999.000,9999.000,9999.000
202605110930,   4.197,   4.447,9999.000,9999.000,9999.000,9999.000,9999.000,9999.000,9999.000
202605110936,   4.121,   4.388,9999.000,9999.000,9999.000,9999.000,9999.000,9999.000,9999.000
202605110942,   4.041,   4.309,9999.000,9999.000,9999.000,9999.000,9999.000,9999.000,9999.000
202605110948,   3.959,   4.237,9999.000,9999.000,9999.000,9999.000,9999.000,9999.000,9999.000
202605110954,   3.873,   4.178,9999.000,9999.000,9999.000,9999.000,9999.000,9999.000,9999.000
202605111000,   3.785,   4.119,   0.200,   0.134,   4.119,   0.100,   4.019,   0.200,   4.119
202605111006,   3.695,   4.027,9999.000,9999.000,9999.000,9999.000,9999.000,9999.000,9999.000
202605111012,   3.603,   3.939,9999.000,9999.000,9999.000,9999.000,9999.000,9999.000,9999.000
202605111018,   3.508,   3.860,9999.000,9999.000,9999.000,9999.000,9999.000,9999.000,9999.000
202605111024,   3.413,   3.768,9999.000,9999.000,9999.000,9999.000,9999.000,9999.000,9999.000
202605111030,   3.316,   3.680,9999.000,9999.000,9999.000,9999.000,9999.000,9999.000,9999.000
202605111036,   3.218,   3.588,9999.000,9999.000,9999.000,9999.000,9999.000,9999.000,9999.000
202605111042,   3.120,   3.499,9999.000,9999.000,9999.000,9999.000,9999.000,9999.000,9999.000
202605111048,   3.021,   3.417,9999.000,9999.000,9999.000,9999.000,9999.000,9999.000,9999.000
202605111054,   2.923,   3.339,9999.000,9999.000,9999.000,9999.000,9999.000,9999.000,9999.000
202605111100,   2.825,   3.260,   0.200,   0.235,   3.260,   0.100,   3.160,   0.200,   3.260
202605111106,   2.727,   3.148,9999.000,9999.000,9999.000,9999.000,9999.000,9999.000,9999.000
202605111112,   2.630,   3.070,9999.000,9999.000,9999.000,9999.000,9999.000,9999.000,9999.000
202605111118,   2.535,   2.968,9999.000,9999.000,9999.000,9999.000,9999.000,9999.000,9999.000
202605111124,   2.441,   2.869,9999.000,9999.000,9999.000,9999.000,9999.000,9999.000,9999.000
202605111130,   2.348,   2.768,9999.000,9999.000,9999.000,9999.000,9999.000,9999.000,9999.000
202605111136,   2.257,   2.669,9999.000,9999.000,9999.000,9999.000,9999.000,9999.000,9999.000
202605111142,   2.169,   2.568,9999.000,9999.000,9999.000,9999.000,9999.000,9999.000,9999.000
202605111148,   2.083,   2.459,9999.000,9999.000,9999.000,9999.000,9999.000,9999.000,9999.000
202605111154,   1.999,   2.368,9999.000,9999.000,9999.000,9999.000,9999.000,9999.000,9999.000
202605111200,   1.917,   2.269,   0.100,   0.252,   2.269,   0.100,   2.269,   0.100,   2.269
202605111206,   1.839,   2.158,9999.000,9999.000,9999.000,9999.000,9999.000,9999.000,9999.000
202605111212,   1.763,   2.059,9999.000,9999.000,9999.000,9999.000,9999.000,9999.000,9999.000
202605111218,   1.689,   1.948,9999.000,9999.000,9999.000,9999.000,9999.000,9999.000,9999.000
202605111224,   1.619,   1.849,9999.000,9999.000,9999.000,9999.000,9999.000,9999.000,9999.000
202605111230,   1.551,   1.758,9999.000,9999.000,9999.000,9999.000,9999.000,9999.000,9999.000
202605111236,   1.486,   1.669,9999.000,9999.000,9999.000,9999.000,9999.000,9999.000,9999.000
202605111242,   1.423,   1.580,9999.000,9999.000,9999.000,9999.000,9999.000,9999.000,9999.000
202605111248,   1.363,   1.508,9999.000,9999.000,9999.000,9999.000,9999.000,9999.000,9999.000
202605111254,   1.306,   1.439,9999.000,9999.000,9999.000,9999.000,9999.000,9999.000,9999.000
202605111300,   1.251,   1.380,   0.100,   0.029,   1.380,   0.100,   1.380,   0.100,   1.380
202605111306,   1.199,   1.318,9999.000,9999.000,9999.000,9999.000,9999.000,9999.000,9999.000
202605111312,   1.148,   1.269,9999.000,9999.000,9999.000,9999.000,9999.000,9999.000,9999.000
202605111318,   1.100,   1.210,9999.000,9999.000,9999.000,9999.000,9999.000,9999.000,9999.000
202605111324,   1.054,   1.170,9999.000,9999.000,9999.000,9999.000,9999.000,9999.000,9999.000
202605111330,   1.011,   1.128,9999.000,9999.000,9999.000,9999.000,9999.000,9999.000,9999.000
202605111336,   0.969,   1.069,9999.000,9999.000,9999.000,9999.000,9999.000,9999.000,9999.000
202605111342,   0.929,   1.020,9999.000,9999.000,9999.000,9999.000,9999.000,9999.000,9999.000
202605111348,   0.892,   0.970,9999.000,9999.000,9999.000,9999.000,9999.000,9999.000,9999.000
202605111354,   0.856,   0.941,9999.000,9999.000,9999.000,9999.000,9999.000,9999.000,9999.000
202605111400,   0.823,   0.898,   0.100,  -0.025,   0.898,   0.100,   0.898,   0.100,   0.898
202605111406,   0.793,   0.869,9999.000,9999.000,9999.000,9999.000,9999.000,9999.000,9999.000
202605111412,   0.765,   0.849,9999.000,9999.000,9999.000,9999.000,9999.000,9999.000,9999.000
202605111418,   0.740,   0.819,9999.000,9999.000,9999.000,9999.000,9999.000,9999.000,9999.000
202605111424,   0.718,   0.800,9999.000,9999.000,9999.000,9999.000,9999.000,9999.000,9999.000
202605111430,   0.699,   0.800,9999.000,9999.000,9999.000,9999.000,9999.000,9999.000,9999.000
202605111436,   0.684,   0.800,9999.000,9999.000,9999.000,9999.000,9999.000,9999.000,9999.000
202605111442,   0.674,   0.810,9999.000,9999.000,9999.000,9999.000,9999.000,9999.000,9999.000
202605111448,   0.667,   0.829,9999.000,9999.000,9999.000,9999.000,9999.000,9999.000,9999.000
202605111454,   0.666,   0.869,9999.000,9999.000,9999.000,9999.000,9999.000,9999.000,9999.000
202605111500,   0.669,   0.908,   0.100,   0.139,   0.908,   0.000,   0.808,   0.100,   0.908
202605111506,   0.679,   0.970,9999.000,9999.000,9999.000,9999.000,9999.000,9999.000,9999.000
202605111512,   0.694,   1.029,9999.000,9999.000,9999.000,9999.000,9999.000,9999.000,9999.000
202605111518,   0.716,   1.088,9999.000,9999.000,9999.000,9999.000,9999.000,9999.000,9999.000
202605111524,   0.745,   1.170,9999.000,9999.000,9999.000,9999.000,9999.000,9999.000,9999.000
202605111530,   0.780,   1.259,9999.000,9999.000,9999.000,9999.000,9999.000,9999.000,9999.000
202605111536,   0.824,   1.380,9999.000,9999.000,9999.000,9999.000,9999.000,9999.000,9999.000
202605111542,   0.875,   1.508,9999.000,9999.000,9999.000,9999.000,9999.000,9999.000,9999.000
202605111548,   0.935,   1.639,9999.000,9999.000,9999.000,9999.000,9999.000,9999.000,9999.000
202605111554,   1.002,   1.790,9999.000,9999.000,9999.000,9999.000,9999.000,9999.000,9999.000
202605111600,   1.078,   1.928,   0.100,   0.750,   1.928,   0.100,   1.928,   0.100,   1.928
202605111606,   1.162,   2.079,9999.000,9999.000,9999.000,9999.000,9999.000,9999.000,9999.000
202605111612,   1.255,   2.210,9999.000,9999.000,9999.000,9999.000,9999.000,9999.000,9999.000
202605111618,   1.355,   2.358,9999.000,9999.000,9999.000,9999.000,9999.000,9999.000,9999.000
202605111624,   1.463,   2.499,9999.000,9999.000,9999.000,9999.000,9999.000,9999.000,9999.000
202605111630,   1.578,   2.640,9999.000,9999.000,9999.000,9999.000,9999.000,9999.000,9999.000
202605111636,   1.700,   2.758,9999.000,9999.000,9999.000,9999.000,9999.000,9999.000,9999.000
202605111642,   1.827,   2.909,9999.000,9999.000,9999.000,9999.000,9999.000,9999.000,9999.000
202605111648,   1.960,   3.040,9999.000,9999.000,9999.000,9999.000,9999.000,9999.000,9999.000
202605111654,   2.097,   3.138,9999.000,9999.000,9999.000,9999.000,9999.000,9999.000,9999.000
202605111700,   2.238,   3.270,   0.100,   0.932,   3.270,   0.100,   3.270,   0.200,   3.370
202605111706,   2.380,   3.368,9999.000,9999.000,9999.000,9999.000,9999.000,9999.000,9999.000
202605111712,   2.525,   3.470,9999.000,9999.000,9999.000,9999.000,9999.000,9999.000,9999.000
202605111718,   2.670,   3.558,9999.000,9999.000,9999.000,9999.000,9999.000,9999.000,9999.000
202605111724,   2.814,   3.650,9999.000,9999.000,9999.000,9999.000,9999.000,9999.000,9999.000
202605111730,   2.957,   3.719,9999.000,9999.000,9999.000,9999.000,9999.000,9999.000,9999.000
202605111736,   3.098,   3.817,9999.000,9999.000,9999.000,9999.000,9999.000,9999.000,9999.000
202605111742,   3.236,   3.890,9999.000,9999.000,9999.000,9999.000,9999.000,9999.000,9999.000
202605111748,   3.370,   3.968,9999.000,9999.000,9999.000,9999.000,9999.000,9999.000,9999.000
202605111754,   3.500,   4.047,9999.000,9999.000,9999.000,9999.000,9999.000,9999.000,9999.000
202605111800,   3.626,   4.129,   0.000,   0.503,   4.129,   0.000,   4.129,   0.100,   4.229
202605111806,   3.746,   4.188,9999.000,9999.000,9999.000,9999.000,9999.000,9999.000,9999.000
202605111812,   3.861,   4.280,9999.000,9999.000,9999.000,9999.000,9999.000,9999.000,9999.000
202605111818,   3.970,   4.359,9999.000,9999.000,9999.000,9999.000,9999.000,9999.000,9999.000
202605111824,   4.073,   4.408,9999.000,9999.000,9999.000,9999.000,9999.000,9999.000,9999.000
202605111830,   4.170,   4.490,9999.000,9999.000,9999.000,9999.000,9999.000,9999.000,9999.000
202605111836,   4.262,   4.559,9999.000,9999.000,9999.000,9999.000,9999.000,9999.000,9999.000
202605111842,   4.348,   4.618,9999.000,9999.000,9999.000,9999.000,9999.000,9999.000,9999.000
202605111848,   4.428,   4.690,9999.000,9999.000,9999.000,9999.000,9999.000,9999.000,9999.000
202605111854,   4.502,   4.739,9999.000,9999.000,9999.000,9999.000,9999.000,9999.000,9999.000
202605111900,   4.570,   4.769,   0.100,   0.099,   4.769,   0.000,   4.669,   0.100,   4.769
202605111906,   4.633,   4.778,9999.000,9999.000,9999.000,9999.000,9999.000,9999.000,9999.000
202605111912,   4.691,   4.818,9999.000,9999.000,9999.000,9999.000,9999.000,9999.000,9999.000
202605111918,   4.743,   4.867,9999.000,9999.000,9999.000,9999.000,9999.000,9999.000,9999.000
202605111924,   4.790,   4.887,9999.000,9999.000,9999.000,9999.000,9999.000,9999.000,9999.000
202605111930,   4.833,   4.887,9999.000,9999.000,9999.000,9999.000,9999.000,9999.000,9999.000
202605111936,   4.870,   4.887,9999.000,9999.000,9999.000,9999.000,9999.000,9999.000,9999.000
202605111942,   4.903,   4.847,9999.000,9999.000,9999.000,9999.000,9999.000,9999.000,9999.000
202605111948,   4.932,   4.867,9999.000,9999.000,9999.000,9999.000,9999.000,9999.000,9999.000
202605111954,   4.955,   4.857,9999.000,9999.000,9999.000,9999.000,9999.000,9999.000,9999.000
202605112000,   4.975,   4.847,   0.100,  -0.228,   4.847,   0.100,   4.847,   0.100,   4.847
202605112006,   4.990,   4.847,9999.000,9999.000,9999.000,9999.000,9999.000,9999.000,9999.000
202605112012,   5.000,   4.857,9999.000,9999.000,9999.000,9999.000,9999.000,9999.000,9999.000
202605112018,   5.007,   4.877,9999.000,9999.000,9999.000,9999.000,9999.000,9999.000,9999.000
202605112024,   5.009,   4.887,9999.000,9999.000,9999.000,9999.000,9999.000,9999.000,9999.000
202605112030,   5.006,   4.887,9999.000,9999.000,9999.000,9999.000,9999.000,9999.000,9999.000
202605112036,   5.000,   4.910,9999.000,9999.000,9999.000,9999.000,9999.000,9999.000,9999.000
202605112042,   4.989,   4.910,9999.000,9999.000,9999.000,9999.000,9999.000,9999.000,9999.000
202605112048,   4.973,   4.919,9999.000,9999.000,9999.000,9999.000,9999.000,9999.000,9999.000
202605112054,   4.954,   4.910,9999.000,9999.000,9999.000,9999.000,9999.000,9999.000,9999.000
202605112100,   4.929,   4.887,   0.100,  -0.142,   4.887,   0.100,   4.887,   0.100,   4.887
202605112106,   4.901,   4.900,9999.000,9999.000,9999.000,9999.000,9999.000,9999.000,9999.000
202605112112,   4.868,   4.887,9999.000,9999.000,9999.000,9999.000,9999.000,9999.000,9999.000
202605112118,   4.831,   4.900,9999.000,9999.000,9999.000,9999.000,9999.000,9999.000,9999.000
202605112124,   4.789,   4.900,9999.000,9999.000,9999.000,9999.000,9999.000,9999.000,9999.000
202605112130,   4.744,   4.900,9999.000,9999.000,9999.000,9999.000,9999.000,9999.000,9999.000
202605112136,   4.693,   4.877,9999.000,9999.000,9999.000,9999.000,9999.000,9999.000,9999.000
202605112142,   4.639,   4.857,9999.000,9999.000,9999.000,9999.000,9999.000,9999.000,9999.000
202605112148,   4.581,   4.837,9999.000,9999.000,9999.000,9999.000,9999.000,9999.000,9999.000
202605112154,   4.519,   4.818,9999.000,9999.000,9999.000,9999.000,9999.000,9999.000,9999.000
202605112200,   4.453,   4.778,   0.100,   0.225,   4.778,   0.100,   4.778,   0.100,   4.778
202605112206,   4.383,   4.749,9999.000,9999.000,9999.000,9999.000,9999.000,9999.000,9999.000
202605112212,   4.310,   4.710,9999.000,9999.000,9999.000,9999.000,9999.000,9999.000,9999.000
202605112218,   4.234,   4.677,9999.000,9999.000,9999.000,9999.000,9999.000,9999.000,9999.000
202605112224,   4.155,   4.637,9999.000,9999.000,9999.000,9999.000,9999.000,9999.000,9999.000
202605112230,   4.073,   4.578,9999.000,9999.000,9999.000,9999.000,9999.000,9999.000,9999.000
202605112236,   3.988,   4.519,9999.000,9999.000,9999.000,9999.000,9999.000,9999.000,9999.000
202605112242,   3.902,   4.467,9999.000,9999.000,9999.000,9999.000,9999.000,9999.000,9999.000
202605112248,   3.813,   4.408,9999.000,9999.000,9999.000,9999.000,9999.000,9999.000,9999.000
202605112254,   3.723,   4.359,9999.000,9999.000,9999.000,9999.000,9999.000,9999.000,9999.000
202605112300,   3.632,   4.319,   0.100,   0.587,   4.319,   0.100,   4.319,   0.100,   4.319
202605112306,   3.539,   4.267,9999.000,9999.000,9999.000,9999.000,9999.000,9999.000,9999.000
202605112312,   3.446,   4.218,9999.000,9999.000,9999.000,9999.000,9999.000,9999.000,9999.000
202605112318,   3.352,   4.178,9999.000,9999.000,9999.000,9999.000,9999.000,9999.000,9999.000
202605112324,   3.259,   4.129,9999.000,9999.000,9999.000,9999.000,9999.000,9999.000,9999.000
202605112330,   3.165,   4.047,9999.000,9999.000,9999.000,9999.000,9999.000,9999.000,9999.000
202605112336,   3.073,   3.958,9999.000,9999.000,9999.000,9999.000,9999.000,9999.000,9999.000
202605112342,   2.981,   3.870,9999.000,9999.000,9999.000,9999.000,9999.000,9999.000,9999.000
202605112348,   2.889,   3.778,9999.000,9999.000,9999.000,9999.000,9999.000,9999.000,9999.000
202605112354,   2.800,   3.680,9999.000,9999.000,9999.000,9999.000,9999.000,9999.000,9999.000
202605120000,   2.712,   3.578,   0.000,   0.866,   3.578,   0.000,   3.578,   0.000,   3.578
202605120006,   2.625,   3.489,9999.000,9999.000,9999.000,9999.000,9999.000,9999.000,9999.000
202605120012,   2.540,   3.407,9999.000,9999.000,9999.000,9999.000,9999.000,9999.000,9999.000
202605120018,   2.458,   3.319,9999.000,9999.000,9999.000,9999.000,9999.000,9999.000,9999.000
202605120024,   2.378,   3.217,9999.000,9999.000,9999.000,9999.000,9999.000,9999.000,9999.000
202605120030,   2.299,   3.119,9999.000,9999.000,9999.000,9999.000,9999.000,9999.000,9999.000
202605120036,   2.224,   3.030,9999.000,9999.000,9999.000,9999.000,9999.000,9999.000,9999.000
202605120042,   2.150,   2.929,9999.000,9999.000,9999.000,9999.000,9999.000,9999.000,9999.000
202605120048,   2.079,   2.820,9999.000,9999.000,9999.000,9999.000,9999.000,9999.000,9999.000
202605120054,   2.011,   2.709,9999.000,9999.000,9999.000,9999.000,9999.000,9999.000,9999.000
202605120100,   1.944,   2.620,   0.000,   0.676,   2.620,   0.000,   2.620,   0.000,   2.620
202605120106,   1.881,   2.538,9999.000,9999.000,9999.000,9999.000,9999.000,9999.000,9999.000
202605120112,   1.819,   2.469,9999.000,9999.000,9999.000,9999.000,9999.000,9999.000,9999.000
202605120118,   1.760,   2.387,9999.000,9999.000,9999.000,9999.000,9999.000,9999.000,9999.000
202605120124,   1.702,   2.328,9999.000,9999.000,9999.000,9999.000,9999.000,9999.000,9999.000
202605120130,   1.647,   2.259,9999.000,9999.000,9999.000,9999.000,9999.000,9999.000,9999.000
202605120136,   1.594,   2.177,9999.000,9999.000,9999.000,9999.000,9999.000,9999.000,9999.000
202605120142,   1.542,   2.099,9999.000,9999.000,9999.000,9999.000,9999.000,9999.000,9999.000
202605120148,   1.493,   2.030,9999.000,9999.000,9999.000,9999.000,9999.000,9999.000,9999.000
202605120154,   1.445,   1.958,9999.000,9999.000,9999.000,9999.000,9999.000,9999.000,9999.000
202605120200,   1.399,   1.859,   0.000,   0.460,   1.859,   0.000,   1.859,   0.100,   1.959
202605120206,   1.355,   1.767,9999.000,9999.000,9999.000,9999.000,9999.000,9999.000,9999.000
202605120212,   1.312,   1.699,9999.000,9999.000,9999.000,9999.000,9999.000,9999.000,9999.000
202605120218,   1.272,   1.620,9999.000,9999.000,9999.000,9999.000,9999.000,9999.000,9999.000
202605120224,   1.233,   1.548,9999.000,9999.000,9999.000,9999.000,9999.000,9999.000,9999.000
202605120230,   1.197,   1.449,9999.000,9999.000,9999.000,9999.000,9999.000,9999.000,9999.000
202605120236,   1.163,   1.371,9999.000,9999.000,9999.000,9999.000,9999.000,9999.000,9999.000
202605120242,   1.132,   1.308,9999.000,9999.000,9999.000,9999.000,9999.000,9999.000,9999.000
202605120248,   1.104,   1.249,9999.000,9999.000,9999.000,9999.000,9999.000,9999.000,9999.000
202605120254,   1.079,   1.180,9999.000,9999.000,9999.000,9999.000,9999.000,9999.000,9999.000
202605120300,   1.057,   1.118,   0.000,   0.061,   1.118,   0.000,   1.118,   0.100,   1.218
202605120306,   1.039,   1.069,9999.000,9999.000,9999.000,9999.000,9999.000,9999.000,9999.000
202605120312,   1.025,   1.029,9999.000,9999.000,9999.000,9999.000,9999.000,9999.000,9999.000
202605120318,   1.016,   0.990,9999.000,9999.000,9999.000,9999.000,9999.000,9999.000,9999.000
202605120324,   1.012,   0.961,9999.000,9999.000,9999.000,9999.000,9999.000,9999.000,9999.000
202605120330,   1.013,   0.928,9999.000,9999.000,9999.000,9999.000,9999.000,9999.000,9999.000
202605120336,   1.021,   0.918,9999.000,9999.000,9999.000,9999.000,9999.000,9999.000,9999.000
202605120342,   1.034,   0.918,9999.000,9999.000,9999.000,9999.000,9999.000,9999.000,9999.000
202605120348,   1.054,   0.941,9999.000,9999.000,9999.000,9999.000,9999.000,9999.000,9999.000
202605120354,   1.082,   0.990,9999.000,9999.000,9999.000,9999.000,9999.000,9999.000,9999.000
202605120400,   1.116,   1.059,   0.000,  -0.057,   1.059,   0.000,   1.059,   0.000,   1.059
202605120406,   1.159,   1.128,9999.000,9999.000,9999.000,9999.000,9999.000,9999.000,9999.000
202605120412,   1.210,   1.229,9999.000,9999.000,9999.000,9999.000,9999.000,9999.000,9999.000
202605120418,   1.269,   1.318,9999.000,9999.000,9999.000,9999.000,9999.000,9999.000,9999.000
202605120424,   1.336,   1.439,9999.000,9999.000,9999.000,9999.000,9999.000,9999.000,9999.000
202605120430,   1.412,   1.571,9999.000,9999.000,9999.000,9999.000,9999.000,9999.000,9999.000
202605120436,   1.496,   1.699,9999.000,9999.000,9999.000,9999.000,9999.000,9999.000,9999.000
202605120442,   1.588,   1.830,9999.000,9999.000,9999.000,9999.000,9999.000,9999.000,9999.000
202605120448,   1.688,   1.990,9999.000,9999.000,9999.000,9999.000,9999.000,9999.000,9999.000
202605120454,   1.796,   2.118,9999.000,9999.000,9999.000,9999.000,9999.000,9999.000,9999.000
202605120500,   1.911,   2.269,   0.000,   0.358,   2.269,   0.000,   2.269,   0.000,   2.269
202605120506,   2.031,   2.387,9999.000,9999.000,9999.000,9999.000,9999.000,9999.000,9999.000
202605120512,   2.158,   2.509,9999.000,9999.000,9999.000,9999.000,9999.000,9999.000,9999.000
202605120518,   2.289,   2.669,9999.000,9999.000,9999.000,9999.000,9999.000,9999.000,9999.000
202605120524,   2.424,   2.797,9999.000,9999.000,9999.000,9999.000,9999.000,9999.000,9999.000
202605120530,   2.561,   2.919,9999.000,9999.000,9999.000,9999.000,9999.000,9999.000,9999.000
202605120536,   2.700,   3.079,9999.000,9999.000,9999.000,9999.000,9999.000,9999.000,9999.000
202605120542,   2.840,   3.230,9999.000,9999.000,9999.000,9999.000,9999.000,9999.000,9999.000
202605120548,   2.980,   3.358,9999.000,9999.000,9999.000,9999.000,9999.000,9999.000,9999.000
202605120554,   3.118,   3.489,9999.000,9999.000,9999.000,9999.000,9999.000,9999.000,9999.000
202605120600,   3.254,   3.650,   0.000,   0.396,   3.650,   0.000,   3.650,   0.000,   3.650
202605120606,   3.387,   3.788,9999.000,9999.000,9999.000,9999.000,9999.000,9999.000,9999.000
202605120612,   3.516,   3.949,9999.000,9999.000,9999.000,9999.000,9999.000,9999.000,9999.000
202605120618,   3.641,   4.080,9999.000,9999.000,9999.000,9999.000,9999.000,9999.000,9999.000
202605120624,   3.761,   4.198,9999.000,9999.000,9999.000,9999.000,9999.000,9999.000,9999.000
202605120630,   3.876,   4.309,9999.000,9999.000,9999.000,9999.000,9999.000,9999.000,9999.000
202605120636,   3.985,   4.418,9999.000,9999.000,9999.000,9999.000,9999.000,9999.000,9999.000
202605120642,   4.089,   4.529,9999.000,9999.000,9999.000,9999.000,9999.000,9999.000,9999.000
202605120648,   4.186,   4.628,9999.000,9999.000,9999.000,9999.000,9999.000,9999.000,9999.000
202605120654,   4.278,   4.710,9999.000,9999.000,9999.000,9999.000,9999.000,9999.000,9999.000
202605120700,   4.363,   4.788,   0.000,   0.425,   4.788,   0.000,   4.788,   0.000,   4.788
202605120706,   4.442,   4.847,9999.000,9999.000,9999.000,9999.000,9999.000,9999.000,9999.000
202605120712,   4.516,   4.910,9999.000,9999.000,9999.000,9999.000,9999.000,9999.000,9999.000
202605120718,   4.583,   4.949,9999.000,9999.000,9999.000,9999.000,9999.000,9999.000,9999.000
202605120724,   4.645,   4.988,9999.000,9999.000,9999.000,9999.000,9999.000,9999.000,9999.000
202605120730,   4.701,   4.988,9999.000,9999.000,9999.000,9999.000,9999.000,9999.000,9999.000
202605120736,   4.752,   4.988,9999.000,9999.000,9999.000,9999.000,9999.000,9999.000,9999.000
202605120742,   4.797,   4.998,9999.000,9999.000,9999.000,9999.000,9999.000,9999.000,9999.000
202605120748,   4.838,   5.008,9999.000,9999.000,9999.000,9999.000,9999.000,9999.000,9999.000
202605120754,   4.873,   5.008,9999.000,9999.000,9999.000,9999.000,9999.000,9999.000,9999.000
202605120800,   4.904,   4.998,   0.000,   0.094,   4.998,  -0.100,   4.898,   0.000,   4.998
202605120806,   4.930,   4.969,9999.000,9999.000,9999.000,9999.000,9999.000,9999.000,9999.000
202605120812,   4.951,   4.959,9999.000,9999.000,9999.000,9999.000,9999.000,9999.000,9999.000
202605120818,   4.968,   4.949,9999.000,9999.000,9999.000,9999.000,9999.000,9999.000,9999.000
202605120824,   4.980,   4.929,9999.000,9999.000,9999.000,9999.000,9999.000,9999.000,9999.000
202605120830,   4.988,   4.919,9999.000,9999.000,9999.000,9999.000,9999.000,9999.000,9999.000
202605120836,   4.992,   4.877,9999.000,9999.000,9999.000,9999.000,9999.000,9999.000,9999.000
202605120842,   4.991,   4.857,9999.000,9999.000,9999.000,9999.000,9999.000,9999.000,9999.000
202605120848,   4.986,   4.818,9999.000,9999.000,9999.000,9999.000,9999.000,9999.000,9999.000
202605120854,   4.976,   4.808,9999.000,9999.000,9999.000,9999.000,9999.000,9999.000,9999.000
202605120900,   4.963,   4.837,  -0.100,  -0.026,   4.837,  -0.100,   4.837,   0.000,   4.937
202605120906,   4.944,   4.818,9999.000,9999.000,9999.000,9999.000,9999.000,9999.000,9999.000
202605120912,   4.922,   4.788,9999.000,9999.000,9999.000,9999.000,9999.000,9999.000,9999.000
202605120918,   4.895,   4.808,9999.000,9999.000,9999.000,9999.000,9999.000,9999.000,9999.000
202605120924,   4.863,   4.828,9999.000,9999.000,9999.000,9999.000,9999.000,9999.000,9999.000
202605120930,   4.827,   4.818,9999.000,9999.000,9999.000,9999.000,9999.000,9999.000,9999.000
202605120936,   4.787,   4.778,9999.000,9999.000,9999.000,9999.000,9999.000,9999.000,9999.000
202605120942,   4.742,   4.729,9999.000,9999.000,9999.000,9999.000,9999.000,9999.000,9999.000
202605120948,   4.692,   4.759,9999.000,9999.000,9999.000,9999.000,9999.000,9999.000,9999.000
202605120954,   4.638,   4.719,9999.000,9999.000,9999.000,9999.000,9999.000,9999.000,9999.000
202605121000,   4.579,   4.677,  -0.100,   0.198,   4.677,  -0.100,   4.677,   0.000,   4.777
202605121006,   4.516,   4.618,9999.000,9999.000,9999.000,9999.000,9999.000,9999.000,9999.000
202605121012,   4.449,   4.569,9999.000,9999.000,9999.000,9999.000,9999.000,9999.000,9999.000
202605121018,   4.377,   4.519,9999.000,9999.000,9999.000,9999.000,9999.000,9999.000,9999.000
202605121024,   4.301,   4.447,9999.000,9999.000,9999.000,9999.000,9999.000,9999.000,9999.000
202605121030,   4.222,   4.359,9999.000,9999.000,9999.000,9999.000,9999.000,9999.000,9999.000
202605121036,   4.138,   4.267,9999.000,9999.000,9999.000,9999.000,9999.000,9999.000,9999.000
202605121042,   4.051,   4.188,9999.000,9999.000,9999.000,9999.000,9999.000,9999.000,9999.000
202605121048,   3.961,   4.109,9999.000,9999.000,9999.000,9999.000,9999.000,9999.000,9999.000
202605121054,   3.868,   4.008,9999.000,9999.000,9999.000,9999.000,9999.000,9999.000,9999.000
202605121100,   3.772,   3.899,  -0.100,   0.227,   3.899,  -0.100,   3.899,   0.000,   3.999
202605121106,   3.673,   3.798,9999.000,9999.000,9999.000,9999.000,9999.000,9999.000,9999.000
202605121112,   3.573,   3.689,9999.000,9999.000,9999.000,9999.000,9999.000,9999.000,9999.000
202605121118,   3.470,   3.588,9999.000,9999.000,9999.000,9999.000,9999.000,9999.000,9999.000
202605121124,   3.366,   3.470,9999.000,9999.000,9999.000,9999.000,9999.000,9999.000,9999.000
202605121130,   3.260,   3.368,9999.000,9999.000,9999.000,9999.000,9999.000,9999.000,9999.000
202605121136,   3.154,   3.289,9999.000,9999.000,9999.000,9999.000,9999.000,9999.000,9999.000
202605121142,   3.047,   3.197,9999.000,9999.000,9999.000,9999.000,9999.000,9999.000,9999.000
202605121148,   2.940,   3.109,9999.000,9999.000,9999.000,9999.000,9999.000,9999.000,9999.000
202605121154,   2.833,   3.017,9999.000,9999.000,9999.000,9999.000,9999.000,9999.000,9999.000
202605121200,   2.727,   2.938,  -0.100,   0.311,   2.938,  -0.100,   2.938,   0.000,   3.038
202605121206,   2.621,   2.850,9999.000,9999.000,9999.000,9999.000,9999.000,9999.000,9999.000
202605121212,   2.516,   2.768,9999.000,9999.000,9999.000,9999.000,9999.000,9999.000,9999.000
202605121218,   2.413,   2.689,9999.000,9999.000,9999.000,9999.000,9999.000,9999.000,9999.000
202605121224,   2.311,   2.610,9999.000,9999.000,9999.000,9999.000,9999.000,9999.000,9999.000
202605121230,   2.210,   2.538,9999.000,9999.000,9999.000,9999.000,9999.000,9999.000,9999.000
202605121236,   2.112,   2.459,9999.000,9999.000,9999.000,9999.000,9999.000,9999.000,9999.000
202605121242,   2.016,   2.358,9999.000,9999.000,9999.000,9999.000,9999.000,9999.000,9999.000
202605121248,   1.923,   2.250,9999.000,9999.000,9999.000,9999.000,9999.000,9999.000,9999.000
202605121254,   1.832,   2.168,9999.000,9999.000,9999.000,9999.000,9999.000,9999.000,9999.000
202605121300,   1.743,   2.069,  -0.100,   0.426,   2.069,  -0.100,   2.069,   0.000,   2.169
202605121306,   1.657,   1.938,9999.000,9999.000,9999.000,9999.000,9999.000,9999.000,9999.000
202605121312,   1.574,   1.849,9999.000,9999.000,9999.000,9999.000,9999.000,9999.000,9999.000
202605121318,   1.494,   1.728,9999.000,9999.000,9999.000,9999.000,9999.000,9999.000,9999.000
202605121324,   1.417,   1.649,9999.000,9999.000,9999.000,9999.000,9999.000,9999.000,9999.000
202605121330,   1.342,   1.571,9999.000,9999.000,9999.000,9999.000,9999.000,9999.000,9999.000
202605121336,   1.270,   1.489,9999.000,9999.000,9999.000,9999.000,9999.000,9999.000,9999.000
202605121342,   1.201,   1.400,9999.000,9999.000,9999.000,9999.000,9999.000,9999.000,9999.000
202605121348,   1.135,   1.338,9999.000,9999.000,9999.000,9999.000,9999.000,9999.000,9999.000
202605121354,   1.071,   1.269,9999.000,9999.000,9999.000,9999.000,9999.000,9999.000,9999.000
202605121400,   1.010,   1.190,  -0.100,   0.280,   1.190,  -0.100,   1.190,   0.000,   1.290
202605121406,   0.951,   1.128,9999.000,9999.000,9999.000,9999.000,9999.000,9999.000,9999.000
202605121412,   0.895,   1.079,9999.000,9999.000,9999.000,9999.000,9999.000,9999.000,9999.000
202605121418,   0.842,   1.010,9999.000,9999.000,9999.000,9999.000,9999.000,9999.000,9999.000
202605121424,   0.791,   0.970,9999.000,9999.000,9999.000,9999.000,9999.000,9999.000,9999.000
202605121430,   0.743,   0.908,9999.000,9999.000,9999.000,9999.000,9999.000,9999.000,9999.000
202605121436,   0.698,   0.859,9999.000,9999.000,9999.000,9999.000,9999.000,9999.000,9999.000
202605121442,   0.655,   0.819,9999.000,9999.000,9999.000,9999.000,9999.000,9999.000,9999.000
202605121448,   0.615,   0.790,9999.000,9999.000,9999.000,9999.000,9999.000,9999.000,9999.000
202605121454,   0.579,   0.760,9999.000,9999.000,9999.000,9999.000,9999.000,9999.000,9999.000
202605121500,   0.545,   0.731,  -0.100,   0.286,   0.731,  -0.100,   0.731,   0.000,   0.831
202605121506,   0.515,   0.718,9999.000,9999.000,9999.000,9999.000,9999.000,9999.000,9999.000
202605121512,   0.489,   0.698,9999.000,9999.000,9999.000,9999.000,9999.000,9999.000,9999.000
202605121518,   0.467,   0.698,9999.000,9999.000,9999.000,9999.000,9999.000,9999.000,9999.000
202605121524,   0.449,   0.698,9999.000,9999.000,9999.000,9999.000,9999.000,9999.000,9999.000
202605121530,   0.437,   0.688,9999.000,9999.000,9999.000,9999.000,9999.000,9999.000,9999.000
202605121536,   0.429,   0.688,9999.000,9999.000,9999.000,9999.000,9999.000,9999.000,9999.000
202605121542,   0.427,   0.669,9999.000,9999.000,9999.000,9999.000,9999.000,9999.000,9999.000
202605121548,   0.431,   0.688,9999.000,9999.000,9999.000,9999.000,9999.000,9999.000,9999.000
202605121554,   0.442,   0.698,9999.000,9999.000,9999.000,9999.000,9999.000,9999.000,9999.000
202605121600,   0.460,   0.718,   0.000,   0.258,   0.718,  -0.100,   0.618,   0.000,   0.718
202605121606,   0.485,   0.760,9999.000,9999.000,9999.000,9999.000,9999.000,9999.000,9999.000
202605121612,   0.517,   0.790,9999.000,9999.000,9999.000,9999.000,9999.000,9999.000,9999.000
202605121618,   0.558,   0.849,9999.000,9999.000,9999.000,9999.000,9999.000,9999.000,9999.000
202605121624,   0.608,   0.918,9999.000,9999.000,9999.000,9999.000,9999.000,9999.000,9999.000
202605121630,   0.666,   0.980,9999.000,9999.000,9999.000,9999.000,9999.000,9999.000,9999.000
202605121636,   0.733,   1.069,9999.000,9999.000,9999.000,9999.000,9999.000,9999.000,9999.000
202605121642,   0.810,   1.170,9999.000,9999.000,9999.000,9999.000,9999.000,9999.000,9999.000
202605121648,   0.896,   1.259,9999.000,9999.000,9999.000,9999.000,9999.000,9999.000,9999.000
202605121654,   0.991,   1.361,9999.000,9999.000,9999.000,9999.000,9999.000,9999.000,9999.000
202605121700,   1.096,   1.498,   0.000,   0.402,   1.498,   0.000,   1.498,   0.000,   1.498
202605121706,   1.209,   1.620,9999.000,9999.000,9999.000,9999.000,9999.000,9999.000,9999.000
202605121712,   1.331,   1.758,9999.000,9999.000,9999.000,9999.000,9999.000,9999.000,9999.000
202605121718,   1.461,   1.889,9999.000,9999.000,9999.000,9999.000,9999.000,9999.000,9999.000
202605121724,   1.599,   2.030,9999.000,9999.000,9999.000,9999.000,9999.000,9999.000,9999.000
202605121730,   1.743,   2.158,9999.000,9999.000,9999.000,9999.000,9999.000,9999.000,9999.000
202605121736,   1.894,   2.309,9999.000,9999.000,9999.000,9999.000,9999.000,9999.000,9999.000
202605121742,   2.049,   2.459,9999.000,9999.000,9999.000,9999.000,9999.000,9999.000,9999.000
202605121748,   2.209,   2.597,9999.000,9999.000,9999.000,9999.000,9999.000,9999.000,9999.000
202605121754,   2.371,   2.738,9999.000,9999.000,9999.000,9999.000,9999.000,9999.000,9999.000
202605121800,   2.535,   2.889,   0.000,   0.354,   2.889,   0.000,   2.889,   0.000,   2.889
202605121806,   2.700,   3.050,9999.000,9999.000,9999.000,9999.000,9999.000,9999.000,9999.000
202605121812,   2.865,   3.188,9999.000,9999.000,9999.000,9999.000,9999.000,9999.000,9999.000
202605121818,   3.029,   3.339,9999.000,9999.000,9999.000,9999.000,9999.000,9999.000,9999.000
202605121824,   3.191,   3.480,9999.000,9999.000,9999.000,9999.000,9999.000,9999.000,9999.000
202605121830,   3.349,   3.627,9999.000,9999.000,9999.000,9999.000,9999.000,9999.000,9999.000
202605121836,   3.504,   3.778,9999.000,9999.000,9999.000,9999.000,9999.000,9999.000,9999.000
202605121842,   3.654,   3.919,9999.000,9999.000,9999.000,9999.000,9999.000,9999.000,9999.000
202605121848,   3.799,   4.027,9999.000,9999.000,9999.000,9999.000,9999.000,9999.000,9999.000
202605121854,   3.939,   4.168,9999.000,9999.000,9999.000,9999.000,9999.000,9999.000,9999.000
202605121900,   4.072,   4.290,   0.000,   0.218,   4.290,   0.000,   4.290,   0.000,   4.290
202605121906,   4.200,   4.398,9999.000,9999.000,9999.000,9999.000,9999.000,9999.000,9999.000
202605121912,   4.321,   4.519,9999.000,9999.000,9999.000,9999.000,9999.000,9999.000,9999.000
202605121918,   4.435,   4.637,9999.000,9999.000,9999.000,9999.000,9999.000,9999.000,9999.000
202605121924,   4.543,   4.759,9999.000,9999.000,9999.000,9999.000,9999.000,9999.000,9999.000
202605121930,   4.645,   4.877,9999.000,9999.000,9999.000,9999.000,9999.000,9999.000,9999.000
202605121936,   4.740,   4.939,9999.000,9999.000,9999.000,9999.000,9999.000,9999.000,9999.000
202605121942,   4.828,   5.028,9999.000,9999.000,9999.000,9999.000,9999.000,9999.000,9999.000
202605121948,   4.911,   5.097,9999.000,9999.000,9999.000,9999.000,9999.000,9999.000,9999.000
202605121954,   4.987,   5.198,9999.000,9999.000,9999.000,9999.000,9999.000,9999.000,9999.000
202605122000,   5.057,   5.267,   0.000,   0.210,   5.267,   0.000,   5.267,   0.000,   5.267
202605122006,   5.121,   5.307,9999.000,9999.000,9999.000,9999.000,9999.000,9999.000,9999.000
202605122012,   5.180,   5.359,9999.000,9999.000,9999.000,9999.000,9999.000,9999.000,9999.000
202605122018,   5.233,   5.398,9999.000,9999.000,9999.000,9999.000,9999.000,9999.000,9999.000
202605122024,   5.281,   5.438,9999.000,9999.000,9999.000,9999.000,9999.000,9999.000,9999.000
202605122030,   5.323,   5.467,9999.000,9999.000,9999.000,9999.000,9999.000,9999.000,9999.000
202605122036,   5.360,   5.497,9999.000,9999.000,9999.000,9999.000,9999.000,9999.000,9999.000
202605122042,   5.392,   5.516,9999.000,9999.000,9999.000,9999.000,9999.000,9999.000,9999.000
202605122048,   5.419,   5.539,9999.000,9999.000,9999.000,9999.000,9999.000,9999.000,9999.000
202605122054,   5.441,   5.569,9999.000,9999.000,9999.000,9999.000,9999.000,9999.000,9999.000
202605122100,   5.458,   5.579,   0.000,   0.121,   5.579,   0.000,   5.579,   0.000,   5.579
202605122106,   5.470,   5.589,9999.000,9999.000,9999.000,9999.000,9999.000,9999.000,9999.000
202605122112,   5.478,   5.598,9999.000,9999.000,9999.000,9999.000,9999.000,9999.000,9999.000
202605122118,   5.480,   5.608,9999.000,9999.000,9999.000,9999.000,9999.000,9999.000,9999.000
202605122124,   5.477,   5.628,9999.000,9999.000,9999.000,9999.000,9999.000,9999.000,9999.000
202605122130,   5.470,   5.628,9999.000,9999.000,9999.000,9999.000,9999.000,9999.000,9999.000
202605122136,   5.457,   5.638,9999.000,9999.000,9999.000,9999.000,9999.000,9999.000,9999.000
202605122142,   5.439,   5.638,9999.000,9999.000,9999.000,9999.000,9999.000,9999.000,9999.000
202605122148,   5.416,   5.638,9999.000,9999.000,9999.000,9999.000,9999.000,9999.000,9999.000
202605122154,   5.388,   5.628,9999.000,9999.000,9999.000,9999.000,9999.000,9999.000,9999.000
202605122200,   5.355,   5.628,   0.000,   0.273,   5.628,   0.000,   5.628,   0.000,   5.628
202605122206,   5.316,   5.618,9999.000,9999.000,9999.000,9999.000,9999.000,9999.000,9999.000
202605122212,   5.273,   5.618,9999.000,9999.000,9999.000,9999.000,9999.000,9999.000,9999.000
202605122218,   5.224,   5.589,9999.000,9999.000,9999.000,9999.000,9999.000,9999.000,9999.000
202605122224,   5.170,   5.598,9999.000,9999.000,9999.000,9999.000,9999.000,9999.000,9999.000
202605122230,   5.111,   5.569,9999.000,9999.000,9999.000,9999.000,9999.000,9999.000,9999.000
202605122236,   5.048,   5.530,9999.000,9999.000,9999.000,9999.000,9999.000,9999.000,9999.000
202605122242,   4.979,   5.467,9999.000,9999.000,9999.000,9999.000,9999.000,9999.000,9999.000
202605122248,   4.906,   5.408,9999.000,9999.000,9999.000,9999.000,9999.000,9999.000,9999.000
202605122254,   4.828,   5.339,9999.000,9999.000,9999.000,9999.000,9999.000,9999.000,9999.000
202605122300,   4.746,   5.247,   0.000,   0.501,   5.247,   0.000,   5.247,   0.000,   5.247
202605122306,   4.660,   5.198,9999.000,9999.000,9999.000,9999.000,9999.000,9999.000,9999.000
202605122312,   4.570,   5.129,9999.000,9999.000,9999.000,9999.000,9999.000,9999.000,9999.000
202605122318,   4.477,   5.057,9999.000,9999.000,9999.000,9999.000,9999.000,9999.000,9999.000
202605122324,   4.380,   4.959,9999.000,9999.000,9999.000,9999.000,9999.000,9999.000,9999.000
202605122330,   4.280,   4.837,9999.000,9999.000,9999.000,9999.000,9999.000,9999.000,9999.000
202605122336,   4.178,   4.729,9999.000,9999.000,9999.000,9999.000,9999.000,9999.000,9999.000
202605122342,   4.073,   4.608,9999.000,9999.000,9999.000,9999.000,9999.000,9999.000,9999.000
202605122348,   3.966,   4.467,9999.000,9999.000,9999.000,9999.000,9999.000,9999.000,9999.000
202605122354,   3.858,   4.339,9999.000,9999.000,9999.000,9999.000,9999.000,9999.000,9999.000
202605130000,   3.748,   4.208,   0.000,   0.460,   4.208,   0.000,   4.208,   0.000,   4.208
202605130006,   3.638,   4.099,9999.000,9999.000,9999.000,9999.000,9999.000,9999.000,9999.000
202605130012,   3.526,   3.978,9999.000,9999.000,9999.000,9999.000,9999.000,9999.000,9999.000
202605130018,   3.415,   3.870,9999.000,9999.000,9999.000,9999.000,9999.000,9999.000,9999.000
202605130024,   3.304,   3.749,9999.000,9999.000,9999.000,9999.000,9999.000,9999.000,9999.000
202605130030,   3.193,   3.637,9999.000,9999.000,9999.000,9999.000,9999.000,9999.000,9999.000
202605130036,   3.083,   3.529,9999.000,9999.000,9999.000,9999.000,9999.000,9999.000,9999.000
202605130042,   2.973,   3.440,9999.000,9999.000,9999.000,9999.000,9999.000,9999.000,9999.000
202605130048,   2.865,   3.329,9999.000,9999.000,9999.000,9999.000,9999.000,9999.000,9999.000
202605130054,   2.759,   3.230,9999.000,9999.000,9999.000,9999.000,9999.000,9999.000,9999.000
202605130100,   2.654,   3.119,   0.000,   0.465,   3.119,   0.000,   3.119,   0.000,   3.119
202605130106,   2.551,   3.017,9999.000,9999.000,9999.000,9999.000,9999.000,9999.000,9999.000
202605130112,   2.450,   2.929,9999.000,9999.000,9999.000,9999.000,9999.000,9999.000,9999.000
202605130118,   2.352,   2.820,9999.000,9999.000,9999.000,9999.000,9999.000,9999.000,9999.000
202605130124,   2.255,   2.728,9999.000,9999.000,9999.000,9999.000,9999.000,9999.000,9999.000
202605130130,   2.161,   2.630,9999.000,9999.000,9999.000,9999.000,9999.000,9999.000,9999.000
202605130136,   2.070,   2.528,9999.000,9999.000,9999.000,9999.000,9999.000,9999.000,9999.000
202605130142,   1.981,   2.450,9999.000,9999.000,9999.000,9999.000,9999.000,9999.000,9999.000
202605130148,   1.894,   2.368,9999.000,9999.000,9999.000,9999.000,9999.000,9999.000,9999.000
202605130154,   1.810,   2.299,9999.000,9999.000,9999.000,9999.000,9999.000,9999.000,9999.000
202605130200,   1.729,   2.230,   0.000,   0.501,   2.230,   0.000,   2.230,   0.100,   2.330
202605130206,   1.650,   2.158,9999.000,9999.000,9999.000,9999.000,9999.000,9999.000,9999.000
202605130212,   1.573,   2.099,9999.000,9999.000,9999.000,9999.000,9999.000,9999.000,9999.000
202605130218,   1.499,   2.030,9999.000,9999.000,9999.000,9999.000,9999.000,9999.000,9999.000
202605130224,   1.427,   1.958,9999.000,9999.000,9999.000,9999.000,9999.000,9999.000,9999.000
202605130230,   1.357,   1.899,9999.000,9999.000,9999.000,9999.000,9999.000,9999.000,9999.000
202605130236,   1.290,   1.840,9999.000,9999.000,9999.000,9999.000,9999.000,9999.000,9999.000
202605130242,   1.224,   1.758,9999.000,9999.000,9999.000,9999.000,9999.000,9999.000,9999.000
202605130248,   1.162,   1.699,9999.000,9999.000,9999.000,9999.000,9999.000,9999.000,9999.000
202605130254,   1.101,   1.649,9999.000,9999.000,9999.000,9999.000,9999.000,9999.000,9999.000
202605130300,   1.043,   1.580,   0.000,   0.537,   1.580,   0.000,   1.580,   0.100,   1.680
202605130306,   0.987,   1.498,9999.000,9999.000,9999.000,9999.000,9999.000,9999.000,9999.000
202605130312,   0.934,   1.430,9999.000,9999.000,9999.000,9999.000,9999.000,9999.000,9999.000
202605130318,   0.884,   1.348,9999.000,9999.000,9999.000,9999.000,9999.000,9999.000,9999.000
202605130324,   0.836,   1.289,9999.000,9999.000,9999.000,9999.000,9999.000,9999.000,9999.000
202605130330,   0.792,   1.210,9999.000,9999.000,9999.000,9999.000,9999.000,9999.000,9999.000
202605130336,   0.752,   1.138,9999.000,9999.000,9999.000,9999.000,9999.000,9999.000,9999.000
202605130342,   0.715,   1.079,9999.000,9999.000,9999.000,9999.000,9999.000,9999.000,9999.000
202605130348,   0.683,   1.020,9999.000,9999.000,9999.000,9999.000,9999.000,9999.000,9999.000
202605130354,   0.655,   0.980,9999.000,9999.000,9999.000,9999.000,9999.000,9999.000,9999.000
202605130400,   0.632,   0.941,   0.000,   0.309,   0.941,   0.000,   0.941,   0.100,   1.041
202605130406,   0.614,   0.908,9999.000,9999.000,9999.000,9999.000,9999.000,9999.000,9999.000
202605130412,   0.602,   0.869,9999.000,9999.000,9999.000,9999.000,9999.000,9999.000,9999.000
202605130418,   0.596,   0.849,9999.000,9999.000,9999.000,9999.000,9999.000,9999.000,9999.000
202605130424,   0.597,   0.829,9999.000,9999.000,9999.000,9999.000,9999.000,9999.000,9999.000
202605130430,   0.605,   0.829,9999.000,9999.000,9999.000,9999.000,9999.000,9999.000,9999.000
202605130436,   0.620,   0.849,9999.000,9999.000,9999.000,9999.000,9999.000,9999.000,9999.000
202605130442,   0.644,   0.859,9999.000,9999.000,9999.000,9999.000,9999.000,9999.000,9999.000
202605130448,   0.675,   0.908,9999.000,9999.000,9999.000,9999.000,9999.000,9999.000,9999.000
202605130454,   0.715,   0.970,9999.000,9999.000,9999.000,9999.000,9999.000,9999.000,9999.000
202605130500,   0.764,   1.029,   0.000,   0.265,   1.029,   0.000,   1.029,   0.000,   1.029
202605130506,   0.822,   1.098,9999.000,9999.000,9999.000,9999.000,9999.000,9999.000,9999.000
202605130512,   0.889,   1.180,9999.000,9999.000,9999.000,9999.000,9999.000,9999.000,9999.000
202605130518,   0.966,   1.269,9999.000,9999.000,9999.000,9999.000,9999.000,9999.000,9999.000
202605130524,   1.052,   1.380,9999.000,9999.000,9999.000,9999.000,9999.000,9999.000,9999.000
202605130530,   1.147,   1.498,9999.000,9999.000,9999.000,9999.000,9999.000,9999.000,9999.000
202605130536,   1.250,   1.630,9999.000,9999.000,9999.000,9999.000,9999.000,9999.000,9999.000
202605130542,   1.363,   1.758,9999.000,9999.000,9999.000,9999.000,9999.000,9999.000,9999.000
202605130548,   1.483,   1.879,9999.000,9999.000,9999.000,9999.000,9999.000,9999.000,9999.000
202605130554,   1.610,   2.010,9999.000,9999.000,9999.000,9999.000,9999.000,9999.000,9999.000
202605130600,   1.744,   2.158,   0.000,   0.414,   2.158,   0.000,   2.158,   0.000,   2.158
202605130606,   1.884,   2.289,9999.000,9999.000,9999.000,9999.000,9999.000,9999.000,9999.000
202605130612,   2.028,   2.420,9999.000,9999.000,9999.000,9999.000,9999.000,9999.000,9999.000
202605130618,   2.176,   2.548,9999.000,9999.000,9999.000,9999.000,9999.000,9999.000,9999.000
202605130624,   2.327,   2.689,9999.000,9999.000,9999.000,9999.000,9999.000,9999.000,9999.000
202605130630,   2.479,   2.840,9999.000,9999.000,9999.000,9999.000,9999.000,9999.000,9999.000
202605130636,   2.632,   2.978,9999.000,9999.000,9999.000,9999.000,9999.000,9999.000,9999.000
202605130642,   2.785,   3.109,9999.000,9999.000,9999.000,9999.000,9999.000,9999.000,9999.000
202605130648,   2.936,   3.230,9999.000,9999.000,9999.000,9999.000,9999.000,9999.000,9999.000
202605130654,   3.085,   3.358,9999.000,9999.000,9999.000,9999.000,9999.000,9999.000,9999.000
202605130700,   3.231,   3.489,   0.000,   0.258,   3.489,  -0.100,   3.389,   0.000,   3.489
202605130706,   3.373,   3.617,9999.000,9999.000,9999.000,9999.000,9999.000,9999.000,9999.000
202605130712,   3.511,   3.729,9999.000,9999.000,9999.000,9999.000,9999.000,9999.000,9999.000
202605130718,   3.643,   3.860,9999.000,9999.000,9999.000,9999.000,9999.000,9999.000,9999.000
202605130724,   3.771,   3.968,9999.000,9999.000,9999.000,9999.000,9999.000,9999.000,9999.000
202605130730,   3.893,   4.070,9999.000,9999.000,9999.000,9999.000,9999.000,9999.000,9999.000
202605130736,   4.009,   4.178,9999.000,9999.000,9999.000,9999.000,9999.000,9999.000,9999.000
202605130742,   4.120,   4.280,9999.000,9999.000,9999.000,9999.000,9999.000,9999.000,9999.000
202605130748,   4.224,   4.368,9999.000,9999.000,9999.000,9999.000,9999.000,9999.000,9999.000
202605130754,   4.322,   4.457,9999.000,9999.000,9999.000,9999.000,9999.000,9999.000,9999.000
202605130800,   4.415,   4.529,   0.000,   0.114,   4.529,  -0.100,   4.429,   0.000,   4.529
202605130806,   4.501,   4.598,9999.000,9999.000,9999.000,9999.000,9999.000,9999.000,9999.000
202605130812,   4.581,   4.690,9999.000,9999.000,9999.000,9999.000,9999.000,9999.000,9999.000
202605130818,   4.656,   4.749,9999.000,9999.000,9999.000,9999.000,9999.000,9999.000,9999.000
202605130824,   4.725,   4.808,9999.000,9999.000,9999.000,9999.000,9999.000,9999.000,9999.000
202605130830,   4.788,   4.887,9999.000,9999.000,9999.000,9999.000,9999.000,9999.000,9999.000
202605130836,   4.846,   4.949,9999.000,9999.000,9999.000,9999.000,9999.000,9999.000,9999.000
202605130842,   4.899,   5.028,9999.000,9999.000,9999.000,9999.000,9999.000,9999.000,9999.000
202605130848,   4.946,   5.067,9999.000,9999.000,9999.000,9999.000,9999.000,9999.000,9999.000
202605130854,   4.988,   5.097,9999.000,9999.000,9999.000,9999.000,9999.000,9999.000,9999.000
202605130900,   5.025,   5.149,  -0.100,   0.224,   5.149,  -0.100,   5.149,   0.000,   5.249
202605130906,   5.057,   5.208,9999.000,9999.000,9999.000,9999.000,9999.000,9999.000,9999.000
202605130912,   5.084,   5.257,9999.000,9999.000,9999.000,9999.000,9999.000,9999.000,9999.000
202605130918,   5.106,   5.307,9999.000,9999.000,9999.000,9999.000,9999.000,9999.000,9999.000
202605130924,   5.122,   5.339,9999.000,9999.000,9999.000,9999.000,9999.000,9999.000,9999.000
202605130930,   5.134,   5.379,9999.000,9999.000,9999.000,9999.000,9999.000,9999.000,9999.000
202605130936,   5.141,   5.408,9999.000,9999.000,9999.000,9999.000,9999.000,9999.000,9999.000
202605130942,   5.142,   5.408,9999.000,9999.000,9999.000,9999.000,9999.000,9999.000,9999.000
202605130948,   5.138,   5.408,9999.000,9999.000,9999.000,9999.000,9999.000,9999.000,9999.000
202605130954,   5.129,   5.398,9999.000,9999.000,9999.000,9999.000,9999.000,9999.000,9999.000
202605131000,   5.114,   5.398,  -0.100,   0.384,   5.398,  -0.100,   5.398,   0.000,   5.498
202605131006,   5.095,   5.418,9999.000,9999.000,9999.000,9999.000,9999.000,9999.000,9999.000
202605131012,   5.069,   5.418,9999.000,9999.000,9999.000,9999.000,9999.000,9999.000,9999.000
202605131018,   5.039,   5.418,9999.000,9999.000,9999.000,9999.000,9999.000,9999.000,9999.000
202605131024,   5.003,   5.408,9999.000,9999.000,9999.000,9999.000,9999.000,9999.000,9999.000
202605131030,   4.961,   5.389,9999.000,9999.000,9999.000,9999.000,9999.000,9999.000,9999.000
202605131036,   4.914,   5.349,9999.000,9999.000,9999.000,9999.000,9999.000,9999.000,9999.000
202605131042,   4.861,   5.307,9999.000,9999.000,9999.000,9999.000,9999.000,9999.000,9999.000
202605131048,   4.803,   5.257,9999.000,9999.000,9999.000,9999.000,9999.000,9999.000,9999.000
202605131054,   4.739,   5.208,9999.000,9999.000,9999.000,9999.000,9999.000,9999.000,9999.000
202605131100,   4.670,   5.169,   0.000,   0.499,   5.169,  -0.100,   5.069,   0.000,   5.169
202605131106,   4.597,   5.120,9999.000,9999.000,9999.000,9999.000,9999.000,9999.000,9999.000
202605131112,   4.518,   5.067,9999.000,9999.000,9999.000,9999.000,9999.000,9999.000,9999.000
202605131118,   4.434,   5.008,9999.000,9999.000,9999.000,9999.000,9999.000,9999.000,9999.000
202605131124,   4.346,   4.939,9999.000,9999.000,9999.000,9999.000,9999.000,9999.000,9999.000
202605131130,   4.253,   4.857,9999.000,9999.000,9999.000,9999.000,9999.000,9999.000,9999.000
202605131136,   4.156,   4.769,9999.000,9999.000,9999.000,9999.000,9999.000,9999.000,9999.000
202605131142,   4.056,   4.667,9999.000,9999.000,9999.000,9999.000,9999.000,9999.000,9999.000
202605131148,   3.952,   4.569,9999.000,9999.000,9999.000,9999.000,9999.000,9999.000,9999.000
202605131154,   3.845,   4.457,9999.000,9999.000,9999.000,9999.000,9999.000,9999.000,9999.000
202605131200,   3.735,   4.359,   0.000,   0.624,   4.359,   0.000,   4.359,   0.000,   4.359
202605131206,   3.623,   4.237,9999.000,9999.000,9999.000,9999.000,9999.000,9999.000,9999.000
202605131212,   3.509,   4.119,9999.000,9999.000,9999.000,9999.000,9999.000,9999.000,9999.000
202605131218,   3.393,   3.988,9999.000,9999.000,9999.000,9999.000,9999.000,9999.000,9999.000
202605131224,   3.275,   3.860,9999.000,9999.000,9999.000,9999.000,9999.000,9999.000,9999.000
202605131230,   3.157,   3.729,9999.000,9999.000,9999.000,9999.000,9999.000,9999.000,9999.000
202605131236,   3.038,   3.598,9999.000,9999.000,9999.000,9999.000,9999.000,9999.000,9999.000
202605131242,   2.919,   3.460,9999.000,9999.000,9999.000,9999.000,9999.000,9999.000,9999.000
202605131248,   2.800,   3.319,9999.000,9999.000,9999.000,9999.000,9999.000,9999.000,9999.000
202605131254,   2.682,   3.188,9999.000,9999.000,9999.000,9999.000,9999.000,9999.000,9999.000
202605131300,   2.564,   3.070,   0.000,   0.506,   3.070,   0.000,   3.070,   0.000,   3.070
202605131306,   2.448,   2.948,9999.000,9999.000,9999.000,9999.000,9999.000,9999.000,9999.000
202605131312,   2.333,   2.820,9999.000,9999.000,9999.000,9999.000,9999.000,9999.000,9999.000
202605131318,   2.219,   2.719,9999.000,9999.000,9999.000,9999.000,9999.000,9999.000,9999.000
202605131324,   2.108,   2.610,9999.000,9999.000,9999.000,9999.000,9999.000,9999.000,9999.000
202605131330,   1.999,   2.499,9999.000,9999.000,9999.000,9999.000,9999.000,9999.000,9999.000
202605131336,   1.892,   2.400,9999.000,9999.000,9999.000,9999.000,9999.000,9999.000,9999.000
202605131342,   1.788,   2.299,9999.000,9999.000,9999.000,9999.000,9999.000,9999.000,9999.000
202605131348,   1.686,   2.200,9999.000,9999.000,9999.000,9999.000,9999.000,9999.000,9999.000
202605131354,   1.587,   2.079,9999.000,9999.000,9999.000,9999.000,9999.000,9999.000,9999.000
202605131400,   1.492,   1.958,   0.000,   0.466,   1.958,  -0.100,   1.858,   0.000,   1.958
202605131406,   1.399,   1.840,9999.000,9999.000,9999.000,9999.000,9999.000,9999.000,9999.000
202605131412,   1.309,   1.728,9999.000,9999.000,9999.000,9999.000,9999.000,9999.000,9999.000
202605131418,   1.222,   1.639,9999.000,9999.000,9999.000,9999.000,9999.000,9999.000,9999.000
202605131424,   1.139,   1.548,9999.000,9999.000,9999.000,9999.000,9999.000,9999.000,9999.000
202605131430,   1.059,   1.449,9999.000,9999.000,9999.000,9999.000,9999.000,9999.000,9999.000
202605131436,   0.981,   1.371,9999.000,9999.000,9999.000,9999.000,9999.000,9999.000,9999.000
202605131442,   0.907,   1.279,9999.000,9999.000,9999.000,9999.000,9999.000,9999.000,9999.000
202605131448,   0.836,   1.200,9999.000,9999.000,9999.000,9999.000,9999.000,9999.000,9999.000
202605131454,   0.768,   1.118,9999.000,9999.000,9999.000,9999.000,9999.000,9999.000,9999.000
202605131500,   0.704,   1.039,   0.000,   0.335,   1.039,  -0.100,   0.939,   0.000,   1.039
202605131506,   0.642,   0.980,9999.000,9999.000,9999.000,9999.000,9999.000,9999.000,9999.000
202605131512,   0.583,   0.908,9999.000,9999.000,9999.000,9999.000,9999.000,9999.000,9999.000
202605131518,   0.528,   0.859,9999.000,9999.000,9999.000,9999.000,9999.000,9999.000,9999.000
202605131524,   0.476,   0.800,9999.000,9999.000,9999.000,9999.000,9999.000,9999.000,9999.000
202605131530,   0.428,   0.731,9999.000,9999.000,9999.000,9999.000,9999.000,9999.000,9999.000
202605131536,   0.383,   0.659,9999.000,9999.000,9999.000,9999.000,9999.000,9999.000,9999.000
202605131542,   0.341,   0.610,9999.000,9999.000,9999.000,9999.000,9999.000,9999.000,9999.000
202605131548,   0.304,   0.560,9999.000,9999.000,9999.000,9999.000,9999.000,9999.000,9999.000
202605131554,   0.271,   0.518,9999.000,9999.000,9999.000,9999.000,9999.000,9999.000,9999.000
202605131600,   0.242,   0.478,   0.000,   0.236,   0.478,   0.000,   0.478,   0.000,   0.478
202605131606,   0.219,   0.459,9999.000,9999.000,9999.000,9999.000,9999.000,9999.000,9999.000
202605131612,   0.200,   0.429,9999.000,9999.000,9999.000,9999.000,9999.000,9999.000,9999.000
202605131618,   0.187,   0.409,9999.000,9999.000,9999.000,9999.000,9999.000,9999.000,9999.000
202605131624,   0.180,   0.400,9999.000,9999.000,9999.000,9999.000,9999.000,9999.000,9999.000
202605131630,   0.180,   0.400,9999.000,9999.000,9999.000,9999.000,9999.000,9999.000,9999.000
202605131636,   0.186,   0.409,9999.000,9999.000,9999.000,9999.000,9999.000,9999.000,9999.000
202605131642,   0.200,   0.439,9999.000,9999.000,9999.000,9999.000,9999.000,9999.000,9999.000
202605131648,   0.221,   0.478,9999.000,9999.000,9999.000,9999.000,9999.000,9999.000,9999.000
202605131654,   0.251,   0.541,9999.000,9999.000,9999.000,9999.000,9999.000,9999.000,9999.000
202605131700,   0.289,   0.600,   0.000,   0.311,   0.600,   0.000,   0.600,   0.000,   0.600
202605131706,   0.337,   0.659,9999.000,9999.000,9999.000,9999.000,9999.000,9999.000,9999.000
202605131712,   0.393,   0.731,9999.000,9999.000,9999.000,9999.000,9999.000,9999.000,9999.000
202605131718,   0.460,   0.819,9999.000,9999.000,9999.000,9999.000,9999.000,9999.000,9999.000
202605131724,   0.536,   0.898,9999.000,9999.000,9999.000,9999.000,9999.000,9999.000,9999.000
202605131730,   0.622,   0.990,9999.000,9999.000,9999.000,9999.000,9999.000,9999.000,9999.000
202605131736,   0.719,   1.108,9999.000,9999.000,9999.000,9999.000,9999.000,9999.000,9999.000
202605131742,   0.825,   1.239,9999.000,9999.000,9999.000,9999.000,9999.000,9999.000,9999.000
202605131748,   0.942,   1.371,9999.000,9999.000,9999.000,9999.000,9999.000,9999.000,9999.000
202605131754,   1.068,   1.528,9999.000,9999.000,9999.000,9999.000,9999.000,9999.000,9999.000
202605131800,   1.204,   1.718,   0.000,   0.514,   1.718,   0.000,   1.718,   0.000,   1.718
202605131806,   1.348,   1.918,9999.000,9999.000,9999.000,9999.000,9999.000,9999.000,9999.000
202605131812,   1.501,   2.109,9999.000,9999.000,9999.000,9999.000,9999.000,9999.000,9999.000
202605131818,   1.661,   2.269,9999.000,9999.000,9999.000,9999.000,9999.000,9999.000,9999.000
202605131824,   1.828,   2.450,9999.000,9999.000,9999.000,9999.000,9999.000,9999.000,9999.000
202605131830,   2.000,   2.630,9999.000,9999.000,9999.000,9999.000,9999.000,9999.000,9999.000
202605131836,   2.177,   2.820,9999.000,9999.000,9999.000,9999.000,9999.000,9999.000,9999.000
202605131842,   2.358,   2.978,9999.000,9999.000,9999.000,9999.000,9999.000,9999.000,9999.000
202605131848,   2.541,   3.168,9999.000,9999.000,9999.000,9999.000,9999.000,9999.000,9999.000
202605131854,   2.725,   3.348,9999.000,9999.000,9999.000,9999.000,9999.000,9999.000,9999.000
202605131900,   2.910,   3.539,   0.000,   0.629,   3.539,   0.000,   3.539,   0.100,   3.639
202605131906,   3.094,   3.719,9999.000,9999.000,9999.000,9999.000,9999.000,9999.000,9999.000
202605131912,   3.275,   3.870,9999.000,9999.000,9999.000,9999.000,9999.000,9999.000,9999.000
202605131918,   3.455,   4.008,9999.000,9999.000,9999.000,9999.000,9999.000,9999.000,9999.000
202605131924,   3.630,   4.168,9999.000,9999.000,9999.000,9999.000,9999.000,9999.000,9999.000
202605131930,   3.801,   4.319,9999.000,9999.000,9999.000,9999.000,9999.000,9999.000,9999.000
202605131936,   3.968,   4.467,9999.000,9999.000,9999.000,9999.000,9999.000,9999.000,9999.000
202605131942,   4.128,   4.608,9999.000,9999.000,9999.000,9999.000,9999.000,9999.000,9999.000
202605131948,   4.283,   4.749,9999.000,9999.000,9999.000,9999.000,9999.000,9999.000,9999.000
202605131954,   4.431,   4.887,9999.000,9999.000,9999.000,9999.000,9999.000,9999.000,9999.000
202605132000,   4.573,   5.018,   0.100,   0.345,   5.018,   0.000,   4.918,   0.100,   5.018
202605132006,   4.708,   5.149,9999.000,9999.000,9999.000,9999.000,9999.000,9999.000,9999.000
202605132012,   4.836,   5.257,9999.000,9999.000,9999.000,9999.000,9999.000,9999.000,9999.000
202605132018,   4.957,   5.349,9999.000,9999.000,9999.000,9999.000,9999.000,9999.000,9999.000
202605132024,   5.072,   5.448,9999.000,9999.000,9999.000,9999.000,9999.000,9999.000,9999.000
202605132030,   5.179,   5.539,9999.000,9999.000,9999.000,9999.000,9999.000,9999.000,9999.000
202605132036,   5.279,   5.638,9999.000,9999.000,9999.000,9999.000,9999.000,9999.000,9999.000
202605132042,   5.373,   5.697,9999.000,9999.000,9999.000,9999.000,9999.000,9999.000,9999.000
202605132048,   5.460,   5.749,9999.000,9999.000,9999.000,9999.000,9999.000,9999.000,9999.000
202605132054,   5.540,   5.799,9999.000,9999.000,9999.000,9999.000,9999.000,9999.000,9999.000
202605132100,   5.614,   5.838,   0.100,   0.124,   5.838,   0.000,   5.738,   0.100,   5.838
202605132106,   5.681,   5.877,9999.000,9999.000,9999.000,9999.000,9999.000,9999.000,9999.000
202605132112,   5.742,   5.926,9999.000,9999.000,9999.000,9999.000,9999.000,9999.000,9999.000
202605132118,   5.797,   5.940,9999.000,9999.000,9999.000,9999.000,9999.000,9999.000,9999.000
202605132124,   5.846,   5.949,9999.000,9999.000,9999.000,9999.000,9999.000,9999.000,9999.000
202605132130,   5.888,   5.949,9999.000,9999.000,9999.000,9999.000,9999.000,9999.000,9999.000
202605132136,   5.925,   5.979,9999.000,9999.000,9999.000,9999.000,9999.000,9999.000,9999.000
202605132142,   5.955,   6.008,9999.000,9999.000,9999.000,9999.000,9999.000,9999.000,9999.000
202605132148,   5.980,   6.008,9999.000,9999.000,9999.000,9999.000,9999.000,9999.000,9999.000
202605132154,   5.998,   6.038,9999.000,9999.000,9999.000,9999.000,9999.000,9999.000,9999.000
202605132200,   6.011,   6.048,   0.100,  -0.063,   6.048,   0.000,   5.948,   0.200,   6.148
202605132206,   6.017,   6.087,9999.000,9999.000,9999.000,9999.000,9999.000,9999.000,9999.000
202605132212,   6.017,   6.107,9999.000,9999.000,9999.000,9999.000,9999.000,9999.000,9999.000
202605132218,   6.011,   6.117,9999.000,9999.000,9999.000,9999.000,9999.000,9999.000,9999.000
202605132224,   5.999,   6.127,9999.000,9999.000,9999.000,9999.000,9999.000,9999.000,9999.000
202605132230,   5.981,   6.136,9999.000,9999.000,9999.000,9999.000,9999.000,9999.000,9999.000
202605132236,   5.957,   6.136,9999.000,9999.000,9999.000,9999.000,9999.000,9999.000,9999.000
202605132242,   5.926,   6.149,9999.000,9999.000,9999.000,9999.000,9999.000,9999.000,9999.000
202605132248,   5.889,   6.159,9999.000,9999.000,9999.000,9999.000,9999.000,9999.000,9999.000
202605132254,   5.846,   6.127,9999.000,9999.000,9999.000,9999.000,9999.000,9999.000,9999.000
202605132300,   5.796,   6.087,   0.100,   0.191,   6.087,   0.000,   5.987,   0.100,   6.087
202605132306,   5.741,   6.058,9999.000,9999.000,9999.000,9999.000,9999.000,9999.000,9999.000
202605132312,   5.679,   6.018,9999.000,9999.000,9999.000,9999.000,9999.000,9999.000,9999.000
202605132318,   5.612,   5.959,9999.000,9999.000,9999.000,9999.000,9999.000,9999.000,9999.000
202605132324,   5.538,   5.887,9999.000,9999.000,9999.000,9999.000,9999.000,9999.000,9999.000
202605132330,   5.459,   5.828,9999.000,9999.000,9999.000,9999.000,9999.000,9999.000,9999.000
202605132336,   5.375,   5.759,9999.000,9999.000,9999.000,9999.000,9999.000,9999.000,9999.000
202605132342,   5.285,   5.677,9999.000,9999.000,9999.000,9999.000,9999.000,9999.000,9999.000
202605132348,   5.190,   5.589,9999.000,9999.000,9999.000,9999.000,9999.000,9999.000,9999.000
202605132354,   5.090,   5.516,9999.000,9999.000,9999.000,9999.000,9999.000,9999.000,9999.000
202605140000,   4.986,   5.428,   0.100,   0.342,   5.428,   0.000,   5.328,   0.100,   5.428
202605140006,   4.877,   5.329,9999.000,9999.000,9999.000,9999.000,9999.000,9999.000,9999.000
202605140012,   4.765,   5.218,9999.000,9999.000,9999.000,9999.000,9999.000,9999.000,9999.000
202605140018,   4.649,   5.097,9999.000,9999.000,9999.000,9999.000,9999.000,9999.000,9999.000
202605140024,   4.530,   4.979,9999.000,9999.000,9999.000,9999.000,9999.000,9999.000,9999.000
202605140030,   4.408,   4.857,9999.000,9999.000,9999.000,9999.000,9999.000,9999.000,9999.000
202605140036,   4.283,   4.739,9999.000,9999.000,9999.000,9999.000,9999.000,9999.000,9999.000
202605140042,   4.157,   4.628,9999.000,9999.000,9999.000,9999.000,9999.000,9999.000,9999.000
202605140048,   4.029,   4.519,9999.000,9999.000,9999.000,9999.000,9999.000,9999.000,9999.000
202605140054,   3.899,   4.408,9999.000,9999.000,9999.000,9999.000,9999.000,9999.000,9999.000
202605140100,   3.769,   4.300,   0.100,   0.431,   4.300,   0.000,   4.200,   0.100,   4.300
202605140106,   3.638,   4.208,9999.000,9999.000,9999.000,9999.000,9999.000,9999.000,9999.000
202605140112,   3.507,   4.119,9999.000,9999.000,9999.000,9999.000,9999.000,9999.000,9999.000
202605140118,   3.376,   4.008,9999.000,9999.000,9999.000,9999.000,9999.000,9999.000,9999.000
202605140124,   3.246,   3.899,9999.000,9999.000,9999.000,9999.000,9999.000,9999.000,9999.000
202605140130,   3.116,   3.788,9999.000,9999.000,9999.000,9999.000,9999.000,9999.000,9999.000
202605140136,   2.988,   3.680,9999.000,9999.000,9999.000,9999.000,9999.000,9999.000,9999.000
202605140142,   2.861,   3.558,9999.000,9999.000,9999.000,9999.000,9999.000,9999.000,9999.000
202605140148,   2.736,   3.450,9999.000,9999.000,9999.000,9999.000,9999.000,9999.000,9999.000
202605140154,   2.613,   3.319,9999.000,9999.000,9999.000,9999.000,9999.000,9999.000,9999.000
202605140200,   2.491,   3.207,   0.100,   0.616,   3.207,   0.000,   3.107,   0.100,   3.207
202605140206,   2.372,   3.079,9999.000,9999.000,9999.000,9999.000,9999.000,9999.000,9999.000
202605140212,   2.256,   2.958,9999.000,9999.000,9999.000,9999.000,9999.000,9999.000,9999.000
202605140218,   2.142,   2.850,9999.000,9999.000,9999.000,9999.000,9999.000,9999.000,9999.000
202605140224,   2.030,   2.728,9999.000,9999.000,9999.000,9999.000,9999.000,9999.000,9999.000
202605140230,   1.922,   2.620,9999.000,9999.000,9999.000,9999.000,9999.000,9999.000,9999.000
202605140236,   1.816,   2.528,9999.000,9999.000,9999.000,9999.000,9999.000,9999.000,9999.000
202605140242,   1.712,   2.420,9999.000,9999.000,9999.000,9999.000,9999.000,9999.000,9999.000
202605140248,   1.612,   2.328,9999.000,9999.000,9999.000,9999.000,9999.000,9999.000,9999.000
202605140254,   1.514,   2.240,9999.000,9999.000,9999.000,9999.000,9999.000,9999.000,9999.000
202605140300,   1.419,   2.148,   0.100,   0.629,   2.148,   0.100,   2.148,   0.200,   2.248
202605140306,   1.327,   2.069,9999.000,9999.000,9999.000,9999.000,9999.000,9999.000,9999.000
202605140312,   1.238,   1.990,9999.000,9999.000,9999.000,9999.000,9999.000,9999.000,9999.000
202605140318,   1.151,   1.908,9999.000,9999.000,9999.000,9999.000,9999.000,9999.000,9999.000
202605140324,   1.067,   1.830,9999.000,9999.000,9999.000,9999.000,9999.000,9999.000,9999.000
202605140330,   0.986,   1.748,9999.000,9999.000,9999.000,9999.000,9999.000,9999.000,9999.000
202605140336,   0.908,   1.669,9999.000,9999.000,9999.000,9999.000,9999.000,9999.000,9999.000
202605140342,   0.832,   1.600,9999.000,9999.000,9999.000,9999.000,9999.000,9999.000,9999.000
202605140348,   0.760,   1.528,9999.000,9999.000,9999.000,9999.000,9999.000,9999.000,9999.000
202605140354,   0.690,   1.449,9999.000,9999.000,9999.000,9999.000,9999.000,9999.000,9999.000
202605140400,   0.624,   1.380,   0.100,   0.656,   1.380,   0.100,   1.380,   0.200,   1.480
202605140406,   0.561,   1.298,9999.000,9999.000,9999.000,9999.000,9999.000,9999.000,9999.000
202605140412,   0.502,   1.220,9999.000,9999.000,9999.000,9999.000,9999.000,9999.000,9999.000
202605140418,   0.447,   1.170,9999.000,9999.000,9999.000,9999.000,9999.000,9999.000,9999.000
202605140424,   0.396,   1.108,9999.000,9999.000,9999.000,9999.000,9999.000,9999.000,9999.000
202605140430,   0.349,   1.039,9999.000,9999.000,9999.000,9999.000,9999.000,9999.000,9999.000
202605140436,   0.307,   0.980,9999.000,9999.000,9999.000,9999.000,9999.000,9999.000,9999.000
202605140442,   0.271,   0.961,9999.000,9999.000,9999.000,9999.000,9999.000,9999.000,9999.000
202605140448,   0.239,   0.951,9999.000,9999.000,9999.000,9999.000,9999.000,9999.000,9999.000
202605140454,   0.214,   0.918,9999.000,9999.000,9999.000,9999.000,9999.000,9999.000,9999.000
202605140500,   0.195,   0.879,   0.100,   0.584,   0.879,   0.100,   0.879,   0.100,   0.879
202605140506,   0.183,   0.839,9999.000,9999.000,9999.000,9999.000,9999.000,9999.000,9999.000
202605140512,   0.178,   0.839,9999.000,9999.000,9999.000,9999.000,9999.000,9999.000,9999.000
202605140518,   0.181,   0.849,9999.000,9999.000,9999.000,9999.000,9999.000,9999.000,9999.000
202605140524,   0.192,   0.869,9999.000,9999.000,9999.000,9999.000,9999.000,9999.000,9999.000
202605140530,   0.212,   0.898,9999.000,9999.000,9999.000,9999.000,9999.000,9999.000,9999.000
202605140536,   0.240,   0.941,9999.000,9999.000,9999.000,9999.000,9999.000,9999.000,9999.000
202605140542,   0.277,   0.980,9999.000,9999.000,9999.000,9999.000,9999.000,9999.000,9999.000
202605140548,   0.324,   1.039,9999.000,9999.000,9999.000,9999.000,9999.000,9999.000,9999.000
202605140554,   0.381,   1.098,9999.000,9999.000,9999.000,9999.000,9999.000,9999.000,9999.000
202605140600,   0.447,   1.180,   0.100,   0.633,   1.180,   0.100,   1.180,   0.200,   1.280
202605140606,   0.524,   1.269,9999.000,9999.000,9999.000,9999.000,9999.000,9999.000,9999.000
202605140612,   0.610,   1.371,9999.000,9999.000,9999.000,9999.000,9999.000,9999.000,9999.000
202605140618,   0.706,   1.489,9999.000,9999.000,9999.000,9999.000,9999.000,9999.000,9999.000
202605140624,   0.812,   1.610,9999.000,9999.000,9999.000,9999.000,9999.000,9999.000,9999.000
202605140630,   0.927,   1.758,9999.000,9999.000,9999.000,9999.000,9999.000,9999.000,9999.000
202605140636,   1.051,   1.889,9999.000,9999.000,9999.000,9999.000,9999.000,9999.000,9999.000
202605140642,   1.183,   2.030,9999.000,9999.000,9999.000,9999.000,9999.000,9999.000,9999.000
202605140648,   1.322,   2.200,9999.000,9999.000,9999.000,9999.000,9999.000,9999.000,9999.000
202605140654,   1.468,   2.368,9999.000,9999.000,9999.000,9999.000,9999.000,9999.000,9999.000
202605140700,   1.620,   2.538,   0.100,   0.818,   2.538,   0.000,   2.438,   0.100,   2.538
202605140706,   1.777,   2.699,9999.000,9999.000,9999.000,9999.000,9999.000,9999.000,9999.000
202605140712,   1.938,   2.869,9999.000,9999.000,9999.000,9999.000,9999.000,9999.000,9999.000
202605140718,   2.101,   3.030,9999.000,9999.000,9999.000,9999.000,9999.000,9999.000,9999.000
202605140724,   2.267,   3.197,9999.000,9999.000,9999.000,9999.000,9999.000,9999.000,9999.000
202605140730,   2.433,   3.358,9999.000,9999.000,9999.000,9999.000,9999.000,9999.000,9999.000
202605140736,   2.599,   3.509,9999.000,9999.000,9999.000,9999.000,9999.000,9999.000,9999.000
202605140742,   2.764,   3.670,9999.000,9999.000,9999.000,9999.000,9999.000,9999.000,9999.000
202605140748,   2.927,   3.817,9999.000,9999.000,9999.000,9999.000,9999.000,9999.000,9999.000
202605140754,   3.087,   3.958,9999.000,9999.000,9999.000,9999.000,9999.000,9999.000,9999.000
202605140800,   3.243,   4.090,   0.100,   0.747,   4.090,   0.000,   3.990,   0.100,   4.090
202605140806,   3.396,   4.208,9999.000,9999.000,9999.000,9999.000,9999.000,9999.000,9999.000
202605140812,   3.544,   4.339,9999.000,9999.000,9999.000,9999.000,9999.000,9999.000,9999.000
202605140818,   3.687,   4.457,9999.000,9999.000,9999.000,9999.000,9999.000,9999.000,9999.000
202605140824,   3.825,   4.559,9999.000,9999.000,9999.000,9999.000,9999.000,9999.000,9999.000
202605140830,   3.957,   4.677,9999.000,9999.000,9999.000,9999.000,9999.000,9999.000,9999.000
202605140836,   4.084,   4.798,9999.000,9999.000,9999.000,9999.000,9999.000,9999.000,9999.000
202605140842,   4.204,   4.919,9999.000,9999.000,9999.000,9999.000,9999.000,9999.000,9999.000
202605140848,   4.319,   5.028,9999.000,9999.000,9999.000,9999.000,9999.000,9999.000,9999.000
202605140854,   4.427,   5.129,9999.000,9999.000,9999.000,9999.000,9999.000,9999.000,9999.000
202605140900,   4.530,   5.218,   0.100,   0.588,   5.218,   0.000,   5.118,   0.100,   5.218
202605140906,   4.626,   5.320,9999.000,9999.000,9999.000,9999.000,9999.000,9999.000,9999.000
202605140912,   4.716,   5.408,9999.000,9999.000,9999.000,9999.000,9999.000,9999.000,9999.000
202605140918,   4.800,   5.487,9999.000,9999.000,9999.000,9999.000,9999.000,9999.000,9999.000
202605140924,   4.878,   5.569,9999.000,9999.000,9999.000,9999.000,9999.000,9999.000,9999.000
202605140930,   4.950,   5.638,9999.000,9999.000,9999.000,9999.000,9999.000,9999.000,9999.000
202605140936,   5.016,   5.717,9999.000,9999.000,9999.000,9999.000,9999.000,9999.000,9999.000
202605140942,   5.076,   5.779,9999.000,9999.000,9999.000,9999.000,9999.000,9999.000,9999.000
202605140948,   5.129,   5.838,9999.000,9999.000,9999.000,9999.000,9999.000,9999.000,9999.000
202605140954,   5.177,   5.887,9999.000,9999.000,9999.000,9999.000,9999.000,9999.000,9999.000
202605141000,   5.219,   5.917,   0.100,   0.598,   5.917,   0.000,   5.817,   0.100,   5.917
202605141006,   5.254,   5.949,9999.000,9999.000,9999.000,9999.000,9999.000,9999.000,9999.000
202605141012,   5.284,   5.989,9999.000,9999.000,9999.000,9999.000,9999.000,9999.000,9999.000
202605141018,   5.307,   6.008,9999.000,9999.000,9999.000,9999.000,9999.000,9999.000,9999.000
202605141024,   5.324,   6.018,9999.000,9999.000,9999.000,9999.000,9999.000,9999.000,9999.000
202605141030,   5.334,   6.028,9999.000,9999.000,9999.000,9999.000,9999.000,9999.000,9999.000
202605141036,   5.338,   6.018,9999.000,9999.000,9999.000,9999.000,9999.000,9999.000,9999.000
202605141042,   5.336,   6.028,9999.000,9999.000,9999.000,9999.000,9999.000,9999.000,9999.000
202605141048,   5.327,   6.028,9999.000,9999.000,9999.000,9999.000,9999.000,9999.000,9999.000
202605141054,   5.312,   6.018,9999.000,9999.000,9999.000,9999.000,9999.000,9999.000,9999.000
202605141100,   5.291,   5.989,   0.100,   0.598,   5.989,   0.000,   5.889,   0.100,   5.989
202605141106,   5.262,   5.969,9999.000,9999.000,9999.000,9999.000,9999.000,9999.000,9999.000
202605141112,   5.227,   5.949,9999.000,9999.000,9999.000,9999.000,9999.000,9999.000,9999.000
202605141118,   5.186,   5.926,9999.000,9999.000,9999.000,9999.000,9999.000,9999.000,9999.000
202605141124,   5.138,   5.897,9999.000,9999.000,9999.000,9999.000,9999.000,9999.000,9999.000
202605141130,   5.084,   5.867,9999.000,9999.000,9999.000,9999.000,9999.000,9999.000,9999.000
202605141136,   5.023,   5.838,9999.000,9999.000,9999.000,9999.000,9999.000,9999.000,9999.000
202605141142,   4.957,   5.789,9999.000,9999.000,9999.000,9999.000,9999.000,9999.000,9999.000
202605141148,   4.884,   5.749,9999.000,9999.000,9999.000,9999.000,9999.000,9999.000,9999.000
202605141154,   4.805,   5.677,9999.000,9999.000,9999.000,9999.000,9999.000,9999.000,9999.000
202605141200,   4.721,   5.618,   0.300,   0.597,   5.618,   0.200,   5.518,   0.300,   5.618
202605141206,   4.631,   5.539,9999.000,9999.000,9999.000,9999.000,9999.000,9999.000,9999.000
202605141212,   4.536,   5.457,9999.000,9999.000,9999.000,9999.000,9999.000,9999.000,9999.000
202605141218,   4.436,   5.389,9999.000,9999.000,9999.000,9999.000,9999.000,9999.000,9999.000
202605141224,   4.332,   5.297,9999.000,9999.000,9999.000,9999.000,9999.000,9999.000,9999.000
202605141230,   4.223,   5.198,9999.000,9999.000,9999.000,9999.000,9999.000,9999.000,9999.000
202605141236,   4.110,   5.097,9999.000,9999.000,9999.000,9999.000,9999.000,9999.000,9999.000
202605141242,   3.994,   4.969,9999.000,9999.000,9999.000,9999.000,9999.000,9999.000,9999.000
202605141248,   3.874,   4.837,9999.000,9999.000,9999.000,9999.000,9999.000,9999.000,9999.000
202605141254,   3.752,   4.719,9999.000,9999.000,9999.000,9999.000,9999.000,9999.000,9999.000
202605141300,   3.628,   4.569,   0.200,   0.741,   4.569,   0.200,   4.569,   0.300,   4.669
202605141306,   3.501,   4.418,9999.000,9999.000,9999.000,9999.000,9999.000,9999.000,9999.000
202605141312,   3.373,   4.267,9999.000,9999.000,9999.000,9999.000,9999.000,9999.000,9999.000
202605141318,   3.244,   4.109,9999.000,9999.000,9999.000,9999.000,9999.000,9999.000,9999.000
202605141324,   3.113,   3.958,9999.000,9999.000,9999.000,9999.000,9999.000,9999.000,9999.000
202605141330,   2.983,   3.798,9999.000,9999.000,9999.000,9999.000,9999.000,9999.000,9999.000
202605141336,   2.852,   3.650,9999.000,9999.000,9999.000,9999.000,9999.000,9999.000,9999.000
202605141342,   2.722,   3.509,9999.000,9999.000,9999.000,9999.000,9999.000,9999.000,9999.000
202605141348,   2.593,   3.378,9999.000,9999.000,9999.000,9999.000,9999.000,9999.000,9999.000
202605141354,   2.464,   3.240,9999.000,9999.000,9999.000,9999.000,9999.000,9999.000,9999.000
202605141400,   2.338,   3.109,   0.200,   0.571,   3.109,   0.200,   3.109,   0.300,   3.209
202605141406,   2.212,   2.958,9999.000,9999.000,9999.000,9999.000,9999.000,9999.000,9999.000
202605141412,   2.089,   2.830,9999.000,9999.000,9999.000,9999.000,9999.000,9999.000,9999.000
202605141418,   1.968,   2.709,9999.000,9999.000,9999.000,9999.000,9999.000,9999.000,9999.000
202605141424,   1.850,   2.568,9999.000,9999.000,9999.000,9999.000,9999.000,9999.000,9999.000
202605141430,   1.734,   2.440,9999.000,9999.000,9999.000,9999.000,9999.000,9999.000,9999.000
202605141436,   1.621,   2.328,9999.000,9999.000,9999.000,9999.000,9999.000,9999.000,9999.000
202605141442,   1.511,   2.210,9999.000,9999.000,9999.000,9999.000,9999.000,9999.000,9999.000
202605141448,   1.404,   2.079,9999.000,9999.000,9999.000,9999.000,9999.000,9999.000,9999.000
202605141454,   1.300,   1.981,9999.000,9999.000,9999.000,9999.000,9999.000,9999.000,9999.000
202605141500,   1.200,   1.879,   0.200,   0.479,   1.879,   0.200,   1.879,   0.300,   1.979
202605141506,   1.103,   1.781,9999.000,9999.000,9999.000,9999.000,9999.000,9999.000,9999.000
202605141512,   1.010,   1.689,9999.000,9999.000,9999.000,9999.000,9999.000,9999.000,9999.000
202605141518,   0.920,   1.600,9999.000,9999.000,9999.000,9999.000,9999.000,9999.000,9999.000
202605141524,   0.834,   1.498,9999.000,9999.000,9999.000,9999.000,9999.000,9999.000,9999.000
202605141530,   0.751,   1.400,9999.000,9999.000,9999.000,9999.000,9999.000,9999.000,9999.000
202605141536,   0.672,   1.308,9999.000,9999.000,9999.000,9999.000,9999.000,9999.000,9999.000
202605141542,   0.596,   1.210,9999.000,9999.000,9999.000,9999.000,9999.000,9999.000,9999.000
202605141548,   0.524,   1.088,9999.000,9999.000,9999.000,9999.000,9999.000,9999.000,9999.000
202605141554,   0.456,   1.010,9999.000,9999.000,9999.000,9999.000,9999.000,9999.000,9999.000
202605141600,   0.391,   0.918,   0.200,   0.327,   0.918,   0.200,   0.918,   0.300,   1.018
202605141606,   0.330,   0.839,9999.000,9999.000,9999.000,9999.000,9999.000,9999.000,9999.000
202605141612,   0.273,   0.770,9999.000,9999.000,9999.000,9999.000,9999.000,9999.000,9999.000
202605141618,   0.220,   0.688,9999.000,9999.000,9999.000,9999.000,9999.000,9999.000,9999.000
202605141624,   0.171,   0.629,9999.000,9999.000,9999.000,9999.000,9999.000,9999.000,9999.000
202605141630,   0.127,   0.570,9999.000,9999.000,9999.000,9999.000,9999.000,9999.000,9999.000
202605141636,   0.087,   0.518,9999.000,9999.000,9999.000,9999.000,9999.000,9999.000,9999.000
202605141642,   0.051,   0.478,9999.000,9999.000,9999.000,9999.000,9999.000,9999.000,9999.000
202605141648,   0.021,   0.439,9999.000,9999.000,9999.000,9999.000,9999.000,9999.000,9999.000
202605141654,  -0.003,   0.400,9999.000,9999.000,9999.000,9999.000,9999.000,9999.000,9999.000
202605141700,  -0.022,   0.390,   0.300,   0.112,   0.390,   0.200,   0.290,   0.300,   0.390
202605141706,  -0.034,   0.380,9999.000,9999.000,9999.000,9999.000,9999.000,9999.000,9999.000
202605141712,  -0.041,   0.400,9999.000,9999.000,9999.000,9999.000,9999.000,9999.000,9999.000
202605141718,  -0.040,   0.419,9999.000,9999.000,9999.000,9999.000,9999.000,9999.000,9999.000
202605141724,  -0.032,   0.429,9999.000,9999.000,9999.000,9999.000,9999.000,9999.000,9999.000
202605141730,  -0.016,   0.449,9999.000,9999.000,9999.000,9999.000,9999.000,9999.000,9999.000
202605141736,   0.008,   0.498,9999.000,9999.000,9999.000,9999.000,9999.000,9999.000,9999.000
202605141742,   0.041,   0.551,9999.000,9999.000,9999.000,9999.000,9999.000,9999.000,9999.000
202605141748,   0.084,   0.629,9999.000,9999.000,9999.000,9999.000,9999.000,9999.000,9999.000
202605141754,   0.136,   0.698,9999.000,9999.000,9999.000,9999.000,9999.000,9999.000,9999.000
202605141800,   0.198,   0.780,   0.500,   0.082,   0.780,   0.500,   0.780,   0.500,   0.780
202605141806,   0.270,   0.859,9999.000,9999.000,9999.000,9999.000,9999.000,9999.000,9999.000
202605141812,   0.353,   0.970,9999.000,9999.000,9999.000,9999.000,9999.000,9999.000,9999.000
202605141818,   0.446,   1.079,9999.000,9999.000,9999.000,9999.000,9999.000,9999.000,9999.000
202605141824,   0.550,   1.200,9999.000,9999.000,9999.000,9999.000,9999.000,9999.000,9999.000
202605141830,   0.665,   1.338,9999.000,9999.000,9999.000,9999.000,9999.000,9999.000,9999.000
202605141836,   0.791,   1.489,9999.000,9999.000,9999.000,9999.000,9999.000,9999.000,9999.000
202605141842,   0.927,   1.630,9999.000,9999.000,9999.000,9999.000,9999.000,9999.000,9999.000
202605141848,   1.073,   1.800,9999.000,9999.000,9999.000,9999.000,9999.000,9999.000,9999.000
202605141854,   1.228,   1.958,9999.000,9999.000,9999.000,9999.000,9999.000,9999.000,9999.000
202605141900,   1.393,   2.158,   0.500,   0.265,   2.158,   0.500,   2.158,   0.500,   2.158
202605141906,   1.566,   2.348,9999.000,9999.000,9999.000,9999.000,9999.000,9999.000,9999.000
202605141912,   1.746,   2.538,9999.000,9999.000,9999.000,9999.000,9999.000,9999.000,9999.000
202605141918,   1.932,   2.738,9999.000,9999.000,9999.000,9999.000,9999.000,9999.000,9999.000
202605141924,   2.125,   2.938,9999.000,9999.000,9999.000,9999.000,9999.000,9999.000,9999.000
202605141930,   2.321,   3.138,9999.000,9999.000,9999.000,9999.000,9999.000,9999.000,9999.000
202605141936,   2.521,   3.358,9999.000,9999.000,9999.000,9999.000,9999.000,9999.000,9999.000
202605141942,   2.724,   3.539,9999.000,9999.000,9999.000,9999.000,9999.000,9999.000,9999.000
202605141948,   2.927,   3.749,9999.000,9999.000,9999.000,9999.000,9999.000,9999.000,9999.000
202605141954,   3.130,   3.958,9999.000,9999.000,9999.000,9999.000,9999.000,9999.000,9999.000
202605142000,   3.332,   4.168,   0.500,   0.336,   4.168,   0.500,   4.168,   0.600,   4.268
202605142006,   3.532,   4.359,9999.000,9999.000,9999.000,9999.000,9999.000,9999.000,9999.000
202605142012,   3.730,   4.559,9999.000,9999.000,9999.000,9999.000,9999.000,9999.000,9999.000
202605142018,   3.923,   4.759,9999.000,9999.000,9999.000,9999.000,9999.000,9999.000,9999.000
202605142024,   4.111,   4.949,9999.000,9999.000,9999.000,9999.000,9999.000,9999.000,9999.000
202605142030,   4.295,   5.120,9999.000,9999.000,9999.000,9999.000,9999.000,9999.000,9999.000
202605142036,   4.472,   5.297,9999.000,9999.000,9999.000,9999.000,9999.000,9999.000,9999.000
202605142042,   4.643,   5.448,9999.000,9999.000,9999.000,9999.000,9999.000,9999.000,9999.000
202605142048,   4.808,   5.569,9999.000,9999.000,9999.000,9999.000,9999.000,9999.000,9999.000
202605142054,   4.965,   5.697,9999.000,9999.000,9999.000,9999.000,9999.000,9999.000,9999.000
202605142100,   5.115,   5.808,   0.600,   0.093,   5.808,   0.500,   5.708,   0.600,   5.808
202605142106,   5.258,   5.926,9999.000,9999.000,9999.000,9999.000,9999.000,9999.000,9999.000
202605142112,   5.393,   6.028,9999.000,9999.000,9999.000,9999.000,9999.000,9999.000,9999.000
202605142118,   5.521,   6.097,9999.000,9999.000,9999.000,9999.000,9999.000,9999.000,9999.000
202605142124,   5.640,   6.159,9999.000,9999.000,9999.000,9999.000,9999.000,9999.000,9999.000
202605142130,   5.752,   6.238,9999.000,9999.000,9999.000,9999.000,9999.000,9999.000,9999.000
202605142136,   5.857,   6.268,9999.000,9999.000,9999.000,9999.000,9999.000,9999.000,9999.000
202605142142,   5.953,   6.317,9999.000,9999.000,9999.000,9999.000,9999.000,9999.000,9999.000
202605142148,   6.043,   6.359,9999.000,9999.000,9999.000,9999.000,9999.000,9999.000,9999.000
202605142154,   6.124,   6.418,9999.000,9999.000,9999.000,9999.000,9999.000,9999.000,9999.000
202605142200,   6.198,   6.438,   0.600,  -0.360,   6.438,   0.500,   6.338,   0.600,   6.438
202605142206,   6.265,   6.477,9999.000,9999.000,9999.000,9999.000,9999.000,9999.000,9999.000
202605142212,   6.324,   6.517,9999.000,9999.000,9999.000,9999.000,9999.000,9999.000,9999.000
202605142218,   6.375,   6.569,9999.000,9999.000,9999.000,9999.000,9999.000,9999.000,9999.000
202605142224,   6.419,   6.609,9999.000,9999.000,9999.000,9999.000,9999.000,9999.000,9999.000
202605142230,   6.456,   6.609,9999.000,9999.000,9999.000,9999.000,9999.000,9999.000,9999.000
202605142236,   6.486,   6.619,9999.000,9999.000,9999.000,9999.000,9999.000,9999.000,9999.000
202605142242,   6.508,   6.658,9999.000,9999.000,9999.000,9999.000,9999.000,9999.000,9999.000
202605142248,   6.523,   6.697,9999.000,9999.000,9999.000,9999.000,9999.000,9999.000,9999.000
202605142254,   6.530,   6.697,9999.000,9999.000,9999.000,9999.000,9999.000,9999.000,9999.000
202605142300,   6.530,   6.717,   0.600,  -0.413,   6.717,   0.500,   6.617,   0.600,   6.717
202605142306,   6.523,   6.746,9999.000,9999.000,9999.000,9999.000,9999.000,9999.000,9999.000
202605142312,   6.509,   6.766,9999.000,9999.000,9999.000,9999.000,9999.000,9999.000,9999.000
202605142318,   6.487,   6.779,9999.000,9999.000,9999.000,9999.000,9999.000,9999.000,9999.000
202605142324,   6.458,   6.789,9999.000,9999.000,9999.000,9999.000,9999.000,9999.000,9999.000
202605142330,   6.422,   6.766,9999.000,9999.000,9999.000,9999.000,9999.000,9999.000,9999.000
202605142336,   6.379,   6.828,9999.000,9999.000,9999.000,9999.000,9999.000,9999.000,9999.000
202605142342,   6.328,   6.779,9999.000,9999.000,9999.000,9999.000,9999.000,9999.000,9999.000
202605142348,   6.271,   6.727,9999.000,9999.000,9999.000,9999.000,9999.000,9999.000,9999.000
202605142354,   6.207,   6.668,9999.000,9999.000,9999.000,9999.000,9999.000,9999.000,9999.000
202605150000,   6.136,   6.619,   0.500,  -0.017,   6.619,   0.400,   6.519,   0.500,   6.619
202605150006,   6.058,   6.579,9999.000,9999.000,9999.000,9999.000,9999.000,9999.000,9999.000
202605150012,   5.974,   6.517,9999.000,9999.000,9999.000,9999.000,9999.000,9999.000,9999.000
202605150018,   5.884,   6.438,9999.000,9999.000,9999.000,9999.000,9999.000,9999.000,9999.000
202605150024,   5.787,   6.359,9999.000,9999.000,9999.000,9999.000,9999.000,9999.000,9999.000
202605150030,   5.685,   6.268,9999.000,9999.000,9999.000,9999.000,9999.000,9999.000,9999.000
202605150036,   5.577,   6.189,9999.000,9999.000,9999.000,9999.000,9999.000,9999.000,9999.000
202605150042,   5.464,   6.087,9999.000,9999.000,9999.000,9999.000,9999.000,9999.000,9999.000
202605150048,   5.346,   5.999,9999.000,9999.000,9999.000,9999.000,9999.000,9999.000,9999.000
202605150054,   5.224,   5.887,9999.000,9999.000,9999.000,9999.000,9999.000,9999.000,9999.000
202605150100,   5.097,   5.769,   0.500,   0.172,   5.769,   0.400,   5.669,   0.500,   5.769
202605150106,   4.966,   5.667,9999.000,9999.000,9999.000,9999.000,9999.000,9999.000,9999.000
202605150112,   4.832,   5.579,9999.000,9999.000,9999.000,9999.000,9999.000,9999.000,9999.000
202605150118,   4.695,   5.457,9999.000,9999.000,9999.000,9999.000,9999.000,9999.000,9999.000
202605150124,   4.555,   5.349,9999.000,9999.000,9999.000,9999.000,9999.000,9999.000,9999.000
202605150130,   4.413,   5.218,9999.000,9999.000,9999.000,9999.000,9999.000,9999.000,9999.000
202605150136,   4.268,   5.110,9999.000,9999.000,9999.000,9999.000,9999.000,9999.000,9999.000
202605150142,   4.122,   4.969,9999.000,9999.000,9999.000,9999.000,9999.000,9999.000,9999.000
202605150148,   3.976,   4.837,9999.000,9999.000,9999.000,9999.000,9999.000,9999.000,9999.000
202605150154,   3.828,   4.710,9999.000,9999.000,9999.000,9999.000,9999.000,9999.000,9999.000
202605150200,   3.680,   4.578,   0.400,   0.498,   4.578,   0.400,   4.578,   0.500,   4.678
202605150206,   3.532,   4.437,9999.000,9999.000,9999.000,9999.000,9999.000,9999.000,9999.000
202605150212,   3.385,   4.300,9999.000,9999.000,9999.000,9999.000,9999.000,9999.000,9999.000
202605150218,   3.238,   4.159,9999.000,9999.000,9999.000,9999.000,9999.000,9999.000,9999.000
202605150224,   3.092,   4.008,9999.000,9999.000,9999.000,9999.000,9999.000,9999.000,9999.000
202605150230,   2.948,   3.860,9999.000,9999.000,9999.000,9999.000,9999.000,9999.000,9999.000
202605150236,   2.805,   3.699,9999.000,9999.000,9999.000,9999.000,9999.000,9999.000,9999.000
202605150242,   2.665,   3.539,9999.000,9999.000,9999.000,9999.000,9999.000,9999.000,9999.000
202605150248,   2.526,   3.368,9999.000,9999.000,9999.000,9999.000,9999.000,9999.000,9999.000
202605150254,   2.390,   3.207,9999.000,9999.000,9999.000,9999.000,9999.000,9999.000,9999.000
202605150300,   2.257,   3.060,   0.400,   0.403,   3.060,   0.400,   3.060,   0.500,   3.160
202605150306,   2.126,   2.899,9999.000,9999.000,9999.000,9999.000,9999.000,9999.000,9999.000
202605150312,   1.997,   2.748,9999.000,9999.000,9999.000,9999.000,9999.000,9999.000,9999.000
202605150318,   1.872,   2.610,9999.000,9999.000,9999.000,9999.000,9999.000,9999.000,9999.000
202605150324,   1.750,   2.469,9999.000,9999.000,9999.000,9999.000,9999.000,9999.000,9999.000
202605150330,   1.630,   2.338,9999.000,9999.000,9999.000,9999.000,9999.000,9999.000,9999.000
202605150336,   1.514,   2.200,9999.000,9999.000,9999.000,9999.000,9999.000,9999.000,9999.000
202605150342,   1.401,   2.089,9999.000,9999.000,9999.000,9999.000,9999.000,9999.000,9999.000
202605150348,   1.291,   1.958,9999.000,9999.000,9999.000,9999.000,9999.000,9999.000,9999.000
202605150354,   1.184,   1.849,9999.000,9999.000,9999.000,9999.000,9999.000,9999.000,9999.000
202605150400,   1.080,   1.748,   0.400,   0.268,   1.748,   0.400,   1.748,   0.500,   1.848
202605150406,   0.979,   1.639,9999.000,9999.000,9999.000,9999.000,9999.000,9999.000,9999.000
202605150412,   0.881,   1.528,9999.000,9999.000,9999.000,9999.000,9999.000,9999.000,9999.000
202605150418,   0.787,   1.430,9999.000,9999.000,9999.000,9999.000,9999.000,9999.000,9999.000
202605150424,   0.695,   1.328,9999.000,9999.000,9999.000,9999.000,9999.000,9999.000,9999.000
202605150430,   0.607,   1.239,9999.000,9999.000,9999.000,9999.000,9999.000,9999.000,9999.000
202605150436,   0.523,   1.138,9999.000,9999.000,9999.000,9999.000,9999.000,9999.000,9999.000
202605150442,   0.442,   1.059,9999.000,9999.000,9999.000,9999.000,9999.000,9999.000,9999.000
202605150448,   0.364,   0.980,9999.000,9999.000,9999.000,9999.000,9999.000,9999.000,9999.000
202605150454,   0.290,   0.888,9999.000,9999.000,9999.000,9999.000,9999.000,9999.000,9999.000
202605150500,   0.221,   0.810,   0.400,   0.189,   0.810,   0.400,   0.810,   0.400,   0.810
202605150506,   0.156,   0.741,9999.000,9999.000,9999.000,9999.000,9999.000,9999.000,9999.000
202605150512,   0.095,   0.678,9999.000,9999.000,9999.000,9999.000,9999.000,9999.000,9999.000
202605150518,   0.039,   0.610,9999.000,9999.000,9999.000,9999.000,9999.000,9999.000,9999.000
202605150524,  -0.011,   0.560,9999.000,9999.000,9999.000,9999.000,9999.000,9999.000,9999.000
202605150530,  -0.056,   0.498,9999.000,9999.000,9999.000,9999.000,9999.000,9999.000,9999.000
202605150536,  -0.095,   0.459,9999.000,9999.000,9999.000,9999.000,9999.000,9999.000,9999.000
202605150542,  -0.127,   0.419,9999.000,9999.000,9999.000,9999.000,9999.000,9999.000,9999.000
202605150548,  -0.154,   0.390,9999.000,9999.000,9999.000,9999.000,9999.000,9999.000,9999.000
202605150554,  -0.172,   0.380,9999.000,9999.000,9999.000,9999.000,9999.000,9999.000,9999.000
202605150600,  -0.184,   0.370,   0.300,   0.254,   0.370,   0.300,   0.370,   0.300,   0.370
202605150606,  -0.187,   0.350,9999.000,9999.000,9999.000,9999.000,9999.000,9999.000,9999.000
202605150612,  -0.181,   0.350,9999.000,9999.000,9999.000,9999.000,9999.000,9999.000,9999.000
202605150618,  -0.167,   0.370,9999.000,9999.000,9999.000,9999.000,9999.000,9999.000,9999.000
202605150624,  -0.144,   0.409,9999.000,9999.000,9999.000,9999.000,9999.000,9999.000,9999.000
202605150630,  -0.111,   0.478,9999.000,9999.000,9999.000,9999.000,9999.000,9999.000,9999.000
202605150636,  -0.068,   0.541,9999.000,9999.000,9999.000,9999.000,9999.000,9999.000,9999.000
202605150642,  -0.015,   0.619,9999.000,9999.000,9999.000,9999.000,9999.000,9999.000,9999.000
202605150648,   0.048,   0.718,9999.000,9999.000,9999.000,9999.000,9999.000,9999.000,9999.000
202605150654,   0.122,   0.839,9999.000,9999.000,9999.000,9999.000,9999.000,9999.000,9999.000
202605150700,   0.206,   0.961,   0.300,   0.455,   0.961,   0.200,   0.861,   0.300,   0.961
202605150706,   0.302,   1.098,9999.000,9999.000,9999.000,9999.000,9999.000,9999.000,9999.000
202605150712,   0.407,   1.239,9999.000,9999.000,9999.000,9999.000,9999.000,9999.000,9999.000
202605150718,   0.523,   1.390,9999.000,9999.000,9999.000,9999.000,9999.000,9999.000,9999.000
202605150724,   0.648,   1.571,9999.000,9999.000,9999.000,9999.000,9999.000,9999.000,9999.000
202605150730,   0.783,   1.728,9999.000,9999.000,9999.000,9999.000,9999.000,9999.000,9999.000
202605150736,   0.926,   1.908,9999.000,9999.000,9999.000,9999.000,9999.000,9999.000,9999.000
202605150742,   1.077,   2.099,9999.000,9999.000,9999.000,9999.000,9999.000,9999.000,9999.000
202605150748,   1.236,   2.289,9999.000,9999.000,9999.000,9999.000,9999.000,9999.000,9999.000
202605150754,   1.400,   2.479,9999.000,9999.000,9999.000,9999.000,9999.000,9999.000,9999.000
202605150800,   1.570,   2.669,   0.300,   0.799,   2.669,   0.200,   2.569,   0.300,   2.669
202605150806,   1.744,   2.860,9999.000,9999.000,9999.000,9999.000,9999.000,9999.000,9999.000
202605150812,   1.922,   3.030,9999.000,9999.000,9999.000,9999.000,9999.000,9999.000,9999.000
202605150818,   2.102,   3.188,9999.000,9999.000,9999.000,9999.000,9999.000,9999.000,9999.000
202605150824,   2.282,   3.358,9999.000,9999.000,9999.000,9999.000,9999.000,9999.000,9999.000
202605150830,   2.464,   3.519,9999.000,9999.000,9999.000,9999.000,9999.000,9999.000,9999.000
202605150836,   2.644,   3.660,9999.000,9999.000,9999.000,9999.000,9999.000,9999.000,9999.000
202605150842,   2.823,   3.808,9999.000,9999.000,9999.000,9999.000,9999.000,9999.000,9999.000
202605150848,   2.999,   3.929,9999.000,9999.000,9999.000,9999.000,9999.000,9999.000,9999.000
202605150854,   3.172,   4.070,9999.000,9999.000,9999.000,9999.000,9999.000,9999.000,9999.000
202605150900,   3.341,   4.208,   0.300,   0.567,   4.208,   0.200,   4.108,   0.300,   4.208
202605150906,   3.506,   4.339,9999.000,9999.000,9999.000,9999.000,9999.000,9999.000,9999.000
202605150912,   3.666,   4.467,9999.000,9999.000,9999.000,9999.000,9999.000,9999.000,9999.000
202605150918,   3.820,   4.598,9999.000,9999.000,9999.000,9999.000,9999.000,9999.000,9999.000
202605150924,   3.969,   4.729,9999.000,9999.000,9999.000,9999.000,9999.000,9999.000,9999.000
202605150930,   4.111,   4.837,9999.000,9999.000,9999.000,9999.000,9999.000,9999.000,9999.000
202605150936,   4.248,   4.949,9999.000,9999.000,9999.000,9999.000,9999.000,9999.000,9999.000
202605150942,   4.377,   5.038,9999.000,9999.000,9999.000,9999.000,9999.000,9999.000,9999.000
202605150948,   4.501,   5.129,9999.000,9999.000,9999.000,9999.000,9999.000,9999.000,9999.000
202605150954,   4.617,   5.228,9999.000,9999.000,9999.000,9999.000,9999.000,9999.000,9999.000
202605151000,   4.726,   5.307,   0.300,   0.281,   5.307,   0.300,   5.307,   0.400,   5.407
202605151006,   4.829,   5.389,9999.000,9999.000,9999.000,9999.000,9999.000,9999.000,9999.000
202605151012,   4.925,   5.467,9999.000,9999.000,9999.000,9999.000,9999.000,9999.000,9999.000
202605151018,   5.013,   5.539,9999.000,9999.000,9999.000,9999.000,9999.000,9999.000,9999.000
202605151024,   5.095,   5.598,9999.000,9999.000,9999.000,9999.000,9999.000,9999.000,9999.000
202605151030,   5.169,   5.657,9999.000,9999.000,9999.000,9999.000,9999.000,9999.000,9999.000
202605151036,   5.236,   5.730,9999.000,9999.000,9999.000,9999.000,9999.000,9999.000,9999.000
202605151042,   5.296,   5.779,9999.000,9999.000,9999.000,9999.000,9999.000,9999.000,9999.000
202605151048,   5.349,   5.818,9999.000,9999.000,9999.000,9999.000,9999.000,9999.000,9999.000
202605151054,   5.394,   5.858,9999.000,9999.000,9999.000,9999.000,9999.000,9999.000,9999.000
202605151100,   5.433,   5.907,   0.300,   0.174,   5.907,   0.300,   5.907,   0.400,   6.007
202605151106,   5.464,   5.959,9999.000,9999.000,9999.000,9999.000,9999.000,9999.000,9999.000
202605151112,   5.487,   5.989,9999.000,9999.000,9999.000,9999.000,9999.000,9999.000,9999.000
202605151118,   5.503,   6.018,9999.000,9999.000,9999.000,9999.000,9999.000,9999.000,9999.000
202605151124,   5.512,   6.038,9999.000,9999.000,9999.000,9999.000,9999.000,9999.000,9999.000
202605151130,   5.514,   6.077,9999.000,9999.000,9999.000,9999.000,9999.000,9999.000,9999.000
202605151136,   5.508,9999.000,9999.000,9999.000,9999.000,9999.000,9999.000,9999.000,9999.000
202605151142,   5.495,9999.000,9999.000,9999.000,9999.000,9999.000,9999.000,9999.000,9999.000
202605151148,   5.474,9999.000,9999.000,9999.000,9999.000,9999.000,9999.000,9999.000,9999.000
202605151154,   5.446,9999.000,9999.000,9999.000,9999.000,9999.000,9999.000,9999.000,9999.000
202605151200,   5.411,9999.000,   0.400,   0.186,   5.997,   0.300,   5.897,   0.500,   6.097
202605151206,   5.368,9999.000,9999.000,9999.000,9999.000,9999.000,9999.000,9999.000,9999.000
202605151212,   5.319,9999.000,9999.000,9999.000,9999.000,9999.000,9999.000,9999.000,9999.000
202605151218,   5.262,9999.000,9999.000,9999.000,9999.000,9999.000,9999.000,9999.000,9999.000
202605151224,   5.199,9999.000,9999.000,9999.000,9999.000,9999.000,9999.000,9999.000,9999.000
202605151230,   5.129,9999.000,9999.000,9999.000,9999.000,9999.000,9999.000,9999.000,9999.000
202605151236,   5.052,9999.000,9999.000,9999.000,9999.000,9999.000,9999.000,9999.000,9999.000
202605151242,   4.970,9999.000,9999.000,9999.000,9999.000,9999.000,9999.000,9999.000,9999.000
202605151248,   4.881,9999.000,9999.000,9999.000,9999.000,9999.000,9999.000,9999.000,9999.000
202605151254,   4.786,9999.000,9999.000,9999.000,9999.000,9999.000,9999.000,9999.000,9999.000
202605151300,   4.686,9999.000,   0.400,   0.199,   5.285,   0.300,   5.185,   0.500,   5.385
202605151306,   4.580,9999.000,9999.000,9999.000,9999.000,9999.000,9999.000,9999.000,9999.000
202605151312,   4.470,9999.000,9999.000,9999.000,9999.000,9999.000,9999.000,9999.000,9999.000
202605151318,   4.355,9999.000,9999.000,9999.000,9999.000,9999.000,9999.000,9999.000,9999.000
202605151324,   4.236,9999.000,9999.000,9999.000,9999.000,9999.000,9999.000,9999.000,9999.000
202605151330,   4.113,9999.000,9999.000,9999.000,9999.000,9999.000,9999.000,9999.000,9999.000
202605151336,   3.987,9999.000,9999.000,9999.000,9999.000,9999.000,9999.000,9999.000,9999.000
202605151342,   3.857,9999.000,9999.000,9999.000,9999.000,9999.000,9999.000,9999.000,9999.000
202605151348,   3.725,9999.000,9999.000,9999.000,9999.000,9999.000,9999.000,9999.000,9999.000
202605151354,   3.591,9999.000,9999.000,9999.000,9999.000,9999.000,9999.000,9999.000,9999.000
202605151400,   3.455,9999.000,   0.400,   0.211,   4.066,   0.300,   3.966,   0.500,   4.166
202605151406,   3.318,9999.000,9999.000,9999.000,9999.000,9999.000,9999.000,9999.000,9999.000
202605151412,   3.180,9999.000,9999.000,9999.000,9999.000,9999.000,9999.000,9999.000,9999.000
202605151418,   3.041,9999.000,9999.000,9999.000,9999.000,9999.000,9999.000,9999.000,9999.000
202605151424,   2.902,9999.000,9999.000,9999.000,9999.000,9999.000,9999.000,9999.000,9999.000
202605151430,   2.764,9999.000,9999.000,9999.000,9999.000,9999.000,9999.000,9999.000,9999.000
202605151436,   2.626,9999.000,9999.000,9999.000,9999.000,9999.000,9999.000,9999.000,9999.000
202605151442,   2.489,9999.000,9999.000,9999.000,9999.000,9999.000,9999.000,9999.000,9999.000
202605151448,   2.353,9999.000,9999.000,9999.000,9999.000,9999.000,9999.000,9999.000,9999.000
202605151454,   2.219,9999.000,9999.000,9999.000,9999.000,9999.000,9999.000,9999.000,9999.000
202605151500,   2.087,9999.000,   0.400,   0.224,   2.711,   0.400,   2.711,   0.500,   2.811
202605151506,   1.957,9999.000,9999.000,9999.000,9999.000,9999.000,9999.000,9999.000,9999.000
202605151512,   1.830,9999.000,9999.000,9999.000,9999.000,9999.000,9999.000,9999.000,9999.000
202605151518,   1.706,9999.000,9999.000,9999.000,9999.000,9999.000,9999.000,9999.000,9999.000
202605151524,   1.584,9999.000,9999.000,9999.000,9999.000,9999.000,9999.000,9999.000,9999.000
202605151530,   1.466,9999.000,9999.000,9999.000,9999.000,9999.000,9999.000,9999.000,9999.000
202605151536,   1.351,9999.000,9999.000,9999.000,9999.000,9999.000,9999.000,9999.000,9999.000
202605151542,   1.239,9999.000,9999.000,9999.000,9999.000,9999.000,9999.000,9999.000,9999.000
202605151548,   1.131,9999.000,9999.000,9999.000,9999.000,9999.000,9999.000,9999.000,9999.000
202605151554,   1.027,9999.000,9999.000,9999.000,9999.000,9999.000,9999.000,9999.000,9999.000
202605151600,   0.926,9999.000,   0.400,   0.236,   1.562,   0.400,   1.562,   0.500,   1.662
202605151606,   0.829,9999.000,9999.000,9999.000,9999.000,9999.000,9999.000,9999.000,9999.000
202605151612,   0.736,9999.000,9999.000,9999.000,9999.000,9999.000,9999.000,9999.000,9999.000
202605151618,   0.646,9999.000,9999.000,9999.000,9999.000,9999.000,9999.000,9999.000,9999.000
202605151624,   0.561,9999.000,9999.000,9999.000,9999.000,9999.000,9999.000,9999.000,9999.000
202605151630,   0.479,9999.000,9999.000,9999.000,9999.000,9999.000,9999.000,9999.000,9999.000
202605151636,   0.401,9999.000,9999.000,9999.000,9999.000,9999.000,9999.000,9999.000,9999.000
202605151642,   0.328,9999.000,9999.000,9999.000,9999.000,9999.000,9999.000,9999.000,9999.000
202605151648,   0.258,9999.000,9999.000,9999.000,9999.000,9999.000,9999.000,9999.000,9999.000
202605151654,   0.192,9999.000,9999.000,9999.000,9999.000,9999.000,9999.000,9999.000,9999.000
202605151700,   0.131,9999.000,   0.400,   0.248,   0.779,   0.400,   0.779,   0.500,   0.879
202605151706,   0.074,9999.000,9999.000,9999.000,9999.000,9999.000,9999.000,9999.000,9999.000
202605151712,   0.021,9999.000,9999.000,9999.000,9999.000,9999.000,9999.000,9999.000,9999.000
202605151718,  -0.026,9999.000,9999.000,9999.000,9999.000,9999.000,9999.000,9999.000,9999.000
202605151724,  -0.069,9999.000,9999.000,9999.000,9999.000,9999.000,9999.000,9999.000,9999.000
202605151730,  -0.107,9999.000,9999.000,9999.000,9999.000,9999.000,9999.000,9999.000,9999.000
202605151736,  -0.139,9999.000,9999.000,9999.000,9999.000,9999.000,9999.000,9999.000,9999.000
202605151742,  -0.166,9999.000,9999.000,9999.000,9999.000,9999.000,9999.000,9999.000,9999.000
202605151748,  -0.187,9999.000,9999.000,9999.000,9999.000,9999.000,9999.000,9999.000,9999.000
202605151754,  -0.202,9999.000,9999.000,9999.000,9999.000,9999.000,9999.000,9999.000,9999.000
202605151800,  -0.209,9999.000,   0.500,   0.261,   0.552,   0.400,   0.452,   0.600,   0.652
202605151806,  -0.209,9999.000,9999.000,9999.000,9999.000,9999.000,9999.000,9999.000,9999.000
202605151812,  -0.202,9999.000,9999.000,9999.000,9999.000,9999.000,9999.000,9999.000,9999.000
202605151818,  -0.186,9999.000,9999.000,9999.000,9999.000,9999.000,9999.000,9999.000,9999.000
202605151824,  -0.162,9999.000,9999.000,9999.000,9999.000,9999.000,9999.000,9999.000,9999.000
202605151830,  -0.128,9999.000,9999.000,9999.000,9999.000,9999.000,9999.000,9999.000,9999.000
202605151836,  -0.085,9999.000,9999.000,9999.000,9999.000,9999.000,9999.000,9999.000,9999.000
202605151842,  -0.032,9999.000,9999.000,9999.000,9999.000,9999.000,9999.000,9999.000,9999.000
202605151848,   0.030,9999.000,9999.000,9999.000,9999.000,9999.000,9999.000,9999.000,9999.000
202605151854,   0.104,9999.000,9999.000,9999.000,9999.000,9999.000,9999.000,9999.000,9999.000
202605151900,   0.190,9999.000,   0.500,   0.273,   0.963,   0.400,   0.863,   0.600,   1.063
202605151906,   0.286,9999.000,9999.000,9999.000,9999.000,9999.000,9999.000,9999.000,9999.000
202605151912,   0.393,9999.000,9999.000,9999.000,9999.000,9999.000,9999.000,9999.000,9999.000
202605151918,   0.513,9999.000,9999.000,9999.000,9999.000,9999.000,9999.000,9999.000,9999.000
202605151924,   0.643,9999.000,9999.000,9999.000,9999.000,9999.000,9999.000,9999.000,9999.000
202605151930,   0.784,9999.000,9999.000,9999.000,9999.000,9999.000,9999.000,9999.000,9999.000
202605151936,   0.937,9999.000,9999.000,9999.000,9999.000,9999.000,9999.000,9999.000,9999.000
202605151942,   1.100,9999.000,9999.000,9999.000,9999.000,9999.000,9999.000,9999.000,9999.000
202605151948,   1.273,9999.000,9999.000,9999.000,9999.000,9999.000,9999.000,9999.000,9999.000
202605151954,   1.455,9999.000,9999.000,9999.000,9999.000,9999.000,9999.000,9999.000,9999.000
202605152000,   1.646,9999.000,   0.500,   0.286,   2.432,   0.500,   2.432,   0.600,   2.532
202605152006,   1.844,9999.000,9999.000,9999.000,9999.000,9999.000,9999.000,9999.000,9999.000
202605152012,   2.049,9999.000,9999.000,9999.000,9999.000,9999.000,9999.000,9999.000,9999.000
202605152018,   2.260,9999.000,9999.000,9999.000,9999.000,9999.000,9999.000,9999.000,9999.000
202605152024,   2.475,9999.000,9999.000,9999.000,9999.000,9999.000,9999.000,9999.000,9999.000
202605152030,   2.693,9999.000,9999.000,9999.000,9999.000,9999.000,9999.000,9999.000,9999.000
202605152036,   2.913,9999.000,9999.000,9999.000,9999.000,9999.000,9999.000,9999.000,9999.000
202605152042,   3.135,9999.000,9999.000,9999.000,9999.000,9999.000,9999.000,9999.000,9999.000
202605152048,   3.356,9999.000,9999.000,9999.000,9999.000,9999.000,9999.000,9999.000,9999.000
202605152054,   3.575,9999.000,9999.000,9999.000,9999.000,9999.000,9999.000,9999.000,9999.000
202605152100,   3.793,9999.000,   0.500,   0.298,   4.591,   0.500,   4.591,   0.600,   4.691
202605152106,   4.007,9999.000,9999.000,9999.000,9999.000,9999.000,9999.000,9999.000,9999.000
202605152112,   4.216,9999.000,9999.000,9999.000,9999.000,9999.000,9999.000,9999.000,9999.000
202605152118,   4.421,9999.000,9999.000,9999.000,9999.000,9999.000,9999.000,9999.000,9999.000
202605152124,   4.619,9999.000,9999.000,9999.000,9999.000,9999.000,9999.000,9999.000,9999.000
202605152130,   4.811,9999.000,9999.000,9999.000,9999.000,9999.000,9999.000,9999.000,9999.000
202605152136,   4.996,9999.000,9999.000,9999.000,9999.000,9999.000,9999.000,9999.000,9999.000
202605152142,   5.173,9999.000,9999.000,9999.000,9999.000,9999.000,9999.000,9999.000,9999.000
202605152148,   5.343,9999.000,9999.000,9999.000,9999.000,9999.000,9999.000,9999.000,9999.000
202605152154,   5.504,9999.000,9999.000,9999.000,9999.000,9999.000,9999.000,9999.000,9999.000
202605152200,   5.657,9999.000,   0.500,   0.311,   6.468,   0.500,   6.468,   0.600,   6.568
202605152206,   5.801,9999.000,9999.000,9999.000,9999.000,9999.000,9999.000,9999.000,9999.000
202605152212,   5.937,9999.000,9999.000,9999.000,9999.000,9999.000,9999.000,9999.000,9999.000
202605152218,   6.064,9999.000,9999.000,9999.000,9999.000,9999.000,9999.000,9999.000,9999.000
202605152224,   6.181,9999.000,9999.000,9999.000,9999.000,9999.000,9999.000,9999.000,9999.000
202605152230,   6.290,9999.000,9999.000,9999.000,9999.000,9999.000,9999.000,9999.000,9999.000
202605152236,   6.391,9999.000,9999.000,9999.000,9999.000,9999.000,9999.000,9999.000,9999.000
202605152242,   6.482,9999.000,9999.000,9999.000,9999.000,9999.000,9999.000,9999.000,9999.000
202605152248,   6.564,9999.000,9999.000,9999.000,9999.000,9999.000,9999.000,9999.000,9999.000
202605152254,   6.638,9999.000,9999.000,9999.000,9999.000,9999.000,9999.000,9999.000,9999.000
202605152300,   6.703,9999.000,   0.500,   0.323,   7.526,   0.400,   7.426,   0.500,   7.526
202605152306,   6.760,9999.000,9999.000,9999.000,9999.000,9999.000,9999.000,9999.000,9999.000
202605152312,   6.807,9999.000,9999.000,9999.000,9999.000,9999.000,9999.000,9999.000,9999.000
202605152318,   6.847,9999.000,9999.000,9999.000,9999.000,9999.000,9999.000,9999.000,9999.000
202605152324,   6.878,9999.000,9999.000,9999.000,9999.000,9999.000,9999.000,9999.000,9999.000
202605152330,   6.901,9999.000,9999.000,9999.000,9999.000,9999.000,9999.000,9999.000,9999.000
202605152336,   6.915,9999.000,9999.000,9999.000,9999.000,9999.000,9999.000,9999.000,9999.000
202605152342,   6.921,9999.000,9999.000,9999.000,9999.000,9999.000,9999.000,9999.000,9999.000
202605152348,   6.920,9999.000,9999.000,9999.000,9999.000,9999.000,9999.000,9999.000,9999.000
202605152354,   6.910,9999.000,9999.000,9999.000,9999.000,9999.000,9999.000,9999.000,9999.000
202605160000,   6.892,9999.000,   0.400,   0.323,   7.615,   0.400,   7.615,   0.500,   7.715
202605160006,   6.866,9999.000,9999.000,9999.000,9999.000,9999.000,9999.000,9999.000,9999.000
202605160012,   6.833,9999.000,9999.000,9999.000,9999.000,9999.000,9999.000,9999.000,9999.000
202605160018,   6.791,9999.000,9999.000,9999.000,9999.000,9999.000,9999.000,9999.000,9999.000
202605160024,   6.742,9999.000,9999.000,9999.000,9999.000,9999.000,9999.000,9999.000,9999.000
202605160030,   6.686,9999.000,9999.000,9999.000,9999.000,9999.000,9999.000,9999.000,9999.000
202605160036,   6.622,9999.000,9999.000,9999.000,9999.000,9999.000,9999.000,9999.000,9999.000
202605160042,   6.551,9999.000,9999.000,9999.000,9999.000,9999.000,9999.000,9999.000,9999.000
202605160048,   6.473,9999.000,9999.000,9999.000,9999.000,9999.000,9999.000,9999.000,9999.000
202605160054,   6.388,9999.000,9999.000,9999.000,9999.000,9999.000,9999.000,9999.000,9999.000
202605160100,   6.297,9999.000,   0.400,   0.323,   7.020,   0.300,   6.920,   0.500,   7.120
202605160106,   6.199,9999.000,9999.000,9999.000,9999.000,9999.000,9999.000,9999.000,9999.000
202605160112,   6.094,9999.000,9999.000,9999.000,9999.000,9999.000,9999.000,9999.000,9999.000
202605160118,   5.984,9999.000,9999.000,9999.000,9999.000,9999.000,9999.000,9999.000,9999.000
202605160124,   5.867,9999.000,9999.000,9999.000,9999.000,9999.000,9999.000,9999.000,9999.000
202605160130,   5.746,9999.000,9999.000,9999.000,9999.000,9999.000,9999.000,9999.000,9999.000
202605160136,   5.619,9999.000,9999.000,9999.000,9999.000,9999.000,9999.000,9999.000,9999.000
202605160142,   5.487,9999.000,9999.000,9999.000,9999.000,9999.000,9999.000,9999.000,9999.000
202605160148,   5.351,9999.000,9999.000,9999.000,9999.000,9999.000,9999.000,9999.000,9999.000
202605160154,   5.211,9999.000,9999.000,9999.000,9999.000,9999.000,9999.000,9999.000,9999.000
202605160200,   5.067,9999.000,   0.400,   0.323,   5.790,   0.300,   5.690,   0.500,   5.890
202605160206,   4.920,9999.000,9999.000,9999.000,9999.000,9999.000,9999.000,9999.000,9999.000
202605160212,   4.770,9999.000,9999.000,9999.000,9999.000,9999.000,9999.000,9999.000,9999.000
202605160218,   4.617,9999.000,9999.000,9999.000,9999.000,9999.000,9999.000,9999.000,9999.000
202605160224,   4.462,9999.000,9999.000,9999.000,9999.000,9999.000,9999.000,9999.000,9999.000
202605160230,   4.306,9999.000,9999.000,9999.000,9999.000,9999.000,9999.000,9999.000,9999.000
202605160236,   4.148,9999.000,9999.000,9999.000,9999.000,9999.000,9999.000,9999.000,9999.000
202605160242,   3.989,9999.000,9999.000,9999.000,9999.000,9999.000,9999.000,9999.000,9999.000
202605160248,   3.830,9999.000,9999.000,9999.000,9999.000,9999.000,9999.000,9999.000,9999.000
202605160254,   3.671,9999.000,9999.000,9999.000,9999.000,9999.000,9999.000,9999.000,9999.000
202605160300,   3.512,9999.000,   0.400,   0.323,   4.235,   0.300,   4.135,   0.400,   4.235
202605160306,   3.353,9999.000,9999.000,9999.000,9999.000,9999.000,9999.000,9999.000,9999.000
202605160312,   3.196,9999.000,9999.000,9999.000,9999.000,9999.000,9999.000,9999.000,9999.000
202605160318,   3.040,9999.000,9999.000,9999.000,9999.000,9999.000,9999.000,9999.000,9999.000
202605160324,   2.885,9999.000,9999.000,9999.000,9999.000,9999.000,9999.000,9999.000,9999.000
202605160330,   2.732,9999.000,9999.000,9999.000,9999.000,9999.000,9999.000,9999.000,9999.000
202605160336,   2.582,9999.000,9999.000,9999.000,9999.000,9999.000,9999.000,9999.000,9999.000
202605160342,   2.434,9999.000,9999.000,9999.000,9999.000,9999.000,9999.000,9999.000,9999.000
202605160348,   2.288,9999.000,9999.000,9999.000,9999.000,9999.000,9999.000,9999.000,9999.000
202605160354,   2.145,9999.000,9999.000,9999.000,9999.000,9999.000,9999.000,9999.000,9999.000
202605160400,   2.005,9999.000,   0.400,   0.323,   2.728,   0.300,   2.628,   0.400,   2.728
202605160406,   1.868,9999.000,9999.000,9999.000,9999.000,9999.000,9999.000,9999.000,9999.000
202605160412,   1.733,9999.000,9999.000,9999.000,9999.000,9999.000,9999.000,9999.000,9999.000
202605160418,   1.602,9999.000,9999.000,9999.000,9999.000,9999.000,9999.000,9999.000,9999.000
202605160424,   1.474,9999.000,9999.000,9999.000,9999.000,9999.000,9999.000,9999.000,9999.000
202605160430,   1.349,9999.000,9999.000,9999.000,9999.000,9999.000,9999.000,9999.000,9999.000
202605160436,   1.228,9999.000,9999.000,9999.000,9999.000,9999.000,9999.000,9999.000,9999.000
202605160442,   1.110,9999.000,9999.000,9999.000,9999.000,9999.000,9999.000,9999.000,9999.000
202605160448,   0.995,9999.000,9999.000,9999.000,9999.000,9999.000,9999.000,9999.000,9999.000
202605160454,   0.883,9999.000,9999.000,9999.000,9999.000,9999.000,9999.000,9999.000,9999.000
202605160500,   0.775,9999.000,   0.300,   0.323,   1.398,   0.200,   1.298,   0.400,   1.498
202605160506,   0.669,9999.000,9999.000,9999.000,9999.000,9999.000,9999.000,9999.000,9999.000
202605160512,   0.568,9999.000,9999.000,9999.000,9999.000,9999.000,9999.000,9999.000,9999.000
202605160518,   0.470,9999.000,9999.000,9999.000,9999.000,9999.000,9999.000,9999.000,9999.000
202605160524,   0.375,9999.000,9999.000,9999.000,9999.000,9999.000,9999.000,9999.000,9999.000
202605160530,   0.284,9999.000,9999.000,9999.000,9999.000,9999.000,9999.000,9999.000,9999.000
202605160536,   0.197,9999.000,9999.000,9999.000,9999.000,9999.000,9999.000,9999.000,9999.000
202605160542,   0.113,9999.000,9999.000,9999.000,9999.000,9999.000,9999.000,9999.000,9999.000
202605160548,   0.034,9999.000,9999.000,9999.000,9999.000,9999.000,9999.000,9999.000,9999.000
202605160554,  -0.039,9999.000,9999.000,9999.000,9999.000,9999.000,9999.000,9999.000,9999.000
202605160600,  -0.109,9999.000,   0.300,   0.323,   0.514,   0.200,   0.414,   0.400,   0.614
202605160606,  -0.174,9999.000,9999.000,9999.000,9999.000,9999.000,9999.000,9999.000,9999.000
202605160612,  -0.233,9999.000,9999.000,9999.000,9999.000,9999.000,9999.000,9999.000,9999.000
202605160618,  -0.287,9999.000,9999.000,9999.000,9999.000,9999.000,9999.000,9999.000,9999.000
202605160624,  -0.334,9999.000,9999.000,9999.000,9999.000,9999.000,9999.000,9999.000,9999.000
202605160630,  -0.376,9999.000,9999.000,9999.000,9999.000,9999.000,9999.000,9999.000,9999.000
202605160636,  -0.410,9999.000,9999.000,9999.000,9999.000,9999.000,9999.000,9999.000,9999.000
202605160642,  -0.436,9999.000,9999.000,9999.000,9999.000,9999.000,9999.000,9999.000,9999.000
202605160648,  -0.455,9999.000,9999.000,9999.000,9999.000,9999.000,9999.000,9999.000,9999.000
202605160654,  -0.466,9999.000,9999.000,9999.000,9999.000,9999.000,9999.000,9999.000,9999.000
202605160700,  -0.468,9999.000,   0.300,   0.323,   0.155,   0.200,   0.055,   0.300,   0.155
202605160706,  -0.460,9999.000,9999.000,9999.000,9999.000,9999.000,9999.000,9999.000,9999.000
202605160712,  -0.443,9999.000,9999.000,9999.000,9999.000,9999.000,9999.000,9999.000,9999.000
202605160718,  -0.416,9999.000,9999.000,9999.000,9999.000,9999.000,9999.000,9999.000,9999.000
202605160724,  -0.379,9999.000,9999.000,9999.000,9999.000,9999.000,9999.000,9999.000,9999.000
202605160730,  -0.331,9999.000,9999.000,9999.000,9999.000,9999.000,9999.000,9999.000,9999.000
202605160736,  -0.272,9999.000,9999.000,9999.000,9999.000,9999.000,9999.000,9999.000,9999.000
202605160742,  -0.202,9999.000,9999.000,9999.000,9999.000,9999.000,9999.000,9999.000,9999.000
202605160748,  -0.121,9999.000,9999.000,9999.000,9999.000,9999.000,9999.000,9999.000,9999.000
202605160754,  -0.028,9999.000,9999.000,9999.000,9999.000,9999.000,9999.000,9999.000,9999.000
202605160800,   0.075,9999.000,   0.300,   0.323,   0.698,   0.200,   0.598,   0.300,   0.698
202605160806,   0.190,9999.000,9999.000,9999.000,9999.000,9999.000,9999.000,9999.000,9999.000
202605160812,   0.316,9999.000,9999.000,9999.000,9999.000,9999.000,9999.000,9999.000,9999.000
202605160818,   0.452,9999.000,9999.000,9999.000,9999.000,9999.000,9999.000,9999.000,9999.000
202605160824,   0.599,9999.000,9999.000,9999.000,9999.000,9999.000,9999.000,9999.000,9999.000
202605160830,   0.754,9999.000,9999.000,9999.000,9999.000,9999.000,9999.000,9999.000,9999.000
202605160836,   0.918,9999.000,9999.000,9999.000,9999.000,9999.000,9999.000,9999.000,9999.000
202605160842,   1.089,9999.000,9999.000,9999.000,9999.000,9999.000,9999.000,9999.000,9999.000
202605160848,   1.267,9999.000,9999.000,9999.000,9999.000,9999.000,9999.000,9999.000,9999.000
202605160854,   1.451,9999.000,9999.000,9999.000,9999.000,9999.000,9999.000,9999.000,9999.000
202605160900,   1.640,9999.000,   0.300,   0.323,   2.263,   0.200,   2.163,   0.300,   2.263
202605160906,   1.831,9999.000,9999.000,9999.000,9999.000,9999.000,9999.000,9999.000,9999.000
202605160912,   2.026,9999.000,9999.000,9999.000,9999.000,9999.000,9999.000,9999.000,9999.000
202605160918,   2.221,9999.000,9999.000,9999.000,9999.000,9999.000,9999.000,9999.000,9999.000
202605160924,   2.417,9999.000,9999.000,9999.000,9999.000,9999.000,9999.000,9999.000,9999.000
202605160930,   2.611,9999.000,9999.000,9999.000,9999.000,9999.000,9999.000,9999.000,9999.000
202605160936,   2.804,9999.000,9999.000,9999.000,9999.000,9999.000,9999.000,9999.000,9999.000
202605160942,   2.995,9999.000,9999.000,9999.000,9999.000,9999.000,9999.000,9999.000,9999.000
202605160948,   3.181,9999.000,9999.000,9999.000,9999.000,9999.000,9999.000,9999.000,9999.000
202605160954,   3.363,9999.000,9999.000,9999.000,9999.000,9999.000,9999.000,9999.000,9999.000
202605161000,   3.541,9999.000,   0.200,   0.323,   4.064,   0.200,   4.064,   0.300,   4.164
202605161006,   3.712,9999.000,9999.000,9999.000,9999.000,9999.000,9999.000,9999.000,9999.000
202605161012,   3.878,9999.000,9999.000,9999.000,9999.000,9999.000,9999.000,9999.000,9999.000
202605161018,   4.037,9999.000,9999.000,9999.000,9999.000,9999.000,9999.000,9999.000,9999.000
202605161024,   4.190,9999.000,9999.000,9999.000,9999.000,9999.000,9999.000,9999.000,9999.000
202605161030,   4.335,9999.000,9999.000,9999.000,9999.000,9999.000,9999.000,9999.000,9999.000
202605161036,   4.473,9999.000,9999.000,9999.000,9999.000,9999.000,9999.000,9999.000,9999.000
202605161042,   4.603,9999.000,9999.000,9999.000,9999.000,9999.000,9999.000,9999.000,9999.000
202605161048,   4.726,9999.000,9999.000,9999.000,9999.000,9999.000,9999.000,9999.000,9999.000
202605161054,   4.841,9999.000,9999.000,9999.000,9999.000,9999.000,9999.000,9999.000,9999.000
202605161100,   4.948,9999.000,   0.200,   0.323,   5.471,   0.200,   5.471,   0.300,   5.571
202605161106,   5.047,9999.000,9999.000,9999.000,9999.000,9999.000,9999.000,9999.000,9999.000
202605161112,   5.138,9999.000,9999.000,9999.000,9999.000,9999.000,9999.000,9999.000,9999.000
202605161118,   5.221,9999.000,9999.000,9999.000,9999.000,9999.000,9999.000,9999.000,9999.000
202605161124,   5.296,9999.000,9999.000,9999.000,9999.000,9999.000,9999.000,9999.000,9999.000
202605161130,   5.364,9999.000,9999.000,9999.000,9999.000,9999.000,9999.000,9999.000,9999.000
202605161136,   5.423,9999.000,9999.000,9999.000,9999.000,9999.000,9999.000,9999.000,9999.000
202605161142,   5.474,9999.000,9999.000,9999.000,9999.000,9999.000,9999.000,9999.000,9999.000
202605161148,   5.518,9999.000,9999.000,9999.000,9999.000,9999.000,9999.000,9999.000,9999.000
202605161154,   5.553,9999.000,9999.000,9999.000,9999.000,9999.000,9999.000,9999.000,9999.000
202605161200,   5.581,9999.000,   0.200,   0.323,   6.104,   0.100,   6.004,   0.300,   6.204
202605161206,   5.601,9999.000,9999.000,9999.000,9999.000,9999.000,9999.000,9999.000,9999.000
202605161212,   5.613,9999.000,9999.000,9999.000,9999.000,9999.000,9999.000,9999.000,9999.000
202605161218,   5.617,9999.000,9999.000,9999.000,9999.000,9999.000,9999.000,9999.000,9999.000
202605161224,   5.613,9999.000,9999.000,9999.000,9999.000,9999.000,9999.000,9999.000,9999.000
202605161230,   5.602,9999.000,9999.000,9999.000,9999.000,9999.000,9999.000,9999.000,9999.000
202605161236,   5.583,9999.000,9999.000,9999.000,9999.000,9999.000,9999.000,9999.000,9999.000
202605161242,   5.556,9999.000,9999.000,9999.000,9999.000,9999.000,9999.000,9999.000,9999.000
202605161248,   5.522,9999.000,9999.000,9999.000,9999.000,9999.000,9999.000,9999.000,9999.000
202605161254,   5.480,9999.000,9999.000,9999.000,9999.000,9999.000,9999.000,9999.000,9999.000
202605161300,   5.431,9999.000,   0.200,   0.323,   5.954,   0.100,   5.854,   0.300,   6.054
202605161306,   5.375,9999.000,9999.000,9999.000,9999.000,9999.000,9999.000,9999.000,9999.000
202605161312,   5.311,9999.000,9999.000,9999.000,9999.000,9999.000,9999.000,9999.000,9999.000
202605161318,   5.241,9999.000,9999.000,9999.000,9999.000,9999.000,9999.000,9999.000,9999.000
202605161324,   5.164,9999.000,9999.000,9999.000,9999.000,9999.000,9999.000,9999.000,9999.000
202605161330,   5.081,9999.000,9999.000,9999.000,9999.000,9999.000,9999.000,9999.000,9999.000
202605161336,   4.992,9999.000,9999.000,9999.000,9999.000,9999.000,9999.000,9999.000,9999.000
202605161342,   4.896,9999.000,9999.000,9999.000,9999.000,9999.000,9999.000,9999.000,9999.000
202605161348,   4.795,9999.000,9999.000,9999.000,9999.000,9999.000,9999.000,9999.000,9999.000
202605161354,   4.688,9999.000,9999.000,9999.000,9999.000,9999.000,9999.000,9999.000,9999.000
202605161400,   4.577,9999.000,   0.200,   0.323,   5.100,   0.100,   5.000,   0.300,   5.200
202605161406,   4.460,9999.000,9999.000,9999.000,9999.000,9999.000,9999.000,9999.000,9999.000
202605161412,   4.339,9999.000,9999.000,9999.000,9999.000,9999.000,9999.000,9999.000,9999.000
202605161418,   4.214,9999.000,9999.000,9999.000,9999.000,9999.000,9999.000,9999.000,9999.000
202605161424,   4.086,9999.000,9999.000,9999.000,9999.000,9999.000,9999.000,9999.000,9999.000
202605161430,   3.954,9999.000,9999.000,9999.000,9999.000,9999.000,9999.000,9999.000,9999.000
202605161436,   3.819,9999.000,9999.000,9999.000,9999.000,9999.000,9999.000,9999.000,9999.000
202605161442,   3.682,9999.000,9999.000,9999.000,9999.000,9999.000,9999.000,9999.000,9999.000
202605161448,   3.543,9999.000,9999.000,9999.000,9999.000,9999.000,9999.000,9999.000,9999.000
202605161454,   3.403,9999.000,9999.000,9999.000,9999.000,9999.000,9999.000,9999.000,9999.000
202605161500,   3.261,9999.000,   0.100,   0.323,   3.684,   0.100,   3.684,   0.300,   3.884
202605161506,   3.119,9999.000,9999.000,9999.000,9999.000,9999.000,9999.000,9999.000,9999.000
202605161512,   2.976,9999.000,9999.000,9999.000,9999.000,9999.000,9999.000,9999.000,9999.000
202605161518,   2.833,9999.000,9999.000,9999.000,9999.000,9999.000,9999.000,9999.000,9999.000
202605161524,   2.691,9999.000,9999.000,9999.000,9999.000,9999.000,9999.000,9999.000,9999.000
202605161530,   2.550,9999.000,9999.000,9999.000,9999.000,9999.000,9999.000,9999.000,9999.000
202605161536,   2.410,9999.000,9999.000,9999.000,9999.000,9999.000,9999.000,9999.000,9999.000
202605161542,   2.271,9999.000,9999.000,9999.000,9999.000,9999.000,9999.000,9999.000,9999.000
202605161548,   2.134,9999.000,9999.000,9999.000,9999.000,9999.000,9999.000,9999.000,9999.000
202605161554,   2.000,9999.000,9999.000,9999.000,9999.000,9999.000,9999.000,9999.000,9999.000
202605161600,   1.868,9999.000,   0.100,   0.323,   2.291,   0.100,   2.291,   0.200,   2.391
202605161606,   1.738,9999.000,9999.000,9999.000,9999.000,9999.000,9999.000,9999.000,9999.000
202605161612,   1.612,9999.000,9999.000,9999.000,9999.000,9999.000,9999.000,9999.000,9999.000
202605161618,   1.488,9999.000,9999.000,9999.000,9999.000,9999.000,9999.000,9999.000,9999.000
202605161624,   1.368,9999.000,9999.000,9999.000,9999.000,9999.000,9999.000,9999.000,9999.000
202605161630,   1.251,9999.000,9999.000,9999.000,9999.000,9999.000,9999.000,9999.000,9999.000
202605161636,   1.138,9999.000,9999.000,9999.000,9999.000,9999.000,9999.000,9999.000,9999.000
202605161642,   1.028,9999.000,9999.000,9999.000,9999.000,9999.000,9999.000,9999.000,9999.000
202605161648,   0.922,9999.000,9999.000,9999.000,9999.000,9999.000,9999.000,9999.000,9999.000
202605161654,   0.820,9999.000,9999.000,9999.000,9999.000,9999.000,9999.000,9999.000,9999.000
202605161700,   0.721,9999.000,   0.100,   0.323,   1.144,   0.000,   1.044,   0.200,   1.244
202605161706,   0.627,9999.000,9999.000,9999.000,9999.000,9999.000,9999.000,9999.000,9999.000
202605161712,   0.536,9999.000,9999.000,9999.000,9999.000,9999.000,9999.000,9999.000,9999.000
202605161718,   0.450,9999.000,9999.000,9999.000,9999.000,9999.000,9999.000,9999.000,9999.000
202605161724,   0.367,9999.000,9999.000,9999.000,9999.000,9999.000,9999.000,9999.000,9999.000
202605161730,   0.289,9999.000,9999.000,9999.000,9999.000,9999.000,9999.000,9999.000,9999.000
202605161736,   0.214,9999.000,9999.000,9999.000,9999.000,9999.000,9999.000,9999.000,9999.000
202605161742,   0.144,9999.000,9999.000,9999.000,9999.000,9999.000,9999.000,9999.000,9999.000
202605161748,   0.078,9999.000,9999.000,9999.000,9999.000,9999.000,9999.000,9999.000,9999.000
202605161754,   0.016,9999.000,9999.000,9999.000,9999.000,9999.000,9999.000,9999.000,9999.000
202605161800,  -0.040,9999.000,   0.100,   0.323,   0.383,   0.000,   0.283,   0.200,   0.483
202605161806,  -0.093,9999.000,9999.000,9999.000,9999.000,9999.000,9999.000,9999.000,9999.000
202605161812,  -0.141,9999.000,9999.000,9999.000,9999.000,9999.000,9999.000,9999.000,9999.000
202605161818,  -0.183,9999.000,9999.000,9999.000,9999.000,9999.000,9999.000,9999.000,9999.000
202605161824,  -0.220,9999.000,9999.000,9999.000,9999.000,9999.000,9999.000,9999.000,9999.000
202605161830,  -0.251,9999.000,9999.000,9999.000,9999.000,9999.000,9999.000,9999.000,9999.000
202605161836,  -0.277,9999.000,9999.000,9999.000,9999.000,9999.000,9999.000,9999.000,9999.000
202605161842,  -0.295,9999.000,9999.000,9999.000,9999.000,9999.000,9999.000,9999.000,9999.000
202605161848,  -0.307,9999.000,9999.000,9999.000,9999.000,9999.000,9999.000,9999.000,9999.000
202605161854,  -0.311,9999.000,9999.000,9999.000,9999.000,9999.000,9999.000,9999.000,9999.000
202605161900,  -0.308,9999.000,   0.100,   0.323,   0.115,   0.000,   0.015,   0.200,   0.215
202605161906,  -0.296,9999.000,9999.000,9999.000,9999.000,9999.000,9999.000,9999.000,9999.000
202605161912,  -0.275,9999.000,9999.000,9999.000,9999.000,9999.000,9999.000,9999.000,9999.000
202605161918,  -0.245,9999.000,9999.000,9999.000,9999.000,9999.000,9999.000,9999.000,9999.000
202605161924,  -0.205,9999.000,9999.000,9999.000,9999.000,9999.000,9999.000,9999.000,9999.000
202605161930,  -0.155,9999.000,9999.000,9999.000,9999.000,9999.000,9999.000,9999.000,9999.000
202605161936,  -0.094,9999.000,9999.000,9999.000,9999.000,9999.000,9999.000,9999.000,9999.000
202605161942,  -0.022,9999.000,9999.000,9999.000,9999.000,9999.000,9999.000,9999.000,9999.000
202605161948,   0.061,9999.000,9999.000,9999.000,9999.000,9999.000,9999.000,9999.000,9999.000
202605161954,   0.156,9999.000,9999.000,9999.000,9999.000,9999.000,9999.000,9999.000,9999.000
202605162000,   0.264,9999.000,   0.100,   0.323,   0.687,   0.000,   0.587,   0.200,   0.787
202605162006,   0.383,9999.000,9999.000,9999.000,9999.000,9999.000,9999.000,9999.000,9999.000
202605162012,   0.515,9999.000,9999.000,9999.000,9999.000,9999.000,9999.000,9999.000,9999.000
202605162018,   0.658,9999.000,9999.000,9999.000,9999.000,9999.000,9999.000,9999.000,9999.000
202605162024,   0.814,9999.000,9999.000,9999.000,9999.000,9999.000,9999.000,9999.000,9999.000
202605162030,   0.981,9999.000,9999.000,9999.000,9999.000,9999.000,9999.000,9999.000,9999.000
202605162036,   1.158,9999.000,9999.000,9999.000,9999.000,9999.000,9999.000,9999.000,9999.000
202605162042,   1.347,9999.000,9999.000,9999.000,9999.000,9999.000,9999.000,9999.000,9999.000
202605162048,   1.544,9999.000,9999.000,9999.000,9999.000,9999.000,9999.000,9999.000,9999.000
202605162054,   1.751,9999.000,9999.000,9999.000,9999.000,9999.000,9999.000,9999.000,9999.000
202605162100,   1.965,9999.000,   0.100,   0.323,   2.388,   0.000,   2.288,   0.200,   2.488
202605162106,   2.185,9999.000,9999.000,9999.000,9999.000,9999.000,9999.000,9999.000,9999.000
202605162112,   2.411,9999.000,9999.000,9999.000,9999.000,9999.000,9999.000,9999.000,9999.000
202605162118,   2.641,9999.000,9999.000,9999.000,9999.000,9999.000,9999.000,9999.000,9999.000
202605162124,   2.874,9999.000,9999.000,9999.000,9999.000,9999.000,9999.000,9999.000,9999.000
202605162130,   3.109,9999.000,9999.000,9999.000,9999.000,9999.000,9999.000,9999.000,9999.000
202605162136,   3.344,9999.000,9999.000,9999.000,9999.000,9999.000,9999.000,9999.000,9999.000
202605162142,   3.578,9999.000,9999.000,9999.000,9999.000,9999.000,9999.000,9999.000,9999.000
202605162148,   3.809,9999.000,9999.000,9999.000,9999.000,9999.000,9999.000,9999.000,9999.000
202605162154,   4.038,9999.000,9999.000,9999.000,9999.000,9999.000,9999.000,9999.000,9999.000
202605162200,   4.262,9999.000,   0.100,   0.323,   4.685,   0.000,   4.585,   0.200,   4.785
202605162206,   4.480,9999.000,9999.000,9999.000,9999.000,9999.000,9999.000,9999.000,9999.000
202605162212,   4.693,9999.000,9999.000,9999.000,9999.000,9999.000,9999.000,9999.000,9999.000
202605162218,   4.898,9999.000,9999.000,9999.000,9999.000,9999.000,9999.000,9999.000,9999.000
202605162224,   5.096,9999.000,9999.000,9999.000,9999.000,9999.000,9999.000,9999.000,9999.000
202605162230,   5.285,9999.000,9999.000,9999.000,9999.000,9999.000,9999.000,9999.000,9999.000
202605162236,   5.466,9999.000,9999.000,9999.000,9999.000,9999.000,9999.000,9999.000,9999.000
202605162242,   5.638,9999.000,9999.000,9999.000,9999.000,9999.000,9999.000,9999.000,9999.000
202605162248,   5.801,9999.000,9999.000,9999.000,9999.000,9999.000,9999.000,9999.000,9999.000
202605162254,   5.954,9999.000,9999.000,9999.000,9999.000,9999.000,9999.000,9999.000,9999.000
202605162300,   6.098,9999.000,   0.100,   0.323,   6.521,   0.000,   6.421,   0.200,   6.621
202605162306,   6.232,9999.000,9999.000,9999.000,9999.000,9999.000,9999.000,9999.000,9999.000
202605162312,   6.356,9999.000,9999.000,9999.000,9999.000,9999.000,9999.000,9999.000,9999.000
202605162318,   6.471,9999.000,9999.000,9999.000,9999.000,9999.000,9999.000,9999.000,9999.000
202605162324,   6.575,9999.000,9999.000,9999.000,9999.000,9999.000,9999.000,9999.000,9999.000
202605162330,   6.671,9999.000,9999.000,9999.000,9999.000,9999.000,9999.000,9999.000,9999.000
202605162336,   6.756,9999.000,9999.000,9999.000,9999.000,9999.000,9999.000,9999.000,9999.000
202605162342,   6.833,9999.000,9999.000,9999.000,9999.000,9999.000,9999.000,9999.000,9999.000
202605162348,   6.900,9999.000,9999.000,9999.000,9999.000,9999.000,9999.000,9999.000,9999.000
202605162354,   6.958,9999.000,9999.000,9999.000,9999.000,9999.000,9999.000,9999.000,9999.000
202605170000,   7.006,9999.000,   0.100,   0.323,   7.429,   0.000,   7.329,   0.200,   7.529
202605170006,   7.046,9999.000,9999.000,9999.000,9999.000,9999.000,9999.000,9999.000,9999.000
202605170012,   7.078,9999.000,9999.000,9999.000,9999.000,9999.000,9999.000,9999.000,9999.000
202605170018,   7.100,9999.000,9999.000,9999.000,9999.000,9999.000,9999.000,9999.000,9999.000
202605170024,   7.114,9999.000,9999.000,9999.000,9999.000,9999.000,9999.000,9999.000,9999.000
202605170030,   7.120,9999.000,9999.000,9999.000,9999.000,9999.000,9999.000,9999.000,9999.000
202605170036,   7.117,9999.000,9999.000,9999.000,9999.000,9999.000,9999.000,9999.000,9999.000
202605170042,   7.106,9999.000,9999.000,9999.000,9999.000,9999.000,9999.000,9999.000,9999.000
202605170048,   7.087,9999.000,9999.000,9999.000,9999.000,9999.000,9999.000,9999.000,9999.000
202605170054,   7.060,9999.000,9999.000,9999.000,9999.000,9999.000,9999.000,9999.000,9999.000
202605170100,   7.025,9999.000,   0.100,   0.323,   7.448,   0.000,   7.348,   0.200,   7.548
202605170106,   6.983,9999.000,9999.000,9999.000,9999.000,9999.000,9999.000,9999.000,9999.000
202605170112,   6.933,9999.000,9999.000,9999.000,9999.000,9999.000,9999.000,9999.000,9999.000
202605170118,   6.875,9999.000,9999.000,9999.000,9999.000,9999.000,9999.000,9999.000,9999.000
202605170124,   6.810,9999.000,9999.000,9999.000,9999.000,9999.000,9999.000,9999.000,9999.000
202605170130,   6.738,9999.000,9999.000,9999.000,9999.000,9999.000,9999.000,9999.000,9999.000
202605170136,   6.659,9999.000,9999.000,9999.000,9999.000,9999.000,9999.000,9999.000,9999.000
202605170142,   6.572,9999.000,9999.000,9999.000,9999.000,9999.000,9999.000,9999.000,9999.000
202605170148,   6.479,9999.000,9999.000,9999.000,9999.000,9999.000,9999.000,9999.000,9999.000
202605170154,   6.380,9999.000,9999.000,9999.000,9999.000,9999.000,9999.000,9999.000,9999.000
202605170200,   6.274,9999.000,   0.100,   0.323,   6.697,   0.000,   6.597,   0.200,   6.797
202605170206,   6.162,9999.000,9999.000,9999.000,9999.000,9999.000,9999.000,9999.000,9999.000
202605170212,   6.044,9999.000,9999.000,9999.000,9999.000,9999.000,9999.000,9999.000,9999.000
202605170218,   5.921,9999.000,9999.000,9999.000,9999.000,9999.000,9999.000,9999.000,9999.000
202605170224,   5.792,9999.000,9999.000,9999.000,9999.000,9999.000,9999.000,9999.000,9999.000
202605170230,   5.659,9999.000,9999.000,9999.000,9999.000,9999.000,9999.000,9999.000,9999.000
202605170236,   5.521,9999.000,9999.000,9999.000,9999.000,9999.000,9999.000,9999.000,9999.000
202605170242,   5.378,9999.000,9999.000,9999.000,9999.000,9999.000,9999.000,9999.000,9999.000
202605170248,   5.232,9999.000,9999.000,9999.000,9999.000,9999.000,9999.000,9999.000,9999.000
202605170254,   5.082,9999.000,9999.000,9999.000,9999.000,9999.000,9999.000,9999.000,9999.000
202605170300,   4.929,9999.000,   0.000,   0.323,   5.252,   0.000,   5.252,   0.100,   5.352
202605170306,   4.773,9999.000,9999.000,9999.000,9999.000,9999.000,9999.000,9999.000,9999.000
202605170312,   4.615,9999.000,9999.000,9999.000,9999.000,9999.000,9999.000,9999.000,9999.000
202605170318,   4.455,9999.000,9999.000,9999.000,9999.000,9999.000,9999.000,9999.000,9999.000
202605170324,   4.293,9999.000,9999.000,9999.000,9999.000,9999.000,9999.000,9999.000,9999.000
202605170330,   4.130,9999.000,9999.000,9999.000,9999.000,9999.000,9999.000,9999.000,9999.000
202605170336,   3.967,9999.000,9999.000,9999.000,9999.000,9999.000,9999.000,9999.000,9999.000
202605170342,   3.803,9999.000,9999.000,9999.000,9999.000,9999.000,9999.000,9999.000,9999.000
202605170348,   3.639,9999.000,9999.000,9999.000,9999.000,9999.000,9999.000,9999.000,9999.000
202605170354,   3.476,9999.000,9999.000,9999.000,9999.000,9999.000,9999.000,9999.000,9999.000
202605170400,   3.313,9999.000,   0.000,   0.323,   3.636,  -0.100,   3.536,   0.000,   3.636
202605170406,   3.151,9999.000,9999.000,9999.000,9999.000,9999.000,9999.000,9999.000,9999.000
202605170412,   2.991,9999.000,9999.000,9999.000,9999.000,9999.000,9999.000,9999.000,9999.000
202605170418,   2.832,9999.000,9999.000,9999.000,9999.000,9999.000,9999.000,9999.000,9999.000
202605170424,   2.676,9999.000,9999.000,9999.000,9999.000,9999.000,9999.000,9999.000,9999.000
202605170430,   2.521,9999.000,9999.000,9999.000,9999.000,9999.000,9999.000,9999.000,9999.000
202605170436,   2.369,9999.000,9999.000,9999.000,9999.000,9999.000,9999.000,9999.000,9999.000
202605170442,   2.219,9999.000,9999.000,9999.000,9999.000,9999.000,9999.000,9999.000,9999.000
202605170448,   2.072,9999.000,9999.000,9999.000,9999.000,9999.000,9999.000,9999.000,9999.000
202605170454,   1.928,9999.000,9999.000,9999.000,9999.000,9999.000,9999.000,9999.000,9999.000
202605170500,   1.787,9999.000,   0.000,   0.323,   2.110,  -0.100,   2.010,   0.000,   2.110
202605170506,   1.648,9999.000,9999.000,9999.000,9999.000,9999.000,9999.000,9999.000,9999.000
202605170512,   1.513,9999.000,9999.000,9999.000,9999.000,9999.000,9999.000,9999.000,9999.000
202605170518,   1.381,9999.000,9999.000,9999.000,9999.000,9999.000,9999.000,9999.000,9999.000
202605170524,   1.251,9999.000,9999.000,9999.000,9999.000,9999.000,9999.000,9999.000,9999.000
202605170530,   1.125,9999.000,9999.000,9999.000,9999.000,9999.000,9999.000,9999.000,9999.000
202605170536,   1.003,9999.000,9999.000,9999.000,9999.000,9999.000,9999.000,9999.000,9999.000
202605170542,   0.883,9999.000,9999.000,9999.000,9999.000,9999.000,9999.000,9999.000,9999.000
202605170548,   0.766,9999.000,9999.000,9999.000,9999.000,9999.000,9999.000,9999.000,9999.000
202605170554,   0.653,9999.000,9999.000,9999.000,9999.000,9999.000,9999.000,9999.000,9999.000
202605170600,   0.543,9999.000,  -0.100,   0.323,   0.766,  -0.200,   0.666,   0.000,   0.866
202605170606,   0.437,9999.000,9999.000,9999.000,9999.000,9999.000,9999.000,9999.000,9999.000
202605170612,   0.334,9999.000,9999.000,9999.000,9999.000,9999.000,9999.000,9999.000,9999.000
202605170618,   0.234,9999.000,9999.000,9999.000,9999.000,9999.000,9999.000,9999.000,9999.000
202605170624,   0.139,9999.000,9999.000,9999.000,9999.000,9999.000,9999.000,9999.000,9999.000
202605170630,   0.047,9999.000,9999.000,9999.000,9999.000,9999.000,9999.000,9999.000,9999.000
202605170636,  -0.040,9999.000,9999.000,9999.000,9999.000,9999.000,9999.000,9999.000,9999.000
202605170642,  -0.123,9999.000,9999.000,9999.000,9999.000,9999.000,9999.000,9999.000,9999.000
202605170648,  -0.201,9999.000,9999.000,9999.000,9999.000,9999.000,9999.000,9999.000,9999.000
202605170654,  -0.274,9999.000,9999.000,9999.000,9999.000,9999.000,9999.000,9999.000,9999.000
202605170700,  -0.342,9999.000,  -0.100,   0.323,  -0.119,  -0.300,  -0.319,   0.000,  -0.019
202605170706,  -0.405,9999.000,9999.000,9999.000,9999.000,9999.000,9999.000,9999.000,9999.000
202605170712,  -0.460,9999.000,9999.000,9999.000,9999.000,9999.000,9999.000,9999.000,9999.000
202605170718,  -0.510,9999.000,9999.000,9999.000,9999.000,9999.000,9999.000,9999.000,9999.000
202605170724,  -0.552,9999.000,9999.000,9999.000,9999.000,9999.000,9999.000,9999.000,9999.000
202605170730,  -0.587,9999.000,9999.000,9999.000,9999.000,9999.000,9999.000,9999.000,9999.000
202605170736,  -0.613,9999.000,9999.000,9999.000,9999.000,9999.000,9999.000,9999.000,9999.000
202605170742,  -0.631,9999.000,9999.000,9999.000,9999.000,9999.000,9999.000,9999.000,9999.000
202605170748,  -0.641,9999.000,9999.000,9999.000,9999.000,9999.000,9999.000,9999.000,9999.000
202605170754,  -0.640,9999.000,9999.000,9999.000,9999.000,9999.000,9999.000,9999.000,9999.000
202605170800,  -0.630,9999.000,  -0.200,   0.323,  -0.507,  -0.300,  -0.607,  -0.100,  -0.407
202605170806,  -0.609,9999.000,9999.000,9999.000,9999.000,9999.000,9999.000,9999.000,9999.000
202605170812,  -0.578,9999.000,9999.000,9999.000,9999.000,9999.000,9999.000,9999.000,9999.000
202605170818,  -0.535,9999.000,9999.000,9999.000,9999.000,9999.000,9999.000,9999.000,9999.000
202605170824,  -0.481,9999.000,9999.000,9999.000,9999.000,9999.000,9999.000,9999.000,9999.000
202605170830,  -0.416,9999.000,9999.000,9999.000,9999.000,9999.000,9999.000,9999.000,9999.000
202605170836,  -0.338,9999.000,9999.000,9999.000,9999.000,9999.000,9999.000,9999.000,9999.000
202605170842,  -0.248,9999.000,9999.000,9999.000,9999.000,9999.000,9999.000,9999.000,9999.000
202605170848,  -0.146,9999.000,9999.000,9999.000,9999.000,9999.000,9999.000,9999.000,9999.000
202605170854,  -0.033,9999.000,9999.000,9999.000,9999.000,9999.000,9999.000,9999.000,9999.000
202605170900,   0.092,9999.000,  -0.200,   0.323,   0.215,  -0.400,   0.015,  -0.100,   0.315
202605170906,   0.228,9999.000,9999.000,9999.000,9999.000,9999.000,9999.000,9999.000,9999.000
202605170912,   0.375,9999.000,9999.000,9999.000,9999.000,9999.000,9999.000,9999.000,9999.000
202605170918,   0.533,9999.000,9999.000,9999.000,9999.000,9999.000,9999.000,9999.000,9999.000
202605170924,   0.700,9999.000,9999.000,9999.000,9999.000,9999.000,9999.000,9999.000,9999.000
202605170930,   0.875,9999.000,9999.000,9999.000,9999.000,9999.000,9999.000,9999.000,9999.000
202605170936,   1.058,9999.000,9999.000,9999.000,9999.000,9999.000,9999.000,9999.000,9999.000
202605170942,   1.247,9999.000,9999.000,9999.000,9999.000,9999.000,9999.000,9999.000,9999.000
202605170948,   1.442,9999.000,9999.000,9999.000,9999.000,9999.000,9999.000,9999.000,9999.000
202605170954,   1.641,9999.000,9999.000,9999.000,9999.000,9999.000,9999.000,9999.000,9999.000
202605171000,   1.843,9999.000,  -0.300,   0.323,   1.866,  -0.400,   1.766,  -0.100,   2.066
202605171006,   2.046,9999.000,9999.000,9999.000,9999.000,9999.000,9999.000,9999.000,9999.000
202605171012,   2.250,9999.000,9999.000,9999.000,9999.000,9999.000,9999.000,9999.000,9999.000
202605171018,   2.453,9999.000,9999.000,9999.000,9999.000,9999.000,9999.000,9999.000,9999.000
202605171024,   2.655,9999.000,9999.000,9999.000,9999.000,9999.000,9999.000,9999.000,9999.000
202605171030,   2.854,9999.000,9999.000,9999.000,9999.000,9999.000,9999.000,9999.000,9999.000
202605171036,   3.049,9999.000,9999.000,9999.000,9999.000,9999.000,9999.000,9999.000,9999.000
202605171042,   3.240,9999.000,9999.000,9999.000,9999.000,9999.000,9999.000,9999.000,9999.000
202605171048,   3.426,9999.000,9999.000,9999.000,9999.000,9999.000,9999.000,9999.000,9999.000
202605171054,   3.606,9999.000,9999.000,9999.000,9999.000,9999.000,9999.000,9999.000,9999.000
202605171100,   3.780,9999.000,  -0.300,   0.323,   3.803,  -0.500,   3.603,  -0.200,   3.903
202605171106,   3.946,9999.000,9999.000,9999.000,9999.000,9999.000,9999.000,9999.000,9999.000
202605171112,   4.106,9999.000,9999.000,9999.000,9999.000,9999.000,9999.000,9999.000,9999.000
202605171118,   4.258,9999.000,9999.000,9999.000,9999.000,9999.000,9999.000,9999.000,9999.000
202605171124,   4.402,9999.000,9999.000,9999.000,9999.000,9999.000,9999.000,9999.000,9999.000
202605171130,   4.538,9999.000,9999.000,9999.000,9999.000,9999.000,9999.000,9999.000,9999.000
202605171136,   4.667,9999.000,9999.000,9999.000,9999.000,9999.000,9999.000,9999.000,9999.000
202605171142,   4.787,9999.000,9999.000,9999.000,9999.000,9999.000,9999.000,9999.000,9999.000
202605171148,   4.899,9999.000,9999.000,9999.000,9999.000,9999.000,9999.000,9999.000,9999.000
202605171154,   5.003,9999.000,9999.000,9999.000,9999.000,9999.000,9999.000,9999.000,9999.000
202605171200,   5.099,9999.000,  -0.400,   0.323,   5.022,  -0.500,   4.922,  -0.300,   5.122
202605171206,   5.186,9999.000,9999.000,9999.000,9999.000,9999.000,9999.000,9999.000,9999.000
202605171212,   5.266,9999.000,9999.000,9999.000,9999.000,9999.000,9999.000,9999.000,9999.000
202605171218,   5.338,9999.000,9999.000,9999.000,9999.000,9999.000,9999.000,9999.000,9999.000
202605171224,   5.401,9999.000,9999.000,9999.000,9999.000,9999.000,9999.000,9999.000,9999.000
202605171230,   5.457,9999.000,9999.000,9999.000,9999.000,9999.000,9999.000,9999.000,9999.000
202605171236,   5.505,9999.000,9999.000,9999.000,9999.000,9999.000,9999.000,9999.000,9999.000
202605171242,   5.544,9999.000,9999.000,9999.000,9999.000,9999.000,9999.000,9999.000,9999.000
202605171248,   5.576,9999.000,9999.000,9999.000,9999.000,9999.000,9999.000,9999.000,9999.000
202605171254,   5.601,9999.000,9999.000,9999.000,9999.000,9999.000,9999.000,9999.000,9999.000
202605171300,   5.617,9999.000,  -0.400,   0.323,   5.540,  -0.500,   5.440,  -0.300,   5.640
202605171306,   5.626,9999.000,9999.000,9999.000,9999.000,9999.000,9999.000,9999.000,9999.000
202605171312,   5.627,9999.000,9999.000,9999.000,9999.000,9999.000,9999.000,9999.000,9999.000
202605171318,   5.621,9999.000,9999.000,9999.000,9999.000,9999.000,9999.000,9999.000,9999.000
202605171324,   5.606,9999.000,9999.000,9999.000,9999.000,9999.000,9999.000,9999.000,9999.000
202605171330,   5.585,9999.000,9999.000,9999.000,9999.000,9999.000,9999.000,9999.000,9999.000
202605171336,   5.556,9999.000,9999.000,9999.000,9999.000,9999.000,9999.000,9999.000,9999.000
202605171342,   5.519,9999.000,9999.000,9999.000,9999.000,9999.000,9999.000,9999.000,9999.000
202605171348,   5.475,9999.000,9999.000,9999.000,9999.000,9999.000,9999.000,9999.000,9999.000
202605171354,   5.424,9999.000,9999.000,9999.000,9999.000,9999.000,9999.000,9999.000,9999.000
202605171400,   5.366,9999.000,  -0.400,   0.323,   5.289,  -0.600,   5.089,  -0.300,   5.389
202605171406,   5.302,9999.000,9999.000,9999.000,9999.000,9999.000,9999.000,9999.000,9999.000
202605171412,   5.230,9999.000,9999.000,9999.000,9999.000,9999.000,9999.000,9999.000,9999.000
202605171418,   5.152,9999.000,9999.000,9999.000,9999.000,9999.000,9999.000,9999.000,9999.000
202605171424,   5.067,9999.000,9999.000,9999.000,9999.000,9999.000,9999.000,9999.000,9999.000
202605171430,   4.976,9999.000,9999.000,9999.000,9999.000,9999.000,9999.000,9999.000,9999.000
202605171436,   4.880,9999.000,9999.000,9999.000,9999.000,9999.000,9999.000,9999.000,9999.000
202605171442,   4.777,9999.000,9999.000,9999.000,9999.000,9999.000,9999.000,9999.000,9999.000
202605171448,   4.670,9999.000,9999.000,9999.000,9999.000,9999.000,9999.000,9999.000,9999.000
202605171454,   4.557,9999.000,9999.000,9999.000,9999.000,9999.000,9999.000,9999.000,9999.000
202605171500,   4.440,9999.000,  -0.400,   0.323,   4.363,  -0.600,   4.163,  -0.300,   4.463
202605171506,   4.319,9999.000,9999.000,9999.000,9999.000,9999.000,9999.000,9999.000,9999.000
202605171512,   4.194,9999.000,9999.000,9999.000,9999.000,9999.000,9999.000,9999.000,9999.000
202605171518,   4.065,9999.000,9999.000,9999.000,9999.000,9999.000,9999.000,9999.000,9999.000
202605171524,   3.933,9999.000,9999.000,9999.000,9999.000,9999.000,9999.000,9999.000,9999.000
202605171530,   3.798,9999.000,9999.000,9999.000,9999.000,9999.000,9999.000,9999.000,9999.000
202605171536,   3.661,9999.000,9999.000,9999.000,9999.000,9999.000,9999.000,9999.000,9999.000
202605171542,   3.522,9999.000,9999.000,9999.000,9999.000,9999.000,9999.000,9999.000,9999.000
202605171548,   3.382,9999.000,9999.000,9999.000,9999.000,9999.000,9999.000,9999.000,9999.000
202605171554,   3.241,9999.000,9999.000,9999.000,9999.000,9999.000,9999.000,9999.000,9999.000
202605171600,   3.099,9999.000,  -0.400,   0.323,   3.022,  -0.600,   2.822,  -0.300,   3.122
202605171606,   2.957,9999.000,9999.000,9999.000,9999.000,9999.000,9999.000,9999.000,9999.000
202605171612,   2.815,9999.000,9999.000,9999.000,9999.000,9999.000,9999.000,9999.000,9999.000
202605171618,   2.673,9999.000,9999.000,9999.000,9999.000,9999.000,9999.000,9999.000,9999.000
202605171624,   2.532,9999.000,9999.000,9999.000,9999.000,9999.000,9999.000,9999.000,9999.000
202605171630,   2.393,9999.000,9999.000,9999.000,9999.000,9999.000,9999.000,9999.000,9999.000
202605171636,   2.255,9999.000,9999.000,9999.000,9999.000,9999.000,9999.000,9999.000,9999.000
202605171642,   2.119,9999.000,9999.000,9999.000,9999.000,9999.000,9999.000,9999.000,9999.000
202605171648,   1.985,9999.000,9999.000,9999.000,9999.000,9999.000,9999.000,9999.000,9999.000
202605171654,   1.854,9999.000,9999.000,9999.000,9999.000,9999.000,9999.000,9999.000,9999.000
202605171700,   1.725,9999.000,  -0.400,   0.323,   1.648,  -0.500,   1.548,  -0.300,   1.748
202605171706,   1.599,9999.000,9999.000,9999.000,9999.000,9999.000,9999.000,9999.000,9999.000
202605171712,   1.476,9999.000,9999.000,9999.000,9999.000,9999.000,9999.000,9999.000,9999.000
202605171718,   1.356,9999.000,9999.000,9999.000,9999.000,9999.000,9999.000,9999.000,9999.000
202605171724,   1.239,9999.000,9999.000,9999.000,9999.000,9999.000,9999.000,9999.000,9999.000
202605171730,   1.126,9999.000,9999.000,9999.000,9999.000,9999.000,9999.000,9999.000,9999.000
202605171736,   1.016,9999.000,9999.000,9999.000,9999.000,9999.000,9999.000,9999.000,9999.000
202605171742,   0.910,9999.000,9999.000,9999.000,9999.000,9999.000,9999.000,9999.000,9999.000
202605171748,   0.807,9999.000,9999.000,9999.000,9999.000,9999.000,9999.000,9999.000,9999.000
202605171754,   0.709,9999.000,9999.000,9999.000,9999.000,9999.000,9999.000,9999.000,9999.000
202605171800,   0.613,9999.000,  -0.400,   0.323,   0.536,  -0.500,   0.436,  -0.300,   0.636
202605171806,   0.522,9999.000,9999.000,9999.000,9999.000,9999.000,9999.000,9999.000,9999.000
202605171812,   0.434,9999.000,9999.000,9999.000,9999.000,9999.000,9999.000,9999.000,9999.000
202605171818,   0.351,9999.000,9999.000,9999.000,9999.000,9999.000,9999.000,9999.000,9999.000
202605171824,   0.271,9999.000,9999.000,9999.000,9999.000,9999.000,9999.000,9999.000,9999.000
202605171830,   0.195,9999.000,9999.000,9999.000,9999.000,9999.000,9999.000,9999.000,9999.000
202605171836,   0.123,9999.000,9999.000,9999.000,9999.000,9999.000,9999.000,9999.000,9999.000
202605171842,   0.056,9999.000,9999.000,9999.000,9999.000,9999.000,9999.000,9999.000,9999.000
202605171848,  -0.006,9999.000,9999.000,9999.000,9999.000,9999.000,9999.000,9999.000,9999.000
202605171854,  -0.065,9999.000,9999.000,9999.000,9999.000,9999.000,9999.000,9999.000,9999.000
202605171900,  -0.118,9999.000,  -0.400,   0.323,  -0.195,  -0.500,  -0.295,  -0.300,  -0.095
202605171906,  -0.167,9999.000,9999.000,9999.000,9999.000,9999.000,9999.000,9999.000,9999.000
202605171912,  -0.210,9999.000,9999.000,9999.000,9999.000,9999.000,9999.000,9999.000,9999.000
202605171918,  -0.247,9999.000,9999.000,9999.000,9999.000,9999.000,9999.000,9999.000,9999.000
202605171924,  -0.278,9999.000,9999.000,9999.000,9999.000,9999.000,9999.000,9999.000,9999.000
202605171930,  -0.303,9999.000,9999.000,9999.000,9999.000,9999.000,9999.000,9999.000,9999.000
202605171936,  -0.321,9999.000,9999.000,9999.000,9999.000,9999.000,9999.000,9999.000,9999.000
202605171942,  -0.331,9999.000,9999.000,9999.000,9999.000,9999.000,9999.000,9999.000,9999.000
202605171948,  -0.334,9999.000,9999.000,9999.000,9999.000,9999.000,9999.000,9999.000,9999.000
202605171954,  -0.328,9999.000,9999.000,9999.000,9999.000,9999.000,9999.000,9999.000,9999.000
202605172000,  -0.312,9999.000,  -0.400,   0.323,  -0.389,  -0.500,  -0.489,  -0.200,  -0.189
202605172006,  -0.288,9999.000,9999.000,9999.000,9999.000,9999.000,9999.000,9999.000,9999.000
202605172012,  -0.253,9999.000,9999.000,9999.000,9999.000,9999.000,9999.000,9999.000,9999.000
202605172018,  -0.208,9999.000,9999.000,9999.000,9999.000,9999.000,9999.000,9999.000,9999.000
202605172024,  -0.152,9999.000,9999.000,9999.000,9999.000,9999.000,9999.000,9999.000,9999.000
202605172030,  -0.084,9999.000,9999.000,9999.000,9999.000,9999.000,9999.000,9999.000,9999.000
202605172036,  -0.005,9999.000,9999.000,9999.000,9999.000,9999.000,9999.000,9999.000,9999.000
202605172042,   0.086,9999.000,9999.000,9999.000,9999.000,9999.000,9999.000,9999.000,9999.000
202605172048,   0.190,9999.000,9999.000,9999.000,9999.000,9999.000,9999.000,9999.000,9999.000
202605172054,   0.307,9999.000,9999.000,9999.000,9999.000,9999.000,9999.000,9999.000,9999.000
202605172100,   0.436,9999.000,  -0.400,   0.323,   0.359,  -0.500,   0.259,  -0.200,   0.559
202605172106,   0.578,9999.000,9999.000,9999.000,9999.000,9999.000,9999.000,9999.000,9999.000
202605172112,   0.732,9999.000,9999.000,9999.000,9999.000,9999.000,9999.000,9999.000,9999.000
202605172118,   0.898,9999.000,9999.000,9999.000,9999.000,9999.000,9999.000,9999.000,9999.000
202605172124,   1.075,9999.000,9999.000,9999.000,9999.000,9999.000,9999.000,9999.000,9999.000
202605172130,   1.264,9999.000,9999.000,9999.000,9999.000,9999.000,9999.000,9999.000,9999.000
202605172136,   1.463,9999.000,9999.000,9999.000,9999.000,9999.000,9999.000,9999.000,9999.000
202605172142,   1.671,9999.000,9999.000,9999.000,9999.000,9999.000,9999.000,9999.000,9999.000
202605172148,   1.887,9999.000,9999.000,9999.000,9999.000,9999.000,9999.000,9999.000,9999.000
202605172154,   2.110,9999.000,9999.000,9999.000,9999.000,9999.000,9999.000,9999.000,9999.000
202605172200,   2.339,9999.000,  -0.300,   0.323,   2.362,  -0.500,   2.162,  -0.200,   2.462
202605172206,   2.572,9999.000,9999.000,9999.000,9999.000,9999.000,9999.000,9999.000,9999.000
202605172212,   2.808,9999.000,9999.000,9999.000,9999.000,9999.000,9999.000,9999.000,9999.000
202605172218,   3.046,9999.000,9999.000,9999.000,9999.000,9999.000,9999.000,9999.000,9999.000
202605172224,   3.285,9999.000,9999.000,9999.000,9999.000,9999.000,9999.000,9999.000,9999.000
202605172230,   3.522,9999.000,9999.000,9999.000,9999.000,9999.000,9999.000,9999.000,9999.000
202605172236,   3.757,9999.000,9999.000,9999.000,9999.000,9999.000,9999.000,9999.000,9999.000
202605172242,   3.989,9999.000,9999.000,9999.000,9999.000,9999.000,9999.000,9999.000,9999.000
202605172248,   4.216,9999.000,9999.000,9999.000,9999.000,9999.000,9999.000,9999.000,9999.000
202605172254,   4.437,9999.000,9999.000,9999.000,9999.000,9999.000,9999.000,9999.000,9999.000
202605172300,   4.652,9999.000,  -0.300,   0.323,   4.675,  -0.400,   4.575,  -0.200,   4.775
202605172306,   4.860,9999.000,9999.000,9999.000,9999.000,9999.000,9999.000,9999.000,9999.000
202605172312,   5.059,9999.000,9999.000,9999.000,9999.000,9999.000,9999.000,9999.000,9999.000
202605172318,   5.251,9999.000,9999.000,9999.000,9999.000,9999.000,9999.000,9999.000,9999.000
202605172324,   5.433,9999.000,9999.000,9999.000,9999.000,9999.000,9999.000,9999.000,9999.000
202605172330,   5.606,9999.000,9999.000,9999.000,9999.000,9999.000,9999.000,9999.000,9999.000
202605172336,   5.769,9999.000,9999.000,9999.000,9999.000,9999.000,9999.000,9999.000,9999.000
202605172342,   5.923,9999.000,9999.000,9999.000,9999.000,9999.000,9999.000,9999.000,9999.000
202605172348,   6.066,9999.000,9999.000,9999.000,9999.000,9999.000,9999.000,9999.000,9999.000
202605172354,   6.200,9999.000,9999.000,9999.000,9999.000,9999.000,9999.000,9999.000,9999.000
202605180000,   6.325,9999.000,  -0.300,   0.323,   6.348,  -0.400,   6.248,  -0.100,   6.548
202605180006,   6.439,9999.000,9999.000,9999.000,9999.000,9999.000,9999.000,9999.000,9999.000
202605180012,   6.544,9999.000,9999.000,9999.000,9999.000,9999.000,9999.000,9999.000,9999.000
202605180018,   6.639,9999.000,9999.000,9999.000,9999.000,9999.000,9999.000,9999.000,9999.000
202605180024,   6.725,9999.000,9999.000,9999.000,9999.000,9999.000,9999.000,9999.000,9999.000
202605180030,   6.802,9999.000,9999.000,9999.000,9999.000,9999.000,9999.000,9999.000,9999.000
202605180036,   6.869,9999.000,9999.000,9999.000,9999.000,9999.000,9999.000,9999.000,9999.000
202605180042,   6.928,9999.000,9999.000,9999.000,9999.000,9999.000,9999.000,9999.000,9999.000
202605180048,   6.978,9999.000,9999.000,9999.000,9999.000,9999.000,9999.000,9999.000,9999.000
202605180054,   7.019,9999.000,9999.000,9999.000,9999.000,9999.000,9999.000,9999.000,9999.000
202605180100,   7.052,9999.000,  -0.300,   0.323,   7.075,  -0.400,   6.975,  -0.200,   7.175
202605180106,   7.077,9999.000,9999.000,9999.000,9999.000,9999.000,9999.000,9999.000,9999.000
202605180112,   7.093,9999.000,9999.000,9999.000,9999.000,9999.000,9999.000,9999.000,9999.000
202605180118,   7.102,9999.000,9999.000,9999.000,9999.000,9999.000,9999.000,9999.000,9999.000
202605180124,   7.102,9999.000,9999.000,9999.000,9999.000,9999.000,9999.000,9999.000,9999.000
202605180130,   7.095,9999.000,9999.000,9999.000,9999.000,9999.000,9999.000,9999.000,9999.000
202605180136,   7.080,9999.000,9999.000,9999.000,9999.000,9999.000,9999.000,9999.000,9999.000
202605180142,   7.057,9999.000,9999.000,9999.000,9999.000,9999.000,9999.000,9999.000,9999.000
202605180148,   7.027,9999.000,9999.000,9999.000,9999.000,9999.000,9999.000,9999.000,9999.000
202605180154,   6.989,9999.000,9999.000,9999.000,9999.000,9999.000,9999.000,9999.000,9999.000
202605180200,   6.944,9999.000,  -0.300,   0.323,   6.967,  -0.400,   6.867,  -0.100,   7.167
202605180206,   6.892,9999.000,9999.000,9999.000,9999.000,9999.000,9999.000,9999.000,9999.000
202605180212,   6.833,9999.000,9999.000,9999.000,9999.000,9999.000,9999.000,9999.000,9999.000
202605180218,   6.766,9999.000,9999.000,9999.000,9999.000,9999.000,9999.000,9999.000,9999.000
202605180224,   6.693,9999.000,9999.000,9999.000,9999.000,9999.000,9999.000,9999.000,9999.000
202605180230,   6.613,9999.000,9999.000,9999.000,9999.000,9999.000,9999.000,9999.000,9999.000
202605180236,   6.526,9999.000,9999.000,9999.000,9999.000,9999.000,9999.000,9999.000,9999.000
202605180242,   6.432,9999.000,9999.000,9999.000,9999.000,9999.000,9999.000,9999.000,9999.000
202605180248,   6.333,9999.000,9999.000,9999.000,9999.000,9999.000,9999.000,9999.000,9999.000
202605180254,   6.227,9999.000,9999.000,9999.000,9999.000,9999.000,9999.000,9999.000,9999.000
202605180300,   6.115,9999.000,  -0.300,   0.323,   6.138,  -0.400,   6.038,  -0.200,   6.238
202605180306,   5.998,9999.000,9999.000,9999.000,9999.000,9999.000,9999.000,9999.000,9999.000
202605180312,   5.875,9999.000,9999.000,9999.000,9999.000,9999.000,9999.000,9999.000,9999.000
202605180318,   5.747,9999.000,9999.000,9999.000,9999.000,9999.000,9999.000,9999.000,9999.000
202605180324,   5.614,9999.000,9999.000,9999.000,9999.000,9999.000,9999.000,9999.000,9999.000
202605180330,   5.477,9999.000,9999.000,9999.000,9999.000,9999.000,9999.000,9999.000,9999.000
202605180336,   5.335,9999.000,9999.000,9999.000,9999.000,9999.000,9999.000,9999.000,9999.000
202605180342,   5.190,9999.000,9999.000,9999.000,9999.000,9999.000,9999.000,9999.000,9999.000
202605180348,   5.041,9999.000,9999.000,9999.000,9999.000,9999.000,9999.000,9999.000,9999.000
202605180354,   4.889,9999.000,9999.000,9999.000,9999.000,9999.000,9999.000,9999.000,9999.000
202605180400,   4.735,9999.000,  -0.300,   0.323,   4.758,  -0.400,   4.658,  -0.200,   4.858
202605180406,   4.578,9999.000,9999.000,9999.000,9999.000,9999.000,9999.000,9999.000,9999.000
202605180412,   4.419,9999.000,9999.000,9999.000,9999.000,9999.000,9999.000,9999.000,9999.000
202605180418,   4.259,9999.000,9999.000,9999.000,9999.000,9999.000,9999.000,9999.000,9999.000
202605180424,   4.098,9999.000,9999.000,9999.000,9999.000,9999.000,9999.000,9999.000,9999.000
202605180430,   3.936,9999.000,9999.000,9999.000,9999.000,9999.000,9999.000,9999.000,9999.000
202605180436,   3.773,9999.000,9999.000,9999.000,9999.000,9999.000,9999.000,9999.000,9999.000
202605180442,   3.611,9999.000,9999.000,9999.000,9999.000,9999.000,9999.000,9999.000,9999.000
202605180448,   3.449,9999.000,9999.000,9999.000,9999.000,9999.000,9999.000,9999.000,9999.000
202605180454,   3.287,9999.000,9999.000,9999.000,9999.000,9999.000,9999.000,9999.000,9999.000
202605180500,   3.127,9999.000,  -0.300,   0.323,   3.150,  -0.400,   3.050,  -0.200,   3.250
202605180506,   2.968,9999.000,9999.000,9999.000,9999.000,9999.000,9999.000,9999.000,9999.000
202605180512,   2.810,9999.000,9999.000,9999.000,9999.000,9999.000,9999.000,9999.000,9999.000
202605180518,   2.654,9999.000,9999.000,9999.000,9999.000,9999.000,9999.000,9999.000,9999.000
202605180524,   2.500,9999.000,9999.000,9999.000,9999.000,9999.000,9999.000,9999.000,9999.000
202605180530,   2.348,9999.000,9999.000,9999.000,9999.000,9999.000,9999.000,9999.000,9999.000
202605180536,   2.198,9999.000,9999.000,9999.000,9999.000,9999.000,9999.000,9999.000,9999.000
202605180542,   2.051,9999.000,9999.000,9999.000,9999.000,9999.000,9999.000,9999.000,9999.000
202605180548,   1.906,9999.000,9999.000,9999.000,9999.000,9999.000,9999.000,9999.000,9999.000
202605180554,   1.764,9999.000,9999.000,9999.000,9999.000,9999.000,9999.000,9999.000,9999.000
202605180600,   1.625,9999.000,  -0.300,   0.323,   1.648,  -0.400,   1.548,  -0.200,   1.748
202605180606,   1.489,9999.000,9999.000,9999.000,9999.000,9999.000,9999.000,9999.000,9999.000
202605180612,   1.355,9999.000,9999.000,9999.000,9999.000,9999.000,9999.000,9999.000,9999.000
202605180618,   1.224,9999.000,9999.000,9999.000,9999.000,9999.000,9999.000,9999.000,9999.000
202605180624,   1.096,9999.000,9999.000,9999.000,9999.000,9999.000,9999.000,9999.000,9999.000
202605180630,   0.971,9999.000,9999.000,9999.000,9999.000,9999.000,9999.000,9999.000,9999.000
202605180636,   0.849,9999.000,9999.000,9999.000,9999.000,9999.000,9999.000,9999.000,9999.000
202605180642,   0.730,9999.000,9999.000,9999.000,9999.000,9999.000,9999.000,9999.000,9999.000
202605180648,   0.614,9999.000,9999.000,9999.000,9999.000,9999.000,9999.000,9999.000,9999.000
202605180654,   0.502,9999.000,9999.000,9999.000,9999.000,9999.000,9999.000,9999.000,9999.000
202605180700,   0.393,9999.000,  -0.300,   0.323,   0.416,  -0.400,   0.316,  -0.200,   0.516
202605180706,   0.287,9999.000,9999.000,9999.000,9999.000,9999.000,9999.000,9999.000,9999.000
202605180712,   0.185,9999.000,9999.000,9999.000,9999.000,9999.000,9999.000,9999.000,9999.000
202605180718,   0.087,9999.000,9999.000,9999.000,9999.000,9999.000,9999.000,9999.000,9999.000
202605180724,  -0.006,9999.000,9999.000,9999.000,9999.000,9999.000,9999.000,9999.000,9999.000
202605180730,  -0.096,9999.000,9999.000,9999.000,9999.000,9999.000,9999.000,9999.000,9999.000
202605180736,  -0.181,9999.000,9999.000,9999.000,9999.000,9999.000,9999.000,9999.000,9999.000
202605180742,  -0.261,9999.000,9999.000,9999.000,9999.000,9999.000,9999.000,9999.000,9999.000
202605180748,  -0.335,9999.000,9999.000,9999.000,9999.000,9999.000,9999.000,9999.000,9999.000
202605180754,  -0.404,9999.000,9999.000,9999.000,9999.000,9999.000,9999.000,9999.000,9999.000
202605180800,  -0.466,9999.000,  -0.300,   0.323,  -0.443,  -0.300,  -0.443,  -0.200,  -0.343
202605180806,  -0.522,9999.000,9999.000,9999.000,9999.000,9999.000,9999.000,9999.000,9999.000
202605180812,  -0.571,9999.000,9999.000,9999.000,9999.000,9999.000,9999.000,9999.000,9999.000
202605180818,  -0.612,9999.000,9999.000,9999.000,9999.000,9999.000,9999.000,9999.000,9999.000
202605180824,  -0.644,9999.000,9999.000,9999.000,9999.000,9999.000,9999.000,9999.000,9999.000
202605180830,  -0.668,9999.000,9999.000,9999.000,9999.000,9999.000,9999.000,9999.000,9999.000
202605180836,  -0.684,9999.000,9999.000,9999.000,9999.000,9999.000,9999.000,9999.000,9999.000
202605180842,  -0.689,9999.000,9999.000,9999.000,9999.000,9999.000,9999.000,9999.000,9999.000
202605180848,  -0.684,9999.000,9999.000,9999.000,9999.000,9999.000,9999.000,9999.000,9999.000
202605180854,  -0.669,9999.000,9999.000,9999.000,9999.000,9999.000,9999.000,9999.000,9999.000
202605180900,  -0.643,9999.000,  -0.300,   0.323,  -0.620,  -0.300,  -0.620,  -0.100,  -0.420
202605180906,  -0.606,9999.000,9999.000,9999.000,9999.000,9999.000,9999.000,9999.000,9999.000
202605180912,  -0.557,9999.000,9999.000,9999.000,9999.000,9999.000,9999.000,9999.000,9999.000
202605180918,  -0.496,9999.000,9999.000,9999.000,9999.000,9999.000,9999.000,9999.000,9999.000
202605180924,  -0.423,9999.000,9999.000,9999.000,9999.000,9999.000,9999.000,9999.000,9999.000
202605180930,  -0.338,9999.000,9999.000,9999.000,9999.000,9999.000,9999.000,9999.000,9999.000
202605180936,  -0.240,9999.000,9999.000,9999.000,9999.000,9999.000,9999.000,9999.000,9999.000
202605180942,  -0.131,9999.000,9999.000,9999.000,9999.000,9999.000,9999.000,9999.000,9999.000
202605180948,  -0.009,9999.000,9999.000,9999.000,9999.000,9999.000,9999.000,9999.000,9999.000
202605180954,   0.122,9999.000,9999.000,9999.000,9999.000,9999.000,9999.000,9999.000,9999.000
202605181000,   0.266,9999.000,  -0.200,   0.323,   0.389,  -0.300,   0.289,  -0.100,   0.489
202605181006,   0.420,9999.000,9999.000,9999.000,9999.000,9999.000,9999.000,9999.000,9999.000
202605181012,   0.584,9999.000,9999.000,9999.000,9999.000,9999.000,9999.000,9999.000,9999.000
202605181018,   0.756,9999.000,9999.000,9999.000,9999.000,9999.000,9999.000,9999.000,9999.000
202605181024,   0.936,9999.000,9999.000,9999.000,9999.000,9999.000,9999.000,9999.000,9999.000
202605181030,   1.123,9999.000,9999.000,9999.000,9999.000,9999.000,9999.000,9999.000,9999.000
202605181036,   1.315,9999.000,9999.000,9999.000,9999.000,9999.000,9999.000,9999.000,9999.000
202605181042,   1.512,9999.000,9999.000,9999.000,9999.000,9999.000,9999.000,9999.000,9999.000
202605181048,   1.711,9999.000,9999.000,9999.000,9999.000,9999.000,9999.000,9999.000,9999.000
202605181054,   1.912,9999.000,9999.000,9999.000,9999.000,9999.000,9999.000,9999.000,9999.000
202605181100,   2.114,9999.000,  -0.200,   0.323,   2.237,  -0.300,   2.137,  -0.100,   2.337
202605181106,   2.315,9999.000,9999.000,9999.000,9999.000,9999.000,9999.000,9999.000,9999.000
202605181112,   2.514,9999.000,9999.000,9999.000,9999.000,9999.000,9999.000,9999.000,9999.000
202605181118,   2.711,9999.000,9999.000,9999.000,9999.000,9999.000,9999.000,9999.000,9999.000
202605181124,   2.904,9999.000,9999.000,9999.000,9999.000,9999.000,9999.000,9999.000,9999.000
202605181130,   3.093,9999.000,9999.000,9999.000,9999.000,9999.000,9999.000,9999.000,9999.000
202605181136,   3.277,9999.000,9999.000,9999.000,9999.000,9999.000,9999.000,9999.000,9999.000
202605181142,   3.456,9999.000,9999.000,9999.000,9999.000,9999.000,9999.000,9999.000,9999.000
202605181148,   3.628,9999.000,9999.000,9999.000,9999.000,9999.000,9999.000,9999.000,9999.000
202605181154,   3.793,9999.000,9999.000,9999.000,9999.000,9999.000,9999.000,9999.000,9999.000
202605181200,   3.952,9999.000,  -0.200,   0.323,   4.075,  -0.300,   3.975,  -0.100,   4.175
202605181206,   4.103,9999.000,9999.000,9999.000,9999.000,9999.000,9999.000,9999.000,9999.000
202605181212,   4.247,9999.000,9999.000,9999.000,9999.000,9999.000,9999.000,9999.000,9999.000
202605181218,   4.383,9999.000,9999.000,9999.000,9999.000,9999.000,9999.000,9999.000,9999.000
202605181224,   4.512,9999.000,9999.000,9999.000,9999.000,9999.000,9999.000,9999.000,9999.000
202605181230,   4.634,9999.000,9999.000,9999.000,9999.000,9999.000,9999.000,9999.000,9999.000
202605181236,   4.747,9999.000,9999.000,9999.000,9999.000,9999.000,9999.000,9999.000,9999.000
202605181242,   4.854,9999.000,9999.000,9999.000,9999.000,9999.000,9999.000,9999.000,9999.000
202605181248,   4.952,9999.000,9999.000,9999.000,9999.000,9999.000,9999.000,9999.000,9999.000
202605181254,   5.043,9999.000,9999.000,9999.000,9999.000,9999.000,9999.000,9999.000,9999.000
202605181300,   5.127,9999.000,  -0.200,   0.323,   5.250,  -0.300,   5.150,   0.000,   5.450
202605181306,   5.203,9999.000,9999.000,9999.000,9999.000,9999.000,9999.000,9999.000,9999.000
202605181312,   5.272,9999.000,9999.000,9999.000,9999.000,9999.000,9999.000,9999.000,9999.000
202605181318,   5.333,9999.000,9999.000,9999.000,9999.000,9999.000,9999.000,9999.000,9999.000
202605181324,   5.387,9999.000,9999.000,9999.000,9999.000,9999.000,9999.000,9999.000,9999.000
202605181330,   5.434,9999.000,9999.000,9999.000,9999.000,9999.000,9999.000,9999.000,9999.000
202605181336,   5.474,9999.000,9999.000,9999.000,9999.000,9999.000,9999.000,9999.000,9999.000
202605181342,   5.506,9999.000,9999.000,9999.000,9999.000,9999.000,9999.000,9999.000,9999.000
202605181348,   5.531,9999.000,9999.000,9999.000,9999.000,9999.000,9999.000,9999.000,9999.000
202605181354,   5.549,9999.000,9999.000,9999.000,9999.000,9999.000,9999.000,9999.000,9999.000
202605181400,   5.559,9999.000,  -0.100,   0.323,   5.782,  -0.300,   5.582,   0.000,   5.882
202605181406,   5.563,9999.000,9999.000,9999.000,9999.000,9999.000,9999.000,9999.000,9999.000
202605181412,   5.559,9999.000,9999.000,9999.000,9999.000,9999.000,9999.000,9999.000,9999.000
202605181418,   5.548,9999.000,9999.000,9999.000,9999.000,9999.000,9999.000,9999.000,9999.000
202605181424,   5.529,9999.000,9999.000,9999.000,9999.000,9999.000,9999.000,9999.000,9999.000
202605181430,   5.504,9999.000,9999.000,9999.000,9999.000,9999.000,9999.000,9999.000,9999.000
202605181436,   5.471,9999.000,9999.000,9999.000,9999.000,9999.000,9999.000,9999.000,9999.000
202605181442,   5.431,9999.000,9999.000,9999.000,9999.000,9999.000,9999.000,9999.000,9999.000
202605181448,   5.384,9999.000,9999.000,9999.000,9999.000,9999.000,9999.000,9999.000,9999.000
202605181454,   5.330,9999.000,9999.000,9999.000,9999.000,9999.000,9999.000,9999.000,9999.000
202605181500,   5.269,9999.000,  -0.100,   0.323,   5.492,  -0.200,   5.392,   0.000,   5.592
202605181506,   5.202,9999.000,9999.000,9999.000,9999.000,9999.000,9999.000,9999.000,9999.000
202605181512,   5.128,9999.000,9999.000,9999.000,9999.000,9999.000,9999.000,9999.000,9999.000
202605181518,   5.047,9999.000,9999.000,9999.000,9999.000,9999.000,9999.000,9999.000,9999.000
202605181524,   4.961,9999.000,9999.000,9999.000,9999.000,9999.000,9999.000,9999.000,9999.000
202605181530,   4.869,9999.000,9999.000,9999.000,9999.000,9999.000,9999.000,9999.000,9999.000
202605181536,   4.771,9999.000,9999.000,9999.000,9999.000,9999.000,9999.000,9999.000,9999.000
202605181542,   4.668,9999.000,9999.000,9999.000,9999.000,9999.000,9999.000,9999.000,9999.000
202605181548,   4.560,9999.000,9999.000,9999.000,9999.000,9999.000,9999.000,9999.000,9999.000
202605181554,   4.447,9999.000,9999.000,9999.000,9999.000,9999.000,9999.000,9999.000,9999.000
202605181600,   4.330,9999.000,  -0.100,   0.323,   4.553,  -0.200,   4.453,   0.000,   4.653
202605181606,   4.209,9999.000,9999.000,9999.000,9999.000,9999.000,9999.000,9999.000,9999.000
202605181612,   4.084,9999.000,9999.000,9999.000,9999.000,9999.000,9999.000,9999.000,9999.000
202605181618,   3.956,9999.000,9999.000,9999.000,9999.000,9999.000,9999.000,9999.000,9999.000
202605181624,   3.825,9999.000,9999.000,9999.000,9999.000,9999.000,9999.000,9999.000,9999.000
202605181630,   3.692,9999.000,9999.000,9999.000,9999.000,9999.000,9999.000,9999.000,9999.000
202605181636,   3.557,9999.000,9999.000,9999.000,9999.000,9999.000,9999.000,9999.000,9999.000
202605181642,   3.421,9999.000,9999.000,9999.000,9999.000,9999.000,9999.000,9999.000,9999.000
202605181648,   3.283,9999.000,9999.000,9999.000,9999.000,9999.000,9999.000,9999.000,9999.000
202605181654,   3.145,9999.000,9999.000,9999.000,9999.000,9999.000,9999.000,9999.000,9999.000
202605181700,   3.006,9999.000,   0.000,   0.323,   3.329,  -0.100,   3.229,   0.000,   3.329
202605181706,   2.868,9999.000,9999.000,9999.000,9999.000,9999.000,9999.000,9999.000,9999.000
202605181712,   2.729,9999.000,9999.000,9999.000,9999.000,9999.000,9999.000,9999.000,9999.000
202605181718,   2.592,9999.000,9999.000,9999.000,9999.000,9999.000,9999.000,9999.000,9999.000
202605181724,   2.455,9999.000,9999.000,9999.000,9999.000,9999.000,9999.000,9999.000,9999.000
202605181730,   2.320,9999.000,9999.000,9999.000,9999.000,9999.000,9999.000,9999.000,9999.000
202605181736,   2.186,9999.000,9999.000,9999.000,9999.000,9999.000,9999.000,9999.000,9999.000
202605181742,   2.055,9999.000,9999.000,9999.000,9999.000,9999.000,9999.000,9999.000,9999.000
202605181748,   1.925,9999.000,9999.000,9999.000,9999.000,9999.000,9999.000,9999.000,9999.000
202605181754,   1.798,9999.000,9999.000,9999.000,9999.000,9999.000,9999.000,9999.000,9999.000
202605181800,   1.674,9999.000,   0.000,   0.323,   1.997,  -0.100,   1.897,   0.100,   2.097
202605181806,   1.552,9999.000,9999.000,9999.000,9999.000,9999.000,9999.000,9999.000,9999.000
202605181812,   1.433,9999.000,9999.000,9999.000,9999.000,9999.000,9999.000,9999.000,9999.000
202605181818,   1.317,9999.000,9999.000,9999.000,9999.000,9999.000,9999.000,9999.000,9999.000
202605181824,   1.205,9999.000,9999.000,9999.000,9999.000,9999.000,9999.000,9999.000,9999.000
202605181830,   1.095,9999.000,9999.000,9999.000,9999.000,9999.000,9999.000,9999.000,9999.000
202605181836,   0.989,9999.000,9999.000,9999.000,9999.000,9999.000,9999.000,9999.000,9999.000
202605181842,   0.886,9999.000,9999.000,9999.000,9999.000,9999.000,9999.000,9999.000,9999.000
202605181848,   0.787,9999.000,9999.000,9999.000,9999.000,9999.000,9999.000,9999.000,9999.000
202605181854,   0.691,9999.000,9999.000,9999.000,9999.000,9999.000,9999.000,9999.000,9999.000
202605181900,   0.599,9999.000,   0.000,   0.323,   0.922,   0.000,   0.922,   0.100,   1.022
202605181906,   0.510,9999.000,9999.000,9999.000,9999.000,9999.000,9999.000,9999.000,9999.000
202605181912,   0.425,9999.000,9999.000,9999.000,9999.000,9999.000,9999.000,9999.000,9999.000
202605181918,   0.344,9999.000,9999.000,9999.000,9999.000,9999.000,9999.000,9999.000,9999.000
202605181924,   0.268,9999.000,9999.000,9999.000,9999.000,9999.000,9999.000,9999.000,9999.000
202605181930,   0.195,9999.000,9999.000,9999.000,9999.000,9999.000,9999.000,9999.000,9999.000
202605181936,   0.126,9999.000,9999.000,9999.000,9999.000,9999.000,9999.000,9999.000,9999.000
202605181942,   0.062,9999.000,9999.000,9999.000,9999.000,9999.000,9999.000,9999.000,9999.000
202605181948,   0.003,9999.000,9999.000,9999.000,9999.000,9999.000,9999.000,9999.000,9999.000
202605181954,  -0.050,9999.000,9999.000,9999.000,9999.000,9999.000,9999.000,9999.000,9999.000
202605182000,  -0.099,9999.000,   0.000,   0.323,   0.224,   0.000,   0.224,   0.100,   0.324
202605182006,  -0.142,9999.000,9999.000,9999.000,9999.000,9999.000,9999.000,9999.000,9999.000
202605182012,  -0.179,9999.000,9999.000,9999.000,9999.000,9999.000,9999.000,9999.000,9999.000
202605182018,  -0.210,9999.000,9999.000,9999.000,9999.000,9999.000,9999.000,9999.000,9999.000
202605182024,  -0.233,9999.000,9999.000,9999.000,9999.000,9999.000,9999.000,9999.000,9999.000
202605182030,  -0.250,9999.000,9999.000,9999.000,9999.000,9999.000,9999.000,9999.000,9999.000
202605182036,  -0.258,9999.000,9999.000,9999.000,9999.000,9999.000,9999.000,9999.000,9999.000
202605182042,  -0.258,9999.000,9999.000,9999.000,9999.000,9999.000,9999.000,9999.000,9999.000
202605182048,  -0.249,9999.000,9999.000,9999.000,9999.000,9999.000,9999.000,9999.000,9999.000
202605182054,  -0.231,9999.000,9999.000,9999.000,9999.000,9999.000,9999.000,9999.000,9999.000
202605182100,  -0.203,9999.000,   0.000,   0.323,   0.120,   0.000,   0.120,   0.100,   0.220
202605182106,  -0.164,9999.000,9999.000,9999.000,9999.000,9999.000,9999.000,9999.000,9999.000
202605182112,  -0.115,9999.000,9999.000,9999.000,9999.000,9999.000,9999.000,9999.000,9999.000
202605182118,  -0.054,9999.000,9999.000,9999.000,9999.000,9999.000,9999.000,9999.000,9999.000
202605182124,   0.017,9999.000,9999.000,9999.000,9999.000,9999.000,9999.000,9999.000,9999.000
202605182130,   0.102,9999.000,9999.000,9999.000,9999.000,9999.000,9999.000,9999.000,9999.000
202605182136,   0.199,9999.000,9999.000,9999.000,9999.000,9999.000,9999.000,9999.000,9999.000
202605182142,   0.308,9999.000,9999.000,9999.000,9999.000,9999.000,9999.000,9999.000,9999.000
202605182148,   0.429,9999.000,9999.000,9999.000,9999.000,9999.000,9999.000,9999.000,9999.000
202605182154,   0.563,9999.000,9999.000,9999.000,9999.000,9999.000,9999.000,9999.000,9999.000
202605182200,   0.710,9999.000,   0.100,   0.323,   1.133,   0.000,   1.033,   0.100,   1.133
202605182206,   0.868,9999.000,9999.000,9999.000,9999.000,9999.000,9999.000,9999.000,9999.000
202605182212,   1.037,9999.000,9999.000,9999.000,9999.000,9999.000,9999.000,9999.000,9999.000
202605182218,   1.217,9999.000,9999.000,9999.000,9999.000,9999.000,9999.000,9999.000,9999.000
202605182224,   1.407,9999.000,9999.000,9999.000,9999.000,9999.000,9999.000,9999.000,9999.000
202605182230,   1.606,9999.000,9999.000,9999.000,9999.000,9999.000,9999.000,9999.000,9999.000
202605182236,   1.814,9999.000,9999.000,9999.000,9999.000,9999.000,9999.000,9999.000,9999.000
202605182242,   2.028,9999.000,9999.000,9999.000,9999.000,9999.000,9999.000,9999.000,9999.000
202605182248,   2.247,9999.000,9999.000,9999.000,9999.000,9999.000,9999.000,9999.000,9999.000
202605182254,   2.471,9999.000,9999.000,9999.000,9999.000,9999.000,9999.000,9999.000,9999.000
202605182300,   2.698,9999.000,   0.100,   0.323,   3.121,   0.000,   3.021,   0.200,   3.221
202605182306,   2.927,9999.000,9999.000,9999.000,9999.000,9999.000,9999.000,9999.000,9999.000
202605182312,   3.155,9999.000,9999.000,9999.000,9999.000,9999.000,9999.000,9999.000,9999.000
202605182318,   3.383,9999.000,9999.000,9999.000,9999.000,9999.000,9999.000,9999.000,9999.000
202605182324,   3.609,9999.000,9999.000,9999.000,9999.000,9999.000,9999.000,9999.000,9999.000
202605182330,   3.831,9999.000,9999.000,9999.000,9999.000,9999.000,9999.000,9999.000,9999.000
202605182336,   4.049,9999.000,9999.000,9999.000,9999.000,9999.000,9999.000,9999.000,9999.000
202605182342,   4.261,9999.000,9999.000,9999.000,9999.000,9999.000,9999.000,9999.000,9999.000
202605182348,   4.467,9999.000,9999.000,9999.000,9999.000,9999.000,9999.000,9999.000,9999.000
202605182354,   4.666,9999.000,9999.000,9999.000,9999.000,9999.000,9999.000,9999.000,9999.000
202605190000,   4.857,9999.000,   0.100,   0.323,   5.280,   0.000,   5.180,   0.200,   5.380
202605190006,   5.040,9999.000,9999.000,9999.000,9999.000,9999.000,9999.000,9999.000,9999.000
202605190012,   5.215,9999.000,9999.000,9999.000,9999.000,9999.000,9999.000,9999.000,9999.000
202605190018,   5.381,9999.000,9999.000,9999.000,9999.000,9999.000,9999.000,9999.000,9999.000
202605190024,   5.538,9999.000,9999.000,9999.000,9999.000,9999.000,9999.000,9999.000,9999.000
202605190030,   5.687,9999.000,9999.000,9999.000,9999.000,9999.000,9999.000,9999.000,9999.000
202605190036,   5.826,9999.000,9999.000,9999.000,9999.000,9999.000,9999.000,9999.000,9999.000
202605190042,   5.956,9999.000,9999.000,9999.000,9999.000,9999.000,9999.000,9999.000,9999.000
202605190048,   6.077,9999.000,9999.000,9999.000,9999.000,9999.000,9999.000,9999.000,9999.000
202605190054,   6.189,9999.000,9999.000,9999.000,9999.000,9999.000,9999.000,9999.000,9999.000
202605190100,   6.292,9999.000,   0.100,   0.323,   6.715,   0.000,   6.615,   0.200,   6.815
202605190106,   6.387,9999.000,9999.000,9999.000,9999.000,9999.000,9999.000,9999.000,9999.000
202605190112,   6.473,9999.000,9999.000,9999.000,9999.000,9999.000,9999.000,9999.000,9999.000
202605190118,   6.551,9999.000,9999.000,9999.000,9999.000,9999.000,9999.000,9999.000,9999.000
202605190124,   6.620,9999.000,9999.000,9999.000,9999.000,9999.000,9999.000,9999.000,9999.000
202605190130,   6.682,9999.000,9999.000,9999.000,9999.000,9999.000,9999.000,9999.000,9999.000
202605190136,   6.736,9999.000,9999.000,9999.000,9999.000,9999.000,9999.000,9999.000,9999.000
202605190142,   6.782,9999.000,9999.000,9999.000,9999.000,9999.000,9999.000,9999.000,9999.000
202605190148,   6.820,9999.000,9999.000,9999.000,9999.000,9999.000,9999.000,9999.000,9999.000
202605190154,   6.851,9999.000,9999.000,9999.000,9999.000,9999.000,9999.000,9999.000,9999.000
202605190200,   6.875,9999.000,   0.100,   0.323,   7.298,   0.000,   7.198,   0.200,   7.398
202605190206,   6.891,9999.000,9999.000,9999.000,9999.000,9999.000,9999.000,9999.000,9999.000
202605190212,   6.900,9999.000,9999.000,9999.000,9999.000,9999.000,9999.000,9999.000,9999.000
202605190218,   6.901,9999.000,9999.000,9999.000,9999.000,9999.000,9999.000,9999.000,9999.000
202605190224,   6.896,9999.000,9999.000,9999.000,9999.000,9999.000,9999.000,9999.000,9999.000
202605190230,   6.884,9999.000,9999.000,9999.000,9999.000,9999.000,9999.000,9999.000,9999.000
202605190236,   6.864,9999.000,9999.000,9999.000,9999.000,9999.000,9999.000,9999.000,9999.000
202605190242,   6.838,9999.000,9999.000,9999.000,9999.000,9999.000,9999.000,9999.000,9999.000
202605190248,   6.804,9999.000,9999.000,9999.000,9999.000,9999.000,9999.000,9999.000,9999.000
202605190254,   6.764,9999.000,9999.000,9999.000,9999.000,9999.000,9999.000,9999.000,9999.000
202605190300,   6.717,9999.000,   0.100,   0.323,   7.140,   0.000,   7.040,   0.200,   7.240
202605190306,   6.663,9999.000,9999.000,9999.000,9999.000,9999.000,9999.000,9999.000,9999.000
202605190312,   6.602,9999.000,9999.000,9999.000,9999.000,9999.000,9999.000,9999.000,9999.000
202605190318,   6.535,9999.000,9999.000,9999.000,9999.000,9999.000,9999.000,9999.000,9999.000
202605190324,   6.460,9999.000,9999.000,9999.000,9999.000,9999.000,9999.000,9999.000,9999.000
202605190330,   6.380,9999.000,9999.000,9999.000,9999.000,9999.000,9999.000,9999.000,9999.000
202605190336,   6.293,9999.000,9999.000,9999.000,9999.000,9999.000,9999.000,9999.000,9999.000
202605190342,   6.200,9999.000,9999.000,9999.000,9999.000,9999.000,9999.000,9999.000,9999.000
202605190348,   6.100,9999.000,9999.000,9999.000,9999.000,9999.000,9999.000,9999.000,9999.000
202605190354,   5.995,9999.000,9999.000,9999.000,9999.000,9999.000,9999.000,9999.000,9999.000
202605190400,   5.884,9999.000,   0.100,   0.323,   6.307,   0.000,   6.207,   0.100,   6.307
202605190406,   5.768,9999.000,9999.000,9999.000,9999.000,9999.000,9999.000,9999.000,9999.000
202605190412,   5.646,9999.000,9999.000,9999.000,9999.000,9999.000,9999.000,9999.000,9999.000
202605190418,   5.520,9999.000,9999.000,9999.000,9999.000,9999.000,9999.000,9999.000,9999.000
202605190424,   5.389,9999.000,9999.000,9999.000,9999.000,9999.000,9999.000,9999.000,9999.000
202605190430,   5.254,9999.000,9999.000,9999.000,9999.000,9999.000,9999.000,9999.000,9999.000
202605190436,   5.115,9999.000,9999.000,9999.000,9999.000,9999.000,9999.000,9999.000,9999.000
202605190442,   4.973,9999.000,9999.000,9999.000,9999.000,9999.000,9999.000,9999.000,9999.000
202605190448,   4.827,9999.000,9999.000,9999.000,9999.000,9999.000,9999.000,9999.000,9999.000
202605190454,   4.679,9999.000,9999.000,9999.000,9999.000,9999.000,9999.000,9999.000,9999.000
202605190500,   4.528,9999.000,   0.100,   0.323,   4.951,   0.000,   4.851,   0.100,   4.951
202605190506,   4.375,9999.000,9999.000,9999.000,9999.000,9999.000,9999.000,9999.000,9999.000
202605190512,   4.220,9999.000,9999.000,9999.000,9999.000,9999.000,9999.000,9999.000,9999.000
202605190518,   4.064,9999.000,9999.000,9999.000,9999.000,9999.000,9999.000,9999.000,9999.000
202605190524,   3.907,9999.000,9999.000,9999.000,9999.000,9999.000,9999.000,9999.000,9999.000
202605190530,   3.750,9999.000,9999.000,9999.000,9999.000,9999.000,9999.000,9999.000,9999.000
202605190536,   3.592,9999.000,9999.000,9999.000,9999.000,9999.000,9999.000,9999.000,9999.000
202605190542,   3.435,9999.000,9999.000,9999.000,9999.000,9999.000,9999.000,9999.000,9999.000
202605190548,   3.278,9999.000,9999.000,9999.000,9999.000,9999.000,9999.000,9999.000,9999.000
202605190554,   3.122,9999.000,9999.000,9999.000,9999.000,9999.000,9999.000,9999.000,9999.000
202605190600,   2.966,9999.000,   0.000,   0.323,   3.289,   0.000,   3.289,   0.100,   3.389
202605190606,   2.812,9999.000,9999.000,9999.000,9999.000,9999.000,9999.000,9999.000,9999.000
202605190612,   2.660,9999.000,9999.000,9999.000,9999.000,9999.000,9999.000,9999.000,9999.000
202605190618,   2.509,9999.000,9999.000,9999.000,9999.000,9999.000,9999.000,9999.000,9999.000
202605190624,   2.360,9999.000,9999.000,9999.000,9999.000,9999.000,9999.000,9999.000,9999.000
202605190630,   2.213,9999.000,9999.000,9999.000,9999.000,9999.000,9999.000,9999.000,9999.000
202605190636,   2.068,9999.000,9999.000,9999.000,9999.000,9999.000,9999.000,9999.000,9999.000
202605190642,   1.925,9999.000,9999.000,9999.000,9999.000,9999.000,9999.000,9999.000,9999.000
202605190648,   1.785,9999.000,9999.000,9999.000,9999.000,9999.000,9999.000,9999.000,9999.000
202605190654,   1.648,9999.000,9999.000,9999.000,9999.000,9999.000,9999.000,9999.000,9999.000
202605190700,   1.513,9999.000,   0.000,   0.323,   1.836,   0.000,   1.836,   0.100,   1.936
202605190706,   1.380,9999.000,9999.000,9999.000,9999.000,9999.000,9999.000,9999.000,9999.000
202605190712,   1.251,9999.000,9999.000,9999.000,9999.000,9999.000,9999.000,9999.000,9999.000
202605190718,   1.124,9999.000,9999.000,9999.000,9999.000,9999.000,9999.000,9999.000,9999.000
202605190724,   1.000,9999.000,9999.000,9999.000,9999.000,9999.000,9999.000,9999.000,9999.000
202605190730,   0.879,9999.000,9999.000,9999.000,9999.000,9999.000,9999.000,9999.000,9999.000
202605190736,   0.760,9999.000,9999.000,9999.000,9999.000,9999.000,9999.000,9999.000,9999.000
202605190742,   0.646,9999.000,9999.000,9999.000,9999.000,9999.000,9999.000,9999.000,9999.000
202605190748,   0.534,9999.000,9999.000,9999.000,9999.000,9999.000,9999.000,9999.000,9999.000
202605190754,   0.426,9999.000,9999.000,9999.000,9999.000,9999.000,9999.000,9999.000,9999.000
202605190800,   0.321,9999.000,   0.000,   0.323,   0.644,  -0.100,   0.544,   0.100,   0.744
202605190806,   0.220,9999.000,9999.000,9999.000,9999.000,9999.000,9999.000,9999.000,9999.000
202605190812,   0.124,9999.000,9999.000,9999.000,9999.000,9999.000,9999.000,9999.000,9999.000
202605190818,   0.032,9999.000,9999.000,9999.000,9999.000,9999.000,9999.000,9999.000,9999.000
202605190824,  -0.055,9999.000,9999.000,9999.000,9999.000,9999.000,9999.000,9999.000,9999.000
202605190830,  -0.138,9999.000,9999.000,9999.000,9999.000,9999.000,9999.000,9999.000,9999.000
202605190836,  -0.215,9999.000,9999.000,9999.000,9999.000,9999.000,9999.000,9999.000,9999.000
202605190842,  -0.287,9999.000,9999.000,9999.000,9999.000,9999.000,9999.000,9999.000,9999.000
202605190848,  -0.352,9999.000,9999.000,9999.000,9999.000,9999.000,9999.000,9999.000,9999.000
202605190854,  -0.412,9999.000,9999.000,9999.000,9999.000,9999.000,9999.000,9999.000,9999.000
202605190900,  -0.464,9999.000,   0.000,   0.323,  -0.141,  -0.100,  -0.241,   0.000,  -0.141
202605190906,  -0.508,9999.000,9999.000,9999.000,9999.000,9999.000,9999.000,9999.000,9999.000
202605190912,  -0.545,9999.000,9999.000,9999.000,9999.000,9999.000,9999.000,9999.000,9999.000
202605190918,  -0.573,9999.000,9999.000,9999.000,9999.000,9999.000,9999.000,9999.000,9999.000
202605190924,  -0.593,9999.000,9999.000,9999.000,9999.000,9999.000,9999.000,9999.000,9999.000
202605190930,  -0.603,9999.000,9999.000,9999.000,9999.000,9999.000,9999.000,9999.000,9999.000
202605190936,  -0.604,9999.000,9999.000,9999.000,9999.000,9999.000,9999.000,9999.000,9999.000
202605190942,  -0.594,9999.000,9999.000,9999.000,9999.000,9999.000,9999.000,9999.000,9999.000
202605190948,  -0.575,9999.000,9999.000,9999.000,9999.000,9999.000,9999.000,9999.000,9999.000
202605190954,  -0.544,9999.000,9999.000,9999.000,9999.000,9999.000,9999.000,9999.000,9999.000
202605191000,  -0.502,9999.000,   0.000,   0.323,  -0.179,  -0.100,  -0.279,   0.000,  -0.179
202605191006,  -0.449,9999.000,9999.000,9999.000,9999.000,9999.000,9999.000,9999.000,9999.000
202605191012,  -0.384,9999.000,9999.000,9999.000,9999.000,9999.000,9999.000,9999.000,9999.000
202605191018,  -0.307,9999.000,9999.000,9999.000,9999.000,9999.000,9999.000,9999.000,9999.000
202605191024,  -0.219,9999.000,9999.000,9999.000,9999.000,9999.000,9999.000,9999.000,9999.000
202605191030,  -0.120,9999.000,9999.000,9999.000,9999.000,9999.000,9999.000,9999.000,9999.000
202605191036,  -0.009,9999.000,9999.000,9999.000,9999.000,9999.000,9999.000,9999.000,9999.000
202605191042,   0.112,9999.000,9999.000,9999.000,9999.000,9999.000,9999.000,9999.000,9999.000
202605191048,   0.245,9999.000,9999.000,9999.000,9999.000,9999.000,9999.000,9999.000,9999.000
202605191054,   0.387,9999.000,9999.000,9999.000,9999.000,9999.000,9999.000,9999.000,9999.000
202605191100,   0.538,9999.000,   0.000,   0.323,   0.861,  -0.100,   0.761,   0.000,   0.861
202605191106,   0.698,9999.000,9999.000,9999.000,9999.000,9999.000,9999.000,9999.000,9999.000
202605191112,   0.865,9999.000,9999.000,9999.000,9999.000,9999.000,9999.000,9999.000,9999.000
202605191118,   1.038,9999.000,9999.000,9999.000,9999.000,9999.000,9999.000,9999.000,9999.000
202605191124,   1.217,9999.000,9999.000,9999.000,9999.000,9999.000,9999.000,9999.000,9999.000
202605191130,   1.399,9999.000,9999.000,9999.000,9999.000,9999.000,9999.000,9999.000,9999.000
202605191136,   1.585,9999.000,9999.000,9999.000,9999.000,9999.000,9999.000,9999.000,9999.000
202605191142,   1.773,9999.000,9999.000,9999.000,9999.000,9999.000,9999.000,9999.000,9999.000
202605191148,   1.962,9999.000,9999.000,9999.000,9999.000,9999.000,9999.000,9999.000,9999.000
202605191154,   2.150,9999.000,9999.000,9999.000,9999.000,9999.000,9999.000,9999.000,9999.000
202605191200,   2.338,9999.000,   0.000,   0.323,   2.661,  -0.200,   2.461,   0.000,   2.661
