        TIME,    TIDE,      OB,   SURGE,    BIAS,     TWL,SURGE90p,  TWL90p,SURGE10p,   TWL10p
202602261800,   0.176,   0.471,   0.200,   0.095,   0.471,   0.100,   0.371,   0.200,   0.471
202602261806,   0.175,   0.481,9999.000,9999.000,9999.000,9999.000,9999.000,9999.000,9999.000
202602261812,   0.175,   0.530,9999.000,9999.000,9999.000,9999.000,9999.000,9999.000,9999.000
202602261818,   0.177,   0.550,9999.000,9999.000,9999.000,9999.000,9999.000,9999.000,9999.000
202602261824,   0.181,   0.579,9999.000,9999.000,9999.000,9999.000,9999.000,9999.000,9999.000
202602261830,   0.186,   0.622,9999.000,9999.000,9999.000,9999.000,9999.000,9999.000,9999.000
202602261836,   0.192,   0.651,9999.000,9999.000,9999.000,9999.000,9999.000,9999.000,9999.000
202602261842,   0.200,   0.681,9999.000,9999.000,9999.000,9999.000,9999.000,9999.000,9999.000
202602261848,   0.209,   0.710,9999.000,9999.000,9999.000,9999.000,9999.000,9999.000,9999.000
202602261854,   0.220,   0.740,9999.000,9999.000,9999.000,9999.000,9999.000,9999.000,9999.000
202602261900,   0.231,   0.779,   0.200,   0.348,   0.779,   0.200,   0.779,   0.200,   0.779
202602261906,   0.244,   0.812,9999.000,9999.000,9999.000,9999.000,9999.000,9999.000,9999.000
202602261912,   0.258,   0.842,9999.000,9999.000,9999.000,9999.000,9999.000,9999.000,9999.000
202602261918,   0.273,   0.891,9999.000,9999.000,9999.000,9999.000,9999.000,9999.000,9999.000
202602261924,   0.289,   0.920,9999.000,9999.000,9999.000,9999.000,9999.000,9999.000,9999.000
202602261930,   0.306,   0.950,9999.000,9999.000,9999.000,9999.000,9999.000,9999.000,9999.000
202602261936,   0.324,   1.002,9999.000,9999.000,9999.000,9999.000,9999.000,9999.000,9999.000
202602261942,   0.344,   1.042,9999.000,9999.000,9999.000,9999.000,9999.000,9999.000,9999.000
202602261948,   0.364,   1.071,9999.000,9999.000,9999.000,9999.000,9999.000,9999.000,9999.000
202602261954,   0.386,   1.101,9999.000,9999.000,9999.000,9999.000,9999.000,9999.000,9999.000
202602262000,   0.409,   1.150,   0.200,   0.541,   1.150,   0.200,   1.150,   0.200,   1.150
202602262006,   0.433,   1.179,9999.000,9999.000,9999.000,9999.000,9999.000,9999.000,9999.000
202602262012,   0.458,   1.222,9999.000,9999.000,9999.000,9999.000,9999.000,9999.000,9999.000
202602262018,   0.485,   1.271,9999.000,9999.000,9999.000,9999.000,9999.000,9999.000,9999.000
202602262024,   0.513,   1.311,9999.000,9999.000,9999.000,9999.000,9999.000,9999.000,9999.000
202602262030,   0.542,   1.330,9999.000,9999.000,9999.000,9999.000,9999.000,9999.000,9999.000
202602262036,   0.572,   1.360,9999.000,9999.000,9999.000,9999.000,9999.000,9999.000,9999.000
202602262042,   0.603,   1.409,9999.000,9999.000,9999.000,9999.000,9999.000,9999.000,9999.000
202602262048,   0.636,   1.442,9999.000,9999.000,9999.000,9999.000,9999.000,9999.000,9999.000
202602262054,   0.669,   1.481,9999.000,9999.000,9999.000,9999.000,9999.000,9999.000,9999.000
202602262100,   0.703,   1.520,   0.200,   0.617,   1.520,   0.200,   1.520,   0.300,   1.620
202602262106,   0.738,   1.549,9999.000,9999.000,9999.000,9999.000,9999.000,9999.000,9999.000
202602262112,   0.772,   1.569,9999.000,9999.000,9999.000,9999.000,9999.000,9999.000,9999.000
202602262118,   0.808,   1.608,9999.000,9999.000,9999.000,9999.000,9999.000,9999.000,9999.000
202602262124,   0.843,   1.641,9999.000,9999.000,9999.000,9999.000,9999.000,9999.000,9999.000
202602262130,   0.878,   1.680,9999.000,9999.000,9999.000,9999.000,9999.000,9999.000,9999.000
202602262136,   0.912,   1.700,9999.000,9999.000,9999.000,9999.000,9999.000,9999.000,9999.000
202602262142,   0.945,   1.739,9999.000,9999.000,9999.000,9999.000,9999.000,9999.000,9999.000
202602262148,   0.978,   1.769,9999.000,9999.000,9999.000,9999.000,9999.000,9999.000,9999.000
202602262154,   1.009,   1.788,9999.000,9999.000,9999.000,9999.000,9999.000,9999.000,9999.000
202602262200,   1.038,   1.818,   0.300,   0.480,   1.818,   0.200,   1.718,   0.300,   1.818
202602262206,   1.066,   1.851,9999.000,9999.000,9999.000,9999.000,9999.000,9999.000,9999.000
202602262212,   1.091,   1.870,9999.000,9999.000,9999.000,9999.000,9999.000,9999.000,9999.000
202602262218,   1.115,   1.880,9999.000,9999.000,9999.000,9999.000,9999.000,9999.000,9999.000
202602262224,   1.136,   1.910,9999.000,9999.000,9999.000,9999.000,9999.000,9999.000,9999.000
202602262230,   1.154,   1.929,9999.000,9999.000,9999.000,9999.000,9999.000,9999.000,9999.000
202602262236,   1.170,   1.939,9999.000,9999.000,9999.000,9999.000,9999.000,9999.000,9999.000
202602262242,   1.183,   1.949,9999.000,9999.000,9999.000,9999.000,9999.000,9999.000,9999.000
202602262248,   1.194,   1.959,9999.000,9999.000,9999.000,9999.000,9999.000,9999.000,9999.000
202602262254,   1.201,   1.979,9999.000,9999.000,9999.000,9999.000,9999.000,9999.000,9999.000
202602262300,   1.206,   1.989,   0.300,   0.483,   1.989,   0.200,   1.889,   0.300,   1.989
202602262306,   1.209,   1.989,9999.000,9999.000,9999.000,9999.000,9999.000,9999.000,9999.000
202602262312,   1.208,   1.989,9999.000,9999.000,9999.000,9999.000,9999.000,9999.000,9999.000
202602262318,   1.206,   1.989,9999.000,9999.000,9999.000,9999.000,9999.000,9999.000,9999.000
202602262324,   1.201,   1.959,9999.000,9999.000,9999.000,9999.000,9999.000,9999.000,9999.000
202602262330,   1.193,   1.949,9999.000,9999.000,9999.000,9999.000,9999.000,9999.000,9999.000
202602262336,   1.184,   1.939,9999.000,9999.000,9999.000,9999.000,9999.000,9999.000,9999.000
202602262342,   1.173,   1.910,9999.000,9999.000,9999.000,9999.000,9999.000,9999.000,9999.000
202602262348,   1.160,   1.870,9999.000,9999.000,9999.000,9999.000,9999.000,9999.000,9999.000
202602262354,   1.146,   1.851,9999.000,9999.000,9999.000,9999.000,9999.000,9999.000,9999.000
202602270000,   1.130,   1.808,   0.300,   0.378,   1.808,   0.300,   1.808,   0.300,   1.808
202602270006,   1.114,   1.779,9999.000,9999.000,9999.000,9999.000,9999.000,9999.000,9999.000
202602270012,   1.096,   1.749,9999.000,9999.000,9999.000,9999.000,9999.000,9999.000,9999.000
202602270018,   1.077,   1.729,9999.000,9999.000,9999.000,9999.000,9999.000,9999.000,9999.000
202602270024,   1.057,   1.700,9999.000,9999.000,9999.000,9999.000,9999.000,9999.000,9999.000
202602270030,   1.037,   1.670,9999.000,9999.000,9999.000,9999.000,9999.000,9999.000,9999.000
202602270036,   1.017,   1.641,9999.000,9999.000,9999.000,9999.000,9999.000,9999.000,9999.000
202602270042,   0.995,   1.618,9999.000,9999.000,9999.000,9999.000,9999.000,9999.000,9999.000
202602270048,   0.974,   1.598,9999.000,9999.000,9999.000,9999.000,9999.000,9999.000,9999.000
202602270054,   0.952,   1.608,9999.000,9999.000,9999.000,9999.000,9999.000,9999.000,9999.000
202602270100,   0.929,   1.579,   0.300,   0.350,   1.579,   0.300,   1.579,   0.400,   1.679
202602270106,   0.906,   1.539,9999.000,9999.000,9999.000,9999.000,9999.000,9999.000,9999.000
202602270112,   0.883,   1.481,9999.000,9999.000,9999.000,9999.000,9999.000,9999.000,9999.000
202602270118,   0.860,   1.452,9999.000,9999.000,9999.000,9999.000,9999.000,9999.000,9999.000
202602270124,   0.837,   1.422,9999.000,9999.000,9999.000,9999.000,9999.000,9999.000,9999.000
202602270130,   0.813,   1.399,9999.000,9999.000,9999.000,9999.000,9999.000,9999.000,9999.000
202602270136,   0.789,   1.340,9999.000,9999.000,9999.000,9999.000,9999.000,9999.000,9999.000
202602270142,   0.765,   1.311,9999.000,9999.000,9999.000,9999.000,9999.000,9999.000,9999.000
202602270148,   0.740,   1.271,9999.000,9999.000,9999.000,9999.000,9999.000,9999.000,9999.000
202602270154,   0.716,   1.242,9999.000,9999.000,9999.000,9999.000,9999.000,9999.000,9999.000
202602270200,   0.691,   1.222,   0.300,   0.231,   1.222,   0.300,   1.222,   0.400,   1.322
202602270206,   0.667,   1.199,9999.000,9999.000,9999.000,9999.000,9999.000,9999.000,9999.000
202602270212,   0.642,   1.170,9999.000,9999.000,9999.000,9999.000,9999.000,9999.000,9999.000
202602270218,   0.617,   1.140,9999.000,9999.000,9999.000,9999.000,9999.000,9999.000,9999.000
202602270224,   0.593,   1.101,9999.000,9999.000,9999.000,9999.000,9999.000,9999.000,9999.000
202602270230,   0.569,   1.081,9999.000,9999.000,9999.000,9999.000,9999.000,9999.000,9999.000
202602270236,   0.544,   1.061,9999.000,9999.000,9999.000,9999.000,9999.000,9999.000,9999.000
202602270242,   0.521,   1.032,9999.000,9999.000,9999.000,9999.000,9999.000,9999.000,9999.000
202602270248,   0.497,   1.002,9999.000,9999.000,9999.000,9999.000,9999.000,9999.000,9999.000
202602270254,   0.473,   0.969,9999.000,9999.000,9999.000,9999.000,9999.000,9999.000,9999.000
202602270300,   0.450,   0.940,   0.400,   0.090,   0.940,   0.300,   0.840,   0.400,   0.940
202602270306,   0.428,   0.910,9999.000,9999.000,9999.000,9999.000,9999.000,9999.000,9999.000
202602270312,   0.406,   0.891,9999.000,9999.000,9999.000,9999.000,9999.000,9999.000,9999.000
202602270318,   0.384,   0.861,9999.000,9999.000,9999.000,9999.000,9999.000,9999.000,9999.000
202602270324,   0.362,   0.832,9999.000,9999.000,9999.000,9999.000,9999.000,9999.000,9999.000
202602270330,   0.341,   0.802,9999.000,9999.000,9999.000,9999.000,9999.000,9999.000,9999.000
202602270336,   0.321,   0.779,9999.000,9999.000,9999.000,9999.000,9999.000,9999.000,9999.000
202602270342,   0.301,   0.760,9999.000,9999.000,9999.000,9999.000,9999.000,9999.000,9999.000
202602270348,   0.281,   0.730,9999.000,9999.000,9999.000,9999.000,9999.000,9999.000,9999.000
202602270354,   0.262,   0.701,9999.000,9999.000,9999.000,9999.000,9999.000,9999.000,9999.000
202602270400,   0.243,   0.681,   0.400,   0.038,   0.681,   0.300,   0.581,   0.400,   0.681
202602270406,   0.224,   0.671,9999.000,9999.000,9999.000,9999.000,9999.000,9999.000,9999.000
202602270412,   0.206,   0.641,9999.000,9999.000,9999.000,9999.000,9999.000,9999.000,9999.000
202602270418,   0.188,   0.622,9999.000,9999.000,9999.000,9999.000,9999.000,9999.000,9999.000
202602270424,   0.171,   0.612,9999.000,9999.000,9999.000,9999.000,9999.000,9999.000,9999.000
202602270430,   0.154,   0.592,9999.000,9999.000,9999.000,9999.000,9999.000,9999.000,9999.000
202602270436,   0.138,   0.559,9999.000,9999.000,9999.000,9999.000,9999.000,9999.000,9999.000
202602270442,   0.122,   0.550,9999.000,9999.000,9999.000,9999.000,9999.000,9999.000,9999.000
202602270448,   0.107,   0.550,9999.000,9999.000,9999.000,9999.000,9999.000,9999.000,9999.000
202602270454,   0.093,9999.000,9999.000,9999.000,9999.000,9999.000,9999.000,9999.000,9999.000
202602270500,   0.079,   0.520,   0.400,   0.041,   0.520,   0.300,   0.420,   0.400,   0.520
202602270506,   0.067,   0.510,9999.000,9999.000,9999.000,9999.000,9999.000,9999.000,9999.000
202602270512,   0.055,   0.540,9999.000,9999.000,9999.000,9999.000,9999.000,9999.000,9999.000
202602270518,   0.045,   0.530,9999.000,9999.000,9999.000,9999.000,9999.000,9999.000,9999.000
202602270524,   0.036,   0.540,9999.000,9999.000,9999.000,9999.000,9999.000,9999.000,9999.000
202602270530,   0.029,   0.559,9999.000,9999.000,9999.000,9999.000,9999.000,9999.000,9999.000
202602270536,   0.022,   0.612,9999.000,9999.000,9999.000,9999.000,9999.000,9999.000,9999.000
202602270542,   0.018,   0.651,9999.000,9999.000,9999.000,9999.000,9999.000,9999.000,9999.000
202602270548,   0.015,   0.671,9999.000,9999.000,9999.000,9999.000,9999.000,9999.000,9999.000
202602270554,   0.014,   0.720,9999.000,9999.000,9999.000,9999.000,9999.000,9999.000,9999.000
202602270600,   0.015,   0.760,   0.400,   0.345,   0.760,   0.400,   0.760,   0.500,   0.860
202602270606,   0.018,   0.779,9999.000,9999.000,9999.000,9999.000,9999.000,9999.000,9999.000
202602270612,   0.023,   0.822,9999.000,9999.000,9999.000,9999.000,9999.000,9999.000,9999.000
202602270618,   0.029,   0.871,9999.000,9999.000,9999.000,9999.000,9999.000,9999.000,9999.000
202602270624,   0.038,   0.891,9999.000,9999.000,9999.000,9999.000,9999.000,9999.000,9999.000
202602270630,   0.049,   0.920,9999.000,9999.000,9999.000,9999.000,9999.000,9999.000,9999.000
202602270636,   0.061,   0.969,9999.000,9999.000,9999.000,9999.000,9999.000,9999.000,9999.000
202602270642,   0.076,   0.989,9999.000,9999.000,9999.000,9999.000,9999.000,9999.000,9999.000
202602270648,   0.092,   1.022,9999.000,9999.000,9999.000,9999.000,9999.000,9999.000,9999.000
202602270654,   0.110,   1.061,9999.000,9999.000,9999.000,9999.000,9999.000,9999.000,9999.000
202602270700,   0.130,   1.111,   0.400,   0.581,   1.111,   0.400,   1.111,   0.400,   1.111
202602270706,   0.152,   1.150,9999.000,9999.000,9999.000,9999.000,9999.000,9999.000,9999.000
202602270712,   0.175,   1.199,9999.000,9999.000,9999.000,9999.000,9999.000,9999.000,9999.000
202602270718,   0.200,   1.232,9999.000,9999.000,9999.000,9999.000,9999.000,9999.000,9999.000
202602270724,   0.226,   1.261,9999.000,9999.000,9999.000,9999.000,9999.000,9999.000,9999.000
202602270730,   0.253,   1.301,9999.000,9999.000,9999.000,9999.000,9999.000,9999.000,9999.000
202602270736,   0.282,   1.340,9999.000,9999.000,9999.000,9999.000,9999.000,9999.000,9999.000
202602270742,   0.312,   1.389,9999.000,9999.000,9999.000,9999.000,9999.000,9999.000,9999.000
202602270748,   0.344,   1.432,9999.000,9999.000,9999.000,9999.000,9999.000,9999.000,9999.000
202602270754,   0.377,   1.471,9999.000,9999.000,9999.000,9999.000,9999.000,9999.000,9999.000
202602270800,   0.411,   1.520,   0.400,   0.709,   1.520,   0.400,   1.520,   0.400,   1.520
202602270806,   0.446,   1.559,9999.000,9999.000,9999.000,9999.000,9999.000,9999.000,9999.000
202602270812,   0.483,   1.598,9999.000,9999.000,9999.000,9999.000,9999.000,9999.000,9999.000
202602270818,   0.521,   1.651,9999.000,9999.000,9999.000,9999.000,9999.000,9999.000,9999.000
202602270824,   0.560,   1.690,9999.000,9999.000,9999.000,9999.000,9999.000,9999.000,9999.000
202602270830,   0.600,   1.739,9999.000,9999.000,9999.000,9999.000,9999.000,9999.000,9999.000
202602270836,   0.642,   1.779,9999.000,9999.000,9999.000,9999.000,9999.000,9999.000,9999.000
202602270842,   0.685,   1.828,9999.000,9999.000,9999.000,9999.000,9999.000,9999.000,9999.000
202602270848,   0.729,   1.880,9999.000,9999.000,9999.000,9999.000,9999.000,9999.000,9999.000
202602270854,   0.775,   1.920,9999.000,9999.000,9999.000,9999.000,9999.000,9999.000,9999.000
202602270900,   0.821,   1.959,   0.400,   0.738,   1.959,   0.400,   1.959,   0.500,   2.059
202602270906,   0.869,   1.998,9999.000,9999.000,9999.000,9999.000,9999.000,9999.000,9999.000
202602270912,   0.917,   2.051,9999.000,9999.000,9999.000,9999.000,9999.000,9999.000,9999.000
202602270918,   0.967,   2.090,9999.000,9999.000,9999.000,9999.000,9999.000,9999.000,9999.000
202602270924,   1.016,   2.139,9999.000,9999.000,9999.000,9999.000,9999.000,9999.000,9999.000
202602270930,   1.067,   2.179,9999.000,9999.000,9999.000,9999.000,9999.000,9999.000,9999.000
202602270936,   1.117,   2.208,9999.000,9999.000,9999.000,9999.000,9999.000,9999.000,9999.000
202602270942,   1.168,   2.261,9999.000,9999.000,9999.000,9999.000,9999.000,9999.000,9999.000
202602270948,   1.218,   2.300,9999.000,9999.000,9999.000,9999.000,9999.000,9999.000,9999.000
202602270954,   1.267,   2.330,9999.000,9999.000,9999.000,9999.000,9999.000,9999.000,9999.000
202602271000,   1.316,   2.379,   0.400,   0.663,   2.379,   0.400,   2.379,   0.500,   2.479
202602271006,   1.364,   2.418,9999.000,9999.000,9999.000,9999.000,9999.000,9999.000,9999.000
202602271012,   1.410,   2.438,9999.000,9999.000,9999.000,9999.000,9999.000,9999.000,9999.000
202602271018,   1.454,   2.481,9999.000,9999.000,9999.000,9999.000,9999.000,9999.000,9999.000
202602271024,   1.497,   2.520,9999.000,9999.000,9999.000,9999.000,9999.000,9999.000,9999.000
202602271030,   1.537,   2.549,9999.000,9999.000,9999.000,9999.000,9999.000,9999.000,9999.000
202602271036,   1.575,   2.589,9999.000,9999.000,9999.000,9999.000,9999.000,9999.000,9999.000
202602271042,   1.610,   2.618,9999.000,9999.000,9999.000,9999.000,9999.000,9999.000,9999.000
202602271048,   1.642,   2.648,9999.000,9999.000,9999.000,9999.000,9999.000,9999.000,9999.000
202602271054,   1.671,   2.681,9999.000,9999.000,9999.000,9999.000,9999.000,9999.000,9999.000
202602271100,   1.697,   2.700,   0.400,   0.603,   2.700,   0.400,   2.700,   0.500,   2.800
202602271106,   1.720,   2.730,9999.000,9999.000,9999.000,9999.000,9999.000,9999.000,9999.000
202602271112,   1.739,   2.749,9999.000,9999.000,9999.000,9999.000,9999.000,9999.000,9999.000
202602271118,   1.755,   2.769,9999.000,9999.000,9999.000,9999.000,9999.000,9999.000,9999.000
202602271124,   1.768,   2.779,9999.000,9999.000,9999.000,9999.000,9999.000,9999.000,9999.000
202602271130,   1.778,   2.789,9999.000,9999.000,9999.000,9999.000,9999.000,9999.000,9999.000
202602271136,   1.784,   2.789,9999.000,9999.000,9999.000,9999.000,9999.000,9999.000,9999.000
202602271142,   1.787,   2.789,9999.000,9999.000,9999.000,9999.000,9999.000,9999.000,9999.000
202602271148,   1.787,   2.789,9999.000,9999.000,9999.000,9999.000,9999.000,9999.000,9999.000
202602271154,   1.785,   2.779,9999.000,9999.000,9999.000,9999.000,9999.000,9999.000,9999.000
202602271200,   1.780,   2.769,   0.500,   0.489,   2.769,   0.500,   2.769,   0.600,   2.869
202602271206,   1.772,   2.749,9999.000,9999.000,9999.000,9999.000,9999.000,9999.000,9999.000
202602271212,   1.762,   2.720,9999.000,9999.000,9999.000,9999.000,9999.000,9999.000,9999.000
202602271218,   1.750,   2.690,9999.000,9999.000,9999.000,9999.000,9999.000,9999.000,9999.000
202602271224,   1.736,   2.658,9999.000,9999.000,9999.000,9999.000,9999.000,9999.000,9999.000
202602271230,   1.720,   2.618,9999.000,9999.000,9999.000,9999.000,9999.000,9999.000,9999.000
202602271236,   1.703,   2.579,9999.000,9999.000,9999.000,9999.000,9999.000,9999.000,9999.000
202602271242,   1.684,   2.549,9999.000,9999.000,9999.000,9999.000,9999.000,9999.000,9999.000
202602271248,   1.664,   2.520,9999.000,9999.000,9999.000,9999.000,9999.000,9999.000,9999.000
202602271254,   1.643,   2.481,9999.000,9999.000,9999.000,9999.000,9999.000,9999.000,9999.000
202602271300,   1.621,   2.448,   0.500,   0.327,   2.448,   0.500,   2.448,   0.500,   2.448
202602271306,   1.598,   2.418,9999.000,9999.000,9999.000,9999.000,9999.000,9999.000,9999.000
202602271312,   1.574,   2.379,9999.000,9999.000,9999.000,9999.000,9999.000,9999.000,9999.000
202602271318,   1.550,   2.359,9999.000,9999.000,9999.000,9999.000,9999.000,9999.000,9999.000
202602271324,   1.524,   2.320,9999.000,9999.000,9999.000,9999.000,9999.000,9999.000,9999.000
202602271330,   1.499,   2.280,9999.000,9999.000,9999.000,9999.000,9999.000,9999.000,9999.000
202602271336,   1.472,   2.238,9999.000,9999.000,9999.000,9999.000,9999.000,9999.000,9999.000
202602271342,   1.445,   2.208,9999.000,9999.000,9999.000,9999.000,9999.000,9999.000,9999.000
202602271348,   1.417,   2.169,9999.000,9999.000,9999.000,9999.000,9999.000,9999.000,9999.000
202602271354,   1.389,   2.130,9999.000,9999.000,9999.000,9999.000,9999.000,9999.000,9999.000
202602271400,   1.361,   2.090,   0.500,   0.229,   2.090,   0.500,   2.090,   0.500,   2.090
202602271406,   1.332,   2.061,9999.000,9999.000,9999.000,9999.000,9999.000,9999.000,9999.000
202602271412,   1.303,   2.018,9999.000,9999.000,9999.000,9999.000,9999.000,9999.000,9999.000
202602271418,   1.273,   1.979,9999.000,9999.000,9999.000,9999.000,9999.000,9999.000,9999.000
202602271424,   1.244,   1.939,9999.000,9999.000,9999.000,9999.000,9999.000,9999.000,9999.000
202602271430,   1.214,   1.900,9999.000,9999.000,9999.000,9999.000,9999.000,9999.000,9999.000
202602271436,   1.184,   1.870,9999.000,9999.000,9999.000,9999.000,9999.000,9999.000,9999.000
202602271442,   1.154,   1.828,9999.000,9999.000,9999.000,9999.000,9999.000,9999.000,9999.000
202602271448,   1.123,   1.779,9999.000,9999.000,9999.000,9999.000,9999.000,9999.000,9999.000
202602271454,   1.093,   1.739,9999.000,9999.000,9999.000,9999.000,9999.000,9999.000,9999.000
202602271500,   1.063,   1.710,   0.500,   0.147,   1.710,   0.500,   1.710,   0.500,   1.710
202602271506,   1.033,   1.670,9999.000,9999.000,9999.000,9999.000,9999.000,9999.000,9999.000
202602271512,   1.003,   1.631,9999.000,9999.000,9999.000,9999.000,9999.000,9999.000,9999.000
202602271518,   0.974,   1.598,9999.000,9999.000,9999.000,9999.000,9999.000,9999.000,9999.000
202602271524,   0.945,   1.549,9999.000,9999.000,9999.000,9999.000,9999.000,9999.000,9999.000
202602271530,   0.916,   1.511,9999.000,9999.000,9999.000,9999.000,9999.000,9999.000,9999.000
202602271536,   0.887,   1.481,9999.000,9999.000,9999.000,9999.000,9999.000,9999.000,9999.000
202602271542,   0.858,   1.442,9999.000,9999.000,9999.000,9999.000,9999.000,9999.000,9999.000
202602271548,   0.830,   1.399,9999.000,9999.000,9999.000,9999.000,9999.000,9999.000,9999.000
202602271554,   0.802,   1.370,9999.000,9999.000,9999.000,9999.000,9999.000,9999.000,9999.000
202602271600,   0.775,   1.330,   0.500,   0.055,   1.330,   0.500,   1.330,   0.500,   1.330
202602271606,   0.747,   1.291,9999.000,9999.000,9999.000,9999.000,9999.000,9999.000,9999.000
202602271612,   0.720,   1.261,9999.000,9999.000,9999.000,9999.000,9999.000,9999.000,9999.000
202602271618,   0.693,   1.232,9999.000,9999.000,9999.000,9999.000,9999.000,9999.000,9999.000
202602271624,   0.666,   1.199,9999.000,9999.000,9999.000,9999.000,9999.000,9999.000,9999.000
202602271630,   0.639,   1.150,9999.000,9999.000,9999.000,9999.000,9999.000,9999.000,9999.000
202602271636,   0.613,   1.130,9999.000,9999.000,9999.000,9999.000,9999.000,9999.000,9999.000
202602271642,   0.586,   1.111,9999.000,9999.000,9999.000,9999.000,9999.000,9999.000,9999.000
202602271648,   0.560,   1.061,9999.000,9999.000,9999.000,9999.000,9999.000,9999.000,9999.000
202602271654,   0.534,   1.032,9999.000,9999.000,9999.000,9999.000,9999.000,9999.000,9999.000
202602271700,   0.508,   1.012,   0.500,   0.004,   1.012,   0.500,   1.012,   0.500,   1.012
202602271706,   0.482,   0.969,9999.000,9999.000,9999.000,9999.000,9999.000,9999.000,9999.000
202602271712,   0.457,   0.960,9999.000,9999.000,9999.000,9999.000,9999.000,9999.000,9999.000
202602271718,   0.432,   0.940,9999.000,9999.000,9999.000,9999.000,9999.000,9999.000,9999.000
202602271724,   0.407,   0.920,9999.000,9999.000,9999.000,9999.000,9999.000,9999.000,9999.000
202602271730,   0.383,   0.891,9999.000,9999.000,9999.000,9999.000,9999.000,9999.000,9999.000
202602271736,   0.360,   0.871,9999.000,9999.000,9999.000,9999.000,9999.000,9999.000,9999.000
202602271742,   0.337,   0.842,9999.000,9999.000,9999.000,9999.000,9999.000,9999.000,9999.000
202602271748,   0.315,   0.822,9999.000,9999.000,9999.000,9999.000,9999.000,9999.000,9999.000
202602271754,   0.294,   0.812,9999.000,9999.000,9999.000,9999.000,9999.000,9999.000,9999.000
202602271800,   0.274,   0.802,   0.500,   0.028,   0.802,   0.400,   0.702,   0.600,   0.902
202602271806,   0.256,   0.802,9999.000,9999.000,9999.000,9999.000,9999.000,9999.000,9999.000
202602271812,   0.238,   0.779,9999.000,9999.000,9999.000,9999.000,9999.000,9999.000,9999.000
202602271818,   0.222,   0.779,9999.000,9999.000,9999.000,9999.000,9999.000,9999.000,9999.000
202602271824,   0.208,   0.769,9999.000,9999.000,9999.000,9999.000,9999.000,9999.000,9999.000
202602271830,   0.195,   0.769,9999.000,9999.000,9999.000,9999.000,9999.000,9999.000,9999.000
202602271836,   0.183,   0.789,9999.000,9999.000,9999.000,9999.000,9999.000,9999.000,9999.000
202602271842,   0.173,   0.812,9999.000,9999.000,9999.000,9999.000,9999.000,9999.000,9999.000
202602271848,   0.165,   0.822,9999.000,9999.000,9999.000,9999.000,9999.000,9999.000,9999.000
202602271854,   0.158,   0.851,9999.000,9999.000,9999.000,9999.000,9999.000,9999.000,9999.000
202602271900,   0.153,   0.901,   0.500,   0.248,   0.901,   0.500,   0.901,   0.600,   1.001
202602271906,   0.150,   0.930,9999.000,9999.000,9999.000,9999.000,9999.000,9999.000,9999.000
202602271912,   0.148,   0.969,9999.000,9999.000,9999.000,9999.000,9999.000,9999.000,9999.000
202602271918,   0.147,   1.012,9999.000,9999.000,9999.000,9999.000,9999.000,9999.000,9999.000
202602271924,   0.149,   1.032,9999.000,9999.000,9999.000,9999.000,9999.000,9999.000,9999.000
202602271930,   0.151,   1.061,9999.000,9999.000,9999.000,9999.000,9999.000,9999.000,9999.000
202602271936,   0.156,   1.091,9999.000,9999.000,9999.000,9999.000,9999.000,9999.000,9999.000
202602271942,   0.161,   1.120,9999.000,9999.000,9999.000,9999.000,9999.000,9999.000,9999.000
202602271948,   0.168,   1.150,9999.000,9999.000,9999.000,9999.000,9999.000,9999.000,9999.000
202602271954,   0.177,   1.199,9999.000,9999.000,9999.000,9999.000,9999.000,9999.000,9999.000
202602272000,   0.186,   1.232,   0.500,   0.546,   1.232,   0.500,   1.232,   0.600,   1.332
202602272006,   0.198,   1.261,9999.000,9999.000,9999.000,9999.000,9999.000,9999.000,9999.000
202602272012,   0.210,   1.301,9999.000,9999.000,9999.000,9999.000,9999.000,9999.000,9999.000
202602272018,   0.224,   1.340,9999.000,9999.000,9999.000,9999.000,9999.000,9999.000,9999.000
202602272024,   0.239,   1.360,9999.000,9999.000,9999.000,9999.000,9999.000,9999.000,9999.000
202602272030,   0.256,   1.409,9999.000,9999.000,9999.000,9999.000,9999.000,9999.000,9999.000
202602272036,   0.274,   1.452,9999.000,9999.000,9999.000,9999.000,9999.000,9999.000,9999.000
202602272042,   0.294,   1.491,9999.000,9999.000,9999.000,9999.000,9999.000,9999.000,9999.000
202602272048,   0.316,   1.511,9999.000,9999.000,9999.000,9999.000,9999.000,9999.000,9999.000
202602272054,   0.339,   1.539,9999.000,9999.000,9999.000,9999.000,9999.000,9999.000,9999.000
202602272100,   0.363,   1.588,   0.600,   0.625,   1.588,   0.500,   1.488,   0.600,   1.588
202602272106,   0.390,   1.631,9999.000,9999.000,9999.000,9999.000,9999.000,9999.000,9999.000
202602272112,   0.418,   1.661,9999.000,9999.000,9999.000,9999.000,9999.000,9999.000,9999.000
202602272118,   0.447,   1.710,9999.000,9999.000,9999.000,9999.000,9999.000,9999.000,9999.000
202602272124,   0.478,   1.749,9999.000,9999.000,9999.000,9999.000,9999.000,9999.000,9999.000
202602272130,   0.511,   1.769,9999.000,9999.000,9999.000,9999.000,9999.000,9999.000,9999.000
202602272136,   0.545,   1.808,9999.000,9999.000,9999.000,9999.000,9999.000,9999.000,9999.000
202602272142,   0.581,   1.861,9999.000,9999.000,9999.000,9999.000,9999.000,9999.000,9999.000
202602272148,   0.618,   1.861,9999.000,9999.000,9999.000,9999.000,9999.000,9999.000,9999.000
202602272154,   0.656,   1.910,9999.000,9999.000,9999.000,9999.000,9999.000,9999.000,9999.000
202602272200,   0.694,   1.959,   0.600,   0.665,   1.959,   0.500,   1.859,   0.600,   1.959
202602272206,   0.734,   1.989,9999.000,9999.000,9999.000,9999.000,9999.000,9999.000,9999.000
202602272212,   0.774,   2.018,9999.000,9999.000,9999.000,9999.000,9999.000,9999.000,9999.000
202602272218,   0.813,   2.071,9999.000,9999.000,9999.000,9999.000,9999.000,9999.000,9999.000
202602272224,   0.853,   2.090,9999.000,9999.000,9999.000,9999.000,9999.000,9999.000,9999.000
202602272230,   0.892,   2.120,9999.000,9999.000,9999.000,9999.000,9999.000,9999.000,9999.000
202602272236,   0.931,   2.159,9999.000,9999.000,9999.000,9999.000,9999.000,9999.000,9999.000
202602272242,   0.968,   2.198,9999.000,9999.000,9999.000,9999.000,9999.000,9999.000,9999.000
202602272248,   1.004,   2.208,9999.000,9999.000,9999.000,9999.000,9999.000,9999.000,9999.000
202602272254,   1.039,   2.238,9999.000,9999.000,9999.000,9999.000,9999.000,9999.000,9999.000
202602272300,   1.072,   2.271,   0.600,   0.599,   2.271,   0.500,   2.171,   0.600,   2.271
202602272306,   1.103,   2.290,9999.000,9999.000,9999.000,9999.000,9999.000,9999.000,9999.000
202602272312,   1.131,   2.310,9999.000,9999.000,9999.000,9999.000,9999.000,9999.000,9999.000
202602272318,   1.157,   2.339,9999.000,9999.000,9999.000,9999.000,9999.000,9999.000,9999.000
202602272324,   1.181,   2.359,9999.000,9999.000,9999.000,9999.000,9999.000,9999.000,9999.000
202602272330,   1.201,   2.359,9999.000,9999.000,9999.000,9999.000,9999.000,9999.000,9999.000
202602272336,   1.219,   2.389,9999.000,9999.000,9999.000,9999.000,9999.000,9999.000,9999.000
202602272342,   1.234,   2.408,9999.000,9999.000,9999.000,9999.000,9999.000,9999.000,9999.000
202602272348,   1.247,   2.399,9999.000,9999.000,9999.000,9999.000,9999.000,9999.000,9999.000
202602272354,   1.256,   2.408,9999.000,9999.000,9999.000,9999.000,9999.000,9999.000,9999.000
202602280000,   1.263,   2.408,   0.600,   0.545,   2.408,   0.600,   2.408,   0.600,   2.408
202602280006,   1.267,   2.408,9999.000,9999.000,9999.000,9999.000,9999.000,9999.000,9999.000
202602280012,   1.268,   2.408,9999.000,9999.000,9999.000,9999.000,9999.000,9999.000,9999.000
202602280018,   1.267,   2.389,9999.000,9999.000,9999.000,9999.000,9999.000,9999.000,9999.000
202602280024,   1.264,   2.359,9999.000,9999.000,9999.000,9999.000,9999.000,9999.000,9999.000
202602280030,   1.258,   2.339,9999.000,9999.000,9999.000,9999.000,9999.000,9999.000,9999.000
202602280036,   1.251,   2.310,9999.000,9999.000,9999.000,9999.000,9999.000,9999.000,9999.000
202602280042,   1.242,   2.280,9999.000,9999.000,9999.000,9999.000,9999.000,9999.000,9999.000
202602280048,   1.230,   2.261,9999.000,9999.000,9999.000,9999.000,9999.000,9999.000,9999.000
202602280054,   1.218,   2.228,9999.000,9999.000,9999.000,9999.000,9999.000,9999.000,9999.000
202602280100,   1.204,   2.189,   0.600,   0.385,   2.189,   0.500,   2.089,   0.600,   2.189
202602280106,   1.189,   2.159,9999.000,9999.000,9999.000,9999.000,9999.000,9999.000,9999.000
202602280112,   1.172,   2.139,9999.000,9999.000,9999.000,9999.000,9999.000,9999.000,9999.000
202602280118,   1.155,   2.090,9999.000,9999.000,9999.000,9999.000,9999.000,9999.000,9999.000
202602280124,   1.137,   2.061,9999.000,9999.000,9999.000,9999.000,9999.000,9999.000,9999.000
202602280130,   1.118,   2.051,9999.000,9999.000,9999.000,9999.000,9999.000,9999.000,9999.000
202602280136,   1.098,   2.008,9999.000,9999.000,9999.000,9999.000,9999.000,9999.000,9999.000
202602280142,   1.077,   1.969,9999.000,9999.000,9999.000,9999.000,9999.000,9999.000,9999.000
202602280148,   1.056,   1.949,9999.000,9999.000,9999.000,9999.000,9999.000,9999.000,9999.000
202602280154,   1.035,   1.910,9999.000,9999.000,9999.000,9999.000,9999.000,9999.000,9999.000
202602280200,   1.012,   1.870,   0.600,   0.258,   1.870,   0.500,   1.770,   0.600,   1.870
202602280206,   0.990,   1.851,9999.000,9999.000,9999.000,9999.000,9999.000,9999.000,9999.000
202602280212,   0.967,   1.808,9999.000,9999.000,9999.000,9999.000,9999.000,9999.000,9999.000
202602280218,   0.943,   1.779,9999.000,9999.000,9999.000,9999.000,9999.000,9999.000,9999.000
202602280224,   0.919,   1.749,9999.000,9999.000,9999.000,9999.000,9999.000,9999.000,9999.000
202602280230,   0.895,   1.700,9999.000,9999.000,9999.000,9999.000,9999.000,9999.000,9999.000
202602280236,   0.870,   1.670,9999.000,9999.000,9999.000,9999.000,9999.000,9999.000,9999.000
202602280242,   0.845,   1.641,9999.000,9999.000,9999.000,9999.000,9999.000,9999.000,9999.000
202602280248,   0.820,   1.598,9999.000,9999.000,9999.000,9999.000,9999.000,9999.000,9999.000
202602280254,   0.794,   1.559,9999.000,9999.000,9999.000,9999.000,9999.000,9999.000,9999.000
202602280300,   0.768,   1.539,   0.600,   0.171,   1.539,   0.500,   1.439,   0.600,   1.539
202602280306,   0.743,   1.501,9999.000,9999.000,9999.000,9999.000,9999.000,9999.000,9999.000
202602280312,   0.717,   1.452,9999.000,9999.000,9999.000,9999.000,9999.000,9999.000,9999.000
202602280318,   0.691,   1.422,9999.000,9999.000,9999.000,9999.000,9999.000,9999.000,9999.000
202602280324,   0.666,   1.399,9999.000,9999.000,9999.000,9999.000,9999.000,9999.000,9999.000
202602280330,   0.640,   1.350,9999.000,9999.000,9999.000,9999.000,9999.000,9999.000,9999.000
202602280336,   0.615,   1.320,9999.000,9999.000,9999.000,9999.000,9999.000,9999.000,9999.000
202602280342,   0.590,   1.291,9999.000,9999.000,9999.000,9999.000,9999.000,9999.000,9999.000
202602280348,   0.565,   1.252,9999.000,9999.000,9999.000,9999.000,9999.000,9999.000,9999.000
202602280354,   0.541,   1.212,9999.000,9999.000,9999.000,9999.000,9999.000,9999.000,9999.000
202602280400,   0.517,   1.179,   0.600,   0.062,   1.179,   0.500,   1.079,   0.600,   1.179
202602280406,   0.493,   1.150,9999.000,9999.000,9999.000,9999.000,9999.000,9999.000,9999.000
202602280412,   0.469,   1.111,9999.000,9999.000,9999.000,9999.000,9999.000,9999.000,9999.000
202602280418,   0.446,   1.071,9999.000,9999.000,9999.000,9999.000,9999.000,9999.000,9999.000
202602280424,   0.424,   1.042,9999.000,9999.000,9999.000,9999.000,9999.000,9999.000,9999.000
202602280430,   0.401,   1.022,9999.000,9999.000,9999.000,9999.000,9999.000,9999.000,9999.000
202602280436,   0.379,   0.989,9999.000,9999.000,9999.000,9999.000,9999.000,9999.000,9999.000
202602280442,   0.358,   0.950,9999.000,9999.000,9999.000,9999.000,9999.000,9999.000,9999.000
202602280448,   0.336,   0.930,9999.000,9999.000,9999.000,9999.000,9999.000,9999.000,9999.000
202602280454,   0.315,   0.901,9999.000,9999.000,9999.000,9999.000,9999.000,9999.000,9999.000
202602280500,   0.294,   0.861,   0.600,  -0.033,   0.861,   0.500,   0.761,   0.600,   0.861
202602280506,   0.274,   0.851,9999.000,9999.000,9999.000,9999.000,9999.000,9999.000,9999.000
202602280512,   0.254,   0.832,9999.000,9999.000,9999.000,9999.000,9999.000,9999.000,9999.000
202602280518,   0.234,   0.789,9999.000,9999.000,9999.000,9999.000,9999.000,9999.000,9999.000
202602280524,   0.214,   0.779,9999.000,9999.000,9999.000,9999.000,9999.000,9999.000,9999.000
202602280530,   0.195,   0.760,9999.000,9999.000,9999.000,9999.000,9999.000,9999.000,9999.000
202602280536,   0.176,   0.730,9999.000,9999.000,9999.000,9999.000,9999.000,9999.000,9999.000
202602280542,   0.158,   0.710,9999.000,9999.000,9999.000,9999.000,9999.000,9999.000,9999.000
202602280548,   0.141,   0.701,9999.000,9999.000,9999.000,9999.000,9999.000,9999.000,9999.000
202602280554,   0.124,   0.691,9999.000,9999.000,9999.000,9999.000,9999.000,9999.000,9999.000
202602280600,   0.108,   0.671,   0.600,  -0.037,   0.671,   0.600,   0.671,   0.600,   0.671
202602280606,   0.093,   0.661,9999.000,9999.000,9999.000,9999.000,9999.000,9999.000,9999.000
202602280612,   0.080,   0.661,9999.000,9999.000,9999.000,9999.000,9999.000,9999.000,9999.000
202602280618,   0.067,   0.671,9999.000,9999.000,9999.000,9999.000,9999.000,9999.000,9999.000
202602280624,   0.056,   0.681,9999.000,9999.000,9999.000,9999.000,9999.000,9999.000,9999.000
202602280630,   0.046,   0.691,9999.000,9999.000,9999.000,9999.000,9999.000,9999.000,9999.000
202602280636,   0.037,   0.720,9999.000,9999.000,9999.000,9999.000,9999.000,9999.000,9999.000
202602280642,   0.031,   0.750,9999.000,9999.000,9999.000,9999.000,9999.000,9999.000,9999.000
202602280648,   0.025,   0.779,9999.000,9999.000,9999.000,9999.000,9999.000,9999.000,9999.000
202602280654,   0.022,   0.822,9999.000,9999.000,9999.000,9999.000,9999.000,9999.000,9999.000
202602280700,   0.021,   0.861,   0.600,   0.240,   0.861,   0.600,   0.861,   0.600,   0.861
202602280706,   0.021,   0.901,9999.000,9999.000,9999.000,9999.000,9999.000,9999.000,9999.000
202602280712,   0.023,   0.930,9999.000,9999.000,9999.000,9999.000,9999.000,9999.000,9999.000
202602280718,   0.028,   0.960,9999.000,9999.000,9999.000,9999.000,9999.000,9999.000,9999.000
202602280724,   0.034,   0.989,9999.000,9999.000,9999.000,9999.000,9999.000,9999.000,9999.000
202602280730,   0.042,   1.022,9999.000,9999.000,9999.000,9999.000,9999.000,9999.000,9999.000
202602280736,   0.052,   1.061,9999.000,9999.000,9999.000,9999.000,9999.000,9999.000,9999.000
202602280742,   0.063,   1.091,9999.000,9999.000,9999.000,9999.000,9999.000,9999.000,9999.000
202602280748,   0.077,   1.130,9999.000,9999.000,9999.000,9999.000,9999.000,9999.000,9999.000
202602280754,   0.092,   1.170,9999.000,9999.000,9999.000,9999.000,9999.000,9999.000,9999.000
202602280800,   0.109,   1.212,   0.600,   0.503,   1.212,   0.600,   1.212,   0.600,   1.212
202602280806,   0.128,   1.242,9999.000,9999.000,9999.000,9999.000,9999.000,9999.000,9999.000
202602280812,   0.148,   1.291,9999.000,9999.000,9999.000,9999.000,9999.000,9999.000,9999.000
202602280818,   0.170,   1.330,9999.000,9999.000,9999.000,9999.000,9999.000,9999.000,9999.000
202602280824,   0.194,   1.370,9999.000,9999.000,9999.000,9999.000,9999.000,9999.000,9999.000
202602280830,   0.218,   1.409,9999.000,9999.000,9999.000,9999.000,9999.000,9999.000,9999.000
202602280836,   0.245,   1.452,9999.000,9999.000,9999.000,9999.000,9999.000,9999.000,9999.000
202602280842,   0.273,   1.491,9999.000,9999.000,9999.000,9999.000,9999.000,9999.000,9999.000
202602280848,   0.303,   1.539,9999.000,9999.000,9999.000,9999.000,9999.000,9999.000,9999.000
202602280854,   0.334,   1.588,9999.000,9999.000,9999.000,9999.000,9999.000,9999.000,9999.000
202602280900,   0.366,   1.631,   0.600,   0.665,   1.631,   0.600,   1.631,   0.600,   1.631
202602280906,   0.401,   1.670,9999.000,9999.000,9999.000,9999.000,9999.000,9999.000,9999.000
202602280912,   0.437,   1.720,9999.000,9999.000,9999.000,9999.000,9999.000,9999.000,9999.000
202602280918,   0.474,   1.769,9999.000,9999.000,9999.000,9999.000,9999.000,9999.000,9999.000
202602280924,   0.513,   1.808,9999.000,9999.000,9999.000,9999.000,9999.000,9999.000,9999.000
202602280930,   0.554,   1.861,9999.000,9999.000,9999.000,9999.000,9999.000,9999.000,9999.000
202602280936,   0.597,   1.900,9999.000,9999.000,9999.000,9999.000,9999.000,9999.000,9999.000
202602280942,   0.641,   1.939,9999.000,9999.000,9999.000,9999.000,9999.000,9999.000,9999.000
202602280948,   0.686,   1.989,9999.000,9999.000,9999.000,9999.000,9999.000,9999.000,9999.000
202602280954,   0.733,   2.051,9999.000,9999.000,9999.000,9999.000,9999.000,9999.000,9999.000
202602281000,   0.782,   2.090,   0.600,   0.708,   2.090,   0.600,   2.090,   0.600,   2.090
202602281006,   0.831,   2.130,9999.000,9999.000,9999.000,9999.000,9999.000,9999.000,9999.000
202602281012,   0.882,   2.179,9999.000,9999.000,9999.000,9999.000,9999.000,9999.000,9999.000
202602281018,   0.933,   2.208,9999.000,9999.000,9999.000,9999.000,9999.000,9999.000,9999.000
202602281024,   0.985,   2.261,9999.000,9999.000,9999.000,9999.000,9999.000,9999.000,9999.000
202602281030,   1.038,   2.310,9999.000,9999.000,9999.000,9999.000,9999.000,9999.000,9999.000
202602281036,   1.090,   2.349,9999.000,9999.000,9999.000,9999.000,9999.000,9999.000,9999.000
202602281042,   1.143,   2.379,9999.000,9999.000,9999.000,9999.000,9999.000,9999.000,9999.000
202602281048,   1.195,   2.428,9999.000,9999.000,9999.000,9999.000,9999.000,9999.000,9999.000
202602281054,   1.246,   2.471,9999.000,9999.000,9999.000,9999.000,9999.000,9999.000,9999.000
202602281100,   1.297,   2.510,   0.600,   0.613,   2.510,   0.600,   2.510,   0.600,   2.510
202602281106,   1.345,   2.549,9999.000,9999.000,9999.000,9999.000,9999.000,9999.000,9999.000
202602281112,   1.393,   2.589,9999.000,9999.000,9999.000,9999.000,9999.000,9999.000,9999.000
202602281118,   1.438,   2.618,9999.000,9999.000,9999.000,9999.000,9999.000,9999.000,9999.000
202602281124,   1.481,   2.648,9999.000,9999.000,9999.000,9999.000,9999.000,9999.000,9999.000
202602281130,   1.522,   2.700,9999.000,9999.000,9999.000,9999.000,9999.000,9999.000,9999.000
202602281136,   1.560,   2.730,9999.000,9999.000,9999.000,9999.000,9999.000,9999.000,9999.000
202602281142,   1.595,   2.759,9999.000,9999.000,9999.000,9999.000,9999.000,9999.000,9999.000
202602281148,   1.627,   2.789,9999.000,9999.000,9999.000,9999.000,9999.000,9999.000,9999.000
202602281154,   1.655,   2.809,9999.000,9999.000,9999.000,9999.000,9999.000,9999.000,9999.000
202602281200,   1.681,   2.838,   0.600,   0.557,   2.838,   0.600,   2.838,   0.700,   2.938
202602281206,   1.703,   2.858,9999.000,9999.000,9999.000,9999.000,9999.000,9999.000,9999.000
202602281212,   1.722,   2.891,9999.000,9999.000,9999.000,9999.000,9999.000,9999.000,9999.000
202602281218,   1.738,   2.910,9999.000,9999.000,9999.000,9999.000,9999.000,9999.000,9999.000
202602281224,   1.750,   2.920,9999.000,9999.000,9999.000,9999.000,9999.000,9999.000,9999.000
202602281230,   1.759,   2.940,9999.000,9999.000,9999.000,9999.000,9999.000,9999.000,9999.000
202602281236,   1.765,   2.950,9999.000,9999.000,9999.000,9999.000,9999.000,9999.000,9999.000
202602281242,   1.768,   2.950,9999.000,9999.000,9999.000,9999.000,9999.000,9999.000,9999.000
202602281248,   1.768,   2.959,9999.000,9999.000,9999.000,9999.000,9999.000,9999.000,9999.000
202602281254,   1.766,   2.959,9999.000,9999.000,9999.000,9999.000,9999.000,9999.000,9999.000
202602281300,   1.761,   2.940,   0.600,   0.579,   2.940,   0.600,   2.940,   0.700,   3.040
202602281306,   1.754,   2.920,9999.000,9999.000,9999.000,9999.000,9999.000,9999.000,9999.000
202602281312,   1.744,   2.891,9999.000,9999.000,9999.000,9999.000,9999.000,9999.000,9999.000
202602281318,   1.733,   2.848,9999.000,9999.000,9999.000,9999.000,9999.000,9999.000,9999.000
202602281324,   1.720,   2.809,9999.000,9999.000,9999.000,9999.000,9999.000,9999.000,9999.000
202602281330,   1.705,   2.779,9999.000,9999.000,9999.000,9999.000,9999.000,9999.000,9999.000
202602281336,   1.688,   2.740,9999.000,9999.000,9999.000,9999.000,9999.000,9999.000,9999.000
202602281342,   1.671,   2.700,9999.000,9999.000,9999.000,9999.000,9999.000,9999.000,9999.000
202602281348,   1.652,   2.681,9999.000,9999.000,9999.000,9999.000,9999.000,9999.000,9999.000
202602281354,   1.631,   2.648,9999.000,9999.000,9999.000,9999.000,9999.000,9999.000,9999.000
202602281400,   1.610,   2.618,   0.600,   0.408,   2.618,   0.600,   2.618,   0.700,   2.718
202602281406,   1.588,   2.579,9999.000,9999.000,9999.000,9999.000,9999.000,9999.000,9999.000
202602281412,   1.565,   2.549,9999.000,9999.000,9999.000,9999.000,9999.000,9999.000,9999.000
202602281418,   1.541,   2.500,9999.000,9999.000,9999.000,9999.000,9999.000,9999.000,9999.000
202602281424,   1.517,   2.471,9999.000,9999.000,9999.000,9999.000,9999.000,9999.000,9999.000
202602281430,   1.491,   2.438,9999.000,9999.000,9999.000,9999.000,9999.000,9999.000,9999.000
202602281436,   1.465,   2.389,9999.000,9999.000,9999.000,9999.000,9999.000,9999.000,9999.000
202602281442,   1.439,   2.339,9999.000,9999.000,9999.000,9999.000,9999.000,9999.000,9999.000
202602281448,   1.411,   2.310,9999.000,9999.000,9999.000,9999.000,9999.000,9999.000,9999.000
202602281454,   1.384,   2.271,9999.000,9999.000,9999.000,9999.000,9999.000,9999.000,9999.000
202602281500,   1.356,   2.228,   0.600,   0.272,   2.228,   0.600,   2.228,   0.700,   2.328
202602281506,   1.327,   2.189,9999.000,9999.000,9999.000,9999.000,9999.000,9999.000,9999.000
202602281512,   1.298,   2.139,9999.000,9999.000,9999.000,9999.000,9999.000,9999.000,9999.000
202602281518,   1.268,   2.110,9999.000,9999.000,9999.000,9999.000,9999.000,9999.000,9999.000
202602281524,   1.239,   2.071,9999.000,9999.000,9999.000,9999.000,9999.000,9999.000,9999.000
202602281530,   1.209,   2.028,9999.000,9999.000,9999.000,9999.000,9999.000,9999.000,9999.000
202602281536,   1.179,   1.989,9999.000,9999.000,9999.000,9999.000,9999.000,9999.000,9999.000
202602281542,   1.149,   1.949,9999.000,9999.000,9999.000,9999.000,9999.000,9999.000,9999.000
202602281548,   1.119,   1.900,9999.000,9999.000,9999.000,9999.000,9999.000,9999.000,9999.000
202602281554,   1.089,   1.861,9999.000,9999.000,9999.000,9999.000,9999.000,9999.000,9999.000
202602281600,   1.059,   1.818,   0.600,   0.159,   1.818,   0.600,   1.818,   0.700,   1.918
202602281606,   1.029,   1.779,9999.000,9999.000,9999.000,9999.000,9999.000,9999.000,9999.000
202602281612,   0.999,   1.749,9999.000,9999.000,9999.000,9999.000,9999.000,9999.000,9999.000
202602281618,   0.970,   1.700,9999.000,9999.000,9999.000,9999.000,9999.000,9999.000,9999.000
202602281624,   0.940,   1.651,9999.000,9999.000,9999.000,9999.000,9999.000,9999.000,9999.000
202602281630,   0.911,   1.618,9999.000,9999.000,9999.000,9999.000,9999.000,9999.000,9999.000
202602281636,   0.882,   1.579,9999.000,9999.000,9999.000,9999.000,9999.000,9999.000,9999.000
202602281642,   0.854,   1.539,9999.000,9999.000,9999.000,9999.000,9999.000,9999.000,9999.000
202602281648,   0.825,   1.511,9999.000,9999.000,9999.000,9999.000,9999.000,9999.000,9999.000
202602281654,   0.797,   1.452,9999.000,9999.000,9999.000,9999.000,9999.000,9999.000,9999.000
202602281700,   0.770,   1.422,   0.600,   0.052,   1.422,   0.600,   1.422,   0.700,   1.522
202602281706,   0.740,   1.389,9999.000,9999.000,9999.000,9999.000,9999.000,9999.000,9999.000
202602281712,   0.712,   1.360,9999.000,9999.000,9999.000,9999.000,9999.000,9999.000,9999.000
202602281718,   0.684,   1.311,9999.000,9999.000,9999.000,9999.000,9999.000,9999.000,9999.000
202602281724,   0.656,   1.281,9999.000,9999.000,9999.000,9999.000,9999.000,9999.000,9999.000
202602281730,   0.628,   1.242,9999.000,9999.000,9999.000,9999.000,9999.000,9999.000,9999.000
202602281736,   0.600,   1.212,9999.000,9999.000,9999.000,9999.000,9999.000,9999.000,9999.000
202602281742,   0.573,   1.170,9999.000,9999.000,9999.000,9999.000,9999.000,9999.000,9999.000
202602281748,   0.545,   1.150,9999.000,9999.000,9999.000,9999.000,9999.000,9999.000,9999.000
202602281754,   0.517,   1.101,9999.000,9999.000,9999.000,9999.000,9999.000,9999.000,9999.000
202602281800,   0.489,   1.081,   0.700,  -0.108,   1.081,   0.600,   0.981,   0.700,   1.081
202602281806,   0.462,   1.061,9999.000,9999.000,9999.000,9999.000,9999.000,9999.000,9999.000
202602281812,   0.435,   1.022,9999.000,9999.000,9999.000,9999.000,9999.000,9999.000,9999.000
202602281818,   0.408,   0.989,9999.000,9999.000,9999.000,9999.000,9999.000,9999.000,9999.000
202602281824,   0.382,   0.960,9999.000,9999.000,9999.000,9999.000,9999.000,9999.000,9999.000
202602281830,   0.356,   0.950,9999.000,9999.000,9999.000,9999.000,9999.000,9999.000,9999.000
202602281836,   0.331,   0.920,9999.000,9999.000,9999.000,9999.000,9999.000,9999.000,9999.000
202602281842,   0.307,   0.901,9999.000,9999.000,9999.000,9999.000,9999.000,9999.000,9999.000
202602281848,   0.284,   0.891,9999.000,9999.000,9999.000,9999.000,9999.000,9999.000,9999.000
202602281854,   0.262,   0.861,9999.000,9999.000,9999.000,9999.000,9999.000,9999.000,9999.000
202602281900,   0.241,   0.832,   0.700,  -0.109,   0.832,   0.600,   0.732,   0.700,   0.832
202602281906,   0.221,   0.822,9999.000,9999.000,9999.000,9999.000,9999.000,9999.000,9999.000
202602281912,   0.203,   0.812,9999.000,9999.000,9999.000,9999.000,9999.000,9999.000,9999.000
202602281918,   0.186,   0.802,9999.000,9999.000,9999.000,9999.000,9999.000,9999.000,9999.000
202602281924,   0.171,   0.789,9999.000,9999.000,9999.000,9999.000,9999.000,9999.000,9999.000
202602281930,   0.157,   0.789,9999.000,9999.000,9999.000,9999.000,9999.000,9999.000,9999.000
202602281936,   0.145,   0.802,9999.000,9999.000,9999.000,9999.000,9999.000,9999.000,9999.000
202602281942,   0.134,   0.802,9999.000,9999.000,9999.000,9999.000,9999.000,9999.000,9999.000
202602281948,   0.126,   0.822,9999.000,9999.000,9999.000,9999.000,9999.000,9999.000,9999.000
202602281954,   0.119,   0.851,9999.000,9999.000,9999.000,9999.000,9999.000,9999.000,9999.000
202602282000,   0.113,   0.881,   0.700,   0.068,   0.881,   0.700,   0.881,   0.700,   0.881
202602282006,   0.110,   0.920,9999.000,9999.000,9999.000,9999.000,9999.000,9999.000,9999.000
202602282012,   0.108,   0.960,9999.000,9999.000,9999.000,9999.000,9999.000,9999.000,9999.000
202602282018,   0.107,   1.002,9999.000,9999.000,9999.000,9999.000,9999.000,9999.000,9999.000
202602282024,   0.109,   1.032,9999.000,9999.000,9999.000,9999.000,9999.000,9999.000,9999.000
202602282030,   0.112,   1.071,9999.000,9999.000,9999.000,9999.000,9999.000,9999.000,9999.000
202602282036,   0.116,   1.101,9999.000,9999.000,9999.000,9999.000,9999.000,9999.000,9999.000
202602282042,   0.123,   1.130,9999.000,9999.000,9999.000,9999.000,9999.000,9999.000,9999.000
202602282048,   0.131,   1.160,9999.000,9999.000,9999.000,9999.000,9999.000,9999.000,9999.000
202602282054,   0.140,   1.212,9999.000,9999.000,9999.000,9999.000,9999.000,9999.000,9999.000
202602282100,   0.151,   1.242,   0.700,   0.391,   1.242,   0.700,   1.242,   0.700,   1.242
202602282106,   0.164,   1.261,9999.000,9999.000,9999.000,9999.000,9999.000,9999.000,9999.000
202602282112,   0.178,   1.311,9999.000,9999.000,9999.000,9999.000,9999.000,9999.000,9999.000
202602282118,   0.195,   1.350,9999.000,9999.000,9999.000,9999.000,9999.000,9999.000,9999.000
202602282124,   0.213,   1.379,9999.000,9999.000,9999.000,9999.000,9999.000,9999.000,9999.000
202602282130,   0.232,   1.422,9999.000,9999.000,9999.000,9999.000,9999.000,9999.000,9999.000
202602282136,   0.254,   1.461,9999.000,9999.000,9999.000,9999.000,9999.000,9999.000,9999.000
202602282142,   0.278,   1.501,9999.000,9999.000,9999.000,9999.000,9999.000,9999.000,9999.000
202602282148,   0.303,   1.539,9999.000,9999.000,9999.000,9999.000,9999.000,9999.000,9999.000
202602282154,   0.331,   1.579,9999.000,9999.000,9999.000,9999.000,9999.000,9999.000,9999.000
202602282200,   0.360,   1.618,   0.700,   0.558,   1.618,   0.700,   1.618,   0.700,   1.618
202602282206,   0.392,   1.661,9999.000,9999.000,9999.000,9999.000,9999.000,9999.000,9999.000
202602282212,   0.425,   1.700,9999.000,9999.000,9999.000,9999.000,9999.000,9999.000,9999.000
202602282218,   0.460,   1.739,9999.000,9999.000,9999.000,9999.000,9999.000,9999.000,9999.000
202602282224,   0.498,   1.779,9999.000,9999.000,9999.000,9999.000,9999.000,9999.000,9999.000
202602282230,   0.536,   1.818,9999.000,9999.000,9999.000,9999.000,9999.000,9999.000,9999.000
202602282236,   0.577,   1.861,9999.000,9999.000,9999.000,9999.000,9999.000,9999.000,9999.000
202602282242,   0.618,   1.900,9999.000,9999.000,9999.000,9999.000,9999.000,9999.000,9999.000
202602282248,   0.661,   1.939,9999.000,9999.000,9999.000,9999.000,9999.000,9999.000,9999.000
202602282254,   0.705,   1.969,9999.000,9999.000,9999.000,9999.000,9999.000,9999.000,9999.000
202602282300,   0.749,   2.018,   0.700,   0.569,   2.018,   0.700,   2.018,   0.700,   2.018
202602282306,   0.794,   2.051,9999.000,9999.000,9999.000,9999.000,9999.000,9999.000,9999.000
202602282312,   0.839,   2.090,9999.000,9999.000,9999.000,9999.000,9999.000,9999.000,9999.000
202602282318,   0.884,   2.130,9999.000,9999.000,9999.000,9999.000,9999.000,9999.000,9999.000
202602282324,   0.928,   2.159,9999.000,9999.000,9999.000,9999.000,9999.000,9999.000,9999.000
202602282330,   0.971,   2.198,9999.000,9999.000,9999.000,9999.000,9999.000,9999.000,9999.000
202602282336,   1.014,   2.228,9999.000,9999.000,9999.000,9999.000,9999.000,9999.000,9999.000
202602282342,   1.054,   2.261,9999.000,9999.000,9999.000,9999.000,9999.000,9999.000,9999.000
202602282348,   1.094,   2.300,9999.000,9999.000,9999.000,9999.000,9999.000,9999.000,9999.000
202602282354,   1.131,   2.320,9999.000,9999.000,9999.000,9999.000,9999.000,9999.000,9999.000
202603010000,   1.166,   2.349,   0.600,   0.583,   2.349,   0.600,   2.349,   0.700,   2.449
202603010006,   1.198,   2.389,9999.000,9999.000,9999.000,9999.000,9999.000,9999.000,9999.000
202603010012,   1.228,   2.408,9999.000,9999.000,9999.000,9999.000,9999.000,9999.000,9999.000
202603010018,   1.255,   2.428,9999.000,9999.000,9999.000,9999.000,9999.000,9999.000,9999.000
202603010024,   1.279,   2.461,9999.000,9999.000,9999.000,9999.000,9999.000,9999.000,9999.000
202603010030,   1.301,   2.481,9999.000,9999.000,9999.000,9999.000,9999.000,9999.000,9999.000
202603010036,   1.319,   2.500,9999.000,9999.000,9999.000,9999.000,9999.000,9999.000,9999.000
202603010042,   1.334,   2.520,9999.000,9999.000,9999.000,9999.000,9999.000,9999.000,9999.000
202603010048,   1.347,   2.540,9999.000,9999.000,9999.000,9999.000,9999.000,9999.000,9999.000
202603010054,   1.356,   2.549,9999.000,9999.000,9999.000,9999.000,9999.000,9999.000,9999.000
202603010100,   1.363,   2.559,   0.600,   0.596,   2.559,   0.600,   2.559,   0.700,   2.659
202603010106,   1.367,   2.569,9999.000,9999.000,9999.000,9999.000,9999.000,9999.000,9999.000
202603010112,   1.368,   2.559,9999.000,9999.000,9999.000,9999.000,9999.000,9999.000,9999.000
202603010118,   1.367,   2.559,9999.000,9999.000,9999.000,9999.000,9999.000,9999.000,9999.000
202603010124,   1.363,   2.540,9999.000,9999.000,9999.000,9999.000,9999.000,9999.000,9999.000
202603010130,   1.357,   2.520,9999.000,9999.000,9999.000,9999.000,9999.000,9999.000,9999.000
202603010136,   1.350,   2.490,9999.000,9999.000,9999.000,9999.000,9999.000,9999.000,9999.000
202603010142,   1.340,   2.438,9999.000,9999.000,9999.000,9999.000,9999.000,9999.000,9999.000
202603010148,   1.329,   2.408,9999.000,9999.000,9999.000,9999.000,9999.000,9999.000,9999.000
202603010154,   1.316,   2.379,9999.000,9999.000,9999.000,9999.000,9999.000,9999.000,9999.000
202603010200,   1.302,   2.330,   0.600,   0.428,   2.330,   0.600,   2.330,   0.600,   2.330
202603010206,   1.286,   2.300,9999.000,9999.000,9999.000,9999.000,9999.000,9999.000,9999.000
202603010212,   1.269,   2.271,9999.000,9999.000,9999.000,9999.000,9999.000,9999.000,9999.000
202603010218,   1.252,   2.228,9999.000,9999.000,9999.000,9999.000,9999.000,9999.000,9999.000
202603010224,   1.233,   2.198,9999.000,9999.000,9999.000,9999.000,9999.000,9999.000,9999.000
202603010230,   1.213,   2.179,9999.000,9999.000,9999.000,9999.000,9999.000,9999.000,9999.000
202603010236,   1.193,   2.139,9999.000,9999.000,9999.000,9999.000,9999.000,9999.000,9999.000
202603010242,   1.171,   2.100,9999.000,9999.000,9999.000,9999.000,9999.000,9999.000,9999.000
202603010248,   1.149,   2.080,9999.000,9999.000,9999.000,9999.000,9999.000,9999.000,9999.000
202603010254,   1.126,   2.038,9999.000,9999.000,9999.000,9999.000,9999.000,9999.000,9999.000
202603010300,   1.103,   1.989,   0.600,   0.286,   1.989,   0.600,   1.989,   0.600,   1.989
202603010306,   1.079,   1.949,9999.000,9999.000,9999.000,9999.000,9999.000,9999.000,9999.000
202603010312,   1.054,   1.920,9999.000,9999.000,9999.000,9999.000,9999.000,9999.000,9999.000
202603010318,   1.029,   1.880,9999.000,9999.000,9999.000,9999.000,9999.000,9999.000,9999.000
202603010324,   1.004,   1.828,9999.000,9999.000,9999.000,9999.000,9999.000,9999.000,9999.000
202603010330,   0.978,   1.798,9999.000,9999.000,9999.000,9999.000,9999.000,9999.000,9999.000
202603010336,   0.951,   1.759,9999.000,9999.000,9999.000,9999.000,9999.000,9999.000,9999.000
202603010342,   0.925,   1.720,9999.000,9999.000,9999.000,9999.000,9999.000,9999.000,9999.000
202603010348,   0.898,   1.680,9999.000,9999.000,9999.000,9999.000,9999.000,9999.000,9999.000
202603010354,   0.871,   1.641,9999.000,9999.000,9999.000,9999.000,9999.000,9999.000,9999.000
202603010400,   0.843,   1.598,   0.600,   0.155,   1.598,   0.600,   1.598,   0.600,   1.598
202603010406,   0.816,   1.559,9999.000,9999.000,9999.000,9999.000,9999.000,9999.000,9999.000
202603010412,   0.789,   1.520,9999.000,9999.000,9999.000,9999.000,9999.000,9999.000,9999.000
202603010418,   0.761,   1.481,9999.000,9999.000,9999.000,9999.000,9999.000,9999.000,9999.000
202603010424,   0.734,   1.442,9999.000,9999.000,9999.000,9999.000,9999.000,9999.000,9999.000
202603010430,   0.707,   1.399,9999.000,9999.000,9999.000,9999.000,9999.000,9999.000,9999.000
202603010436,   0.681,   1.360,9999.000,9999.000,9999.000,9999.000,9999.000,9999.000,9999.000
202603010442,   0.654,   1.320,9999.000,9999.000,9999.000,9999.000,9999.000,9999.000,9999.000
202603010448,   0.628,   1.291,9999.000,9999.000,9999.000,9999.000,9999.000,9999.000,9999.000
202603010454,   0.602,   1.252,9999.000,9999.000,9999.000,9999.000,9999.000,9999.000,9999.000
202603010500,   0.576,   1.212,   0.600,   0.036,   1.212,   0.600,   1.212,   0.600,   1.212
202603010506,   0.551,   1.179,9999.000,9999.000,9999.000,9999.000,9999.000,9999.000,9999.000
202603010512,   0.526,   1.140,9999.000,9999.000,9999.000,9999.000,9999.000,9999.000,9999.000
202603010518,   0.501,   1.101,9999.000,9999.000,9999.000,9999.000,9999.000,9999.000,9999.000
202603010524,   0.477,   1.071,9999.000,9999.000,9999.000,9999.000,9999.000,9999.000,9999.000
202603010530,   0.452,   1.042,9999.000,9999.000,9999.000,9999.000,9999.000,9999.000,9999.000
202603010536,   0.428,   1.002,9999.000,9999.000,9999.000,9999.000,9999.000,9999.000,9999.000
202603010542,   0.404,   0.960,9999.000,9999.000,9999.000,9999.000,9999.000,9999.000,9999.000
202603010548,   0.381,   0.930,9999.000,9999.000,9999.000,9999.000,9999.000,9999.000,9999.000
202603010554,   0.357,   0.901,9999.000,9999.000,9999.000,9999.000,9999.000,9999.000,9999.000
202603010600,   0.334,   0.871,   0.600,  -0.063,   0.871,   0.600,   0.871,   0.600,   0.871
202603010606,   0.311,   0.842,9999.000,9999.000,9999.000,9999.000,9999.000,9999.000,9999.000
202603010612,   0.289,   0.802,9999.000,9999.000,9999.000,9999.000,9999.000,9999.000,9999.000
202603010618,   0.266,   0.769,9999.000,9999.000,9999.000,9999.000,9999.000,9999.000,9999.000
202603010624,   0.244,   0.750,9999.000,9999.000,9999.000,9999.000,9999.000,9999.000,9999.000
202603010630,   0.222,   0.720,9999.000,9999.000,9999.000,9999.000,9999.000,9999.000,9999.000
202603010636,   0.201,   0.691,9999.000,9999.000,9999.000,9999.000,9999.000,9999.000,9999.000
202603010642,   0.181,   0.671,9999.000,9999.000,9999.000,9999.000,9999.000,9999.000,9999.000
202603010648,   0.161,   0.651,9999.000,9999.000,9999.000,9999.000,9999.000,9999.000,9999.000
202603010654,   0.142,   0.622,9999.000,9999.000,9999.000,9999.000,9999.000,9999.000,9999.000
202603010700,   0.124,   0.602,   0.600,  -0.122,   0.602,   0.600,   0.602,   0.600,   0.602
202603010706,   0.106,   0.592,9999.000,9999.000,9999.000,9999.000,9999.000,9999.000,9999.000
202603010712,   0.091,   0.569,9999.000,9999.000,9999.000,9999.000,9999.000,9999.000,9999.000
202603010718,   0.076,   0.559,9999.000,9999.000,9999.000,9999.000,9999.000,9999.000,9999.000
202603010724,   0.063,   0.550,9999.000,9999.000,9999.000,9999.000,9999.000,9999.000,9999.000
202603010730,   0.051,   0.550,9999.000,9999.000,9999.000,9999.000,9999.000,9999.000,9999.000
202603010736,   0.041,   0.550,9999.000,9999.000,9999.000,9999.000,9999.000,9999.000,9999.000
202603010742,   0.032,   0.569,9999.000,9999.000,9999.000,9999.000,9999.000,9999.000,9999.000
202603010748,   0.026,   0.579,9999.000,9999.000,9999.000,9999.000,9999.000,9999.000,9999.000
202603010754,   0.021,   0.622,9999.000,9999.000,9999.000,9999.000,9999.000,9999.000,9999.000
202603010800,   0.018,   0.661,   0.600,   0.043,   0.661,   0.500,   0.561,   0.600,   0.661
202603010806,   0.017,   0.701,9999.000,9999.000,9999.000,9999.000,9999.000,9999.000,9999.000
202603010812,   0.018,   0.740,9999.000,9999.000,9999.000,9999.000,9999.000,9999.000,9999.000
202603010818,   0.021,   0.779,9999.000,9999.000,9999.000,9999.000,9999.000,9999.000,9999.000
202603010824,   0.026,   0.812,9999.000,9999.000,9999.000,9999.000,9999.000,9999.000,9999.000
202603010830,   0.032,   0.842,9999.000,9999.000,9999.000,9999.000,9999.000,9999.000,9999.000
202603010836,   0.041,   0.891,9999.000,9999.000,9999.000,9999.000,9999.000,9999.000,9999.000
202603010842,   0.051,   0.920,9999.000,9999.000,9999.000,9999.000,9999.000,9999.000,9999.000
202603010848,   0.063,   0.960,9999.000,9999.000,9999.000,9999.000,9999.000,9999.000,9999.000
202603010854,   0.077,   1.002,9999.000,9999.000,9999.000,9999.000,9999.000,9999.000,9999.000
202603010900,   0.093,   1.032,   0.600,   0.339,   1.032,   0.500,   0.932,   0.600,   1.032
202603010906,   0.111,   1.071,9999.000,9999.000,9999.000,9999.000,9999.000,9999.000,9999.000
202603010912,   0.130,   1.111,9999.000,9999.000,9999.000,9999.000,9999.000,9999.000,9999.000
202603010918,   0.151,   1.160,9999.000,9999.000,9999.000,9999.000,9999.000,9999.000,9999.000
202603010924,   0.174,   1.199,9999.000,9999.000,9999.000,9999.000,9999.000,9999.000,9999.000
202603010930,   0.198,   1.242,9999.000,9999.000,9999.000,9999.000,9999.000,9999.000,9999.000
202603010936,   0.225,   1.291,9999.000,9999.000,9999.000,9999.000,9999.000,9999.000,9999.000
202603010942,   0.252,   1.330,9999.000,9999.000,9999.000,9999.000,9999.000,9999.000,9999.000
202603010948,   0.282,   1.370,9999.000,9999.000,9999.000,9999.000,9999.000,9999.000,9999.000
202603010954,   0.314,   1.422,9999.000,9999.000,9999.000,9999.000,9999.000,9999.000,9999.000
202603011000,   0.347,   1.461,   0.600,   0.514,   1.461,   0.500,   1.361,   0.600,   1.461
202603011006,   0.382,   1.511,9999.000,9999.000,9999.000,9999.000,9999.000,9999.000,9999.000
202603011012,   0.420,   1.559,9999.000,9999.000,9999.000,9999.000,9999.000,9999.000,9999.000
202603011018,   0.459,   1.608,9999.000,9999.000,9999.000,9999.000,9999.000,9999.000,9999.000
202603011024,   0.500,   1.641,9999.000,9999.000,9999.000,9999.000,9999.000,9999.000,9999.000
202603011030,   0.542,   1.690,9999.000,9999.000,9999.000,9999.000,9999.000,9999.000,9999.000
202603011036,   0.587,   1.739,9999.000,9999.000,9999.000,9999.000,9999.000,9999.000,9999.000
202603011042,   0.633,   1.788,9999.000,9999.000,9999.000,9999.000,9999.000,9999.000,9999.000
202603011048,   0.681,   1.828,9999.000,9999.000,9999.000,9999.000,9999.000,9999.000,9999.000
202603011054,   0.730,   1.880,9999.000,9999.000,9999.000,9999.000,9999.000,9999.000,9999.000
202603011100,   0.781,   1.920,   0.500,   0.639,   1.920,   0.500,   1.920,   0.600,   2.020
202603011106,   0.833,   1.959,9999.000,9999.000,9999.000,9999.000,9999.000,9999.000,9999.000
202603011112,   0.886,   2.018,9999.000,9999.000,9999.000,9999.000,9999.000,9999.000,9999.000
202603011118,   0.939,   2.061,9999.000,9999.000,9999.000,9999.000,9999.000,9999.000,9999.000
202603011124,   0.993,   2.100,9999.000,9999.000,9999.000,9999.000,9999.000,9999.000,9999.000
202603011130,   1.047,   2.149,9999.000,9999.000,9999.000,9999.000,9999.000,9999.000,9999.000
202603011136,   1.101,   2.189,9999.000,9999.000,9999.000,9999.000,9999.000,9999.000,9999.000
202603011142,   1.155,   2.228,9999.000,9999.000,9999.000,9999.000,9999.000,9999.000,9999.000
202603011148,   1.208,   2.271,9999.000,9999.000,9999.000,9999.000,9999.000,9999.000,9999.000
202603011154,   1.259,   2.320,9999.000,9999.000,9999.000,9999.000,9999.000,9999.000,9999.000
202603011200,   1.309,   2.359,   0.500,   0.550,   2.359,   0.500,   2.359,   0.500,   2.359
202603011206,   1.358,   2.399,9999.000,9999.000,9999.000,9999.000,9999.000,9999.000,9999.000
202603011212,   1.404,   2.438,9999.000,9999.000,9999.000,9999.000,9999.000,9999.000,9999.000
202603011218,   1.448,   2.471,9999.000,9999.000,9999.000,9999.000,9999.000,9999.000,9999.000
202603011224,   1.490,   2.510,9999.000,9999.000,9999.000,9999.000,9999.000,9999.000,9999.000
202603011230,   1.529,   2.549,9999.000,9999.000,9999.000,9999.000,9999.000,9999.000,9999.000
202603011236,   1.565,   2.589,9999.000,9999.000,9999.000,9999.000,9999.000,9999.000,9999.000
202603011242,   1.597,   2.618,9999.000,9999.000,9999.000,9999.000,9999.000,9999.000,9999.000
202603011248,   1.627,   2.658,9999.000,9999.000,9999.000,9999.000,9999.000,9999.000,9999.000
202603011254,   1.653,   2.681,9999.000,9999.000,9999.000,9999.000,9999.000,9999.000,9999.000
202603011300,   1.676,   2.710,   0.500,   0.534,   2.710,   0.500,   2.710,   0.500,   2.710
202603011306,   1.695,   2.740,9999.000,9999.000,9999.000,9999.000,9999.000,9999.000,9999.000
202603011312,   1.711,   2.759,9999.000,9999.000,9999.000,9999.000,9999.000,9999.000,9999.000
202603011318,   1.724,   2.789,9999.000,9999.000,9999.000,9999.000,9999.000,9999.000,9999.000
202603011324,   1.734,   2.809,9999.000,9999.000,9999.000,9999.000,9999.000,9999.000,9999.000
202603011330,   1.740,   2.828,9999.000,9999.000,9999.000,9999.000,9999.000,9999.000,9999.000
202603011336,   1.744,   2.838,9999.000,9999.000,9999.000,9999.000,9999.000,9999.000,9999.000
202603011342,   1.745,   2.848,9999.000,9999.000,9999.000,9999.000,9999.000,9999.000,9999.000
202603011348,   1.743,   2.858,9999.000,9999.000,9999.000,9999.000,9999.000,9999.000,9999.000
202603011354,   1.739,   2.848,9999.000,9999.000,9999.000,9999.000,9999.000,9999.000,9999.000
202603011400,   1.732,   2.828,   0.500,   0.596,   2.828,   0.500,   2.828,   0.500,   2.828
202603011406,   1.723,   2.809,9999.000,9999.000,9999.000,9999.000,9999.000,9999.000,9999.000
202603011412,   1.713,   2.789,9999.000,9999.000,9999.000,9999.000,9999.000,9999.000,9999.000
202603011418,   1.700,   2.749,9999.000,9999.000,9999.000,9999.000,9999.000,9999.000,9999.000
202603011424,   1.686,   2.690,9999.000,9999.000,9999.000,9999.000,9999.000,9999.000,9999.000
202603011430,   1.670,   2.671,9999.000,9999.000,9999.000,9999.000,9999.000,9999.000,9999.000
202603011436,   1.653,   2.628,9999.000,9999.000,9999.000,9999.000,9999.000,9999.000,9999.000
202603011442,   1.634,   2.569,9999.000,9999.000,9999.000,9999.000,9999.000,9999.000,9999.000
202603011448,   1.615,   2.540,9999.000,9999.000,9999.000,9999.000,9999.000,9999.000,9999.000
202603011454,   1.594,   2.510,9999.000,9999.000,9999.000,9999.000,9999.000,9999.000,9999.000
202603011500,   1.572,   2.481,   0.500,   0.409,   2.481,   0.500,   2.481,   0.500,   2.481
202603011506,   1.550,   2.448,9999.000,9999.000,9999.000,9999.000,9999.000,9999.000,9999.000
202603011512,   1.526,   2.428,9999.000,9999.000,9999.000,9999.000,9999.000,9999.000,9999.000
202603011518,   1.502,   2.389,9999.000,9999.000,9999.000,9999.000,9999.000,9999.000,9999.000
202603011524,   1.477,   2.359,9999.000,9999.000,9999.000,9999.000,9999.000,9999.000,9999.000
202603011530,   1.451,   2.330,9999.000,9999.000,9999.000,9999.000,9999.000,9999.000,9999.000
202603011536,   1.425,   2.290,9999.000,9999.000,9999.000,9999.000,9999.000,9999.000,9999.000
202603011542,   1.398,   2.251,9999.000,9999.000,9999.000,9999.000,9999.000,9999.000,9999.000
202603011548,   1.370,   2.218,9999.000,9999.000,9999.000,9999.000,9999.000,9999.000,9999.000
202603011554,   1.342,   2.169,9999.000,9999.000,9999.000,9999.000,9999.000,9999.000,9999.000
202603011600,   1.313,   2.120,   0.500,   0.307,   2.120,   0.400,   2.020,   0.500,   2.120
202603011606,   1.284,   2.100,9999.000,9999.000,9999.000,9999.000,9999.000,9999.000,9999.000
202603011612,   1.255,   2.038,9999.000,9999.000,9999.000,9999.000,9999.000,9999.000,9999.000
202603011618,   1.225,   1.989,9999.000,9999.000,9999.000,9999.000,9999.000,9999.000,9999.000
202603011624,   1.195,   1.969,9999.000,9999.000,9999.000,9999.000,9999.000,9999.000,9999.000
202603011630,   1.165,   1.929,9999.000,9999.000,9999.000,9999.000,9999.000,9999.000,9999.000
202603011636,   1.135,   1.890,9999.000,9999.000,9999.000,9999.000,9999.000,9999.000,9999.000
202603011642,   1.105,   1.861,9999.000,9999.000,9999.000,9999.000,9999.000,9999.000,9999.000
202603011648,   1.075,   1.808,9999.000,9999.000,9999.000,9999.000,9999.000,9999.000,9999.000
202603011654,   1.045,   1.769,9999.000,9999.000,9999.000,9999.000,9999.000,9999.000,9999.000
202603011700,   1.015,   1.739,   0.500,   0.224,   1.739,   0.400,   1.639,   0.500,   1.739
202603011706,   0.985,   1.700,9999.000,9999.000,9999.000,9999.000,9999.000,9999.000,9999.000
202603011712,   0.955,   1.651,9999.000,9999.000,9999.000,9999.000,9999.000,9999.000,9999.000
202603011718,   0.926,   1.618,9999.000,9999.000,9999.000,9999.000,9999.000,9999.000,9999.000
202603011724,   0.896,   1.579,9999.000,9999.000,9999.000,9999.000,9999.000,9999.000,9999.000
202603011730,   0.867,   1.529,9999.000,9999.000,9999.000,9999.000,9999.000,9999.000,9999.000
202603011736,   0.838,   1.481,9999.000,9999.000,9999.000,9999.000,9999.000,9999.000,9999.000
202603011742,   0.808,   1.461,9999.000,9999.000,9999.000,9999.000,9999.000,9999.000,9999.000
202603011748,   0.779,   1.409,9999.000,9999.000,9999.000,9999.000,9999.000,9999.000,9999.000
202603011754,   0.750,   1.360,9999.000,9999.000,9999.000,9999.000,9999.000,9999.000,9999.000
202603011800,   0.722,   1.330,   0.500,   0.108,   1.330,   0.500,   1.330,   0.500,   1.330
202603011806,   0.693,   1.311,9999.000,9999.000,9999.000,9999.000,9999.000,9999.000,9999.000
202603011812,   0.664,   1.252,9999.000,9999.000,9999.000,9999.000,9999.000,9999.000,9999.000
202603011818,   0.635,   1.222,9999.000,9999.000,9999.000,9999.000,9999.000,9999.000,9999.000
202603011824,   0.606,   1.189,9999.000,9999.000,9999.000,9999.000,9999.000,9999.000,9999.000
202603011830,   0.577,   1.140,9999.000,9999.000,9999.000,9999.000,9999.000,9999.000,9999.000
202603011836,   0.548,   1.101,9999.000,9999.000,9999.000,9999.000,9999.000,9999.000,9999.000
202603011842,   0.519,   1.071,9999.000,9999.000,9999.000,9999.000,9999.000,9999.000,9999.000
202603011848,   0.490,   1.042,9999.000,9999.000,9999.000,9999.000,9999.000,9999.000,9999.000
202603011854,   0.461,   1.002,9999.000,9999.000,9999.000,9999.000,9999.000,9999.000,9999.000
202603011900,   0.432,   0.969,   0.500,   0.037,   0.969,   0.500,   0.969,   0.600,   1.069
202603011906,   0.404,   0.940,9999.000,9999.000,9999.000,9999.000,9999.000,9999.000,9999.000
202603011912,   0.376,   0.891,9999.000,9999.000,9999.000,9999.000,9999.000,9999.000,9999.000
202603011918,   0.349,   0.861,9999.000,9999.000,9999.000,9999.000,9999.000,9999.000,9999.000
202603011924,   0.322,   0.851,9999.000,9999.000,9999.000,9999.000,9999.000,9999.000,9999.000
202603011930,   0.297,   0.802,9999.000,9999.000,9999.000,9999.000,9999.000,9999.000,9999.000
202603011936,   0.272,   0.779,9999.000,9999.000,9999.000,9999.000,9999.000,9999.000,9999.000
202603011942,   0.248,   0.779,9999.000,9999.000,9999.000,9999.000,9999.000,9999.000,9999.000
202603011948,   0.225,   0.740,9999.000,9999.000,9999.000,9999.000,9999.000,9999.000,9999.000
202603011954,   0.203,   0.730,9999.000,9999.000,9999.000,9999.000,9999.000,9999.000,9999.000
202603012000,   0.183,   0.730,   0.600,  -0.053,   0.730,   0.500,   0.630,   0.600,   0.730
202603012006,   0.165,   0.720,9999.000,9999.000,9999.000,9999.000,9999.000,9999.000,9999.000
202603012012,   0.148,   0.720,9999.000,9999.000,9999.000,9999.000,9999.000,9999.000,9999.000
202603012018,   0.132,   0.730,9999.000,9999.000,9999.000,9999.000,9999.000,9999.000,9999.000
202603012024,   0.119,   0.760,9999.000,9999.000,9999.000,9999.000,9999.000,9999.000,9999.000
202603012030,   0.107,   0.802,9999.000,9999.000,9999.000,9999.000,9999.000,9999.000,9999.000
202603012036,   0.097,   0.842,9999.000,9999.000,9999.000,9999.000,9999.000,9999.000,9999.000
202603012042,   0.089,   0.861,9999.000,9999.000,9999.000,9999.000,9999.000,9999.000,9999.000
202603012048,   0.082,   0.901,9999.000,9999.000,9999.000,9999.000,9999.000,9999.000,9999.000
202603012054,   0.078,   0.930,9999.000,9999.000,9999.000,9999.000,9999.000,9999.000,9999.000
202603012100,   0.075,   0.950,   0.600,   0.275,   0.950,   0.600,   0.950,   0.700,   1.050
202603012106,   0.074,   0.989,9999.000,9999.000,9999.000,9999.000,9999.000,9999.000,9999.000
202603012112,   0.076,   1.012,9999.000,9999.000,9999.000,9999.000,9999.000,9999.000,9999.000
202603012118,   0.078,   1.061,9999.000,9999.000,9999.000,9999.000,9999.000,9999.000,9999.000
202603012124,   0.083,   1.101,9999.000,9999.000,9999.000,9999.000,9999.000,9999.000,9999.000
202603012130,   0.090,   1.140,9999.000,9999.000,9999.000,9999.000,9999.000,9999.000,9999.000
202603012136,   0.098,   1.170,9999.000,9999.000,9999.000,9999.000,9999.000,9999.000,9999.000
202603012142,   0.108,   1.212,9999.000,9999.000,9999.000,9999.000,9999.000,9999.000,9999.000
202603012148,   0.120,   1.242,9999.000,9999.000,9999.000,9999.000,9999.000,9999.000,9999.000
202603012154,   0.134,   1.281,9999.000,9999.000,9999.000,9999.000,9999.000,9999.000,9999.000
202603012200,   0.150,   1.320,   0.700,   0.470,   1.320,   0.600,   1.220,   0.700,   1.320
202603012206,   0.167,   1.360,9999.000,9999.000,9999.000,9999.000,9999.000,9999.000,9999.000
202603012212,   0.187,   1.422,9999.000,9999.000,9999.000,9999.000,9999.000,9999.000,9999.000
202603012218,   0.208,   1.461,9999.000,9999.000,9999.000,9999.000,9999.000,9999.000,9999.000
202603012224,   0.232,   1.501,9999.000,9999.000,9999.000,9999.000,9999.000,9999.000,9999.000
202603012230,   0.258,   1.539,9999.000,9999.000,9999.000,9999.000,9999.000,9999.000,9999.000
202603012236,   0.286,   1.588,9999.000,9999.000,9999.000,9999.000,9999.000,9999.000,9999.000
202603012242,   0.316,   1.641,9999.000,9999.000,9999.000,9999.000,9999.000,9999.000,9999.000
202603012248,   0.348,   1.680,9999.000,9999.000,9999.000,9999.000,9999.000,9999.000,9999.000
202603012254,   0.382,   1.720,9999.000,9999.000,9999.000,9999.000,9999.000,9999.000,9999.000
202603012300,   0.419,   1.769,   0.700,   0.650,   1.769,   0.600,   1.669,   0.700,   1.769
202603012306,   0.457,   1.808,9999.000,9999.000,9999.000,9999.000,9999.000,9999.000,9999.000
202603012312,   0.497,   1.851,9999.000,9999.000,9999.000,9999.000,9999.000,9999.000,9999.000
202603012318,   0.540,   1.910,9999.000,9999.000,9999.000,9999.000,9999.000,9999.000,9999.000
202603012324,   0.583,   1.949,9999.000,9999.000,9999.000,9999.000,9999.000,9999.000,9999.000
202603012330,   0.629,   1.989,9999.000,9999.000,9999.000,9999.000,9999.000,9999.000,9999.000
202603012336,   0.675,   2.038,9999.000,9999.000,9999.000,9999.000,9999.000,9999.000,9999.000
202603012342,   0.723,   2.080,9999.000,9999.000,9999.000,9999.000,9999.000,9999.000,9999.000
202603012348,   0.772,   2.110,9999.000,9999.000,9999.000,9999.000,9999.000,9999.000,9999.000
202603012354,   0.821,   2.159,9999.000,9999.000,9999.000,9999.000,9999.000,9999.000,9999.000
202603020000,   0.870,   2.208,   0.600,   0.738,   2.208,   0.500,   2.108,   0.600,   2.208
202603020006,   0.919,   2.251,9999.000,9999.000,9999.000,9999.000,9999.000,9999.000,9999.000
202603020012,   0.968,   2.280,9999.000,9999.000,9999.000,9999.000,9999.000,9999.000,9999.000
202603020018,   1.016,   2.339,9999.000,9999.000,9999.000,9999.000,9999.000,9999.000,9999.000
202603020024,   1.063,   2.379,9999.000,9999.000,9999.000,9999.000,9999.000,9999.000,9999.000
202603020030,   1.108,   2.408,9999.000,9999.000,9999.000,9999.000,9999.000,9999.000,9999.000
202603020036,   1.152,   2.461,9999.000,9999.000,9999.000,9999.000,9999.000,9999.000,9999.000
202603020042,   1.194,   2.490,9999.000,9999.000,9999.000,9999.000,9999.000,9999.000,9999.000
202603020048,   1.234,   2.510,9999.000,9999.000,9999.000,9999.000,9999.000,9999.000,9999.000
202603020054,   1.271,   2.559,9999.000,9999.000,9999.000,9999.000,9999.000,9999.000,9999.000
202603020100,   1.305,   2.589,   0.600,   0.684,   2.589,   0.500,   2.489,   0.700,   2.689
202603020106,   1.337,   2.628,9999.000,9999.000,9999.000,9999.000,9999.000,9999.000,9999.000
202603020112,   1.366,   2.658,9999.000,9999.000,9999.000,9999.000,9999.000,9999.000,9999.000
202603020118,   1.391,   2.681,9999.000,9999.000,9999.000,9999.000,9999.000,9999.000,9999.000
202603020124,   1.413,   2.720,9999.000,9999.000,9999.000,9999.000,9999.000,9999.000,9999.000
202603020130,   1.432,   2.740,9999.000,9999.000,9999.000,9999.000,9999.000,9999.000,9999.000
202603020136,   1.448,   2.779,9999.000,9999.000,9999.000,9999.000,9999.000,9999.000,9999.000
202603020142,   1.461,   2.799,9999.000,9999.000,9999.000,9999.000,9999.000,9999.000,9999.000
202603020148,   1.471,   2.818,9999.000,9999.000,9999.000,9999.000,9999.000,9999.000,9999.000
202603020154,   1.478,   2.818,9999.000,9999.000,9999.000,9999.000,9999.000,9999.000,9999.000
202603020200,   1.482,   2.828,   0.700,   0.646,   2.828,   0.600,   2.728,   0.700,   2.828
202603020206,   1.483,   2.848,9999.000,9999.000,9999.000,9999.000,9999.000,9999.000,9999.000
202603020212,   1.482,   2.838,9999.000,9999.000,9999.000,9999.000,9999.000,9999.000,9999.000
202603020218,   1.478,   2.828,9999.000,9999.000,9999.000,9999.000,9999.000,9999.000,9999.000
202603020224,   1.472,   2.809,9999.000,9999.000,9999.000,9999.000,9999.000,9999.000,9999.000
202603020230,   1.464,   2.789,9999.000,9999.000,9999.000,9999.000,9999.000,9999.000,9999.000
202603020236,   1.454,   2.759,9999.000,9999.000,9999.000,9999.000,9999.000,9999.000,9999.000
202603020242,   1.442,   2.720,9999.000,9999.000,9999.000,9999.000,9999.000,9999.000,9999.000
202603020248,   1.428,   2.681,9999.000,9999.000,9999.000,9999.000,9999.000,9999.000,9999.000
202603020254,   1.413,   2.638,9999.000,9999.000,9999.000,9999.000,9999.000,9999.000,9999.000
202603020300,   1.397,   2.589,   0.700,   0.492,   2.589,   0.600,   2.489,   0.700,   2.589
202603020306,   1.379,   2.569,9999.000,9999.000,9999.000,9999.000,9999.000,9999.000,9999.000
202603020312,   1.360,   2.540,9999.000,9999.000,9999.000,9999.000,9999.000,9999.000,9999.000
202603020318,   1.340,   2.500,9999.000,9999.000,9999.000,9999.000,9999.000,9999.000,9999.000
202603020324,   1.320,   2.481,9999.000,9999.000,9999.000,9999.000,9999.000,9999.000,9999.000
202603020330,   1.298,   2.438,9999.000,9999.000,9999.000,9999.000,9999.000,9999.000,9999.000
202603020336,   1.275,   2.399,9999.000,9999.000,9999.000,9999.000,9999.000,9999.000,9999.000
202603020342,   1.252,   2.369,9999.000,9999.000,9999.000,9999.000,9999.000,9999.000,9999.000
202603020348,   1.227,   2.330,9999.000,9999.000,9999.000,9999.000,9999.000,9999.000,9999.000
202603020354,   1.202,   2.290,9999.000,9999.000,9999.000,9999.000,9999.000,9999.000,9999.000
202603020400,   1.177,   2.261,   0.600,   0.484,   2.261,   0.500,   2.161,   0.700,   2.361
202603020406,   1.151,   2.218,9999.000,9999.000,9999.000,9999.000,9999.000,9999.000,9999.000
202603020412,   1.124,   2.169,9999.000,9999.000,9999.000,9999.000,9999.000,9999.000,9999.000
202603020418,   1.096,   2.130,9999.000,9999.000,9999.000,9999.000,9999.000,9999.000,9999.000
202603020424,   1.069,   2.100,9999.000,9999.000,9999.000,9999.000,9999.000,9999.000,9999.000
202603020430,   1.041,   2.061,9999.000,9999.000,9999.000,9999.000,9999.000,9999.000,9999.000
202603020436,   1.012,   2.008,9999.000,9999.000,9999.000,9999.000,9999.000,9999.000,9999.000
202603020442,   0.983,   1.979,9999.000,9999.000,9999.000,9999.000,9999.000,9999.000,9999.000
202603020448,   0.955,   1.929,9999.000,9999.000,9999.000,9999.000,9999.000,9999.000,9999.000
202603020454,   0.926,   1.890,9999.000,9999.000,9999.000,9999.000,9999.000,9999.000,9999.000
202603020500,   0.896,   1.851,   0.600,   0.355,   1.851,   0.500,   1.751,   0.600,   1.851
202603020506,   0.867,   1.808,9999.000,9999.000,9999.000,9999.000,9999.000,9999.000,9999.000
202603020512,   0.838,   1.759,9999.000,9999.000,9999.000,9999.000,9999.000,9999.000,9999.000
202603020518,   0.809,   1.720,9999.000,9999.000,9999.000,9999.000,9999.000,9999.000,9999.000
202603020524,   0.781,   1.680,9999.000,9999.000,9999.000,9999.000,9999.000,9999.000,9999.000
202603020530,   0.752,   1.641,9999.000,9999.000,9999.000,9999.000,9999.000,9999.000,9999.000
202603020536,   0.724,   1.598,9999.000,9999.000,9999.000,9999.000,9999.000,9999.000,9999.000
202603020542,   0.696,   1.559,9999.000,9999.000,9999.000,9999.000,9999.000,9999.000,9999.000
202603020548,   0.668,   1.520,9999.000,9999.000,9999.000,9999.000,9999.000,9999.000,9999.000
202603020554,   0.640,   1.471,9999.000,9999.000,9999.000,9999.000,9999.000,9999.000,9999.000
202603020600,   0.613,   1.442,   0.600,   0.229,   1.442,   0.500,   1.342,   0.600,   1.442
202603020606,   0.586,   1.399,9999.000,9999.000,9999.000,9999.000,9999.000,9999.000,9999.000
202603020612,   0.559,   1.360,9999.000,9999.000,9999.000,9999.000,9999.000,9999.000,9999.000
202603020618,   0.533,   1.320,9999.000,9999.000,9999.000,9999.000,9999.000,9999.000,9999.000
202603020624,   0.506,   1.291,9999.000,9999.000,9999.000,9999.000,9999.000,9999.000,9999.000
202603020630,   0.480,   1.252,9999.000,9999.000,9999.000,9999.000,9999.000,9999.000,9999.000
202603020636,   0.454,   1.212,9999.000,9999.000,9999.000,9999.000,9999.000,9999.000,9999.000
202603020642,   0.428,   1.179,9999.000,9999.000,9999.000,9999.000,9999.000,9999.000,9999.000
202603020648,   0.402,   1.130,9999.000,9999.000,9999.000,9999.000,9999.000,9999.000,9999.000
202603020654,   0.377,   1.101,9999.000,9999.000,9999.000,9999.000,9999.000,9999.000,9999.000
202603020700,   0.351,   1.071,   0.600,   0.120,   1.071,   0.500,   0.971,   0.600,   1.071
202603020706,   0.326,   1.032,9999.000,9999.000,9999.000,9999.000,9999.000,9999.000,9999.000
202603020712,   0.301,   1.002,9999.000,9999.000,9999.000,9999.000,9999.000,9999.000,9999.000
202603020718,   0.277,   0.969,9999.000,9999.000,9999.000,9999.000,9999.000,9999.000,9999.000
202603020724,   0.253,   0.930,9999.000,9999.000,9999.000,9999.000,9999.000,9999.000,9999.000
202603020730,   0.229,   0.901,9999.000,9999.000,9999.000,9999.000,9999.000,9999.000,9999.000
202603020736,   0.207,   0.871,9999.000,9999.000,9999.000,9999.000,9999.000,9999.000,9999.000
202603020742,   0.184,   0.851,9999.000,9999.000,9999.000,9999.000,9999.000,9999.000,9999.000
202603020748,   0.163,   0.812,9999.000,9999.000,9999.000,9999.000,9999.000,9999.000,9999.000
202603020754,   0.143,   0.789,9999.000,9999.000,9999.000,9999.000,9999.000,9999.000,9999.000
202603020800,   0.124,   0.769,   0.600,   0.045,   0.769,   0.500,   0.669,   0.600,   0.769
202603020806,   0.106,   0.740,9999.000,9999.000,9999.000,9999.000,9999.000,9999.000,9999.000
202603020812,   0.089,   0.720,9999.000,9999.000,9999.000,9999.000,9999.000,9999.000,9999.000
202603020818,   0.074,   0.720,9999.000,9999.000,9999.000,9999.000,9999.000,9999.000,9999.000
202603020824,   0.060,   0.701,9999.000,9999.000,9999.000,9999.000,9999.000,9999.000,9999.000
202603020830,   0.048,   0.671,9999.000,9999.000,9999.000,9999.000,9999.000,9999.000,9999.000
202603020836,   0.038,   0.681,9999.000,9999.000,9999.000,9999.000,9999.000,9999.000,9999.000
202603020842,   0.030,   0.701,9999.000,9999.000,9999.000,9999.000,9999.000,9999.000,9999.000
202603020848,   0.024,   0.701,9999.000,9999.000,9999.000,9999.000,9999.000,9999.000,9999.000
202603020854,   0.019,   0.720,9999.000,9999.000,9999.000,9999.000,9999.000,9999.000,9999.000
202603020900,   0.017,   0.779,   0.600,   0.162,   0.779,   0.500,   0.679,   0.600,   0.779
202603020906,   0.016,   0.822,9999.000,9999.000,9999.000,9999.000,9999.000,9999.000,9999.000
202603020912,   0.018,   0.842,9999.000,9999.000,9999.000,9999.000,9999.000,9999.000,9999.000
202603020918,   0.022,   0.901,9999.000,9999.000,9999.000,9999.000,9999.000,9999.000,9999.000
202603020924,   0.027,   0.960,9999.000,9999.000,9999.000,9999.000,9999.000,9999.000,9999.000
202603020930,   0.034,   0.979,9999.000,9999.000,9999.000,9999.000,9999.000,9999.000,9999.000
202603020936,   0.044,   1.012,9999.000,9999.000,9999.000,9999.000,9999.000,9999.000,9999.000
202603020942,   0.055,   1.081,9999.000,9999.000,9999.000,9999.000,9999.000,9999.000,9999.000
202603020948,   0.068,   1.081,9999.000,9999.000,9999.000,9999.000,9999.000,9999.000,9999.000
202603020954,   0.083,   1.101,9999.000,9999.000,9999.000,9999.000,9999.000,9999.000,9999.000
202603021000,   0.100,   1.170,   0.600,   0.470,   1.170,   0.600,   1.170,   0.600,   1.170
202603021006,   0.119,   1.212,9999.000,9999.000,9999.000,9999.000,9999.000,9999.000,9999.000
202603021012,   0.139,   1.232,9999.000,9999.000,9999.000,9999.000,9999.000,9999.000,9999.000
202603021018,   0.161,   1.291,9999.000,9999.000,9999.000,9999.000,9999.000,9999.000,9999.000
202603021024,   0.186,   1.340,9999.000,9999.000,9999.000,9999.000,9999.000,9999.000,9999.000
202603021030,   0.211,   1.360,9999.000,9999.000,9999.000,9999.000,9999.000,9999.000,9999.000
202603021036,   0.239,   1.409,9999.000,9999.000,9999.000,9999.000,9999.000,9999.000,9999.000
202603021042,   0.269,   1.471,9999.000,9999.000,9999.000,9999.000,9999.000,9999.000,9999.000
202603021048,   0.301,   1.520,9999.000,9999.000,9999.000,9999.000,9999.000,9999.000,9999.000
202603021054,   0.334,   1.559,9999.000,9999.000,9999.000,9999.000,9999.000,9999.000,9999.000
202603021100,   0.370,   1.598,   0.600,   0.628,   1.598,   0.600,   1.598,   0.700,   1.698
202603021106,   0.407,   1.661,9999.000,9999.000,9999.000,9999.000,9999.000,9999.000,9999.000
202603021112,   0.447,   1.700,9999.000,9999.000,9999.000,9999.000,9999.000,9999.000,9999.000
202603021118,   0.488,   1.749,9999.000,9999.000,9999.000,9999.000,9999.000,9999.000,9999.000
202603021124,   0.532,   1.798,9999.000,9999.000,9999.000,9999.000,9999.000,9999.000,9999.000
202603021130,   0.577,   1.851,9999.000,9999.000,9999.000,9999.000,9999.000,9999.000,9999.000
202603021136,   0.624,   1.900,9999.000,9999.000,9999.000,9999.000,9999.000,9999.000,9999.000
202603021142,   0.672,   1.959,9999.000,9999.000,9999.000,9999.000,9999.000,9999.000,9999.000
202603021148,   0.722,   1.998,9999.000,9999.000,9999.000,9999.000,9999.000,9999.000,9999.000
202603021154,   0.773,   2.038,9999.000,9999.000,9999.000,9999.000,9999.000,9999.000,9999.000
202603021200,   0.826,   2.080,   0.600,   0.654,   2.080,   0.500,   1.980,   0.600,   2.080
202603021206,   0.879,   2.149,9999.000,9999.000,9999.000,9999.000,9999.000,9999.000,9999.000
202603021212,   0.932,   2.189,9999.000,9999.000,9999.000,9999.000,9999.000,9999.000,9999.000
202603021218,   0.986,   2.238,9999.000,9999.000,9999.000,9999.000,9999.000,9999.000,9999.000
202603021224,   1.040,   2.300,9999.000,9999.000,9999.000,9999.000,9999.000,9999.000,9999.000
202603021230,   1.094,   2.330,9999.000,9999.000,9999.000,9999.000,9999.000,9999.000,9999.000
202603021236,   1.147,   2.379,9999.000,9999.000,9999.000,9999.000,9999.000,9999.000,9999.000
202603021242,   1.199,   2.428,9999.000,9999.000,9999.000,9999.000,9999.000,9999.000,9999.000
202603021248,   1.250,   2.471,9999.000,9999.000,9999.000,9999.000,9999.000,9999.000,9999.000
202603021254,   1.299,   2.510,9999.000,9999.000,9999.000,9999.000,9999.000,9999.000,9999.000
202603021300,   1.347,   2.559,   0.600,   0.612,   2.559,   0.600,   2.559,   0.600,   2.559
202603021306,   1.392,   2.599,9999.000,9999.000,9999.000,9999.000,9999.000,9999.000,9999.000
202603021312,   1.434,   2.638,9999.000,9999.000,9999.000,9999.000,9999.000,9999.000,9999.000
202603021318,   1.474,   2.700,9999.000,9999.000,9999.000,9999.000,9999.000,9999.000,9999.000
202603021324,   1.511,   2.730,9999.000,9999.000,9999.000,9999.000,9999.000,9999.000,9999.000
202603021330,   1.545,   2.769,9999.000,9999.000,9999.000,9999.000,9999.000,9999.000,9999.000
202603021336,   1.576,   2.818,9999.000,9999.000,9999.000,9999.000,9999.000,9999.000,9999.000
202603021342,   1.603,   2.848,9999.000,9999.000,9999.000,9999.000,9999.000,9999.000,9999.000
202603021348,   1.628,   2.881,9999.000,9999.000,9999.000,9999.000,9999.000,9999.000,9999.000
202603021354,   1.648,   2.900,9999.000,9999.000,9999.000,9999.000,9999.000,9999.000,9999.000
202603021400,   1.666,   2.940,   0.600,   0.674,   2.940,   0.600,   2.940,   0.600,   2.940
202603021406,   1.680,   2.959,9999.000,9999.000,9999.000,9999.000,9999.000,9999.000,9999.000
202603021412,   1.691,   2.979,9999.000,9999.000,9999.000,9999.000,9999.000,9999.000,9999.000
202603021418,   1.698,   3.009,9999.000,9999.000,9999.000,9999.000,9999.000,9999.000,9999.000
202603021424,   1.703,   3.028,9999.000,9999.000,9999.000,9999.000,9999.000,9999.000,9999.000
202603021430,   1.705,   3.038,9999.000,9999.000,9999.000,9999.000,9999.000,9999.000,9999.000
202603021436,   1.704,   3.058,9999.000,9999.000,9999.000,9999.000,9999.000,9999.000,9999.000
202603021442,   1.700,   3.038,9999.000,9999.000,9999.000,9999.000,9999.000,9999.000,9999.000
202603021448,   1.694,   3.038,9999.000,9999.000,9999.000,9999.000,9999.000,9999.000,9999.000
202603021454,   1.686,   3.018,9999.000,9999.000,9999.000,9999.000,9999.000,9999.000,9999.000
202603021500,   1.676,   2.989,   0.600,   0.713,   2.989,   0.600,   2.989,   0.700,   3.089
202603021506,   1.664,   2.969,9999.000,9999.000,9999.000,9999.000,9999.000,9999.000,9999.000
202603021512,   1.650,   2.930,9999.000,9999.000,9999.000,9999.000,9999.000,9999.000,9999.000
202603021518,   1.635,   2.891,9999.000,9999.000,9999.000,9999.000,9999.000,9999.000,9999.000
202603021524,   1.618,   2.848,9999.000,9999.000,9999.000,9999.000,9999.000,9999.000,9999.000
202603021530,   1.600,   2.809,9999.000,9999.000,9999.000,9999.000,9999.000,9999.000,9999.000
202603021536,   1.581,   2.779,9999.000,9999.000,9999.000,9999.000,9999.000,9999.000,9999.000
202603021542,   1.561,   2.730,9999.000,9999.000,9999.000,9999.000,9999.000,9999.000,9999.000
202603021548,   1.540,   2.700,9999.000,9999.000,9999.000,9999.000,9999.000,9999.000,9999.000
202603021554,   1.517,   2.681,9999.000,9999.000,9999.000,9999.000,9999.000,9999.000,9999.000
202603021600,   1.494,   2.628,   0.600,   0.534,   2.628,   0.600,   2.628,   0.700,   2.728
202603021606,   1.470,   2.599,9999.000,9999.000,9999.000,9999.000,9999.000,9999.000,9999.000
202603021612,   1.445,   2.559,9999.000,9999.000,9999.000,9999.000,9999.000,9999.000,9999.000
202603021618,   1.420,   2.530,9999.000,9999.000,9999.000,9999.000,9999.000,9999.000,9999.000
202603021624,   1.394,   2.490,9999.000,9999.000,9999.000,9999.000,9999.000,9999.000,9999.000
202603021630,   1.367,   2.448,9999.000,9999.000,9999.000,9999.000,9999.000,9999.000,9999.000
202603021636,   1.340,   2.408,9999.000,9999.000,9999.000,9999.000,9999.000,9999.000,9999.000
202603021642,   1.312,   2.359,9999.000,9999.000,9999.000,9999.000,9999.000,9999.000,9999.000
202603021648,   1.283,   2.320,9999.000,9999.000,9999.000,9999.000,9999.000,9999.000,9999.000
202603021654,   1.255,   2.280,9999.000,9999.000,9999.000,9999.000,9999.000,9999.000,9999.000
202603021700,   1.225,   2.228,   0.600,   0.403,   2.228,   0.600,   2.228,   0.700,   2.328
202603021706,   1.196,   2.179,9999.000,9999.000,9999.000,9999.000,9999.000,9999.000,9999.000
202603021712,   1.166,   2.149,9999.000,9999.000,9999.000,9999.000,9999.000,9999.000,9999.000
202603021718,   1.136,   2.100,9999.000,9999.000,9999.000,9999.000,9999.000,9999.000,9999.000
202603021724,   1.106,   2.071,9999.000,9999.000,9999.000,9999.000,9999.000,9999.000,9999.000
202603021730,   1.076,   2.028,9999.000,9999.000,9999.000,9999.000,9999.000,9999.000,9999.000
202603021736,   1.046,   1.979,9999.000,9999.000,9999.000,9999.000,9999.000,9999.000,9999.000
202603021742,   1.016,   1.949,9999.000,9999.000,9999.000,9999.000,9999.000,9999.000,9999.000
202603021748,   0.986,   1.900,9999.000,9999.000,9999.000,9999.000,9999.000,9999.000,9999.000
202603021754,   0.956,   1.851,9999.000,9999.000,9999.000,9999.000,9999.000,9999.000,9999.000
202603021800,   0.926,   1.808,   0.600,   0.282,   1.808,   0.600,   1.808,   0.700,   1.908
202603021806,   0.896,   1.779,9999.000,9999.000,9999.000,9999.000,9999.000,9999.000,9999.000
202603021812,   0.866,   1.729,9999.000,9999.000,9999.000,9999.000,9999.000,9999.000,9999.000
202603021818,   0.837,   1.680,9999.000,9999.000,9999.000,9999.000,9999.000,9999.000,9999.000
202603021824,   0.807,   1.641,9999.000,9999.000,9999.000,9999.000,9999.000,9999.000,9999.000
202603021830,   0.778,   1.608,9999.000,9999.000,9999.000,9999.000,9999.000,9999.000,9999.000
202603021836,   0.748,   1.569,9999.000,9999.000,9999.000,9999.000,9999.000,9999.000,9999.000
202603021842,   0.719,   1.511,9999.000,9999.000,9999.000,9999.000,9999.000,9999.000,9999.000
202603021848,   0.690,   1.501,9999.000,9999.000,9999.000,9999.000,9999.000,9999.000,9999.000
202603021854,   0.661,   1.461,9999.000,9999.000,9999.000,9999.000,9999.000,9999.000,9999.000
202603021900,   0.632,   1.389,   0.700,   0.057,   1.389,   0.600,   1.289,   0.700,   1.389
202603021906,   0.603,   1.360,9999.000,9999.000,9999.000,9999.000,9999.000,9999.000,9999.000
202603021912,   0.573,   1.330,9999.000,9999.000,9999.000,9999.000,9999.000,9999.000,9999.000
202603021918,   0.544,   1.291,9999.000,9999.000,9999.000,9999.000,9999.000,9999.000,9999.000
202603021924,   0.515,   1.252,9999.000,9999.000,9999.000,9999.000,9999.000,9999.000,9999.000
202603021930,   0.486,   1.232,9999.000,9999.000,9999.000,9999.000,9999.000,9999.000,9999.000
202603021936,   0.457,   1.189,9999.000,9999.000,9999.000,9999.000,9999.000,9999.000,9999.000
202603021942,   0.428,   1.140,9999.000,9999.000,9999.000,9999.000,9999.000,9999.000,9999.000
202603021948,   0.399,   1.101,9999.000,9999.000,9999.000,9999.000,9999.000,9999.000,9999.000
202603021954,   0.371,   1.081,9999.000,9999.000,9999.000,9999.000,9999.000,9999.000,9999.000
202603022000,   0.343,   1.051,   0.700,   0.008,   1.051,   0.600,   0.951,   0.700,   1.051
202603022006,   0.316,   1.022,9999.000,9999.000,9999.000,9999.000,9999.000,9999.000,9999.000
202603022012,   0.290,   1.012,9999.000,9999.000,9999.000,9999.000,9999.000,9999.000,9999.000
202603022018,   0.264,   0.979,9999.000,9999.000,9999.000,9999.000,9999.000,9999.000,9999.000
202603022024,   0.239,   0.960,9999.000,9999.000,9999.000,9999.000,9999.000,9999.000,9999.000
202603022030,   0.216,   0.940,9999.000,9999.000,9999.000,9999.000,9999.000,9999.000,9999.000
202603022036,   0.193,   0.920,9999.000,9999.000,9999.000,9999.000,9999.000,9999.000,9999.000
202603022042,   0.172,   0.901,9999.000,9999.000,9999.000,9999.000,9999.000,9999.000,9999.000
202603022048,   0.152,   0.891,9999.000,9999.000,9999.000,9999.000,9999.000,9999.000,9999.000
202603022054,   0.135,   0.881,9999.000,9999.000,9999.000,9999.000,9999.000,9999.000,9999.000
202603022100,   0.118,   0.871,   0.700,   0.053,   0.871,   0.600,   0.771,   0.700,   0.871
202603022106,   0.104,   0.861,9999.000,9999.000,9999.000,9999.000,9999.000,9999.000,9999.000
202603022112,   0.091,   0.871,9999.000,9999.000,9999.000,9999.000,9999.000,9999.000,9999.000
202603022118,   0.080,   0.881,9999.000,9999.000,9999.000,9999.000,9999.000,9999.000,9999.000
202603022124,   0.072,   0.891,9999.000,9999.000,9999.000,9999.000,9999.000,9999.000,9999.000
202603022130,   0.065,   0.920,9999.000,9999.000,9999.000,9999.000,9999.000,9999.000,9999.000
202603022136,   0.060,   0.979,9999.000,9999.000,9999.000,9999.000,9999.000,9999.000,9999.000
202603022142,   0.057,   1.012,9999.000,9999.000,9999.000,9999.000,9999.000,9999.000,9999.000
202603022148,   0.057,   1.051,9999.000,9999.000,9999.000,9999.000,9999.000,9999.000,9999.000
202603022154,   0.058,   1.091,9999.000,9999.000,9999.000,9999.000,9999.000,9999.000,9999.000
202603022200,   0.061,   1.120,   0.700,   0.359,   1.120,   0.600,   1.020,   0.800,   1.220
202603022206,   0.066,   1.150,9999.000,9999.000,9999.000,9999.000,9999.000,9999.000,9999.000
202603022212,   0.074,   1.189,9999.000,9999.000,9999.000,9999.000,9999.000,9999.000,9999.000
202603022218,   0.083,   1.242,9999.000,9999.000,9999.000,9999.000,9999.000,9999.000,9999.000
202603022224,   0.094,   1.271,9999.000,9999.000,9999.000,9999.000,9999.000,9999.000,9999.000
202603022230,   0.107,   1.301,9999.000,9999.000,9999.000,9999.000,9999.000,9999.000,9999.000
202603022236,   0.122,   1.350,9999.000,9999.000,9999.000,9999.000,9999.000,9999.000,9999.000
202603022242,   0.139,   1.389,9999.000,9999.000,9999.000,9999.000,9999.000,9999.000,9999.000
202603022248,   0.157,   1.422,9999.000,9999.000,9999.000,9999.000,9999.000,9999.000,9999.000
202603022254,   0.178,   1.471,9999.000,9999.000,9999.000,9999.000,9999.000,9999.000,9999.000
202603022300,   0.201,   1.520,   0.700,   0.619,   1.520,   0.600,   1.420,   0.800,   1.620
202603022306,   0.226,   1.559,9999.000,9999.000,9999.000,9999.000,9999.000,9999.000,9999.000
202603022312,   0.253,   1.598,9999.000,9999.000,9999.000,9999.000,9999.000,9999.000,9999.000
202603022318,   0.282,   1.651,9999.000,9999.000,9999.000,9999.000,9999.000,9999.000,9999.000
202603022324,   0.313,   1.700,9999.000,9999.000,9999.000,9999.000,9999.000,9999.000,9999.000
202603022330,   0.346,   1.729,9999.000,9999.000,9999.000,9999.000,9999.000,9999.000,9999.000
202603022336,   0.382,   1.779,9999.000,9999.000,9999.000,9999.000,9999.000,9999.000,9999.000
202603022342,   0.419,   1.828,9999.000,9999.000,9999.000,9999.000,9999.000,9999.000,9999.000
202603022348,   0.459,   1.870,9999.000,9999.000,9999.000,9999.000,9999.000,9999.000,9999.000
202603022354,   0.501,   1.920,9999.000,9999.000,9999.000,9999.000,9999.000,9999.000,9999.000
202603030000,   0.544,   1.959,   0.700,   0.715,   1.959,   0.600,   1.859,   0.700,   1.959
202603030006,   0.589,   1.998,9999.000,9999.000,9999.000,9999.000,9999.000,9999.000,9999.000
202603030012,   0.636,   2.038,9999.000,9999.000,9999.000,9999.000,9999.000,9999.000,9999.000
202603030018,   0.684,   2.100,9999.000,9999.000,9999.000,9999.000,9999.000,9999.000,9999.000
202603030024,   0.734,   2.139,9999.000,9999.000,9999.000,9999.000,9999.000,9999.000,9999.000
202603030030,   0.785,   2.179,9999.000,9999.000,9999.000,9999.000,9999.000,9999.000,9999.000
202603030036,   0.836,   2.218,9999.000,9999.000,9999.000,9999.000,9999.000,9999.000,9999.000
202603030042,   0.888,   2.271,9999.000,9999.000,9999.000,9999.000,9999.000,9999.000,9999.000
202603030048,   0.940,   2.310,9999.000,9999.000,9999.000,9999.000,9999.000,9999.000,9999.000
202603030054,   0.992,   2.359,9999.000,9999.000,9999.000,9999.000,9999.000,9999.000,9999.000
202603030100,   1.044,   2.389,   0.600,   0.745,   2.389,   0.600,   2.389,   0.700,   2.489
202603030106,   1.094,   2.428,9999.000,9999.000,9999.000,9999.000,9999.000,9999.000,9999.000
202603030112,   1.144,   2.490,9999.000,9999.000,9999.000,9999.000,9999.000,9999.000,9999.000
202603030118,   1.192,   2.530,9999.000,9999.000,9999.000,9999.000,9999.000,9999.000,9999.000
202603030124,   1.238,   2.559,9999.000,9999.000,9999.000,9999.000,9999.000,9999.000,9999.000
202603030130,   1.282,   2.599,9999.000,9999.000,9999.000,9999.000,9999.000,9999.000,9999.000
202603030136,   1.324,   2.648,9999.000,9999.000,9999.000,9999.000,9999.000,9999.000,9999.000
202603030142,   1.364,   2.681,9999.000,9999.000,9999.000,9999.000,9999.000,9999.000,9999.000
202603030148,   1.400,   2.720,9999.000,9999.000,9999.000,9999.000,9999.000,9999.000,9999.000
202603030154,   1.434,   2.759,9999.000,9999.000,9999.000,9999.000,9999.000,9999.000,9999.000
202603030200,   1.464,   2.789,   0.600,   0.725,   2.789,   0.600,   2.789,   0.700,   2.889
202603030206,   1.492,   2.809,9999.000,9999.000,9999.000,9999.000,9999.000,9999.000,9999.000
202603030212,   1.516,   2.838,9999.000,9999.000,9999.000,9999.000,9999.000,9999.000,9999.000
202603030218,   1.536,   2.868,9999.000,9999.000,9999.000,9999.000,9999.000,9999.000,9999.000
202603030224,   1.553,   2.900,9999.000,9999.000,9999.000,9999.000,9999.000,9999.000,9999.000
202603030230,   1.567,   2.920,9999.000,9999.000,9999.000,9999.000,9999.000,9999.000,9999.000
202603030236,   1.578,   2.940,9999.000,9999.000,9999.000,9999.000,9999.000,9999.000,9999.000
202603030242,   1.586,   2.940,9999.000,9999.000,9999.000,9999.000,9999.000,9999.000,9999.000
202603030248,   1.590,   2.950,9999.000,9999.000,9999.000,9999.000,9999.000,9999.000,9999.000
202603030254,   1.592,   2.959,9999.000,9999.000,9999.000,9999.000,9999.000,9999.000,9999.000
202603030300,   1.590,   2.959,   0.600,   0.769,   2.959,   0.600,   2.959,   0.700,   3.059
202603030306,   1.587,   2.950,9999.000,9999.000,9999.000,9999.000,9999.000,9999.000,9999.000
202603030312,   1.580,   2.920,9999.000,9999.000,9999.000,9999.000,9999.000,9999.000,9999.000
202603030318,   1.572,   2.900,9999.000,9999.000,9999.000,9999.000,9999.000,9999.000,9999.000
202603030324,   1.562,   2.858,9999.000,9999.000,9999.000,9999.000,9999.000,9999.000,9999.000
202603030330,   1.549,   2.828,9999.000,9999.000,9999.000,9999.000,9999.000,9999.000,9999.000
202603030336,   1.535,   2.779,9999.000,9999.000,9999.000,9999.000,9999.000,9999.000,9999.000
202603030342,   1.519,   2.740,9999.000,9999.000,9999.000,9999.000,9999.000,9999.000,9999.000
202603030348,   1.502,   2.700,9999.000,9999.000,9999.000,9999.000,9999.000,9999.000,9999.000
202603030354,   1.483,   2.658,9999.000,9999.000,9999.000,9999.000,9999.000,9999.000,9999.000
202603030400,   1.463,   2.628,   0.600,   0.565,   2.628,   0.600,   2.628,   0.700,   2.728
202603030406,   1.442,   2.599,9999.000,9999.000,9999.000,9999.000,9999.000,9999.000,9999.000
202603030412,   1.420,   2.569,9999.000,9999.000,9999.000,9999.000,9999.000,9999.000,9999.000
202603030418,   1.397,   2.540,9999.000,9999.000,9999.000,9999.000,9999.000,9999.000,9999.000
202603030424,   1.373,   2.500,9999.000,9999.000,9999.000,9999.000,9999.000,9999.000,9999.000
202603030430,   1.349,   2.471,9999.000,9999.000,9999.000,9999.000,9999.000,9999.000,9999.000
202603030436,   1.323,   2.418,9999.000,9999.000,9999.000,9999.000,9999.000,9999.000,9999.000
202603030442,   1.297,   2.389,9999.000,9999.000,9999.000,9999.000,9999.000,9999.000,9999.000
202603030448,   1.270,   2.349,9999.000,9999.000,9999.000,9999.000,9999.000,9999.000,9999.000
202603030454,   1.242,   2.310,9999.000,9999.000,9999.000,9999.000,9999.000,9999.000,9999.000
202603030500,   1.214,   2.271,   0.600,   0.457,   2.271,   0.600,   2.271,   0.700,   2.371
202603030506,   1.185,   2.228,9999.000,9999.000,9999.000,9999.000,9999.000,9999.000,9999.000
202603030512,   1.156,   2.179,9999.000,9999.000,9999.000,9999.000,9999.000,9999.000,9999.000
202603030518,   1.126,   2.139,9999.000,9999.000,9999.000,9999.000,9999.000,9999.000,9999.000
202603030524,   1.096,   2.110,9999.000,9999.000,9999.000,9999.000,9999.000,9999.000,9999.000
202603030530,   1.066,   2.061,9999.000,9999.000,9999.000,9999.000,9999.000,9999.000,9999.000
202603030536,   1.036,   2.008,9999.000,9999.000,9999.000,9999.000,9999.000,9999.000,9999.000
202603030542,   1.005,   1.979,9999.000,9999.000,9999.000,9999.000,9999.000,9999.000,9999.000
202603030548,   0.974,   1.929,9999.000,9999.000,9999.000,9999.000,9999.000,9999.000,9999.000
202603030554,   0.943,   1.880,9999.000,9999.000,9999.000,9999.000,9999.000,9999.000,9999.000
202603030600,   0.913,   1.851,   0.600,   0.338,   1.851,   0.500,   1.751,   0.600,   1.851
202603030606,   0.882,   1.788,9999.000,9999.000,9999.000,9999.000,9999.000,9999.000,9999.000
202603030612,   0.852,   1.739,9999.000,9999.000,9999.000,9999.000,9999.000,9999.000,9999.000
202603030618,   0.821,   1.710,9999.000,9999.000,9999.000,9999.000,9999.000,9999.000,9999.000
202603030624,   0.791,   1.670,9999.000,9999.000,9999.000,9999.000,9999.000,9999.000,9999.000
202603030630,   0.761,   1.618,9999.000,9999.000,9999.000,9999.000,9999.000,9999.000,9999.000
202603030636,   0.732,   1.579,9999.000,9999.000,9999.000,9999.000,9999.000,9999.000,9999.000
202603030642,   0.702,   1.539,9999.000,9999.000,9999.000,9999.000,9999.000,9999.000,9999.000
202603030648,   0.673,   1.501,9999.000,9999.000,9999.000,9999.000,9999.000,9999.000,9999.000
202603030654,   0.645,   1.461,9999.000,9999.000,9999.000,9999.000,9999.000,9999.000,9999.000
202603030700,   0.616,   1.422,   0.600,   0.206,   1.422,   0.500,   1.322,   0.600,   1.422
202603030706,   0.588,   1.379,9999.000,9999.000,9999.000,9999.000,9999.000,9999.000,9999.000
202603030712,   0.560,   1.340,9999.000,9999.000,9999.000,9999.000,9999.000,9999.000,9999.000
202603030718,   0.532,   1.301,9999.000,9999.000,9999.000,9999.000,9999.000,9999.000,9999.000
202603030724,   0.504,   1.261,9999.000,9999.000,9999.000,9999.000,9999.000,9999.000,9999.000
202603030730,   0.476,   1.232,9999.000,9999.000,9999.000,9999.000,9999.000,9999.000,9999.000
202603030736,   0.449,   1.170,9999.000,9999.000,9999.000,9999.000,9999.000,9999.000,9999.000
202603030742,   0.422,   1.140,9999.000,9999.000,9999.000,9999.000,9999.000,9999.000,9999.000
202603030748,   0.395,   1.101,9999.000,9999.000,9999.000,9999.000,9999.000,9999.000,9999.000
202603030754,   0.368,   1.061,9999.000,9999.000,9999.000,9999.000,9999.000,9999.000,9999.000
202603030800,   0.342,   1.022,   0.600,   0.080,   1.022,   0.500,   0.922,   0.600,   1.022
202603030806,   0.316,   0.989,9999.000,9999.000,9999.000,9999.000,9999.000,9999.000,9999.000
202603030812,   0.290,   0.960,9999.000,9999.000,9999.000,9999.000,9999.000,9999.000,9999.000
202603030818,   0.265,   0.930,9999.000,9999.000,9999.000,9999.000,9999.000,9999.000,9999.000
202603030824,   0.240,   0.901,9999.000,9999.000,9999.000,9999.000,9999.000,9999.000,9999.000
202603030830,   0.217,   0.871,9999.000,9999.000,9999.000,9999.000,9999.000,9999.000,9999.000
202603030836,   0.194,   0.861,9999.000,9999.000,9999.000,9999.000,9999.000,9999.000,9999.000
202603030842,   0.172,   0.832,9999.000,9999.000,9999.000,9999.000,9999.000,9999.000,9999.000
202603030848,   0.151,   0.802,9999.000,9999.000,9999.000,9999.000,9999.000,9999.000,9999.000
202603030854,   0.132,   0.779,9999.000,9999.000,9999.000,9999.000,9999.000,9999.000,9999.000
202603030900,   0.114,   0.769,   0.600,   0.055,   0.769,   0.500,   0.669,   0.600,   0.769
202603030906,   0.097,   0.740,9999.000,9999.000,9999.000,9999.000,9999.000,9999.000,9999.000
202603030912,   0.082,   0.720,9999.000,9999.000,9999.000,9999.000,9999.000,9999.000,9999.000
202603030918,   0.069,   0.730,9999.000,9999.000,9999.000,9999.000,9999.000,9999.000,9999.000
202603030924,   0.058,   0.730,9999.000,9999.000,9999.000,9999.000,9999.000,9999.000,9999.000
202603030930,   0.048,   0.710,9999.000,9999.000,9999.000,9999.000,9999.000,9999.000,9999.000
202603030936,   0.041,   0.710,9999.000,9999.000,9999.000,9999.000,9999.000,9999.000,9999.000
202603030942,   0.035,   0.760,9999.000,9999.000,9999.000,9999.000,9999.000,9999.000,9999.000
202603030948,   0.032,   0.779,9999.000,9999.000,9999.000,9999.000,9999.000,9999.000,9999.000
202603030954,   0.030,   0.812,9999.000,9999.000,9999.000,9999.000,9999.000,9999.000,9999.000
202603031000,   0.031,   0.861,   0.600,   0.230,   0.861,   0.500,   0.761,   0.600,   0.861
202603031006,   0.033,   0.920,9999.000,9999.000,9999.000,9999.000,9999.000,9999.000,9999.000
202603031012,   0.038,   0.940,9999.000,9999.000,9999.000,9999.000,9999.000,9999.000,9999.000
202603031018,   0.044,   0.989,9999.000,9999.000,9999.000,9999.000,9999.000,9999.000,9999.000
202603031024,   0.053,   1.042,9999.000,9999.000,9999.000,9999.000,9999.000,9999.000,9999.000
202603031030,   0.063,   1.071,9999.000,9999.000,9999.000,9999.000,9999.000,9999.000,9999.000
202603031036,   0.076,   1.111,9999.000,9999.000,9999.000,9999.000,9999.000,9999.000,9999.000
202603031042,   0.090,   1.150,9999.000,9999.000,9999.000,9999.000,9999.000,9999.000,9999.000
202603031048,   0.106,   1.179,9999.000,9999.000,9999.000,9999.000,9999.000,9999.000,9999.000
202603031054,   0.124,   1.232,9999.000,9999.000,9999.000,9999.000,9999.000,9999.000,9999.000
202603031100,   0.144,   1.281,   0.600,   0.537,   1.281,   0.500,   1.181,   0.600,   1.281
202603031106,   0.165,   1.311,9999.000,9999.000,9999.000,9999.000,9999.000,9999.000,9999.000
202603031112,   0.189,   1.350,9999.000,9999.000,9999.000,9999.000,9999.000,9999.000,9999.000
202603031118,   0.214,   1.409,9999.000,9999.000,9999.000,9999.000,9999.000,9999.000,9999.000
202603031124,   0.241,   1.452,9999.000,9999.000,9999.000,9999.000,9999.000,9999.000,9999.000
202603031130,   0.269,   1.491,9999.000,9999.000,9999.000,9999.000,9999.000,9999.000,9999.000
202603031136,   0.300,   1.539,9999.000,9999.000,9999.000,9999.000,9999.000,9999.000,9999.000
202603031142,   0.332,   1.588,9999.000,9999.000,9999.000,9999.000,9999.000,9999.000,9999.000
202603031148,   0.367,   1.631,9999.000,9999.000,9999.000,9999.000,9999.000,9999.000,9999.000
202603031154,   0.403,   1.680,9999.000,9999.000,9999.000,9999.000,9999.000,9999.000,9999.000
202603031200,   0.441,   1.720,   0.500,   0.779,   1.720,   0.500,   1.720,   0.600,   1.820
202603031206,   0.481,   1.769,9999.000,9999.000,9999.000,9999.000,9999.000,9999.000,9999.000
202603031212,   0.522,   1.818,9999.000,9999.000,9999.000,9999.000,9999.000,9999.000,9999.000
202603031218,   0.566,   1.861,9999.000,9999.000,9999.000,9999.000,9999.000,9999.000,9999.000
202603031224,   0.611,   1.910,9999.000,9999.000,9999.000,9999.000,9999.000,9999.000,9999.000
202603031230,   0.657,   1.959,9999.000,9999.000,9999.000,9999.000,9999.000,9999.000,9999.000
202603031236,   0.705,   2.008,9999.000,9999.000,9999.000,9999.000,9999.000,9999.000,9999.000
202603031242,   0.755,   2.051,9999.000,9999.000,9999.000,9999.000,9999.000,9999.000,9999.000
202603031248,   0.805,   2.110,9999.000,9999.000,9999.000,9999.000,9999.000,9999.000,9999.000
202603031254,   0.856,   2.159,9999.000,9999.000,9999.000,9999.000,9999.000,9999.000,9999.000
202603031300,   0.908,   2.198,   0.500,   0.790,   2.198,   0.500,   2.198,   0.600,   2.298
202603031306,   0.959,   2.261,9999.000,9999.000,9999.000,9999.000,9999.000,9999.000,9999.000
202603031312,   1.011,   2.300,9999.000,9999.000,9999.000,9999.000,9999.000,9999.000,9999.000
202603031318,   1.063,   2.339,9999.000,9999.000,9999.000,9999.000,9999.000,9999.000,9999.000
202603031324,   1.114,   2.379,9999.000,9999.000,9999.000,9999.000,9999.000,9999.000,9999.000
202603031330,   1.164,   2.418,9999.000,9999.000,9999.000,9999.000,9999.000,9999.000,9999.000
202603031336,   1.213,   2.461,9999.000,9999.000,9999.000,9999.000,9999.000,9999.000,9999.000
202603031342,   1.260,   2.500,9999.000,9999.000,9999.000,9999.000,9999.000,9999.000,9999.000
202603031348,   1.306,   2.549,9999.000,9999.000,9999.000,9999.000,9999.000,9999.000,9999.000
202603031354,   1.349,   2.579,9999.000,9999.000,9999.000,9999.000,9999.000,9999.000,9999.000
202603031400,   1.390,   2.618,   0.500,   0.728,   2.618,   0.500,   2.618,   0.600,   2.718
202603031406,   1.428,   2.658,9999.000,9999.000,9999.000,9999.000,9999.000,9999.000,9999.000
202603031412,   1.464,   2.690,9999.000,9999.000,9999.000,9999.000,9999.000,9999.000,9999.000
202603031418,   1.496,   2.720,9999.000,9999.000,9999.000,9999.000,9999.000,9999.000,9999.000
202603031424,   1.525,   2.759,9999.000,9999.000,9999.000,9999.000,9999.000,9999.000,9999.000
202603031430,   1.551,   2.779,9999.000,9999.000,9999.000,9999.000,9999.000,9999.000,9999.000
202603031436,   1.574,   2.809,9999.000,9999.000,9999.000,9999.000,9999.000,9999.000,9999.000
202603031442,   1.593,   2.838,9999.000,9999.000,9999.000,9999.000,9999.000,9999.000,9999.000
202603031448,   1.609,   2.858,9999.000,9999.000,9999.000,9999.000,9999.000,9999.000,9999.000
202603031454,   1.622,   2.881,9999.000,9999.000,9999.000,9999.000,9999.000,9999.000,9999.000
202603031500,   1.631,   2.891,   0.500,   0.760,   2.891,   0.500,   2.891,   0.500,   2.891
202603031506,   1.638,   2.900,9999.000,9999.000,9999.000,9999.000,9999.000,9999.000,9999.000
202603031512,   1.641,   2.900,9999.000,9999.000,9999.000,9999.000,9999.000,9999.000,9999.000
202603031518,   1.642,   2.900,9999.000,9999.000,9999.000,9999.000,9999.000,9999.000,9999.000
202603031524,   1.639,   2.881,9999.000,9999.000,9999.000,9999.000,9999.000,9999.000,9999.000
202603031530,   1.635,   2.858,9999.000,9999.000,9999.000,9999.000,9999.000,9999.000,9999.000
202603031536,   1.628,   2.838,9999.000,9999.000,9999.000,9999.000,9999.000,9999.000,9999.000
202603031542,   1.619,   2.809,9999.000,9999.000,9999.000,9999.000,9999.000,9999.000,9999.000
202603031548,   1.607,   2.759,9999.000,9999.000,9999.000,9999.000,9999.000,9999.000,9999.000
202603031554,   1.594,   2.720,9999.000,9999.000,9999.000,9999.000,9999.000,9999.000,9999.000
202603031600,   1.580,   2.690,   0.500,   0.610,   2.690,   0.500,   2.690,   0.500,   2.690
202603031606,   1.563,   2.638,9999.000,9999.000,9999.000,9999.000,9999.000,9999.000,9999.000
202603031612,   1.546,   2.599,9999.000,9999.000,9999.000,9999.000,9999.000,9999.000,9999.000
202603031618,   1.527,   2.569,9999.000,9999.000,9999.000,9999.000,9999.000,9999.000,9999.000
202603031624,   1.507,   2.540,9999.000,9999.000,9999.000,9999.000,9999.000,9999.000,9999.000
202603031630,   1.486,   2.510,9999.000,9999.000,9999.000,9999.000,9999.000,9999.000,9999.000
202603031636,   1.465,   2.481,9999.000,9999.000,9999.000,9999.000,9999.000,9999.000,9999.000
202603031642,   1.442,   2.428,9999.000,9999.000,9999.000,9999.000,9999.000,9999.000,9999.000
202603031648,   1.418,   2.399,9999.000,9999.000,9999.000,9999.000,9999.000,9999.000,9999.000
202603031654,   1.394,   2.359,9999.000,9999.000,9999.000,9999.000,9999.000,9999.000,9999.000
202603031700,   1.369,   2.300,   0.500,   0.431,   2.300,   0.400,   2.200,   0.500,   2.300
202603031706,   1.344,   2.280,9999.000,9999.000,9999.000,9999.000,9999.000,9999.000,9999.000
202603031712,   1.317,   2.228,9999.000,9999.000,9999.000,9999.000,9999.000,9999.000,9999.000
202603031718,   1.291,   2.179,9999.000,9999.000,9999.000,9999.000,9999.000,9999.000,9999.000
202603031724,   1.263,   2.139,9999.000,9999.000,9999.000,9999.000,9999.000,9999.000,9999.000
202603031730,   1.236,   2.090,9999.000,9999.000,9999.000,9999.000,9999.000,9999.000,9999.000
202603031736,   1.207,   2.038,9999.000,9999.000,9999.000,9999.000,9999.000,9999.000,9999.000
202603031742,   1.179,   2.008,9999.000,9999.000,9999.000,9999.000,9999.000,9999.000,9999.000
202603031748,   1.150,   1.969,9999.000,9999.000,9999.000,9999.000,9999.000,9999.000,9999.000
202603031754,   1.120,   1.920,9999.000,9999.000,9999.000,9999.000,9999.000,9999.000,9999.000
202603031800,   1.091,   1.870,   0.500,   0.279,   1.870,   0.400,   1.770,   0.500,   1.870
202603031806,   1.061,   1.828,9999.000,9999.000,9999.000,9999.000,9999.000,9999.000,9999.000
202603031812,   1.031,   1.788,9999.000,9999.000,9999.000,9999.000,9999.000,9999.000,9999.000
202603031818,   1.002,   1.739,9999.000,9999.000,9999.000,9999.000,9999.000,9999.000,9999.000
202603031824,   0.972,   1.710,9999.000,9999.000,9999.000,9999.000,9999.000,9999.000,9999.000
202603031830,   0.942,   1.661,9999.000,9999.000,9999.000,9999.000,9999.000,9999.000,9999.000
202603031836,   0.912,   1.608,9999.000,9999.000,9999.000,9999.000,9999.000,9999.000,9999.000
202603031842,   0.882,   1.569,9999.000,9999.000,9999.000,9999.000,9999.000,9999.000,9999.000
202603031848,   0.852,   1.520,9999.000,9999.000,9999.000,9999.000,9999.000,9999.000,9999.000
202603031854,   0.823,   1.471,9999.000,9999.000,9999.000,9999.000,9999.000,9999.000,9999.000
202603031900,   0.794,   1.442,   0.500,   0.148,   1.442,   0.400,   1.342,   0.500,   1.442
202603031906,   0.764,   1.389,9999.000,9999.000,9999.000,9999.000,9999.000,9999.000,9999.000
202603031912,   0.735,   1.340,9999.000,9999.000,9999.000,9999.000,9999.000,9999.000,9999.000
202603031918,   0.706,   1.311,9999.000,9999.000,9999.000,9999.000,9999.000,9999.000,9999.000
202603031924,   0.678,   1.252,9999.000,9999.000,9999.000,9999.000,9999.000,9999.000,9999.000
202603031930,   0.649,   1.222,9999.000,9999.000,9999.000,9999.000,9999.000,9999.000,9999.000
202603031936,   0.620,   1.189,9999.000,9999.000,9999.000,9999.000,9999.000,9999.000,9999.000
202603031942,   0.592,   1.140,9999.000,9999.000,9999.000,9999.000,9999.000,9999.000,9999.000
202603031948,   0.564,   1.111,9999.000,9999.000,9999.000,9999.000,9999.000,9999.000,9999.000
202603031954,   0.535,   1.061,9999.000,9999.000,9999.000,9999.000,9999.000,9999.000,9999.000
202603032000,   0.507,   1.022,   0.500,   0.015,   1.022,   0.400,   0.922,   0.500,   1.022
202603032006,   0.479,   1.002,9999.000,9999.000,9999.000,9999.000,9999.000,9999.000,9999.000
202603032012,   0.451,   0.969,9999.000,9999.000,9999.000,9999.000,9999.000,9999.000,9999.000
202603032018,   0.423,   0.910,9999.000,9999.000,9999.000,9999.000,9999.000,9999.000,9999.000
202603032024,   0.395,   0.871,9999.000,9999.000,9999.000,9999.000,9999.000,9999.000,9999.000
202603032030,   0.368,   0.861,9999.000,9999.000,9999.000,9999.000,9999.000,9999.000,9999.000
202603032036,   0.341,   0.789,9999.000,9999.000,9999.000,9999.000,9999.000,9999.000,9999.000
202603032042,   0.314,   0.760,9999.000,9999.000,9999.000,9999.000,9999.000,9999.000,9999.000
202603032048,   0.288,   0.750,9999.000,9999.000,9999.000,9999.000,9999.000,9999.000,9999.000
202603032054,   0.262,   0.710,9999.000,9999.000,9999.000,9999.000,9999.000,9999.000,9999.000
202603032100,   0.238,   0.661,   0.500,  -0.077,   0.661,   0.400,   0.561,   0.500,   0.661
202603032106,   0.214,   0.661,9999.000,9999.000,9999.000,9999.000,9999.000,9999.000,9999.000
202603032112,   0.192,   0.632,9999.000,9999.000,9999.000,9999.000,9999.000,9999.000,9999.000
202603032118,   0.171,   0.579,9999.000,9999.000,9999.000,9999.000,9999.000,9999.000,9999.000
202603032124,   0.151,   0.579,9999.000,9999.000,9999.000,9999.000,9999.000,9999.000,9999.000
202603032130,   0.132,   0.550,9999.000,9999.000,9999.000,9999.000,9999.000,9999.000,9999.000
202603032136,   0.115,   0.510,9999.000,9999.000,9999.000,9999.000,9999.000,9999.000,9999.000
202603032142,   0.100,   0.500,9999.000,9999.000,9999.000,9999.000,9999.000,9999.000,9999.000
202603032148,   0.087,   0.500,9999.000,9999.000,9999.000,9999.000,9999.000,9999.000,9999.000
202603032154,   0.076,   0.481,9999.000,9999.000,9999.000,9999.000,9999.000,9999.000,9999.000
202603032200,   0.067,   0.471,   0.500,  -0.096,   0.471,   0.400,   0.371,   0.500,   0.471
202603032206,   0.060,   0.471,9999.000,9999.000,9999.000,9999.000,9999.000,9999.000,9999.000
202603032212,   0.055,   0.481,9999.000,9999.000,9999.000,9999.000,9999.000,9999.000,9999.000
202603032218,   0.052,   0.510,9999.000,9999.000,9999.000,9999.000,9999.000,9999.000,9999.000
202603032224,   0.051,   0.559,9999.000,9999.000,9999.000,9999.000,9999.000,9999.000,9999.000
202603032230,   0.052,   0.622,9999.000,9999.000,9999.000,9999.000,9999.000,9999.000,9999.000
202603032236,   0.056,   0.661,9999.000,9999.000,9999.000,9999.000,9999.000,9999.000,9999.000
202603032242,   0.061,   0.701,9999.000,9999.000,9999.000,9999.000,9999.000,9999.000,9999.000
202603032248,   0.069,   0.730,9999.000,9999.000,9999.000,9999.000,9999.000,9999.000,9999.000
202603032254,   0.079,   0.779,9999.000,9999.000,9999.000,9999.000,9999.000,9999.000,9999.000
202603032300,   0.091,   0.822,   0.500,   0.231,   0.822,   0.400,   0.722,   0.500,   0.822
202603032306,   0.104,   0.861,9999.000,9999.000,9999.000,9999.000,9999.000,9999.000,9999.000
202603032312,   0.120,   0.891,9999.000,9999.000,9999.000,9999.000,9999.000,9999.000,9999.000
202603032318,   0.138,   0.940,9999.000,9999.000,9999.000,9999.000,9999.000,9999.000,9999.000
202603032324,   0.157,   0.979,9999.000,9999.000,9999.000,9999.000,9999.000,9999.000,9999.000
202603032330,   0.179,   1.012,9999.000,9999.000,9999.000,9999.000,9999.000,9999.000,9999.000
202603032336,   0.202,   1.051,9999.000,9999.000,9999.000,9999.000,9999.000,9999.000,9999.000
202603032342,   0.227,   1.101,9999.000,9999.000,9999.000,9999.000,9999.000,9999.000,9999.000
202603032348,   0.255,   1.150,9999.000,9999.000,9999.000,9999.000,9999.000,9999.000,9999.000
202603032354,   0.284,9999.000,9999.000,9999.000,9999.000,9999.000,9999.000,9999.000,9999.000
202603040000,   0.315,9999.000,   0.500,   0.242,   1.057,   0.400,   0.957,   0.500,   1.057
202603040006,   0.347,9999.000,9999.000,9999.000,9999.000,9999.000,9999.000,9999.000,9999.000
202603040012,   0.382,9999.000,9999.000,9999.000,9999.000,9999.000,9999.000,9999.000,9999.000
202603040018,   0.419,9999.000,9999.000,9999.000,9999.000,9999.000,9999.000,9999.000,9999.000
202603040024,   0.458,9999.000,9999.000,9999.000,9999.000,9999.000,9999.000,9999.000,9999.000
202603040030,   0.498,9999.000,9999.000,9999.000,9999.000,9999.000,9999.000,9999.000,9999.000
202603040036,   0.541,9999.000,9999.000,9999.000,9999.000,9999.000,9999.000,9999.000,9999.000
202603040042,   0.585,9999.000,9999.000,9999.000,9999.000,9999.000,9999.000,9999.000,9999.000
202603040048,   0.630,9999.000,9999.000,9999.000,9999.000,9999.000,9999.000,9999.000,9999.000
202603040054,   0.678,9999.000,9999.000,9999.000,9999.000,9999.000,9999.000,9999.000,9999.000
202603040100,   0.727,9999.000,   0.400,   0.254,   1.381,   0.400,   1.381,   0.500,   1.481
202603040106,   0.777,9999.000,9999.000,9999.000,9999.000,9999.000,9999.000,9999.000,9999.000
202603040112,   0.828,9999.000,9999.000,9999.000,9999.000,9999.000,9999.000,9999.000,9999.000
202603040118,   0.880,9999.000,9999.000,9999.000,9999.000,9999.000,9999.000,9999.000,9999.000
202603040124,   0.932,9999.000,9999.000,9999.000,9999.000,9999.000,9999.000,9999.000,9999.000
202603040130,   0.985,9999.000,9999.000,9999.000,9999.000,9999.000,9999.000,9999.000,9999.000
202603040136,   1.038,9999.000,9999.000,9999.000,9999.000,9999.000,9999.000,9999.000,9999.000
202603040142,   1.091,9999.000,9999.000,9999.000,9999.000,9999.000,9999.000,9999.000,9999.000
202603040148,   1.143,9999.000,9999.000,9999.000,9999.000,9999.000,9999.000,9999.000,9999.000
202603040154,   1.194,9999.000,9999.000,9999.000,9999.000,9999.000,9999.000,9999.000,9999.000
202603040200,   1.243,9999.000,   0.400,   0.265,   1.908,   0.400,   1.908,   0.500,   2.008
202603040206,   1.292,9999.000,9999.000,9999.000,9999.000,9999.000,9999.000,9999.000,9999.000
202603040212,   1.338,9999.000,9999.000,9999.000,9999.000,9999.000,9999.000,9999.000,9999.000
202603040218,   1.382,9999.000,9999.000,9999.000,9999.000,9999.000,9999.000,9999.000,9999.000
202603040224,   1.424,9999.000,9999.000,9999.000,9999.000,9999.000,9999.000,9999.000,9999.000
202603040230,   1.463,9999.000,9999.000,9999.000,9999.000,9999.000,9999.000,9999.000,9999.000
202603040236,   1.499,9999.000,9999.000,9999.000,9999.000,9999.000,9999.000,9999.000,9999.000
202603040242,   1.532,9999.000,9999.000,9999.000,9999.000,9999.000,9999.000,9999.000,9999.000
202603040248,   1.562,9999.000,9999.000,9999.000,9999.000,9999.000,9999.000,9999.000,9999.000
202603040254,   1.588,9999.000,9999.000,9999.000,9999.000,9999.000,9999.000,9999.000,9999.000
202603040300,   1.611,9999.000,   0.400,   0.277,   2.288,   0.300,   2.188,   0.400,   2.288
202603040306,   1.630,9999.000,9999.000,9999.000,9999.000,9999.000,9999.000,9999.000,9999.000
202603040312,   1.647,9999.000,9999.000,9999.000,9999.000,9999.000,9999.000,9999.000,9999.000
202603040318,   1.659,9999.000,9999.000,9999.000,9999.000,9999.000,9999.000,9999.000,9999.000
202603040324,   1.669,9999.000,9999.000,9999.000,9999.000,9999.000,9999.000,9999.000,9999.000
202603040330,   1.675,9999.000,9999.000,9999.000,9999.000,9999.000,9999.000,9999.000,9999.000
202603040336,   1.678,9999.000,9999.000,9999.000,9999.000,9999.000,9999.000,9999.000,9999.000
202603040342,   1.677,9999.000,9999.000,9999.000,9999.000,9999.000,9999.000,9999.000,9999.000
202603040348,   1.675,9999.000,9999.000,9999.000,9999.000,9999.000,9999.000,9999.000,9999.000
202603040354,   1.669,9999.000,9999.000,9999.000,9999.000,9999.000,9999.000,9999.000,9999.000
202603040400,   1.661,9999.000,   0.400,   0.288,   2.349,   0.300,   2.249,   0.400,   2.349
202603040406,   1.651,9999.000,9999.000,9999.000,9999.000,9999.000,9999.000,9999.000,9999.000
202603040412,   1.638,9999.000,9999.000,9999.000,9999.000,9999.000,9999.000,9999.000,9999.000
202603040418,   1.624,9999.000,9999.000,9999.000,9999.000,9999.000,9999.000,9999.000,9999.000
202603040424,   1.608,9999.000,9999.000,9999.000,9999.000,9999.000,9999.000,9999.000,9999.000
202603040430,   1.590,9999.000,9999.000,9999.000,9999.000,9999.000,9999.000,9999.000,9999.000
202603040436,   1.571,9999.000,9999.000,9999.000,9999.000,9999.000,9999.000,9999.000,9999.000
202603040442,   1.550,9999.000,9999.000,9999.000,9999.000,9999.000,9999.000,9999.000,9999.000
202603040448,   1.529,9999.000,9999.000,9999.000,9999.000,9999.000,9999.000,9999.000,9999.000
202603040454,   1.506,9999.000,9999.000,9999.000,9999.000,9999.000,9999.000,9999.000,9999.000
202603040500,   1.482,9999.000,   0.400,   0.299,   2.181,   0.300,   2.081,   0.400,   2.181
202603040506,   1.457,9999.000,9999.000,9999.000,9999.000,9999.000,9999.000,9999.000,9999.000
202603040512,   1.431,9999.000,9999.000,9999.000,9999.000,9999.000,9999.000,9999.000,9999.000
202603040518,   1.405,9999.000,9999.000,9999.000,9999.000,9999.000,9999.000,9999.000,9999.000
202603040524,   1.378,9999.000,9999.000,9999.000,9999.000,9999.000,9999.000,9999.000,9999.000
202603040530,   1.350,9999.000,9999.000,9999.000,9999.000,9999.000,9999.000,9999.000,9999.000
202603040536,   1.321,9999.000,9999.000,9999.000,9999.000,9999.000,9999.000,9999.000,9999.000
202603040542,   1.292,9999.000,9999.000,9999.000,9999.000,9999.000,9999.000,9999.000,9999.000
202603040548,   1.263,9999.000,9999.000,9999.000,9999.000,9999.000,9999.000,9999.000,9999.000
202603040554,   1.233,9999.000,9999.000,9999.000,9999.000,9999.000,9999.000,9999.000,9999.000
202603040600,   1.202,9999.000,   0.300,   0.311,   1.813,   0.300,   1.813,   0.400,   1.913
202603040606,   1.171,9999.000,9999.000,9999.000,9999.000,9999.000,9999.000,9999.000,9999.000
202603040612,   1.140,9999.000,9999.000,9999.000,9999.000,9999.000,9999.000,9999.000,9999.000
202603040618,   1.108,9999.000,9999.000,9999.000,9999.000,9999.000,9999.000,9999.000,9999.000
202603040624,   1.076,9999.000,9999.000,9999.000,9999.000,9999.000,9999.000,9999.000,9999.000
202603040630,   1.045,9999.000,9999.000,9999.000,9999.000,9999.000,9999.000,9999.000,9999.000
202603040636,   1.013,9999.000,9999.000,9999.000,9999.000,9999.000,9999.000,9999.000,9999.000
202603040642,   0.981,9999.000,9999.000,9999.000,9999.000,9999.000,9999.000,9999.000,9999.000
202603040648,   0.949,9999.000,9999.000,9999.000,9999.000,9999.000,9999.000,9999.000,9999.000
202603040654,   0.917,9999.000,9999.000,9999.000,9999.000,9999.000,9999.000,9999.000,9999.000
202603040700,   0.885,9999.000,   0.300,   0.322,   1.507,   0.300,   1.507,   0.400,   1.607
202603040706,   0.854,9999.000,9999.000,9999.000,9999.000,9999.000,9999.000,9999.000,9999.000
202603040712,   0.822,9999.000,9999.000,9999.000,9999.000,9999.000,9999.000,9999.000,9999.000
202603040718,   0.791,9999.000,9999.000,9999.000,9999.000,9999.000,9999.000,9999.000,9999.000
202603040724,   0.761,9999.000,9999.000,9999.000,9999.000,9999.000,9999.000,9999.000,9999.000
202603040730,   0.730,9999.000,9999.000,9999.000,9999.000,9999.000,9999.000,9999.000,9999.000
202603040736,   0.700,9999.000,9999.000,9999.000,9999.000,9999.000,9999.000,9999.000,9999.000
202603040742,   0.670,9999.000,9999.000,9999.000,9999.000,9999.000,9999.000,9999.000,9999.000
202603040748,   0.641,9999.000,9999.000,9999.000,9999.000,9999.000,9999.000,9999.000,9999.000
202603040754,   0.611,9999.000,9999.000,9999.000,9999.000,9999.000,9999.000,9999.000,9999.000
202603040800,   0.583,9999.000,   0.300,   0.334,   1.217,   0.300,   1.217,   0.400,   1.317
202603040806,   0.554,9999.000,9999.000,9999.000,9999.000,9999.000,9999.000,9999.000,9999.000
202603040812,   0.525,9999.000,9999.000,9999.000,9999.000,9999.000,9999.000,9999.000,9999.000
202603040818,   0.497,9999.000,9999.000,9999.000,9999.000,9999.000,9999.000,9999.000,9999.000
202603040824,   0.469,9999.000,9999.000,9999.000,9999.000,9999.000,9999.000,9999.000,9999.000
202603040830,   0.442,9999.000,9999.000,9999.000,9999.000,9999.000,9999.000,9999.000,9999.000
202603040836,   0.414,9999.000,9999.000,9999.000,9999.000,9999.000,9999.000,9999.000,9999.000
202603040842,   0.387,9999.000,9999.000,9999.000,9999.000,9999.000,9999.000,9999.000,9999.000
202603040848,   0.361,9999.000,9999.000,9999.000,9999.000,9999.000,9999.000,9999.000,9999.000
202603040854,   0.335,9999.000,9999.000,9999.000,9999.000,9999.000,9999.000,9999.000,9999.000
202603040900,   0.309,9999.000,   0.300,   0.345,   0.954,   0.200,   0.854,   0.400,   1.054
202603040906,   0.284,9999.000,9999.000,9999.000,9999.000,9999.000,9999.000,9999.000,9999.000
202603040912,   0.260,9999.000,9999.000,9999.000,9999.000,9999.000,9999.000,9999.000,9999.000
202603040918,   0.236,9999.000,9999.000,9999.000,9999.000,9999.000,9999.000,9999.000,9999.000
202603040924,   0.214,9999.000,9999.000,9999.000,9999.000,9999.000,9999.000,9999.000,9999.000
202603040930,   0.192,9999.000,9999.000,9999.000,9999.000,9999.000,9999.000,9999.000,9999.000
202603040936,   0.172,9999.000,9999.000,9999.000,9999.000,9999.000,9999.000,9999.000,9999.000
202603040942,   0.153,9999.000,9999.000,9999.000,9999.000,9999.000,9999.000,9999.000,9999.000
202603040948,   0.136,9999.000,9999.000,9999.000,9999.000,9999.000,9999.000,9999.000,9999.000
202603040954,   0.120,9999.000,9999.000,9999.000,9999.000,9999.000,9999.000,9999.000,9999.000
202603041000,   0.106,9999.000,   0.300,   0.356,   0.762,   0.200,   0.662,   0.300,   0.762
202603041006,   0.093,9999.000,9999.000,9999.000,9999.000,9999.000,9999.000,9999.000,9999.000
202603041012,   0.083,9999.000,9999.000,9999.000,9999.000,9999.000,9999.000,9999.000,9999.000
202603041018,   0.074,9999.000,9999.000,9999.000,9999.000,9999.000,9999.000,9999.000,9999.000
202603041024,   0.068,9999.000,9999.000,9999.000,9999.000,9999.000,9999.000,9999.000,9999.000
202603041030,   0.063,9999.000,9999.000,9999.000,9999.000,9999.000,9999.000,9999.000,9999.000
202603041036,   0.061,9999.000,9999.000,9999.000,9999.000,9999.000,9999.000,9999.000,9999.000
202603041042,   0.060,9999.000,9999.000,9999.000,9999.000,9999.000,9999.000,9999.000,9999.000
202603041048,   0.062,9999.000,9999.000,9999.000,9999.000,9999.000,9999.000,9999.000,9999.000
202603041054,   0.066,9999.000,9999.000,9999.000,9999.000,9999.000,9999.000,9999.000,9999.000
202603041100,   0.071,9999.000,   0.300,   0.368,   0.739,   0.200,   0.639,   0.300,   0.739
202603041106,   0.079,9999.000,9999.000,9999.000,9999.000,9999.000,9999.000,9999.000,9999.000
202603041112,   0.089,9999.000,9999.000,9999.000,9999.000,9999.000,9999.000,9999.000,9999.000
202603041118,   0.100,9999.000,9999.000,9999.000,9999.000,9999.000,9999.000,9999.000,9999.000
202603041124,   0.114,9999.000,9999.000,9999.000,9999.000,9999.000,9999.000,9999.000,9999.000
202603041130,   0.129,9999.000,9999.000,9999.000,9999.000,9999.000,9999.000,9999.000,9999.000
202603041136,   0.146,9999.000,9999.000,9999.000,9999.000,9999.000,9999.000,9999.000,9999.000
202603041142,   0.165,9999.000,9999.000,9999.000,9999.000,9999.000,9999.000,9999.000,9999.000
202603041148,   0.185,9999.000,9999.000,9999.000,9999.000,9999.000,9999.000,9999.000,9999.000
202603041154,   0.207,9999.000,9999.000,9999.000,9999.000,9999.000,9999.000,9999.000,9999.000
202603041200,   0.230,9999.000,   0.300,   0.368,   0.898,   0.200,   0.798,   0.300,   0.898
202603041206,   0.255,9999.000,9999.000,9999.000,9999.000,9999.000,9999.000,9999.000,9999.000
202603041212,   0.282,9999.000,9999.000,9999.000,9999.000,9999.000,9999.000,9999.000,9999.000
202603041218,   0.310,9999.000,9999.000,9999.000,9999.000,9999.000,9999.000,9999.000,9999.000
202603041224,   0.340,9999.000,9999.000,9999.000,9999.000,9999.000,9999.000,9999.000,9999.000
202603041230,   0.372,9999.000,9999.000,9999.000,9999.000,9999.000,9999.000,9999.000,9999.000
202603041236,   0.405,9999.000,9999.000,9999.000,9999.000,9999.000,9999.000,9999.000,9999.000
202603041242,   0.440,9999.000,9999.000,9999.000,9999.000,9999.000,9999.000,9999.000,9999.000
202603041248,   0.476,9999.000,9999.000,9999.000,9999.000,9999.000,9999.000,9999.000,9999.000
202603041254,   0.514,9999.000,9999.000,9999.000,9999.000,9999.000,9999.000,9999.000,9999.000
202603041300,   0.553,9999.000,   0.200,   0.368,   1.121,   0.200,   1.121,   0.300,   1.221
202603041306,   0.594,9999.000,9999.000,9999.000,9999.000,9999.000,9999.000,9999.000,9999.000
202603041312,   0.636,9999.000,9999.000,9999.000,9999.000,9999.000,9999.000,9999.000,9999.000
202603041318,   0.680,9999.000,9999.000,9999.000,9999.000,9999.000,9999.000,9999.000,9999.000
202603041324,   0.725,9999.000,9999.000,9999.000,9999.000,9999.000,9999.000,9999.000,9999.000
202603041330,   0.770,9999.000,9999.000,9999.000,9999.000,9999.000,9999.000,9999.000,9999.000
202603041336,   0.817,9999.000,9999.000,9999.000,9999.000,9999.000,9999.000,9999.000,9999.000
202603041342,   0.864,9999.000,9999.000,9999.000,9999.000,9999.000,9999.000,9999.000,9999.000
202603041348,   0.912,9999.000,9999.000,9999.000,9999.000,9999.000,9999.000,9999.000,9999.000
202603041354,   0.960,9999.000,9999.000,9999.000,9999.000,9999.000,9999.000,9999.000,9999.000
202603041400,   1.008,9999.000,   0.200,   0.368,   1.576,   0.200,   1.576,   0.300,   1.676
202603041406,   1.055,9999.000,9999.000,9999.000,9999.000,9999.000,9999.000,9999.000,9999.000
202603041412,   1.102,9999.000,9999.000,9999.000,9999.000,9999.000,9999.000,9999.000,9999.000
202603041418,   1.148,9999.000,9999.000,9999.000,9999.000,9999.000,9999.000,9999.000,9999.000
202603041424,   1.192,9999.000,9999.000,9999.000,9999.000,9999.000,9999.000,9999.000,9999.000
202603041430,   1.235,9999.000,9999.000,9999.000,9999.000,9999.000,9999.000,9999.000,9999.000
202603041436,   1.276,9999.000,9999.000,9999.000,9999.000,9999.000,9999.000,9999.000,9999.000
202603041442,   1.315,9999.000,9999.000,9999.000,9999.000,9999.000,9999.000,9999.000,9999.000
202603041448,   1.352,9999.000,9999.000,9999.000,9999.000,9999.000,9999.000,9999.000,9999.000
202603041454,   1.386,9999.000,9999.000,9999.000,9999.000,9999.000,9999.000,9999.000,9999.000
202603041500,   1.417,9999.000,   0.200,   0.368,   1.985,   0.200,   1.985,   0.300,   2.085
202603041506,   1.445,9999.000,9999.000,9999.000,9999.000,9999.000,9999.000,9999.000,9999.000
202603041512,   1.471,9999.000,9999.000,9999.000,9999.000,9999.000,9999.000,9999.000,9999.000
202603041518,   1.493,9999.000,9999.000,9999.000,9999.000,9999.000,9999.000,9999.000,9999.000
202603041524,   1.511,9999.000,9999.000,9999.000,9999.000,9999.000,9999.000,9999.000,9999.000
202603041530,   1.527,9999.000,9999.000,9999.000,9999.000,9999.000,9999.000,9999.000,9999.000
202603041536,   1.539,9999.000,9999.000,9999.000,9999.000,9999.000,9999.000,9999.000,9999.000
202603041542,   1.548,9999.000,9999.000,9999.000,9999.000,9999.000,9999.000,9999.000,9999.000
202603041548,   1.554,9999.000,9999.000,9999.000,9999.000,9999.000,9999.000,9999.000,9999.000
202603041554,   1.557,9999.000,9999.000,9999.000,9999.000,9999.000,9999.000,9999.000,9999.000
202603041600,   1.557,9999.000,   0.200,   0.368,   2.125,   0.200,   2.125,   0.300,   2.225
202603041606,   1.555,9999.000,9999.000,9999.000,9999.000,9999.000,9999.000,9999.000,9999.000
202603041612,   1.550,9999.000,9999.000,9999.000,9999.000,9999.000,9999.000,9999.000,9999.000
202603041618,   1.542,9999.000,9999.000,9999.000,9999.000,9999.000,9999.000,9999.000,9999.000
202603041624,   1.532,9999.000,9999.000,9999.000,9999.000,9999.000,9999.000,9999.000,9999.000
202603041630,   1.520,9999.000,9999.000,9999.000,9999.000,9999.000,9999.000,9999.000,9999.000
202603041636,   1.507,9999.000,9999.000,9999.000,9999.000,9999.000,9999.000,9999.000,9999.000
202603041642,   1.492,9999.000,9999.000,9999.000,9999.000,9999.000,9999.000,9999.000,9999.000
202603041648,   1.475,9999.000,9999.000,9999.000,9999.000,9999.000,9999.000,9999.000,9999.000
202603041654,   1.457,9999.000,9999.000,9999.000,9999.000,9999.000,9999.000,9999.000,9999.000
202603041700,   1.437,9999.000,   0.200,   0.368,   2.005,   0.200,   2.005,   0.300,   2.105
202603041706,   1.417,9999.000,9999.000,9999.000,9999.000,9999.000,9999.000,9999.000,9999.000
202603041712,   1.396,9999.000,9999.000,9999.000,9999.000,9999.000,9999.000,9999.000,9999.000
202603041718,   1.373,9999.000,9999.000,9999.000,9999.000,9999.000,9999.000,9999.000,9999.000
202603041724,   1.350,9999.000,9999.000,9999.000,9999.000,9999.000,9999.000,9999.000,9999.000
202603041730,   1.327,9999.000,9999.000,9999.000,9999.000,9999.000,9999.000,9999.000,9999.000
202603041736,   1.303,9999.000,9999.000,9999.000,9999.000,9999.000,9999.000,9999.000,9999.000
202603041742,   1.278,9999.000,9999.000,9999.000,9999.000,9999.000,9999.000,9999.000,9999.000
202603041748,   1.252,9999.000,9999.000,9999.000,9999.000,9999.000,9999.000,9999.000,9999.000
202603041754,   1.226,9999.000,9999.000,9999.000,9999.000,9999.000,9999.000,9999.000,9999.000
202603041800,   1.200,9999.000,   0.200,   0.368,   1.768,   0.200,   1.768,   0.300,   1.868
202603041806,   1.173,9999.000,9999.000,9999.000,9999.000,9999.000,9999.000,9999.000,9999.000
202603041812,   1.146,9999.000,9999.000,9999.000,9999.000,9999.000,9999.000,9999.000,9999.000
202603041818,   1.118,9999.000,9999.000,9999.000,9999.000,9999.000,9999.000,9999.000,9999.000
202603041824,   1.091,9999.000,9999.000,9999.000,9999.000,9999.000,9999.000,9999.000,9999.000
202603041830,   1.062,9999.000,9999.000,9999.000,9999.000,9999.000,9999.000,9999.000,9999.000
202603041836,   1.034,9999.000,9999.000,9999.000,9999.000,9999.000,9999.000,9999.000,9999.000
202603041842,   1.005,9999.000,9999.000,9999.000,9999.000,9999.000,9999.000,9999.000,9999.000
202603041848,   0.976,9999.000,9999.000,9999.000,9999.000,9999.000,9999.000,9999.000,9999.000
202603041854,   0.947,9999.000,9999.000,9999.000,9999.000,9999.000,9999.000,9999.000,9999.000
202603041900,   0.918,9999.000,   0.200,   0.368,   1.486,   0.200,   1.486,   0.300,   1.586
202603041906,   0.889,9999.000,9999.000,9999.000,9999.000,9999.000,9999.000,9999.000,9999.000
202603041912,   0.859,9999.000,9999.000,9999.000,9999.000,9999.000,9999.000,9999.000,9999.000
202603041918,   0.830,9999.000,9999.000,9999.000,9999.000,9999.000,9999.000,9999.000,9999.000
202603041924,   0.801,9999.000,9999.000,9999.000,9999.000,9999.000,9999.000,9999.000,9999.000
202603041930,   0.772,9999.000,9999.000,9999.000,9999.000,9999.000,9999.000,9999.000,9999.000
202603041936,   0.743,9999.000,9999.000,9999.000,9999.000,9999.000,9999.000,9999.000,9999.000
202603041942,   0.715,9999.000,9999.000,9999.000,9999.000,9999.000,9999.000,9999.000,9999.000
202603041948,   0.686,9999.000,9999.000,9999.000,9999.000,9999.000,9999.000,9999.000,9999.000
202603041954,   0.658,9999.000,9999.000,9999.000,9999.000,9999.000,9999.000,9999.000,9999.000
202603042000,   0.630,9999.000,   0.200,   0.368,   1.198,   0.200,   1.198,   0.300,   1.298
202603042006,   0.603,9999.000,9999.000,9999.000,9999.000,9999.000,9999.000,9999.000,9999.000
202603042012,   0.575,9999.000,9999.000,9999.000,9999.000,9999.000,9999.000,9999.000,9999.000
202603042018,   0.548,9999.000,9999.000,9999.000,9999.000,9999.000,9999.000,9999.000,9999.000
202603042024,   0.521,9999.000,9999.000,9999.000,9999.000,9999.000,9999.000,9999.000,9999.000
202603042030,   0.494,9999.000,9999.000,9999.000,9999.000,9999.000,9999.000,9999.000,9999.000
202603042036,   0.467,9999.000,9999.000,9999.000,9999.000,9999.000,9999.000,9999.000,9999.000
202603042042,   0.441,9999.000,9999.000,9999.000,9999.000,9999.000,9999.000,9999.000,9999.000
202603042048,   0.415,9999.000,9999.000,9999.000,9999.000,9999.000,9999.000,9999.000,9999.000
202603042054,   0.389,9999.000,9999.000,9999.000,9999.000,9999.000,9999.000,9999.000,9999.000
202603042100,   0.363,9999.000,   0.300,   0.368,   1.031,   0.200,   0.931,   0.300,   1.031
202603042106,   0.338,9999.000,9999.000,9999.000,9999.000,9999.000,9999.000,9999.000,9999.000
202603042112,   0.313,9999.000,9999.000,9999.000,9999.000,9999.000,9999.000,9999.000,9999.000
202603042118,   0.288,9999.000,9999.000,9999.000,9999.000,9999.000,9999.000,9999.000,9999.000
202603042124,   0.264,9999.000,9999.000,9999.000,9999.000,9999.000,9999.000,9999.000,9999.000
202603042130,   0.241,9999.000,9999.000,9999.000,9999.000,9999.000,9999.000,9999.000,9999.000
202603042136,   0.218,9999.000,9999.000,9999.000,9999.000,9999.000,9999.000,9999.000,9999.000
202603042142,   0.196,9999.000,9999.000,9999.000,9999.000,9999.000,9999.000,9999.000,9999.000
202603042148,   0.175,9999.000,9999.000,9999.000,9999.000,9999.000,9999.000,9999.000,9999.000
202603042154,   0.156,9999.000,9999.000,9999.000,9999.000,9999.000,9999.000,9999.000,9999.000
202603042200,   0.137,9999.000,   0.300,   0.368,   0.805,   0.200,   0.705,   0.300,   0.805
202603042206,   0.120,9999.000,9999.000,9999.000,9999.000,9999.000,9999.000,9999.000,9999.000
202603042212,   0.105,9999.000,9999.000,9999.000,9999.000,9999.000,9999.000,9999.000,9999.000
202603042218,   0.091,9999.000,9999.000,9999.000,9999.000,9999.000,9999.000,9999.000,9999.000
202603042224,   0.079,9999.000,9999.000,9999.000,9999.000,9999.000,9999.000,9999.000,9999.000
202603042230,   0.069,9999.000,9999.000,9999.000,9999.000,9999.000,9999.000,9999.000,9999.000
202603042236,   0.061,9999.000,9999.000,9999.000,9999.000,9999.000,9999.000,9999.000,9999.000
202603042242,   0.055,9999.000,9999.000,9999.000,9999.000,9999.000,9999.000,9999.000,9999.000
202603042248,   0.051,9999.000,9999.000,9999.000,9999.000,9999.000,9999.000,9999.000,9999.000
202603042254,   0.049,9999.000,9999.000,9999.000,9999.000,9999.000,9999.000,9999.000,9999.000
202603042300,   0.050,9999.000,   0.300,   0.368,   0.718,   0.200,   0.618,   0.300,   0.718
202603042306,   0.053,9999.000,9999.000,9999.000,9999.000,9999.000,9999.000,9999.000,9999.000
202603042312,   0.058,9999.000,9999.000,9999.000,9999.000,9999.000,9999.000,9999.000,9999.000
202603042318,   0.065,9999.000,9999.000,9999.000,9999.000,9999.000,9999.000,9999.000,9999.000
202603042324,   0.075,9999.000,9999.000,9999.000,9999.000,9999.000,9999.000,9999.000,9999.000
202603042330,   0.086,9999.000,9999.000,9999.000,9999.000,9999.000,9999.000,9999.000,9999.000
202603042336,   0.100,9999.000,9999.000,9999.000,9999.000,9999.000,9999.000,9999.000,9999.000
202603042342,   0.116,9999.000,9999.000,9999.000,9999.000,9999.000,9999.000,9999.000,9999.000
202603042348,   0.134,9999.000,9999.000,9999.000,9999.000,9999.000,9999.000,9999.000,9999.000
202603042354,   0.153,9999.000,9999.000,9999.000,9999.000,9999.000,9999.000,9999.000,9999.000
202603050000,   0.175,9999.000,   0.300,   0.368,   0.843,   0.200,   0.743,   0.300,   0.843
202603050006,   0.198,9999.000,9999.000,9999.000,9999.000,9999.000,9999.000,9999.000,9999.000
202603050012,   0.223,9999.000,9999.000,9999.000,9999.000,9999.000,9999.000,9999.000,9999.000
202603050018,   0.250,9999.000,9999.000,9999.000,9999.000,9999.000,9999.000,9999.000,9999.000
202603050024,   0.279,9999.000,9999.000,9999.000,9999.000,9999.000,9999.000,9999.000,9999.000
202603050030,   0.309,9999.000,9999.000,9999.000,9999.000,9999.000,9999.000,9999.000,9999.000
202603050036,   0.341,9999.000,9999.000,9999.000,9999.000,9999.000,9999.000,9999.000,9999.000
202603050042,   0.374,9999.000,9999.000,9999.000,9999.000,9999.000,9999.000,9999.000,9999.000
202603050048,   0.409,9999.000,9999.000,9999.000,9999.000,9999.000,9999.000,9999.000,9999.000
202603050054,   0.446,9999.000,9999.000,9999.000,9999.000,9999.000,9999.000,9999.000,9999.000
202603050100,   0.484,9999.000,   0.200,   0.368,   1.052,   0.200,   1.052,   0.300,   1.152
202603050106,   0.524,9999.000,9999.000,9999.000,9999.000,9999.000,9999.000,9999.000,9999.000
202603050112,   0.565,9999.000,9999.000,9999.000,9999.000,9999.000,9999.000,9999.000,9999.000
202603050118,   0.608,9999.000,9999.000,9999.000,9999.000,9999.000,9999.000,9999.000,9999.000
202603050124,   0.652,9999.000,9999.000,9999.000,9999.000,9999.000,9999.000,9999.000,9999.000
202603050130,   0.698,9999.000,9999.000,9999.000,9999.000,9999.000,9999.000,9999.000,9999.000
202603050136,   0.745,9999.000,9999.000,9999.000,9999.000,9999.000,9999.000,9999.000,9999.000
202603050142,   0.793,9999.000,9999.000,9999.000,9999.000,9999.000,9999.000,9999.000,9999.000
202603050148,   0.842,9999.000,9999.000,9999.000,9999.000,9999.000,9999.000,9999.000,9999.000
202603050154,   0.892,9999.000,9999.000,9999.000,9999.000,9999.000,9999.000,9999.000,9999.000
202603050200,   0.943,9999.000,   0.200,   0.368,   1.511,   0.200,   1.511,   0.300,   1.611
202603050206,   0.994,9999.000,9999.000,9999.000,9999.000,9999.000,9999.000,9999.000,9999.000
202603050212,   1.046,9999.000,9999.000,9999.000,9999.000,9999.000,9999.000,9999.000,9999.000
202603050218,   1.098,9999.000,9999.000,9999.000,9999.000,9999.000,9999.000,9999.000,9999.000
202603050224,   1.149,9999.000,9999.000,9999.000,9999.000,9999.000,9999.000,9999.000,9999.000
202603050230,   1.200,9999.000,9999.000,9999.000,9999.000,9999.000,9999.000,9999.000,9999.000
202603050236,   1.250,9999.000,9999.000,9999.000,9999.000,9999.000,9999.000,9999.000,9999.000
202603050242,   1.299,9999.000,9999.000,9999.000,9999.000,9999.000,9999.000,9999.000,9999.000
202603050248,   1.347,9999.000,9999.000,9999.000,9999.000,9999.000,9999.000,9999.000,9999.000
202603050254,   1.393,9999.000,9999.000,9999.000,9999.000,9999.000,9999.000,9999.000,9999.000
202603050300,   1.436,9999.000,   0.200,   0.368,   2.004,   0.100,   1.904,   0.300,   2.104
202603050306,   1.478,9999.000,9999.000,9999.000,9999.000,9999.000,9999.000,9999.000,9999.000
202603050312,   1.517,9999.000,9999.000,9999.000,9999.000,9999.000,9999.000,9999.000,9999.000
202603050318,   1.553,9999.000,9999.000,9999.000,9999.000,9999.000,9999.000,9999.000,9999.000
202603050324,   1.586,9999.000,9999.000,9999.000,9999.000,9999.000,9999.000,9999.000,9999.000
202603050330,   1.616,9999.000,9999.000,9999.000,9999.000,9999.000,9999.000,9999.000,9999.000
202603050336,   1.643,9999.000,9999.000,9999.000,9999.000,9999.000,9999.000,9999.000,9999.000
202603050342,   1.666,9999.000,9999.000,9999.000,9999.000,9999.000,9999.000,9999.000,9999.000
202603050348,   1.686,9999.000,9999.000,9999.000,9999.000,9999.000,9999.000,9999.000,9999.000
202603050354,   1.702,9999.000,9999.000,9999.000,9999.000,9999.000,9999.000,9999.000,9999.000
202603050400,   1.715,9999.000,   0.200,   0.368,   2.283,   0.100,   2.183,   0.300,   2.383
202603050406,   1.724,9999.000,9999.000,9999.000,9999.000,9999.000,9999.000,9999.000,9999.000
202603050412,   1.730,9999.000,9999.000,9999.000,9999.000,9999.000,9999.000,9999.000,9999.000
202603050418,   1.733,9999.000,9999.000,9999.000,9999.000,9999.000,9999.000,9999.000,9999.000
202603050424,   1.733,9999.000,9999.000,9999.000,9999.000,9999.000,9999.000,9999.000,9999.000
202603050430,   1.730,9999.000,9999.000,9999.000,9999.000,9999.000,9999.000,9999.000,9999.000
202603050436,   1.723,9999.000,9999.000,9999.000,9999.000,9999.000,9999.000,9999.000,9999.000
202603050442,   1.715,9999.000,9999.000,9999.000,9999.000,9999.000,9999.000,9999.000,9999.000
202603050448,   1.704,9999.000,9999.000,9999.000,9999.000,9999.000,9999.000,9999.000,9999.000
202603050454,   1.690,9999.000,9999.000,9999.000,9999.000,9999.000,9999.000,9999.000,9999.000
202603050500,   1.675,9999.000,   0.200,   0.368,   2.243,   0.100,   2.143,   0.300,   2.343
202603050506,   1.658,9999.000,9999.000,9999.000,9999.000,9999.000,9999.000,9999.000,9999.000
202603050512,   1.639,9999.000,9999.000,9999.000,9999.000,9999.000,9999.000,9999.000,9999.000
202603050518,   1.618,9999.000,9999.000,9999.000,9999.000,9999.000,9999.000,9999.000,9999.000
202603050524,   1.596,9999.000,9999.000,9999.000,9999.000,9999.000,9999.000,9999.000,9999.000
202603050530,   1.573,9999.000,9999.000,9999.000,9999.000,9999.000,9999.000,9999.000,9999.000
202603050536,   1.549,9999.000,9999.000,9999.000,9999.000,9999.000,9999.000,9999.000,9999.000
202603050542,   1.524,9999.000,9999.000,9999.000,9999.000,9999.000,9999.000,9999.000,9999.000
202603050548,   1.498,9999.000,9999.000,9999.000,9999.000,9999.000,9999.000,9999.000,9999.000
202603050554,   1.471,9999.000,9999.000,9999.000,9999.000,9999.000,9999.000,9999.000,9999.000
202603050600,   1.443,9999.000,   0.200,   0.368,   2.011,   0.100,   1.911,   0.300,   2.111
202603050606,   1.415,9999.000,9999.000,9999.000,9999.000,9999.000,9999.000,9999.000,9999.000
202603050612,   1.386,9999.000,9999.000,9999.000,9999.000,9999.000,9999.000,9999.000,9999.000
202603050618,   1.357,9999.000,9999.000,9999.000,9999.000,9999.000,9999.000,9999.000,9999.000
202603050624,   1.327,9999.000,9999.000,9999.000,9999.000,9999.000,9999.000,9999.000,9999.000
202603050630,   1.297,9999.000,9999.000,9999.000,9999.000,9999.000,9999.000,9999.000,9999.000
202603050636,   1.266,9999.000,9999.000,9999.000,9999.000,9999.000,9999.000,9999.000,9999.000
202603050642,   1.235,9999.000,9999.000,9999.000,9999.000,9999.000,9999.000,9999.000,9999.000
202603050648,   1.203,9999.000,9999.000,9999.000,9999.000,9999.000,9999.000,9999.000,9999.000
202603050654,   1.171,9999.000,9999.000,9999.000,9999.000,9999.000,9999.000,9999.000,9999.000
202603050700,   1.139,9999.000,   0.200,   0.368,   1.707,   0.100,   1.607,   0.300,   1.807
202603050706,   1.107,9999.000,9999.000,9999.000,9999.000,9999.000,9999.000,9999.000,9999.000
202603050712,   1.074,9999.000,9999.000,9999.000,9999.000,9999.000,9999.000,9999.000,9999.000
202603050718,   1.042,9999.000,9999.000,9999.000,9999.000,9999.000,9999.000,9999.000,9999.000
202603050724,   1.009,9999.000,9999.000,9999.000,9999.000,9999.000,9999.000,9999.000,9999.000
202603050730,   0.976,9999.000,9999.000,9999.000,9999.000,9999.000,9999.000,9999.000,9999.000
202603050736,   0.944,9999.000,9999.000,9999.000,9999.000,9999.000,9999.000,9999.000,9999.000
202603050742,   0.911,9999.000,9999.000,9999.000,9999.000,9999.000,9999.000,9999.000,9999.000
202603050748,   0.879,9999.000,9999.000,9999.000,9999.000,9999.000,9999.000,9999.000,9999.000
202603050754,   0.847,9999.000,9999.000,9999.000,9999.000,9999.000,9999.000,9999.000,9999.000
202603050800,   0.815,9999.000,   0.200,   0.368,   1.383,   0.100,   1.283,   0.300,   1.483
202603050806,   0.784,9999.000,9999.000,9999.000,9999.000,9999.000,9999.000,9999.000,9999.000
202603050812,   0.753,9999.000,9999.000,9999.000,9999.000,9999.000,9999.000,9999.000,9999.000
202603050818,   0.722,9999.000,9999.000,9999.000,9999.000,9999.000,9999.000,9999.000,9999.000
202603050824,   0.692,9999.000,9999.000,9999.000,9999.000,9999.000,9999.000,9999.000,9999.000
202603050830,   0.662,9999.000,9999.000,9999.000,9999.000,9999.000,9999.000,9999.000,9999.000
202603050836,   0.632,9999.000,9999.000,9999.000,9999.000,9999.000,9999.000,9999.000,9999.000
202603050842,   0.603,9999.000,9999.000,9999.000,9999.000,9999.000,9999.000,9999.000,9999.000
202603050848,   0.574,9999.000,9999.000,9999.000,9999.000,9999.000,9999.000,9999.000,9999.000
202603050854,   0.546,9999.000,9999.000,9999.000,9999.000,9999.000,9999.000,9999.000,9999.000
202603050900,   0.518,9999.000,   0.200,   0.368,   1.086,   0.100,   0.986,   0.300,   1.186
202603050906,   0.491,9999.000,9999.000,9999.000,9999.000,9999.000,9999.000,9999.000,9999.000
202603050912,   0.463,9999.000,9999.000,9999.000,9999.000,9999.000,9999.000,9999.000,9999.000
202603050918,   0.437,9999.000,9999.000,9999.000,9999.000,9999.000,9999.000,9999.000,9999.000
202603050924,   0.410,9999.000,9999.000,9999.000,9999.000,9999.000,9999.000,9999.000,9999.000
202603050930,   0.384,9999.000,9999.000,9999.000,9999.000,9999.000,9999.000,9999.000,9999.000
202603050936,   0.359,9999.000,9999.000,9999.000,9999.000,9999.000,9999.000,9999.000,9999.000
202603050942,   0.334,9999.000,9999.000,9999.000,9999.000,9999.000,9999.000,9999.000,9999.000
202603050948,   0.310,9999.000,9999.000,9999.000,9999.000,9999.000,9999.000,9999.000,9999.000
202603050954,   0.287,9999.000,9999.000,9999.000,9999.000,9999.000,9999.000,9999.000,9999.000
202603051000,   0.264,9999.000,   0.200,   0.368,   0.832,   0.100,   0.732,   0.300,   0.932
202603051006,   0.243,9999.000,9999.000,9999.000,9999.000,9999.000,9999.000,9999.000,9999.000
202603051012,   0.222,9999.000,9999.000,9999.000,9999.000,9999.000,9999.000,9999.000,9999.000
202603051018,   0.203,9999.000,9999.000,9999.000,9999.000,9999.000,9999.000,9999.000,9999.000
202603051024,   0.185,9999.000,9999.000,9999.000,9999.000,9999.000,9999.000,9999.000,9999.000
202603051030,   0.169,9999.000,9999.000,9999.000,9999.000,9999.000,9999.000,9999.000,9999.000
202603051036,   0.154,9999.000,9999.000,9999.000,9999.000,9999.000,9999.000,9999.000,9999.000
202603051042,   0.140,9999.000,9999.000,9999.000,9999.000,9999.000,9999.000,9999.000,9999.000
202603051048,   0.129,9999.000,9999.000,9999.000,9999.000,9999.000,9999.000,9999.000,9999.000
202603051054,   0.119,9999.000,9999.000,9999.000,9999.000,9999.000,9999.000,9999.000,9999.000
202603051100,   0.111,9999.000,   0.200,   0.368,   0.679,   0.100,   0.579,   0.300,   0.779
202603051106,   0.105,9999.000,9999.000,9999.000,9999.000,9999.000,9999.000,9999.000,9999.000
202603051112,   0.102,9999.000,9999.000,9999.000,9999.000,9999.000,9999.000,9999.000,9999.000
202603051118,   0.100,9999.000,9999.000,9999.000,9999.000,9999.000,9999.000,9999.000,9999.000
202603051124,   0.101,9999.000,9999.000,9999.000,9999.000,9999.000,9999.000,9999.000,9999.000
202603051130,   0.103,9999.000,9999.000,9999.000,9999.000,9999.000,9999.000,9999.000,9999.000
202603051136,   0.108,9999.000,9999.000,9999.000,9999.000,9999.000,9999.000,9999.000,9999.000
202603051142,   0.114,9999.000,9999.000,9999.000,9999.000,9999.000,9999.000,9999.000,9999.000
202603051148,   0.123,9999.000,9999.000,9999.000,9999.000,9999.000,9999.000,9999.000,9999.000
202603051154,   0.133,9999.000,9999.000,9999.000,9999.000,9999.000,9999.000,9999.000,9999.000
202603051200,   0.146,9999.000,   0.200,   0.368,   0.714,   0.100,   0.614,   0.300,   0.814
202603051206,   0.160,9999.000,9999.000,9999.000,9999.000,9999.000,9999.000,9999.000,9999.000
202603051212,   0.175,9999.000,9999.000,9999.000,9999.000,9999.000,9999.000,9999.000,9999.000
202603051218,   0.193,9999.000,9999.000,9999.000,9999.000,9999.000,9999.000,9999.000,9999.000
202603051224,   0.212,9999.000,9999.000,9999.000,9999.000,9999.000,9999.000,9999.000,9999.000
202603051230,   0.232,9999.000,9999.000,9999.000,9999.000,9999.000,9999.000,9999.000,9999.000
202603051236,   0.254,9999.000,9999.000,9999.000,9999.000,9999.000,9999.000,9999.000,9999.000
202603051242,   0.277,9999.000,9999.000,9999.000,9999.000,9999.000,9999.000,9999.000,9999.000
202603051248,   0.301,9999.000,9999.000,9999.000,9999.000,9999.000,9999.000,9999.000,9999.000
202603051254,   0.327,9999.000,9999.000,9999.000,9999.000,9999.000,9999.000,9999.000,9999.000
202603051300,   0.354,9999.000,   0.200,   0.368,   0.922,   0.100,   0.822,   0.300,   1.022
202603051306,   0.382,9999.000,9999.000,9999.000,9999.000,9999.000,9999.000,9999.000,9999.000
202603051312,   0.411,9999.000,9999.000,9999.000,9999.000,9999.000,9999.000,9999.000,9999.000
202603051318,   0.442,9999.000,9999.000,9999.000,9999.000,9999.000,9999.000,9999.000,9999.000
202603051324,   0.474,9999.000,9999.000,9999.000,9999.000,9999.000,9999.000,9999.000,9999.000
202603051330,   0.506,9999.000,9999.000,9999.000,9999.000,9999.000,9999.000,9999.000,9999.000
202603051336,   0.541,9999.000,9999.000,9999.000,9999.000,9999.000,9999.000,9999.000,9999.000
202603051342,   0.576,9999.000,9999.000,9999.000,9999.000,9999.000,9999.000,9999.000,9999.000
202603051348,   0.612,9999.000,9999.000,9999.000,9999.000,9999.000,9999.000,9999.000,9999.000
202603051354,   0.650,9999.000,9999.000,9999.000,9999.000,9999.000,9999.000,9999.000,9999.000
202603051400,   0.688,9999.000,   0.100,   0.368,   1.156,   0.000,   1.056,   0.200,   1.256
202603051406,   0.728,9999.000,9999.000,9999.000,9999.000,9999.000,9999.000,9999.000,9999.000
202603051412,   0.768,9999.000,9999.000,9999.000,9999.000,9999.000,9999.000,9999.000,9999.000
202603051418,   0.809,9999.000,9999.000,9999.000,9999.000,9999.000,9999.000,9999.000,9999.000
202603051424,   0.851,9999.000,9999.000,9999.000,9999.000,9999.000,9999.000,9999.000,9999.000
202603051430,   0.893,9999.000,9999.000,9999.000,9999.000,9999.000,9999.000,9999.000,9999.000
202603051436,   0.935,9999.000,9999.000,9999.000,9999.000,9999.000,9999.000,9999.000,9999.000
202603051442,   0.977,9999.000,9999.000,9999.000,9999.000,9999.000,9999.000,9999.000,9999.000
202603051448,   1.019,9999.000,9999.000,9999.000,9999.000,9999.000,9999.000,9999.000,9999.000
202603051454,   1.060,9999.000,9999.000,9999.000,9999.000,9999.000,9999.000,9999.000,9999.000
202603051500,   1.101,9999.000,   0.100,   0.368,   1.569,   0.000,   1.469,   0.200,   1.669
202603051506,   1.140,9999.000,9999.000,9999.000,9999.000,9999.000,9999.000,9999.000,9999.000
202603051512,   1.179,9999.000,9999.000,9999.000,9999.000,9999.000,9999.000,9999.000,9999.000
202603051518,   1.215,9999.000,9999.000,9999.000,9999.000,9999.000,9999.000,9999.000,9999.000
202603051524,   1.250,9999.000,9999.000,9999.000,9999.000,9999.000,9999.000,9999.000,9999.000
202603051530,   1.283,9999.000,9999.000,9999.000,9999.000,9999.000,9999.000,9999.000,9999.000
202603051536,   1.313,9999.000,9999.000,9999.000,9999.000,9999.000,9999.000,9999.000,9999.000
202603051542,   1.341,9999.000,9999.000,9999.000,9999.000,9999.000,9999.000,9999.000,9999.000
202603051548,   1.366,9999.000,9999.000,9999.000,9999.000,9999.000,9999.000,9999.000,9999.000
202603051554,   1.389,9999.000,9999.000,9999.000,9999.000,9999.000,9999.000,9999.000,9999.000
202603051600,   1.408,9999.000,   0.100,   0.368,   1.876,   0.000,   1.776,   0.200,   1.976
202603051606,   1.424,9999.000,9999.000,9999.000,9999.000,9999.000,9999.000,9999.000,9999.000
202603051612,   1.437,9999.000,9999.000,9999.000,9999.000,9999.000,9999.000,9999.000,9999.000
202603051618,   1.447,9999.000,9999.000,9999.000,9999.000,9999.000,9999.000,9999.000,9999.000
202603051624,   1.454,9999.000,9999.000,9999.000,9999.000,9999.000,9999.000,9999.000,9999.000
202603051630,   1.458,9999.000,9999.000,9999.000,9999.000,9999.000,9999.000,9999.000,9999.000
202603051636,   1.460,9999.000,9999.000,9999.000,9999.000,9999.000,9999.000,9999.000,9999.000
202603051642,   1.458,9999.000,9999.000,9999.000,9999.000,9999.000,9999.000,9999.000,9999.000
202603051648,   1.453,9999.000,9999.000,9999.000,9999.000,9999.000,9999.000,9999.000,9999.000
202603051654,   1.446,9999.000,9999.000,9999.000,9999.000,9999.000,9999.000,9999.000,9999.000
202603051700,   1.437,9999.000,   0.100,   0.368,   1.905,   0.000,   1.805,   0.200,   2.005
202603051706,   1.426,9999.000,9999.000,9999.000,9999.000,9999.000,9999.000,9999.000,9999.000
202603051712,   1.412,9999.000,9999.000,9999.000,9999.000,9999.000,9999.000,9999.000,9999.000
202603051718,   1.397,9999.000,9999.000,9999.000,9999.000,9999.000,9999.000,9999.000,9999.000
202603051724,   1.380,9999.000,9999.000,9999.000,9999.000,9999.000,9999.000,9999.000,9999.000
202603051730,   1.362,9999.000,9999.000,9999.000,9999.000,9999.000,9999.000,9999.000,9999.000
202603051736,   1.342,9999.000,9999.000,9999.000,9999.000,9999.000,9999.000,9999.000,9999.000
202603051742,   1.321,9999.000,9999.000,9999.000,9999.000,9999.000,9999.000,9999.000,9999.000
202603051748,   1.300,9999.000,9999.000,9999.000,9999.000,9999.000,9999.000,9999.000,9999.000
202603051754,   1.277,9999.000,9999.000,9999.000,9999.000,9999.000,9999.000,9999.000,9999.000
202603051800,   1.254,9999.000,   0.100,   0.368,   1.722,   0.000,   1.622,   0.200,   1.822
202603051806,   1.231,9999.000,9999.000,9999.000,9999.000,9999.000,9999.000,9999.000,9999.000
202603051812,   1.206,9999.000,9999.000,9999.000,9999.000,9999.000,9999.000,9999.000,9999.000
202603051818,   1.182,9999.000,9999.000,9999.000,9999.000,9999.000,9999.000,9999.000,9999.000
202603051824,   1.157,9999.000,9999.000,9999.000,9999.000,9999.000,9999.000,9999.000,9999.000
202603051830,   1.131,9999.000,9999.000,9999.000,9999.000,9999.000,9999.000,9999.000,9999.000
202603051836,   1.105,9999.000,9999.000,9999.000,9999.000,9999.000,9999.000,9999.000,9999.000
202603051842,   1.079,9999.000,9999.000,9999.000,9999.000,9999.000,9999.000,9999.000,9999.000
202603051848,   1.053,9999.000,9999.000,9999.000,9999.000,9999.000,9999.000,9999.000,9999.000
202603051854,   1.026,9999.000,9999.000,9999.000,9999.000,9999.000,9999.000,9999.000,9999.000
202603051900,   0.999,9999.000,   0.100,   0.368,   1.467,   0.000,   1.367,   0.200,   1.567
202603051906,   0.972,9999.000,9999.000,9999.000,9999.000,9999.000,9999.000,9999.000,9999.000
202603051912,   0.945,9999.000,9999.000,9999.000,9999.000,9999.000,9999.000,9999.000,9999.000
202603051918,   0.917,9999.000,9999.000,9999.000,9999.000,9999.000,9999.000,9999.000,9999.000
202603051924,   0.890,9999.000,9999.000,9999.000,9999.000,9999.000,9999.000,9999.000,9999.000
202603051930,   0.862,9999.000,9999.000,9999.000,9999.000,9999.000,9999.000,9999.000,9999.000
202603051936,   0.834,9999.000,9999.000,9999.000,9999.000,9999.000,9999.000,9999.000,9999.000
202603051942,   0.806,9999.000,9999.000,9999.000,9999.000,9999.000,9999.000,9999.000,9999.000
202603051948,   0.778,9999.000,9999.000,9999.000,9999.000,9999.000,9999.000,9999.000,9999.000
202603051954,   0.750,9999.000,9999.000,9999.000,9999.000,9999.000,9999.000,9999.000,9999.000
202603052000,   0.722,9999.000,   0.100,   0.368,   1.190,   0.000,   1.090,   0.200,   1.290
202603052006,   0.694,9999.000,9999.000,9999.000,9999.000,9999.000,9999.000,9999.000,9999.000
202603052012,   0.666,9999.000,9999.000,9999.000,9999.000,9999.000,9999.000,9999.000,9999.000
202603052018,   0.639,9999.000,9999.000,9999.000,9999.000,9999.000,9999.000,9999.000,9999.000
202603052024,   0.611,9999.000,9999.000,9999.000,9999.000,9999.000,9999.000,9999.000,9999.000
202603052030,   0.584,9999.000,9999.000,9999.000,9999.000,9999.000,9999.000,9999.000,9999.000
202603052036,   0.558,9999.000,9999.000,9999.000,9999.000,9999.000,9999.000,9999.000,9999.000
202603052042,   0.531,9999.000,9999.000,9999.000,9999.000,9999.000,9999.000,9999.000,9999.000
202603052048,   0.505,9999.000,9999.000,9999.000,9999.000,9999.000,9999.000,9999.000,9999.000
202603052054,   0.479,9999.000,9999.000,9999.000,9999.000,9999.000,9999.000,9999.000,9999.000
202603052100,   0.454,9999.000,   0.100,   0.368,   0.922,   0.000,   0.822,   0.200,   1.022
202603052106,   0.429,9999.000,9999.000,9999.000,9999.000,9999.000,9999.000,9999.000,9999.000
202603052112,   0.404,9999.000,9999.000,9999.000,9999.000,9999.000,9999.000,9999.000,9999.000
202603052118,   0.380,9999.000,9999.000,9999.000,9999.000,9999.000,9999.000,9999.000,9999.000
202603052124,   0.356,9999.000,9999.000,9999.000,9999.000,9999.000,9999.000,9999.000,9999.000
202603052130,   0.332,9999.000,9999.000,9999.000,9999.000,9999.000,9999.000,9999.000,9999.000
202603052136,   0.309,9999.000,9999.000,9999.000,9999.000,9999.000,9999.000,9999.000,9999.000
202603052142,   0.286,9999.000,9999.000,9999.000,9999.000,9999.000,9999.000,9999.000,9999.000
202603052148,   0.264,9999.000,9999.000,9999.000,9999.000,9999.000,9999.000,9999.000,9999.000
202603052154,   0.242,9999.000,9999.000,9999.000,9999.000,9999.000,9999.000,9999.000,9999.000
202603052200,   0.221,9999.000,   0.100,   0.368,   0.689,   0.000,   0.589,   0.200,   0.789
202603052206,   0.201,9999.000,9999.000,9999.000,9999.000,9999.000,9999.000,9999.000,9999.000
202603052212,   0.181,9999.000,9999.000,9999.000,9999.000,9999.000,9999.000,9999.000,9999.000
202603052218,   0.162,9999.000,9999.000,9999.000,9999.000,9999.000,9999.000,9999.000,9999.000
202603052224,   0.144,9999.000,9999.000,9999.000,9999.000,9999.000,9999.000,9999.000,9999.000
202603052230,   0.127,9999.000,9999.000,9999.000,9999.000,9999.000,9999.000,9999.000,9999.000
202603052236,   0.111,9999.000,9999.000,9999.000,9999.000,9999.000,9999.000,9999.000,9999.000
202603052242,   0.097,9999.000,9999.000,9999.000,9999.000,9999.000,9999.000,9999.000,9999.000
202603052248,   0.084,9999.000,9999.000,9999.000,9999.000,9999.000,9999.000,9999.000,9999.000
202603052254,   0.072,9999.000,9999.000,9999.000,9999.000,9999.000,9999.000,9999.000,9999.000
202603052300,   0.063,9999.000,   0.100,   0.368,   0.531,   0.000,   0.431,   0.200,   0.631
202603052306,   0.055,9999.000,9999.000,9999.000,9999.000,9999.000,9999.000,9999.000,9999.000
202603052312,   0.049,9999.000,9999.000,9999.000,9999.000,9999.000,9999.000,9999.000,9999.000
202603052318,   0.045,9999.000,9999.000,9999.000,9999.000,9999.000,9999.000,9999.000,9999.000
202603052324,   0.044,9999.000,9999.000,9999.000,9999.000,9999.000,9999.000,9999.000,9999.000
202603052330,   0.044,9999.000,9999.000,9999.000,9999.000,9999.000,9999.000,9999.000,9999.000
202603052336,   0.047,9999.000,9999.000,9999.000,9999.000,9999.000,9999.000,9999.000,9999.000
202603052342,   0.052,9999.000,9999.000,9999.000,9999.000,9999.000,9999.000,9999.000,9999.000
202603052348,   0.059,9999.000,9999.000,9999.000,9999.000,9999.000,9999.000,9999.000,9999.000
202603052354,   0.069,9999.000,9999.000,9999.000,9999.000,9999.000,9999.000,9999.000,9999.000
202603060000,   0.081,9999.000,   0.100,   0.368,   0.549,   0.000,   0.449,   0.200,   0.649
202603060006,   0.095,9999.000,9999.000,9999.000,9999.000,9999.000,9999.000,9999.000,9999.000
202603060012,   0.112,9999.000,9999.000,9999.000,9999.000,9999.000,9999.000,9999.000,9999.000
202603060018,   0.130,9999.000,9999.000,9999.000,9999.000,9999.000,9999.000,9999.000,9999.000
202603060024,   0.151,9999.000,9999.000,9999.000,9999.000,9999.000,9999.000,9999.000,9999.000
202603060030,   0.173,9999.000,9999.000,9999.000,9999.000,9999.000,9999.000,9999.000,9999.000
202603060036,   0.198,9999.000,9999.000,9999.000,9999.000,9999.000,9999.000,9999.000,9999.000
202603060042,   0.224,9999.000,9999.000,9999.000,9999.000,9999.000,9999.000,9999.000,9999.000
202603060048,   0.251,9999.000,9999.000,9999.000,9999.000,9999.000,9999.000,9999.000,9999.000
202603060054,   0.281,9999.000,9999.000,9999.000,9999.000,9999.000,9999.000,9999.000,9999.000
202603060100,   0.312,9999.000,   0.100,   0.368,   0.780,   0.000,   0.680,   0.200,   0.880
202603060106,   0.344,9999.000,9999.000,9999.000,9999.000,9999.000,9999.000,9999.000,9999.000
202603060112,   0.377,9999.000,9999.000,9999.000,9999.000,9999.000,9999.000,9999.000,9999.000
202603060118,   0.412,9999.000,9999.000,9999.000,9999.000,9999.000,9999.000,9999.000,9999.000
202603060124,   0.448,9999.000,9999.000,9999.000,9999.000,9999.000,9999.000,9999.000,9999.000
202603060130,   0.486,9999.000,9999.000,9999.000,9999.000,9999.000,9999.000,9999.000,9999.000
202603060136,   0.524,9999.000,9999.000,9999.000,9999.000,9999.000,9999.000,9999.000,9999.000
202603060142,   0.564,9999.000,9999.000,9999.000,9999.000,9999.000,9999.000,9999.000,9999.000
202603060148,   0.605,9999.000,9999.000,9999.000,9999.000,9999.000,9999.000,9999.000,9999.000
202603060154,   0.646,9999.000,9999.000,9999.000,9999.000,9999.000,9999.000,9999.000,9999.000
202603060200,   0.689,9999.000,   0.100,   0.368,   1.157,   0.000,   1.057,   0.200,   1.257
202603060206,   0.733,9999.000,9999.000,9999.000,9999.000,9999.000,9999.000,9999.000,9999.000
202603060212,   0.778,9999.000,9999.000,9999.000,9999.000,9999.000,9999.000,9999.000,9999.000
202603060218,   0.824,9999.000,9999.000,9999.000,9999.000,9999.000,9999.000,9999.000,9999.000
202603060224,   0.871,9999.000,9999.000,9999.000,9999.000,9999.000,9999.000,9999.000,9999.000
202603060230,   0.918,9999.000,9999.000,9999.000,9999.000,9999.000,9999.000,9999.000,9999.000
202603060236,   0.966,9999.000,9999.000,9999.000,9999.000,9999.000,9999.000,9999.000,9999.000
202603060242,   1.014,9999.000,9999.000,9999.000,9999.000,9999.000,9999.000,9999.000,9999.000
202603060248,   1.063,9999.000,9999.000,9999.000,9999.000,9999.000,9999.000,9999.000,9999.000
202603060254,   1.112,9999.000,9999.000,9999.000,9999.000,9999.000,9999.000,9999.000,9999.000
202603060300,   1.161,9999.000,   0.000,   0.368,   1.529,   0.000,   1.529,   0.100,   1.629
202603060306,   1.210,9999.000,9999.000,9999.000,9999.000,9999.000,9999.000,9999.000,9999.000
202603060312,   1.258,9999.000,9999.000,9999.000,9999.000,9999.000,9999.000,9999.000,9999.000
202603060318,   1.305,9999.000,9999.000,9999.000,9999.000,9999.000,9999.000,9999.000,9999.000
202603060324,   1.351,9999.000,9999.000,9999.000,9999.000,9999.000,9999.000,9999.000,9999.000
202603060330,   1.396,9999.000,9999.000,9999.000,9999.000,9999.000,9999.000,9999.000,9999.000
202603060336,   1.439,9999.000,9999.000,9999.000,9999.000,9999.000,9999.000,9999.000,9999.000
202603060342,   1.481,9999.000,9999.000,9999.000,9999.000,9999.000,9999.000,9999.000,9999.000
202603060348,   1.520,9999.000,9999.000,9999.000,9999.000,9999.000,9999.000,9999.000,9999.000
202603060354,   1.557,9999.000,9999.000,9999.000,9999.000,9999.000,9999.000,9999.000,9999.000
202603060400,   1.591,9999.000,   0.000,   0.368,   1.959,   0.000,   1.959,   0.100,   2.059
202603060406,   1.622,9999.000,9999.000,9999.000,9999.000,9999.000,9999.000,9999.000,9999.000
202603060412,   1.650,9999.000,9999.000,9999.000,9999.000,9999.000,9999.000,9999.000,9999.000
202603060418,   1.675,9999.000,9999.000,9999.000,9999.000,9999.000,9999.000,9999.000,9999.000
202603060424,   1.697,9999.000,9999.000,9999.000,9999.000,9999.000,9999.000,9999.000,9999.000
202603060430,   1.716,9999.000,9999.000,9999.000,9999.000,9999.000,9999.000,9999.000,9999.000
202603060436,   1.731,9999.000,9999.000,9999.000,9999.000,9999.000,9999.000,9999.000,9999.000
202603060442,   1.742,9999.000,9999.000,9999.000,9999.000,9999.000,9999.000,9999.000,9999.000
202603060448,   1.750,9999.000,9999.000,9999.000,9999.000,9999.000,9999.000,9999.000,9999.000
202603060454,   1.755,9999.000,9999.000,9999.000,9999.000,9999.000,9999.000,9999.000,9999.000
202603060500,   1.757,9999.000,   0.000,   0.368,   2.125,   0.000,   2.125,   0.100,   2.225
202603060506,   1.755,9999.000,9999.000,9999.000,9999.000,9999.000,9999.000,9999.000,9999.000
202603060512,   1.750,9999.000,9999.000,9999.000,9999.000,9999.000,9999.000,9999.000,9999.000
202603060518,   1.743,9999.000,9999.000,9999.000,9999.000,9999.000,9999.000,9999.000,9999.000
202603060524,   1.732,9999.000,9999.000,9999.000,9999.000,9999.000,9999.000,9999.000,9999.000
202603060530,   1.720,9999.000,9999.000,9999.000,9999.000,9999.000,9999.000,9999.000,9999.000
202603060536,   1.705,9999.000,9999.000,9999.000,9999.000,9999.000,9999.000,9999.000,9999.000
202603060542,   1.688,9999.000,9999.000,9999.000,9999.000,9999.000,9999.000,9999.000,9999.000
202603060548,   1.669,9999.000,9999.000,9999.000,9999.000,9999.000,9999.000,9999.000,9999.000
202603060554,   1.648,9999.000,9999.000,9999.000,9999.000,9999.000,9999.000,9999.000,9999.000
202603060600,   1.626,9999.000,   0.000,   0.368,   1.994,   0.000,   1.994,   0.100,   2.094
202603060606,   1.602,9999.000,9999.000,9999.000,9999.000,9999.000,9999.000,9999.000,9999.000
202603060612,   1.577,9999.000,9999.000,9999.000,9999.000,9999.000,9999.000,9999.000,9999.000
202603060618,   1.552,9999.000,9999.000,9999.000,9999.000,9999.000,9999.000,9999.000,9999.000
202603060624,   1.525,9999.000,9999.000,9999.000,9999.000,9999.000,9999.000,9999.000,9999.000
202603060630,   1.498,9999.000,9999.000,9999.000,9999.000,9999.000,9999.000,9999.000,9999.000
202603060636,   1.470,9999.000,9999.000,9999.000,9999.000,9999.000,9999.000,9999.000,9999.000
202603060642,   1.441,9999.000,9999.000,9999.000,9999.000,9999.000,9999.000,9999.000,9999.000
202603060648,   1.412,9999.000,9999.000,9999.000,9999.000,9999.000,9999.000,9999.000,9999.000
202603060654,   1.382,9999.000,9999.000,9999.000,9999.000,9999.000,9999.000,9999.000,9999.000
202603060700,   1.352,9999.000,   0.000,   0.368,   1.720,   0.000,   1.720,   0.100,   1.820
202603060706,   1.321,9999.000,9999.000,9999.000,9999.000,9999.000,9999.000,9999.000,9999.000
202603060712,   1.290,9999.000,9999.000,9999.000,9999.000,9999.000,9999.000,9999.000,9999.000
202603060718,   1.259,9999.000,9999.000,9999.000,9999.000,9999.000,9999.000,9999.000,9999.000
202603060724,   1.227,9999.000,9999.000,9999.000,9999.000,9999.000,9999.000,9999.000,9999.000
202603060730,   1.195,9999.000,9999.000,9999.000,9999.000,9999.000,9999.000,9999.000,9999.000
202603060736,   1.163,9999.000,9999.000,9999.000,9999.000,9999.000,9999.000,9999.000,9999.000
202603060742,   1.131,9999.000,9999.000,9999.000,9999.000,9999.000,9999.000,9999.000,9999.000
202603060748,   1.098,9999.000,9999.000,9999.000,9999.000,9999.000,9999.000,9999.000,9999.000
202603060754,   1.066,9999.000,9999.000,9999.000,9999.000,9999.000,9999.000,9999.000,9999.000
202603060800,   1.033,9999.000,   0.000,   0.368,   1.401,   0.000,   1.401,   0.100,   1.501
202603060806,   1.000,9999.000,9999.000,9999.000,9999.000,9999.000,9999.000,9999.000,9999.000
202603060812,   0.968,9999.000,9999.000,9999.000,9999.000,9999.000,9999.000,9999.000,9999.000
202603060818,   0.935,9999.000,9999.000,9999.000,9999.000,9999.000,9999.000,9999.000,9999.000
202603060824,   0.903,9999.000,9999.000,9999.000,9999.000,9999.000,9999.000,9999.000,9999.000
202603060830,   0.870,9999.000,9999.000,9999.000,9999.000,9999.000,9999.000,9999.000,9999.000
202603060836,   0.838,9999.000,9999.000,9999.000,9999.000,9999.000,9999.000,9999.000,9999.000
202603060842,   0.807,9999.000,9999.000,9999.000,9999.000,9999.000,9999.000,9999.000,9999.000
202603060848,   0.775,9999.000,9999.000,9999.000,9999.000,9999.000,9999.000,9999.000,9999.000
202603060854,   0.744,9999.000,9999.000,9999.000,9999.000,9999.000,9999.000,9999.000,9999.000
202603060900,   0.714,9999.000,   0.000,   0.368,   1.082,   0.000,   1.082,   0.100,   1.182
202603060906,   0.684,9999.000,9999.000,9999.000,9999.000,9999.000,9999.000,9999.000,9999.000
202603060912,   0.654,9999.000,9999.000,9999.000,9999.000,9999.000,9999.000,9999.000,9999.000
202603060918,   0.625,9999.000,9999.000,9999.000,9999.000,9999.000,9999.000,9999.000,9999.000
202603060924,   0.596,9999.000,9999.000,9999.000,9999.000,9999.000,9999.000,9999.000,9999.000
202603060930,   0.568,9999.000,9999.000,9999.000,9999.000,9999.000,9999.000,9999.000,9999.000
202603060936,   0.540,9999.000,9999.000,9999.000,9999.000,9999.000,9999.000,9999.000,9999.000
202603060942,   0.513,9999.000,9999.000,9999.000,9999.000,9999.000,9999.000,9999.000,9999.000
202603060948,   0.487,9999.000,9999.000,9999.000,9999.000,9999.000,9999.000,9999.000,9999.000
202603060954,   0.461,9999.000,9999.000,9999.000,9999.000,9999.000,9999.000,9999.000,9999.000
202603061000,   0.436,9999.000,   0.000,   0.368,   0.804,   0.000,   0.804,   0.100,   0.904
202603061006,   0.411,9999.000,9999.000,9999.000,9999.000,9999.000,9999.000,9999.000,9999.000
202603061012,   0.386,9999.000,9999.000,9999.000,9999.000,9999.000,9999.000,9999.000,9999.000
202603061018,   0.363,9999.000,9999.000,9999.000,9999.000,9999.000,9999.000,9999.000,9999.000
202603061024,   0.340,9999.000,9999.000,9999.000,9999.000,9999.000,9999.000,9999.000,9999.000
202603061030,   0.318,9999.000,9999.000,9999.000,9999.000,9999.000,9999.000,9999.000,9999.000
202603061036,   0.297,9999.000,9999.000,9999.000,9999.000,9999.000,9999.000,9999.000,9999.000
202603061042,   0.276,9999.000,9999.000,9999.000,9999.000,9999.000,9999.000,9999.000,9999.000
202603061048,   0.257,9999.000,9999.000,9999.000,9999.000,9999.000,9999.000,9999.000,9999.000
202603061054,   0.238,9999.000,9999.000,9999.000,9999.000,9999.000,9999.000,9999.000,9999.000
202603061100,   0.221,9999.000,   0.000,   0.368,   0.589,   0.000,   0.589,   0.100,   0.689
202603061106,   0.206,9999.000,9999.000,9999.000,9999.000,9999.000,9999.000,9999.000,9999.000
202603061112,   0.191,9999.000,9999.000,9999.000,9999.000,9999.000,9999.000,9999.000,9999.000
202603061118,   0.178,9999.000,9999.000,9999.000,9999.000,9999.000,9999.000,9999.000,9999.000
202603061124,   0.167,9999.000,9999.000,9999.000,9999.000,9999.000,9999.000,9999.000,9999.000
202603061130,   0.158,9999.000,9999.000,9999.000,9999.000,9999.000,9999.000,9999.000,9999.000
202603061136,   0.150,9999.000,9999.000,9999.000,9999.000,9999.000,9999.000,9999.000,9999.000
202603061142,   0.144,9999.000,9999.000,9999.000,9999.000,9999.000,9999.000,9999.000,9999.000
202603061148,   0.141,9999.000,9999.000,9999.000,9999.000,9999.000,9999.000,9999.000,9999.000
202603061154,   0.139,9999.000,9999.000,9999.000,9999.000,9999.000,9999.000,9999.000,9999.000
202603061200,   0.140,9999.000,   0.000,   0.368,   0.508,   0.000,   0.508,   0.100,   0.608
202603061206,   0.142,9999.000,9999.000,9999.000,9999.000,9999.000,9999.000,9999.000,9999.000
202603061212,   0.146,9999.000,9999.000,9999.000,9999.000,9999.000,9999.000,9999.000,9999.000
202603061218,   0.153,9999.000,9999.000,9999.000,9999.000,9999.000,9999.000,9999.000,9999.000
202603061224,   0.162,9999.000,9999.000,9999.000,9999.000,9999.000,9999.000,9999.000,9999.000
202603061230,   0.172,9999.000,9999.000,9999.000,9999.000,9999.000,9999.000,9999.000,9999.000
202603061236,   0.184,9999.000,9999.000,9999.000,9999.000,9999.000,9999.000,9999.000,9999.000
202603061242,   0.198,9999.000,9999.000,9999.000,9999.000,9999.000,9999.000,9999.000,9999.000
202603061248,   0.214,9999.000,9999.000,9999.000,9999.000,9999.000,9999.000,9999.000,9999.000
202603061254,   0.232,9999.000,9999.000,9999.000,9999.000,9999.000,9999.000,9999.000,9999.000
202603061300,   0.250,9999.000,   0.000,   0.368,   0.618,   0.000,   0.618,   0.100,   0.718
202603061306,   0.270,9999.000,9999.000,9999.000,9999.000,9999.000,9999.000,9999.000,9999.000
202603061312,   0.292,9999.000,9999.000,9999.000,9999.000,9999.000,9999.000,9999.000,9999.000
202603061318,   0.314,9999.000,9999.000,9999.000,9999.000,9999.000,9999.000,9999.000,9999.000
202603061324,   0.338,9999.000,9999.000,9999.000,9999.000,9999.000,9999.000,9999.000,9999.000
202603061330,   0.363,9999.000,9999.000,9999.000,9999.000,9999.000,9999.000,9999.000,9999.000
202603061336,   0.388,9999.000,9999.000,9999.000,9999.000,9999.000,9999.000,9999.000,9999.000
202603061342,   0.414,9999.000,9999.000,9999.000,9999.000,9999.000,9999.000,9999.000,9999.000
202603061348,   0.442,9999.000,9999.000,9999.000,9999.000,9999.000,9999.000,9999.000,9999.000
202603061354,   0.469,9999.000,9999.000,9999.000,9999.000,9999.000,9999.000,9999.000,9999.000
202603061400,   0.498,9999.000,   0.100,   0.368,   0.966,   0.000,   0.866,   0.100,   0.966
202603061406,   0.527,9999.000,9999.000,9999.000,9999.000,9999.000,9999.000,9999.000,9999.000
202603061412,   0.558,9999.000,9999.000,9999.000,9999.000,9999.000,9999.000,9999.000,9999.000
202603061418,   0.588,9999.000,9999.000,9999.000,9999.000,9999.000,9999.000,9999.000,9999.000
202603061424,   0.620,9999.000,9999.000,9999.000,9999.000,9999.000,9999.000,9999.000,9999.000
202603061430,   0.652,9999.000,9999.000,9999.000,9999.000,9999.000,9999.000,9999.000,9999.000
202603061436,   0.685,9999.000,9999.000,9999.000,9999.000,9999.000,9999.000,9999.000,9999.000
202603061442,   0.718,9999.000,9999.000,9999.000,9999.000,9999.000,9999.000,9999.000,9999.000
202603061448,   0.752,9999.000,9999.000,9999.000,9999.000,9999.000,9999.000,9999.000,9999.000
202603061454,   0.787,9999.000,9999.000,9999.000,9999.000,9999.000,9999.000,9999.000,9999.000
202603061500,   0.822,9999.000,   0.000,   0.368,   1.190,   0.000,   1.190,   0.100,   1.290
202603061506,   0.857,9999.000,9999.000,9999.000,9999.000,9999.000,9999.000,9999.000,9999.000
202603061512,   0.892,9999.000,9999.000,9999.000,9999.000,9999.000,9999.000,9999.000,9999.000
202603061518,   0.928,9999.000,9999.000,9999.000,9999.000,9999.000,9999.000,9999.000,9999.000
202603061524,   0.964,9999.000,9999.000,9999.000,9999.000,9999.000,9999.000,9999.000,9999.000
202603061530,   0.999,9999.000,9999.000,9999.000,9999.000,9999.000,9999.000,9999.000,9999.000
202603061536,   1.034,9999.000,9999.000,9999.000,9999.000,9999.000,9999.000,9999.000,9999.000
202603061542,   1.068,9999.000,9999.000,9999.000,9999.000,9999.000,9999.000,9999.000,9999.000
202603061548,   1.101,9999.000,9999.000,9999.000,9999.000,9999.000,9999.000,9999.000,9999.000
202603061554,   1.133,9999.000,9999.000,9999.000,9999.000,9999.000,9999.000,9999.000,9999.000
202603061600,   1.164,9999.000,   0.100,   0.368,   1.632,   0.000,   1.532,   0.200,   1.732
202603061606,   1.193,9999.000,9999.000,9999.000,9999.000,9999.000,9999.000,9999.000,9999.000
202603061612,   1.221,9999.000,9999.000,9999.000,9999.000,9999.000,9999.000,9999.000,9999.000
202603061618,   1.246,9999.000,9999.000,9999.000,9999.000,9999.000,9999.000,9999.000,9999.000
202603061624,   1.269,9999.000,9999.000,9999.000,9999.000,9999.000,9999.000,9999.000,9999.000
202603061630,   1.290,9999.000,9999.000,9999.000,9999.000,9999.000,9999.000,9999.000,9999.000
202603061636,   1.308,9999.000,9999.000,9999.000,9999.000,9999.000,9999.000,9999.000,9999.000
202603061642,   1.323,9999.000,9999.000,9999.000,9999.000,9999.000,9999.000,9999.000,9999.000
202603061648,   1.335,9999.000,9999.000,9999.000,9999.000,9999.000,9999.000,9999.000,9999.000
202603061654,   1.345,9999.000,9999.000,9999.000,9999.000,9999.000,9999.000,9999.000,9999.000
202603061700,   1.352,9999.000,   0.100,   0.368,   1.820,   0.000,   1.720,   0.200,   1.920
202603061706,   1.356,9999.000,9999.000,9999.000,9999.000,9999.000,9999.000,9999.000,9999.000
202603061712,   1.357,9999.000,9999.000,9999.000,9999.000,9999.000,9999.000,9999.000,9999.000
202603061718,   1.355,9999.000,9999.000,9999.000,9999.000,9999.000,9999.000,9999.000,9999.000
202603061724,   1.351,9999.000,9999.000,9999.000,9999.000,9999.000,9999.000,9999.000,9999.000
202603061730,   1.344,9999.000,9999.000,9999.000,9999.000,9999.000,9999.000,9999.000,9999.000
202603061736,   1.334,9999.000,9999.000,9999.000,9999.000,9999.000,9999.000,9999.000,9999.000
202603061742,   1.323,9999.000,9999.000,9999.000,9999.000,9999.000,9999.000,9999.000,9999.000
202603061748,   1.309,9999.000,9999.000,9999.000,9999.000,9999.000,9999.000,9999.000,9999.000
202603061754,   1.293,9999.000,9999.000,9999.000,9999.000,9999.000,9999.000,9999.000,9999.000
202603061800,   1.276,9999.000,   0.100,   0.368,   1.744,   0.000,   1.644,   0.200,   1.844
202603061806,   1.257,9999.000,9999.000,9999.000,9999.000,9999.000,9999.000,9999.000,9999.000
202603061812,   1.237,9999.000,9999.000,9999.000,9999.000,9999.000,9999.000,9999.000,9999.000
202603061818,   1.215,9999.000,9999.000,9999.000,9999.000,9999.000,9999.000,9999.000,9999.000
202603061824,   1.193,9999.000,9999.000,9999.000,9999.000,9999.000,9999.000,9999.000,9999.000
202603061830,   1.170,9999.000,9999.000,9999.000,9999.000,9999.000,9999.000,9999.000,9999.000
202603061836,   1.146,9999.000,9999.000,9999.000,9999.000,9999.000,9999.000,9999.000,9999.000
202603061842,   1.122,9999.000,9999.000,9999.000,9999.000,9999.000,9999.000,9999.000,9999.000
202603061848,   1.097,9999.000,9999.000,9999.000,9999.000,9999.000,9999.000,9999.000,9999.000
202603061854,   1.072,9999.000,9999.000,9999.000,9999.000,9999.000,9999.000,9999.000,9999.000
202603061900,   1.047,9999.000,   0.100,   0.368,   1.515,   0.000,   1.415,   0.300,   1.715
202603061906,   1.021,9999.000,9999.000,9999.000,9999.000,9999.000,9999.000,9999.000,9999.000
202603061912,   0.996,9999.000,9999.000,9999.000,9999.000,9999.000,9999.000,9999.000,9999.000
202603061918,   0.970,9999.000,9999.000,9999.000,9999.000,9999.000,9999.000,9999.000,9999.000
202603061924,   0.944,9999.000,9999.000,9999.000,9999.000,9999.000,9999.000,9999.000,9999.000
202603061930,   0.918,9999.000,9999.000,9999.000,9999.000,9999.000,9999.000,9999.000,9999.000
202603061936,   0.892,9999.000,9999.000,9999.000,9999.000,9999.000,9999.000,9999.000,9999.000
202603061942,   0.866,9999.000,9999.000,9999.000,9999.000,9999.000,9999.000,9999.000,9999.000
202603061948,   0.840,9999.000,9999.000,9999.000,9999.000,9999.000,9999.000,9999.000,9999.000
202603061954,   0.814,9999.000,9999.000,9999.000,9999.000,9999.000,9999.000,9999.000,9999.000
202603062000,   0.787,9999.000,   0.100,   0.368,   1.255,   0.000,   1.155,   0.300,   1.455
202603062006,   0.761,9999.000,9999.000,9999.000,9999.000,9999.000,9999.000,9999.000,9999.000
202603062012,   0.734,9999.000,9999.000,9999.000,9999.000,9999.000,9999.000,9999.000,9999.000
202603062018,   0.708,9999.000,9999.000,9999.000,9999.000,9999.000,9999.000,9999.000,9999.000
202603062024,   0.681,9999.000,9999.000,9999.000,9999.000,9999.000,9999.000,9999.000,9999.000
202603062030,   0.655,9999.000,9999.000,9999.000,9999.000,9999.000,9999.000,9999.000,9999.000
202603062036,   0.628,9999.000,9999.000,9999.000,9999.000,9999.000,9999.000,9999.000,9999.000
202603062042,   0.602,9999.000,9999.000,9999.000,9999.000,9999.000,9999.000,9999.000,9999.000
202603062048,   0.576,9999.000,9999.000,9999.000,9999.000,9999.000,9999.000,9999.000,9999.000
202603062054,   0.550,9999.000,9999.000,9999.000,9999.000,9999.000,9999.000,9999.000,9999.000
202603062100,   0.524,9999.000,   0.200,   0.368,   1.092,   0.000,   0.892,   0.400,   1.292
202603062106,   0.498,9999.000,9999.000,9999.000,9999.000,9999.000,9999.000,9999.000,9999.000
202603062112,   0.473,9999.000,9999.000,9999.000,9999.000,9999.000,9999.000,9999.000,9999.000
202603062118,   0.448,9999.000,9999.000,9999.000,9999.000,9999.000,9999.000,9999.000,9999.000
202603062124,   0.424,9999.000,9999.000,9999.000,9999.000,9999.000,9999.000,9999.000,9999.000
202603062130,   0.400,9999.000,9999.000,9999.000,9999.000,9999.000,9999.000,9999.000,9999.000
202603062136,   0.376,9999.000,9999.000,9999.000,9999.000,9999.000,9999.000,9999.000,9999.000
202603062142,   0.353,9999.000,9999.000,9999.000,9999.000,9999.000,9999.000,9999.000,9999.000
202603062148,   0.330,9999.000,9999.000,9999.000,9999.000,9999.000,9999.000,9999.000,9999.000
202603062154,   0.308,9999.000,9999.000,9999.000,9999.000,9999.000,9999.000,9999.000,9999.000
202603062200,   0.286,9999.000,   0.200,   0.368,   0.854,   0.000,   0.654,   0.400,   1.054
202603062206,   0.265,9999.000,9999.000,9999.000,9999.000,9999.000,9999.000,9999.000,9999.000
202603062212,   0.244,9999.000,9999.000,9999.000,9999.000,9999.000,9999.000,9999.000,9999.000
202603062218,   0.224,9999.000,9999.000,9999.000,9999.000,9999.000,9999.000,9999.000,9999.000
202603062224,   0.205,9999.000,9999.000,9999.000,9999.000,9999.000,9999.000,9999.000,9999.000
202603062230,   0.186,9999.000,9999.000,9999.000,9999.000,9999.000,9999.000,9999.000,9999.000
202603062236,   0.168,9999.000,9999.000,9999.000,9999.000,9999.000,9999.000,9999.000,9999.000
202603062242,   0.150,9999.000,9999.000,9999.000,9999.000,9999.000,9999.000,9999.000,9999.000
202603062248,   0.134,9999.000,9999.000,9999.000,9999.000,9999.000,9999.000,9999.000,9999.000
202603062254,   0.118,9999.000,9999.000,9999.000,9999.000,9999.000,9999.000,9999.000,9999.000
202603062300,   0.103,9999.000,   0.200,   0.368,   0.671,   0.000,   0.471,   0.400,   0.871
202603062306,   0.089,9999.000,9999.000,9999.000,9999.000,9999.000,9999.000,9999.000,9999.000
202603062312,   0.077,9999.000,9999.000,9999.000,9999.000,9999.000,9999.000,9999.000,9999.000
202603062318,   0.065,9999.000,9999.000,9999.000,9999.000,9999.000,9999.000,9999.000,9999.000
202603062324,   0.055,9999.000,9999.000,9999.000,9999.000,9999.000,9999.000,9999.000,9999.000
202603062330,   0.047,9999.000,9999.000,9999.000,9999.000,9999.000,9999.000,9999.000,9999.000
202603062336,   0.040,9999.000,9999.000,9999.000,9999.000,9999.000,9999.000,9999.000,9999.000
202603062342,   0.035,9999.000,9999.000,9999.000,9999.000,9999.000,9999.000,9999.000,9999.000
202603062348,   0.031,9999.000,9999.000,9999.000,9999.000,9999.000,9999.000,9999.000,9999.000
202603062354,   0.030,9999.000,9999.000,9999.000,9999.000,9999.000,9999.000,9999.000,9999.000
202603070000,   0.031,9999.000,   0.200,   0.368,   0.599,   0.100,   0.499,   0.500,   0.899
202603070006,   0.034,9999.000,9999.000,9999.000,9999.000,9999.000,9999.000,9999.000,9999.000
202603070012,   0.039,9999.000,9999.000,9999.000,9999.000,9999.000,9999.000,9999.000,9999.000
202603070018,   0.047,9999.000,9999.000,9999.000,9999.000,9999.000,9999.000,9999.000,9999.000
202603070024,   0.056,9999.000,9999.000,9999.000,9999.000,9999.000,9999.000,9999.000,9999.000
202603070030,   0.069,9999.000,9999.000,9999.000,9999.000,9999.000,9999.000,9999.000,9999.000
202603070036,   0.083,9999.000,9999.000,9999.000,9999.000,9999.000,9999.000,9999.000,9999.000
202603070042,   0.100,9999.000,9999.000,9999.000,9999.000,9999.000,9999.000,9999.000,9999.000
202603070048,   0.119,9999.000,9999.000,9999.000,9999.000,9999.000,9999.000,9999.000,9999.000
202603070054,   0.140,9999.000,9999.000,9999.000,9999.000,9999.000,9999.000,9999.000,9999.000
202603070100,   0.163,9999.000,   0.200,   0.368,   0.731,   0.000,   0.531,   0.500,   1.031
202603070106,   0.188,9999.000,9999.000,9999.000,9999.000,9999.000,9999.000,9999.000,9999.000
202603070112,   0.216,9999.000,9999.000,9999.000,9999.000,9999.000,9999.000,9999.000,9999.000
202603070118,   0.245,9999.000,9999.000,9999.000,9999.000,9999.000,9999.000,9999.000,9999.000
202603070124,   0.275,9999.000,9999.000,9999.000,9999.000,9999.000,9999.000,9999.000,9999.000
202603070130,   0.307,9999.000,9999.000,9999.000,9999.000,9999.000,9999.000,9999.000,9999.000
202603070136,   0.341,9999.000,9999.000,9999.000,9999.000,9999.000,9999.000,9999.000,9999.000
202603070142,   0.375,9999.000,9999.000,9999.000,9999.000,9999.000,9999.000,9999.000,9999.000
202603070148,   0.411,9999.000,9999.000,9999.000,9999.000,9999.000,9999.000,9999.000,9999.000
202603070154,   0.448,9999.000,9999.000,9999.000,9999.000,9999.000,9999.000,9999.000,9999.000
202603070200,   0.486,9999.000,   0.200,   0.368,   1.054,   0.000,   0.854,   0.500,   1.354
202603070206,   0.525,9999.000,9999.000,9999.000,9999.000,9999.000,9999.000,9999.000,9999.000
202603070212,   0.564,9999.000,9999.000,9999.000,9999.000,9999.000,9999.000,9999.000,9999.000
202603070218,   0.604,9999.000,9999.000,9999.000,9999.000,9999.000,9999.000,9999.000,9999.000
202603070224,   0.645,9999.000,9999.000,9999.000,9999.000,9999.000,9999.000,9999.000,9999.000
202603070230,   0.687,9999.000,9999.000,9999.000,9999.000,9999.000,9999.000,9999.000,9999.000
202603070236,   0.729,9999.000,9999.000,9999.000,9999.000,9999.000,9999.000,9999.000,9999.000
202603070242,   0.772,9999.000,9999.000,9999.000,9999.000,9999.000,9999.000,9999.000,9999.000
202603070248,   0.815,9999.000,9999.000,9999.000,9999.000,9999.000,9999.000,9999.000,9999.000
202603070254,   0.858,9999.000,9999.000,9999.000,9999.000,9999.000,9999.000,9999.000,9999.000
202603070300,   0.902,9999.000,   0.200,   0.368,   1.470,   0.000,   1.270,   0.400,   1.670
202603070306,   0.947,9999.000,9999.000,9999.000,9999.000,9999.000,9999.000,9999.000,9999.000
202603070312,   0.992,9999.000,9999.000,9999.000,9999.000,9999.000,9999.000,9999.000,9999.000
202603070318,   1.037,9999.000,9999.000,9999.000,9999.000,9999.000,9999.000,9999.000,9999.000
202603070324,   1.082,9999.000,9999.000,9999.000,9999.000,9999.000,9999.000,9999.000,9999.000
202603070330,   1.127,9999.000,9999.000,9999.000,9999.000,9999.000,9999.000,9999.000,9999.000
202603070336,   1.172,9999.000,9999.000,9999.000,9999.000,9999.000,9999.000,9999.000,9999.000
202603070342,   1.217,9999.000,9999.000,9999.000,9999.000,9999.000,9999.000,9999.000,9999.000
202603070348,   1.262,9999.000,9999.000,9999.000,9999.000,9999.000,9999.000,9999.000,9999.000
202603070354,   1.306,9999.000,9999.000,9999.000,9999.000,9999.000,9999.000,9999.000,9999.000
202603070400,   1.349,9999.000,   0.200,   0.368,   1.917,   0.000,   1.717,   0.500,   2.217
202603070406,   1.391,9999.000,9999.000,9999.000,9999.000,9999.000,9999.000,9999.000,9999.000
202603070412,   1.432,9999.000,9999.000,9999.000,9999.000,9999.000,9999.000,9999.000,9999.000
202603070418,   1.471,9999.000,9999.000,9999.000,9999.000,9999.000,9999.000,9999.000,9999.000
202603070424,   1.509,9999.000,9999.000,9999.000,9999.000,9999.000,9999.000,9999.000,9999.000
202603070430,   1.544,9999.000,9999.000,9999.000,9999.000,9999.000,9999.000,9999.000,9999.000
202603070436,   1.577,9999.000,9999.000,9999.000,9999.000,9999.000,9999.000,9999.000,9999.000
202603070442,   1.608,9999.000,9999.000,9999.000,9999.000,9999.000,9999.000,9999.000,9999.000
202603070448,   1.636,9999.000,9999.000,9999.000,9999.000,9999.000,9999.000,9999.000,9999.000
202603070454,   1.662,9999.000,9999.000,9999.000,9999.000,9999.000,9999.000,9999.000,9999.000
202603070500,   1.684,9999.000,   0.200,   0.368,   2.252,   0.000,   2.052,   0.500,   2.552
202603070506,   1.703,9999.000,9999.000,9999.000,9999.000,9999.000,9999.000,9999.000,9999.000
202603070512,   1.720,9999.000,9999.000,9999.000,9999.000,9999.000,9999.000,9999.000,9999.000
202603070518,   1.732,9999.000,9999.000,9999.000,9999.000,9999.000,9999.000,9999.000,9999.000
202603070524,   1.742,9999.000,9999.000,9999.000,9999.000,9999.000,9999.000,9999.000,9999.000
202603070530,   1.748,9999.000,9999.000,9999.000,9999.000,9999.000,9999.000,9999.000,9999.000
202603070536,   1.751,9999.000,9999.000,9999.000,9999.000,9999.000,9999.000,9999.000,9999.000
202603070542,   1.750,9999.000,9999.000,9999.000,9999.000,9999.000,9999.000,9999.000,9999.000
202603070548,   1.747,9999.000,9999.000,9999.000,9999.000,9999.000,9999.000,9999.000,9999.000
202603070554,   1.740,9999.000,9999.000,9999.000,9999.000,9999.000,9999.000,9999.000,9999.000
202603070600,   1.731,9999.000,   0.200,   0.368,   2.299,   0.000,   2.099,   0.500,   2.599
202603070606,   1.718,9999.000,9999.000,9999.000,9999.000,9999.000,9999.000,9999.000,9999.000
202603070612,   1.704,9999.000,9999.000,9999.000,9999.000,9999.000,9999.000,9999.000,9999.000
202603070618,   1.687,9999.000,9999.000,9999.000,9999.000,9999.000,9999.000,9999.000,9999.000
202603070624,   1.668,9999.000,9999.000,9999.000,9999.000,9999.000,9999.000,9999.000,9999.000
202603070630,   1.647,9999.000,9999.000,9999.000,9999.000,9999.000,9999.000,9999.000,9999.000
202603070636,   1.625,9999.000,9999.000,9999.000,9999.000,9999.000,9999.000,9999.000,9999.000
202603070642,   1.601,9999.000,9999.000,9999.000,9999.000,9999.000,9999.000,9999.000,9999.000
202603070648,   1.576,9999.000,9999.000,9999.000,9999.000,9999.000,9999.000,9999.000,9999.000
202603070654,   1.549,9999.000,9999.000,9999.000,9999.000,9999.000,9999.000,9999.000,9999.000
202603070700,   1.522,9999.000,   0.200,   0.368,   2.090,   0.000,   1.890,   0.500,   2.390
202603070706,   1.494,9999.000,9999.000,9999.000,9999.000,9999.000,9999.000,9999.000,9999.000
202603070712,   1.465,9999.000,9999.000,9999.000,9999.000,9999.000,9999.000,9999.000,9999.000
202603070718,   1.436,9999.000,9999.000,9999.000,9999.000,9999.000,9999.000,9999.000,9999.000
202603070724,   1.406,9999.000,9999.000,9999.000,9999.000,9999.000,9999.000,9999.000,9999.000
202603070730,   1.376,9999.000,9999.000,9999.000,9999.000,9999.000,9999.000,9999.000,9999.000
202603070736,   1.345,9999.000,9999.000,9999.000,9999.000,9999.000,9999.000,9999.000,9999.000
202603070742,   1.314,9999.000,9999.000,9999.000,9999.000,9999.000,9999.000,9999.000,9999.000
202603070748,   1.283,9999.000,9999.000,9999.000,9999.000,9999.000,9999.000,9999.000,9999.000
202603070754,   1.252,9999.000,9999.000,9999.000,9999.000,9999.000,9999.000,9999.000,9999.000
202603070800,   1.221,9999.000,   0.200,   0.368,   1.789,   0.000,   1.589,   0.500,   2.089
202603070806,   1.189,9999.000,9999.000,9999.000,9999.000,9999.000,9999.000,9999.000,9999.000
202603070812,   1.157,9999.000,9999.000,9999.000,9999.000,9999.000,9999.000,9999.000,9999.000
202603070818,   1.125,9999.000,9999.000,9999.000,9999.000,9999.000,9999.000,9999.000,9999.000
202603070824,   1.093,9999.000,9999.000,9999.000,9999.000,9999.000,9999.000,9999.000,9999.000
202603070830,   1.061,9999.000,9999.000,9999.000,9999.000,9999.000,9999.000,9999.000,9999.000
202603070836,   1.029,9999.000,9999.000,9999.000,9999.000,9999.000,9999.000,9999.000,9999.000
202603070842,   0.997,9999.000,9999.000,9999.000,9999.000,9999.000,9999.000,9999.000,9999.000
202603070848,   0.965,9999.000,9999.000,9999.000,9999.000,9999.000,9999.000,9999.000,9999.000
202603070854,   0.933,9999.000,9999.000,9999.000,9999.000,9999.000,9999.000,9999.000,9999.000
202603070900,   0.900,9999.000,   0.200,   0.368,   1.468,   0.000,   1.268,   0.500,   1.768
202603070906,   0.869,9999.000,9999.000,9999.000,9999.000,9999.000,9999.000,9999.000,9999.000
202603070912,   0.837,9999.000,9999.000,9999.000,9999.000,9999.000,9999.000,9999.000,9999.000
202603070918,   0.805,9999.000,9999.000,9999.000,9999.000,9999.000,9999.000,9999.000,9999.000
202603070924,   0.774,9999.000,9999.000,9999.000,9999.000,9999.000,9999.000,9999.000,9999.000
202603070930,   0.743,9999.000,9999.000,9999.000,9999.000,9999.000,9999.000,9999.000,9999.000
202603070936,   0.713,9999.000,9999.000,9999.000,9999.000,9999.000,9999.000,9999.000,9999.000
202603070942,   0.683,9999.000,9999.000,9999.000,9999.000,9999.000,9999.000,9999.000,9999.000
202603070948,   0.654,9999.000,9999.000,9999.000,9999.000,9999.000,9999.000,9999.000,9999.000
202603070954,   0.625,9999.000,9999.000,9999.000,9999.000,9999.000,9999.000,9999.000,9999.000
202603071000,   0.597,9999.000,   0.200,   0.368,   1.165,   0.000,   0.965,   0.500,   1.465
202603071006,   0.569,9999.000,9999.000,9999.000,9999.000,9999.000,9999.000,9999.000,9999.000
202603071012,   0.542,9999.000,9999.000,9999.000,9999.000,9999.000,9999.000,9999.000,9999.000
202603071018,   0.516,9999.000,9999.000,9999.000,9999.000,9999.000,9999.000,9999.000,9999.000
202603071024,   0.490,9999.000,9999.000,9999.000,9999.000,9999.000,9999.000,9999.000,9999.000
202603071030,   0.465,9999.000,9999.000,9999.000,9999.000,9999.000,9999.000,9999.000,9999.000
202603071036,   0.441,9999.000,9999.000,9999.000,9999.000,9999.000,9999.000,9999.000,9999.000
202603071042,   0.417,9999.000,9999.000,9999.000,9999.000,9999.000,9999.000,9999.000,9999.000
202603071048,   0.394,9999.000,9999.000,9999.000,9999.000,9999.000,9999.000,9999.000,9999.000
202603071054,   0.372,9999.000,9999.000,9999.000,9999.000,9999.000,9999.000,9999.000,9999.000
202603071100,   0.351,9999.000,   0.200,   0.368,   0.919,   0.000,   0.719,   0.500,   1.219
202603071106,   0.330,9999.000,9999.000,9999.000,9999.000,9999.000,9999.000,9999.000,9999.000
202603071112,   0.310,9999.000,9999.000,9999.000,9999.000,9999.000,9999.000,9999.000,9999.000
202603071118,   0.292,9999.000,9999.000,9999.000,9999.000,9999.000,9999.000,9999.000,9999.000
202603071124,   0.274,9999.000,9999.000,9999.000,9999.000,9999.000,9999.000,9999.000,9999.000
202603071130,   0.257,9999.000,9999.000,9999.000,9999.000,9999.000,9999.000,9999.000,9999.000
202603071136,   0.241,9999.000,9999.000,9999.000,9999.000,9999.000,9999.000,9999.000,9999.000
202603071142,   0.227,9999.000,9999.000,9999.000,9999.000,9999.000,9999.000,9999.000,9999.000
202603071148,   0.214,9999.000,9999.000,9999.000,9999.000,9999.000,9999.000,9999.000,9999.000
202603071154,   0.202,9999.000,9999.000,9999.000,9999.000,9999.000,9999.000,9999.000,9999.000
202603071200,   0.192,9999.000,   0.200,   0.368,   0.760,   0.000,   0.560,   0.500,   1.060
202603071206,   0.184,9999.000,9999.000,9999.000,9999.000,9999.000,9999.000,9999.000,9999.000
202603071212,   0.177,9999.000,9999.000,9999.000,9999.000,9999.000,9999.000,9999.000,9999.000
202603071218,   0.172,9999.000,9999.000,9999.000,9999.000,9999.000,9999.000,9999.000,9999.000
202603071224,   0.169,9999.000,9999.000,9999.000,9999.000,9999.000,9999.000,9999.000,9999.000
202603071230,   0.168,9999.000,9999.000,9999.000,9999.000,9999.000,9999.000,9999.000,9999.000
202603071236,   0.169,9999.000,9999.000,9999.000,9999.000,9999.000,9999.000,9999.000,9999.000
202603071242,   0.172,9999.000,9999.000,9999.000,9999.000,9999.000,9999.000,9999.000,9999.000
202603071248,   0.177,9999.000,9999.000,9999.000,9999.000,9999.000,9999.000,9999.000,9999.000
202603071254,   0.184,9999.000,9999.000,9999.000,9999.000,9999.000,9999.000,9999.000,9999.000
202603071300,   0.193,9999.000,   0.200,   0.368,   0.761,   0.000,   0.561,   0.500,   1.061
202603071306,   0.204,9999.000,9999.000,9999.000,9999.000,9999.000,9999.000,9999.000,9999.000
202603071312,   0.217,9999.000,9999.000,9999.000,9999.000,9999.000,9999.000,9999.000,9999.000
202603071318,   0.231,9999.000,9999.000,9999.000,9999.000,9999.000,9999.000,9999.000,9999.000
202603071324,   0.247,9999.000,9999.000,9999.000,9999.000,9999.000,9999.000,9999.000,9999.000
202603071330,   0.265,9999.000,9999.000,9999.000,9999.000,9999.000,9999.000,9999.000,9999.000
202603071336,   0.285,9999.000,9999.000,9999.000,9999.000,9999.000,9999.000,9999.000,9999.000
202603071342,   0.305,9999.000,9999.000,9999.000,9999.000,9999.000,9999.000,9999.000,9999.000
202603071348,   0.327,9999.000,9999.000,9999.000,9999.000,9999.000,9999.000,9999.000,9999.000
202603071354,   0.350,9999.000,9999.000,9999.000,9999.000,9999.000,9999.000,9999.000,9999.000
202603071400,   0.374,9999.000,   0.200,   0.368,   0.942,   0.000,   0.742,   0.500,   1.242
202603071406,   0.398,9999.000,9999.000,9999.000,9999.000,9999.000,9999.000,9999.000,9999.000
202603071412,   0.424,9999.000,9999.000,9999.000,9999.000,9999.000,9999.000,9999.000,9999.000
202603071418,   0.450,9999.000,9999.000,9999.000,9999.000,9999.000,9999.000,9999.000,9999.000
202603071424,   0.476,9999.000,9999.000,9999.000,9999.000,9999.000,9999.000,9999.000,9999.000
202603071430,   0.503,9999.000,9999.000,9999.000,9999.000,9999.000,9999.000,9999.000,9999.000
202603071436,   0.530,9999.000,9999.000,9999.000,9999.000,9999.000,9999.000,9999.000,9999.000
202603071442,   0.557,9999.000,9999.000,9999.000,9999.000,9999.000,9999.000,9999.000,9999.000
202603071448,   0.585,9999.000,9999.000,9999.000,9999.000,9999.000,9999.000,9999.000,9999.000
202603071454,   0.612,9999.000,9999.000,9999.000,9999.000,9999.000,9999.000,9999.000,9999.000
202603071500,   0.640,9999.000,   0.200,   0.368,   1.208,   0.000,   1.008,   0.500,   1.508
202603071506,   0.669,9999.000,9999.000,9999.000,9999.000,9999.000,9999.000,9999.000,9999.000
202603071512,   0.697,9999.000,9999.000,9999.000,9999.000,9999.000,9999.000,9999.000,9999.000
202603071518,   0.726,9999.000,9999.000,9999.000,9999.000,9999.000,9999.000,9999.000,9999.000
202603071524,   0.754,9999.000,9999.000,9999.000,9999.000,9999.000,9999.000,9999.000,9999.000
202603071530,   0.783,9999.000,9999.000,9999.000,9999.000,9999.000,9999.000,9999.000,9999.000
202603071536,   0.812,9999.000,9999.000,9999.000,9999.000,9999.000,9999.000,9999.000,9999.000
202603071542,   0.841,9999.000,9999.000,9999.000,9999.000,9999.000,9999.000,9999.000,9999.000
202603071548,   0.871,9999.000,9999.000,9999.000,9999.000,9999.000,9999.000,9999.000,9999.000
202603071554,   0.900,9999.000,9999.000,9999.000,9999.000,9999.000,9999.000,9999.000,9999.000
202603071600,   0.929,9999.000,   0.200,   0.368,   1.497,   0.000,   1.297,   0.400,   1.697
202603071606,   0.958,9999.000,9999.000,9999.000,9999.000,9999.000,9999.000,9999.000,9999.000
202603071612,   0.986,9999.000,9999.000,9999.000,9999.000,9999.000,9999.000,9999.000,9999.000
202603071618,   1.014,9999.000,9999.000,9999.000,9999.000,9999.000,9999.000,9999.000,9999.000
202603071624,   1.042,9999.000,9999.000,9999.000,9999.000,9999.000,9999.000,9999.000,9999.000
202603071630,   1.068,9999.000,9999.000,9999.000,9999.000,9999.000,9999.000,9999.000,9999.000
202603071636,   1.094,9999.000,9999.000,9999.000,9999.000,9999.000,9999.000,9999.000,9999.000
202603071642,   1.118,9999.000,9999.000,9999.000,9999.000,9999.000,9999.000,9999.000,9999.000
202603071648,   1.142,9999.000,9999.000,9999.000,9999.000,9999.000,9999.000,9999.000,9999.000
202603071654,   1.163,9999.000,9999.000,9999.000,9999.000,9999.000,9999.000,9999.000,9999.000
202603071700,   1.183,9999.000,   0.200,   0.368,   1.751,   0.000,   1.551,   0.400,   1.951
202603071706,   1.201,9999.000,9999.000,9999.000,9999.000,9999.000,9999.000,9999.000,9999.000
202603071712,   1.216,9999.000,9999.000,9999.000,9999.000,9999.000,9999.000,9999.000,9999.000
202603071718,   1.230,9999.000,9999.000,9999.000,9999.000,9999.000,9999.000,9999.000,9999.000
202603071724,   1.241,9999.000,9999.000,9999.000,9999.000,9999.000,9999.000,9999.000,9999.000
202603071730,   1.249,9999.000,9999.000,9999.000,9999.000,9999.000,9999.000,9999.000,9999.000
202603071736,   1.255,9999.000,9999.000,9999.000,9999.000,9999.000,9999.000,9999.000,9999.000
202603071742,   1.258,9999.000,9999.000,9999.000,9999.000,9999.000,9999.000,9999.000,9999.000
202603071748,   1.259,9999.000,9999.000,9999.000,9999.000,9999.000,9999.000,9999.000,9999.000
202603071754,   1.257,9999.000,9999.000,9999.000,9999.000,9999.000,9999.000,9999.000,9999.000
202603071800,   1.252,9999.000,   0.200,   0.368,   1.820,   0.000,   1.620,   0.400,   2.020
202603071806,   1.245,9999.000,9999.000,9999.000,9999.000,9999.000,9999.000,9999.000,9999.000
202603071812,   1.235,9999.000,9999.000,9999.000,9999.000,9999.000,9999.000,9999.000,9999.000
202603071818,   1.223,9999.000,9999.000,9999.000,9999.000,9999.000,9999.000,9999.000,9999.000
202603071824,   1.209,9999.000,9999.000,9999.000,9999.000,9999.000,9999.000,9999.000,9999.000
202603071830,   1.193,9999.000,9999.000,9999.000,9999.000,9999.000,9999.000,9999.000,9999.000
202603071836,   1.176,9999.000,9999.000,9999.000,9999.000,9999.000,9999.000,9999.000,9999.000
202603071842,   1.156,9999.000,9999.000,9999.000,9999.000,9999.000,9999.000,9999.000,9999.000
202603071848,   1.135,9999.000,9999.000,9999.000,9999.000,9999.000,9999.000,9999.000,9999.000
202603071854,   1.113,9999.000,9999.000,9999.000,9999.000,9999.000,9999.000,9999.000,9999.000
202603071900,   1.090,9999.000,   0.200,   0.368,   1.658,   0.000,   1.458,   0.400,   1.858
202603071906,   1.067,9999.000,9999.000,9999.000,9999.000,9999.000,9999.000,9999.000,9999.000
202603071912,   1.042,9999.000,9999.000,9999.000,9999.000,9999.000,9999.000,9999.000,9999.000
202603071918,   1.017,9999.000,9999.000,9999.000,9999.000,9999.000,9999.000,9999.000,9999.000
202603071924,   0.992,9999.000,9999.000,9999.000,9999.000,9999.000,9999.000,9999.000,9999.000
202603071930,   0.966,9999.000,9999.000,9999.000,9999.000,9999.000,9999.000,9999.000,9999.000
202603071936,   0.940,9999.000,9999.000,9999.000,9999.000,9999.000,9999.000,9999.000,9999.000
202603071942,   0.914,9999.000,9999.000,9999.000,9999.000,9999.000,9999.000,9999.000,9999.000
202603071948,   0.889,9999.000,9999.000,9999.000,9999.000,9999.000,9999.000,9999.000,9999.000
202603071954,   0.863,9999.000,9999.000,9999.000,9999.000,9999.000,9999.000,9999.000,9999.000
202603072000,   0.837,9999.000,   0.200,   0.368,   1.405,   0.000,   1.205,   0.400,   1.605
202603072006,   0.812,9999.000,9999.000,9999.000,9999.000,9999.000,9999.000,9999.000,9999.000
202603072012,   0.786,9999.000,9999.000,9999.000,9999.000,9999.000,9999.000,9999.000,9999.000
202603072018,   0.761,9999.000,9999.000,9999.000,9999.000,9999.000,9999.000,9999.000,9999.000
202603072024,   0.736,9999.000,9999.000,9999.000,9999.000,9999.000,9999.000,9999.000,9999.000
202603072030,   0.711,9999.000,9999.000,9999.000,9999.000,9999.000,9999.000,9999.000,9999.000
202603072036,   0.686,9999.000,9999.000,9999.000,9999.000,9999.000,9999.000,9999.000,9999.000
202603072042,   0.661,9999.000,9999.000,9999.000,9999.000,9999.000,9999.000,9999.000,9999.000
202603072048,   0.636,9999.000,9999.000,9999.000,9999.000,9999.000,9999.000,9999.000,9999.000
202603072054,   0.611,9999.000,9999.000,9999.000,9999.000,9999.000,9999.000,9999.000,9999.000
202603072100,   0.587,9999.000,   0.200,   0.368,   1.155,   0.000,   0.955,   0.400,   1.355
202603072106,   0.562,9999.000,9999.000,9999.000,9999.000,9999.000,9999.000,9999.000,9999.000
202603072112,   0.537,9999.000,9999.000,9999.000,9999.000,9999.000,9999.000,9999.000,9999.000
202603072118,   0.513,9999.000,9999.000,9999.000,9999.000,9999.000,9999.000,9999.000,9999.000
202603072124,   0.488,9999.000,9999.000,9999.000,9999.000,9999.000,9999.000,9999.000,9999.000
202603072130,   0.464,9999.000,9999.000,9999.000,9999.000,9999.000,9999.000,9999.000,9999.000
202603072136,   0.440,9999.000,9999.000,9999.000,9999.000,9999.000,9999.000,9999.000,9999.000
202603072142,   0.416,9999.000,9999.000,9999.000,9999.000,9999.000,9999.000,9999.000,9999.000
202603072148,   0.393,9999.000,9999.000,9999.000,9999.000,9999.000,9999.000,9999.000,9999.000
202603072154,   0.369,9999.000,9999.000,9999.000,9999.000,9999.000,9999.000,9999.000,9999.000
202603072200,   0.347,9999.000,   0.200,   0.368,   0.915,   0.000,   0.715,   0.400,   1.115
202603072206,   0.324,9999.000,9999.000,9999.000,9999.000,9999.000,9999.000,9999.000,9999.000
202603072212,   0.302,9999.000,9999.000,9999.000,9999.000,9999.000,9999.000,9999.000,9999.000
202603072218,   0.281,9999.000,9999.000,9999.000,9999.000,9999.000,9999.000,9999.000,9999.000
202603072224,   0.260,9999.000,9999.000,9999.000,9999.000,9999.000,9999.000,9999.000,9999.000
202603072230,   0.239,9999.000,9999.000,9999.000,9999.000,9999.000,9999.000,9999.000,9999.000
202603072236,   0.220,9999.000,9999.000,9999.000,9999.000,9999.000,9999.000,9999.000,9999.000
202603072242,   0.201,9999.000,9999.000,9999.000,9999.000,9999.000,9999.000,9999.000,9999.000
202603072248,   0.182,9999.000,9999.000,9999.000,9999.000,9999.000,9999.000,9999.000,9999.000
202603072254,   0.164,9999.000,9999.000,9999.000,9999.000,9999.000,9999.000,9999.000,9999.000
202603072300,   0.147,9999.000,   0.200,   0.368,   0.715,   0.000,   0.515,   0.400,   0.915
202603072306,   0.131,9999.000,9999.000,9999.000,9999.000,9999.000,9999.000,9999.000,9999.000
202603072312,   0.115,9999.000,9999.000,9999.000,9999.000,9999.000,9999.000,9999.000,9999.000
202603072318,   0.101,9999.000,9999.000,9999.000,9999.000,9999.000,9999.000,9999.000,9999.000
202603072324,   0.087,9999.000,9999.000,9999.000,9999.000,9999.000,9999.000,9999.000,9999.000
202603072330,   0.074,9999.000,9999.000,9999.000,9999.000,9999.000,9999.000,9999.000,9999.000
202603072336,   0.062,9999.000,9999.000,9999.000,9999.000,9999.000,9999.000,9999.000,9999.000
202603072342,   0.051,9999.000,9999.000,9999.000,9999.000,9999.000,9999.000,9999.000,9999.000
202603072348,   0.041,9999.000,9999.000,9999.000,9999.000,9999.000,9999.000,9999.000,9999.000
202603072354,   0.032,9999.000,9999.000,9999.000,9999.000,9999.000,9999.000,9999.000,9999.000
202603080000,   0.025,9999.000,   0.200,   0.368,   0.593,   0.000,   0.393,   0.300,   0.693
