        TIME,    TIDE,      OB,   SURGE,    BIAS,     TWL,SURGE90p,  TWL90p,SURGE10p,   TWL10p
202606271200,  -0.083,   0.200,   0.300,  -0.017,   0.200,   0.300,   0.200,   0.400,   0.300
202606271206,  -0.093,9999.000,9999.000,9999.000,9999.000,9999.000,9999.000,9999.000,9999.000
202606271212,  -0.101,   0.170,9999.000,9999.000,9999.000,9999.000,9999.000,9999.000,9999.000
202606271218,  -0.110,9999.000,9999.000,9999.000,9999.000,9999.000,9999.000,9999.000,9999.000
202606271224,  -0.118,   0.160,9999.000,9999.000,9999.000,9999.000,9999.000,9999.000,9999.000
202606271230,  -0.126,9999.000,9999.000,9999.000,9999.000,9999.000,9999.000,9999.000,9999.000
202606271236,  -0.134,9999.000,9999.000,9999.000,9999.000,9999.000,9999.000,9999.000,9999.000
202606271242,  -0.141,9999.000,9999.000,9999.000,9999.000,9999.000,9999.000,9999.000,9999.000
202606271248,  -0.148,9999.000,9999.000,9999.000,9999.000,9999.000,9999.000,9999.000,9999.000
202606271254,  -0.155,9999.000,9999.000,9999.000,9999.000,9999.000,9999.000,9999.000,9999.000
202606271300,  -0.162,9999.000,   0.400,9999.000,   0.238,   0.300,   0.138,   0.400,   0.238
202606271306,  -0.168,9999.000,9999.000,9999.000,9999.000,9999.000,9999.000,9999.000,9999.000
202606271312,  -0.174,9999.000,9999.000,9999.000,9999.000,9999.000,9999.000,9999.000,9999.000
202606271318,  -0.179,9999.000,9999.000,9999.000,9999.000,9999.000,9999.000,9999.000,9999.000
202606271324,  -0.184,   0.019,9999.000,9999.000,9999.000,9999.000,9999.000,9999.000,9999.000
202606271330,  -0.189,9999.000,9999.000,9999.000,9999.000,9999.000,9999.000,9999.000,9999.000
202606271336,  -0.194,   0.068,9999.000,9999.000,9999.000,9999.000,9999.000,9999.000,9999.000
202606271342,  -0.198,   0.049,9999.000,9999.000,9999.000,9999.000,9999.000,9999.000,9999.000
202606271348,  -0.202,   0.019,9999.000,9999.000,9999.000,9999.000,9999.000,9999.000,9999.000
202606271354,  -0.206,   0.029,9999.000,9999.000,9999.000,9999.000,9999.000,9999.000,9999.000
202606271400,  -0.209,   0.019,   0.400,  -0.172,   0.019,   0.300,  -0.081,   0.400,   0.019
202606271406,  -0.212,   0.019,9999.000,9999.000,9999.000,9999.000,9999.000,9999.000,9999.000
202606271412,  -0.214,   0.029,9999.000,9999.000,9999.000,9999.000,9999.000,9999.000,9999.000
202606271418,  -0.217,   0.029,9999.000,9999.000,9999.000,9999.000,9999.000,9999.000,9999.000
202606271424,  -0.218,   0.029,9999.000,9999.000,9999.000,9999.000,9999.000,9999.000,9999.000
202606271430,  -0.220,   0.029,9999.000,9999.000,9999.000,9999.000,9999.000,9999.000,9999.000
202606271436,  -0.221,   0.029,9999.000,9999.000,9999.000,9999.000,9999.000,9999.000,9999.000
202606271442,  -0.222,   0.019,9999.000,9999.000,9999.000,9999.000,9999.000,9999.000,9999.000
202606271448,  -0.223,   0.019,9999.000,9999.000,9999.000,9999.000,9999.000,9999.000,9999.000
202606271454,  -0.223,   0.029,9999.000,9999.000,9999.000,9999.000,9999.000,9999.000,9999.000
202606271500,  -0.223,   0.029,   0.400,  -0.148,   0.029,   0.300,  -0.071,   0.400,   0.029
202606271506,  -0.222,   0.049,9999.000,9999.000,9999.000,9999.000,9999.000,9999.000,9999.000
202606271512,  -0.221,   0.059,9999.000,9999.000,9999.000,9999.000,9999.000,9999.000,9999.000
202606271518,  -0.220,   0.059,9999.000,9999.000,9999.000,9999.000,9999.000,9999.000,9999.000
202606271524,  -0.218,   0.039,9999.000,9999.000,9999.000,9999.000,9999.000,9999.000,9999.000
202606271530,  -0.216,   0.068,9999.000,9999.000,9999.000,9999.000,9999.000,9999.000,9999.000
202606271536,  -0.213,   0.078,9999.000,9999.000,9999.000,9999.000,9999.000,9999.000,9999.000
202606271542,  -0.210,   0.078,9999.000,9999.000,9999.000,9999.000,9999.000,9999.000,9999.000
202606271548,  -0.206,   0.088,9999.000,9999.000,9999.000,9999.000,9999.000,9999.000,9999.000
202606271554,  -0.202,9999.000,9999.000,9999.000,9999.000,9999.000,9999.000,9999.000,9999.000
202606271600,  -0.198,9999.000,   0.400,9999.000,   0.202,   0.300,   0.102,   0.400,   0.202
202606271606,  -0.193,9999.000,9999.000,9999.000,9999.000,9999.000,9999.000,9999.000,9999.000
202606271612,  -0.188,   0.121,9999.000,9999.000,9999.000,9999.000,9999.000,9999.000,9999.000
202606271618,  -0.182,   0.131,9999.000,9999.000,9999.000,9999.000,9999.000,9999.000,9999.000
202606271624,  -0.175,   0.150,9999.000,9999.000,9999.000,9999.000,9999.000,9999.000,9999.000
202606271630,  -0.169,   0.160,9999.000,9999.000,9999.000,9999.000,9999.000,9999.000,9999.000
202606271636,  -0.161,   0.170,9999.000,9999.000,9999.000,9999.000,9999.000,9999.000,9999.000
202606271642,  -0.153,   0.170,9999.000,9999.000,9999.000,9999.000,9999.000,9999.000,9999.000
202606271648,  -0.145,9999.000,9999.000,9999.000,9999.000,9999.000,9999.000,9999.000,9999.000
202606271654,  -0.136,9999.000,9999.000,9999.000,9999.000,9999.000,9999.000,9999.000,9999.000
202606271700,  -0.127,9999.000,   0.400,9999.000,   0.273,   0.400,   0.273,   0.400,   0.273
202606271706,  -0.117,9999.000,9999.000,9999.000,9999.000,9999.000,9999.000,9999.000,9999.000
202606271712,  -0.106,9999.000,9999.000,9999.000,9999.000,9999.000,9999.000,9999.000,9999.000
202606271718,  -0.095,9999.000,9999.000,9999.000,9999.000,9999.000,9999.000,9999.000,9999.000
202606271724,  -0.084,9999.000,9999.000,9999.000,9999.000,9999.000,9999.000,9999.000,9999.000
202606271730,  -0.072,9999.000,9999.000,9999.000,9999.000,9999.000,9999.000,9999.000,9999.000
202606271736,  -0.059,9999.000,9999.000,9999.000,9999.000,9999.000,9999.000,9999.000,9999.000
202606271742,  -0.046,9999.000,9999.000,9999.000,9999.000,9999.000,9999.000,9999.000,9999.000
202606271748,  -0.032,9999.000,9999.000,9999.000,9999.000,9999.000,9999.000,9999.000,9999.000
202606271754,  -0.018,9999.000,9999.000,9999.000,9999.000,9999.000,9999.000,9999.000,9999.000
202606271800,  -0.004,9999.000,   0.400,9999.000,   0.396,   0.300,   0.296,   0.400,   0.396
202606271806,   0.010,9999.000,9999.000,9999.000,9999.000,9999.000,9999.000,9999.000,9999.000
202606271812,   0.025,9999.000,9999.000,9999.000,9999.000,9999.000,9999.000,9999.000,9999.000
202606271818,   0.041,9999.000,9999.000,9999.000,9999.000,9999.000,9999.000,9999.000,9999.000
202606271824,   0.057,9999.000,9999.000,9999.000,9999.000,9999.000,9999.000,9999.000,9999.000
202606271830,   0.074,9999.000,9999.000,9999.000,9999.000,9999.000,9999.000,9999.000,9999.000
202606271836,   0.091,9999.000,9999.000,9999.000,9999.000,9999.000,9999.000,9999.000,9999.000
202606271842,   0.108,9999.000,9999.000,9999.000,9999.000,9999.000,9999.000,9999.000,9999.000
202606271848,   0.126,9999.000,9999.000,9999.000,9999.000,9999.000,9999.000,9999.000,9999.000
202606271854,   0.144,   0.665,9999.000,9999.000,9999.000,9999.000,9999.000,9999.000,9999.000
202606271900,   0.162,   0.665,   0.400,   0.103,   0.665,   0.300,   0.565,   0.400,   0.665
202606271906,   0.180,9999.000,9999.000,9999.000,9999.000,9999.000,9999.000,9999.000,9999.000
202606271912,   0.198,9999.000,9999.000,9999.000,9999.000,9999.000,9999.000,9999.000,9999.000
202606271918,   0.217,9999.000,9999.000,9999.000,9999.000,9999.000,9999.000,9999.000,9999.000
202606271924,   0.236,   0.639,9999.000,9999.000,9999.000,9999.000,9999.000,9999.000,9999.000
202606271930,   0.255,   0.669,9999.000,9999.000,9999.000,9999.000,9999.000,9999.000,9999.000
202606271936,   0.274,   0.678,9999.000,9999.000,9999.000,9999.000,9999.000,9999.000,9999.000
202606271942,   0.293,   0.688,9999.000,9999.000,9999.000,9999.000,9999.000,9999.000,9999.000
202606271948,   0.312,   0.698,9999.000,9999.000,9999.000,9999.000,9999.000,9999.000,9999.000
202606271954,   0.331,   0.718,9999.000,9999.000,9999.000,9999.000,9999.000,9999.000,9999.000
202606272000,   0.350,   0.741,   0.400,  -0.009,   0.741,   0.400,   0.741,   0.400,   0.741
202606272006,   0.368,   0.770,9999.000,9999.000,9999.000,9999.000,9999.000,9999.000,9999.000
202606272012,   0.387,   0.790,9999.000,9999.000,9999.000,9999.000,9999.000,9999.000,9999.000
202606272018,   0.406,   0.800,9999.000,9999.000,9999.000,9999.000,9999.000,9999.000,9999.000
202606272024,   0.424,   0.819,9999.000,9999.000,9999.000,9999.000,9999.000,9999.000,9999.000
202606272030,   0.442,   0.829,9999.000,9999.000,9999.000,9999.000,9999.000,9999.000,9999.000
202606272036,   0.460,   0.849,9999.000,9999.000,9999.000,9999.000,9999.000,9999.000,9999.000
202606272042,   0.478,   0.879,9999.000,9999.000,9999.000,9999.000,9999.000,9999.000,9999.000
202606272048,   0.495,   0.879,9999.000,9999.000,9999.000,9999.000,9999.000,9999.000,9999.000
202606272054,   0.512,   0.908,9999.000,9999.000,9999.000,9999.000,9999.000,9999.000,9999.000
202606272100,   0.529,   0.928,   0.400,  -0.001,   0.928,   0.400,   0.928,   0.400,   0.928
202606272106,   0.545,   0.928,9999.000,9999.000,9999.000,9999.000,9999.000,9999.000,9999.000
202606272112,   0.561,   0.941,9999.000,9999.000,9999.000,9999.000,9999.000,9999.000,9999.000
202606272118,   0.577,   0.961,9999.000,9999.000,9999.000,9999.000,9999.000,9999.000,9999.000
202606272124,   0.592,   0.980,9999.000,9999.000,9999.000,9999.000,9999.000,9999.000,9999.000
202606272130,   0.607,   0.970,9999.000,9999.000,9999.000,9999.000,9999.000,9999.000,9999.000
202606272136,   0.621,   1.010,9999.000,9999.000,9999.000,9999.000,9999.000,9999.000,9999.000
202606272142,   0.635,   1.010,9999.000,9999.000,9999.000,9999.000,9999.000,9999.000,9999.000
202606272148,   0.649,   1.020,9999.000,9999.000,9999.000,9999.000,9999.000,9999.000,9999.000
202606272154,   0.662,   1.059,9999.000,9999.000,9999.000,9999.000,9999.000,9999.000,9999.000
202606272200,   0.674,   1.059,   0.400,  -0.015,   1.059,   0.400,   1.059,   0.400,   1.059
202606272206,   0.686,   1.059,9999.000,9999.000,9999.000,9999.000,9999.000,9999.000,9999.000
202606272212,   0.698,   1.079,9999.000,9999.000,9999.000,9999.000,9999.000,9999.000,9999.000
202606272218,   0.709,   1.098,9999.000,9999.000,9999.000,9999.000,9999.000,9999.000,9999.000
202606272224,   0.719,   1.088,9999.000,9999.000,9999.000,9999.000,9999.000,9999.000,9999.000
202606272230,   0.729,   1.108,9999.000,9999.000,9999.000,9999.000,9999.000,9999.000,9999.000
202606272236,   0.739,   1.118,9999.000,9999.000,9999.000,9999.000,9999.000,9999.000,9999.000
202606272242,   0.748,   1.108,9999.000,9999.000,9999.000,9999.000,9999.000,9999.000,9999.000
202606272248,   0.757,   1.108,9999.000,9999.000,9999.000,9999.000,9999.000,9999.000,9999.000
202606272254,   0.765,   1.108,9999.000,9999.000,9999.000,9999.000,9999.000,9999.000,9999.000
202606272300,   0.772,   1.108,   0.400,  -0.064,   1.108,   0.400,   1.108,   0.400,   1.108
202606272306,   0.780,   1.151,9999.000,9999.000,9999.000,9999.000,9999.000,9999.000,9999.000
202606272312,   0.786,   1.138,9999.000,9999.000,9999.000,9999.000,9999.000,9999.000,9999.000
202606272318,   0.792,   1.138,9999.000,9999.000,9999.000,9999.000,9999.000,9999.000,9999.000
202606272324,   0.798,   1.151,9999.000,9999.000,9999.000,9999.000,9999.000,9999.000,9999.000
202606272330,   0.803,   1.161,9999.000,9999.000,9999.000,9999.000,9999.000,9999.000,9999.000
202606272336,   0.808,   1.151,9999.000,9999.000,9999.000,9999.000,9999.000,9999.000,9999.000
202606272342,   0.813,   1.151,9999.000,9999.000,9999.000,9999.000,9999.000,9999.000,9999.000
202606272348,   0.817,   1.151,9999.000,9999.000,9999.000,9999.000,9999.000,9999.000,9999.000
202606272354,   0.820,   1.151,9999.000,9999.000,9999.000,9999.000,9999.000,9999.000,9999.000
202606280000,   0.823,   1.138,   0.300,   0.015,   1.138,   0.300,   1.138,   0.400,   1.238
202606280006,   0.826,   1.138,9999.000,9999.000,9999.000,9999.000,9999.000,9999.000,9999.000
202606280012,   0.828,   1.138,9999.000,9999.000,9999.000,9999.000,9999.000,9999.000,9999.000
202606280018,   0.830,   1.151,9999.000,9999.000,9999.000,9999.000,9999.000,9999.000,9999.000
202606280024,   0.832,   1.151,9999.000,9999.000,9999.000,9999.000,9999.000,9999.000,9999.000
202606280030,   0.833,   1.138,9999.000,9999.000,9999.000,9999.000,9999.000,9999.000,9999.000
202606280036,   0.834,   1.151,9999.000,9999.000,9999.000,9999.000,9999.000,9999.000,9999.000
202606280042,   0.834,   1.161,9999.000,9999.000,9999.000,9999.000,9999.000,9999.000,9999.000
202606280048,   0.834,   1.128,9999.000,9999.000,9999.000,9999.000,9999.000,9999.000,9999.000
202606280054,   0.834,   1.128,9999.000,9999.000,9999.000,9999.000,9999.000,9999.000,9999.000
202606280100,   0.833,   1.118,   0.400,  -0.115,   1.118,   0.300,   1.018,   0.400,   1.118
202606280106,   0.832,   1.108,9999.000,9999.000,9999.000,9999.000,9999.000,9999.000,9999.000
202606280112,   0.830,   1.108,9999.000,9999.000,9999.000,9999.000,9999.000,9999.000,9999.000
202606280118,   0.829,   1.108,9999.000,9999.000,9999.000,9999.000,9999.000,9999.000,9999.000
202606280124,   0.827,   1.098,9999.000,9999.000,9999.000,9999.000,9999.000,9999.000,9999.000
202606280130,   0.824,   1.098,9999.000,9999.000,9999.000,9999.000,9999.000,9999.000,9999.000
202606280136,   0.821,   1.098,9999.000,9999.000,9999.000,9999.000,9999.000,9999.000,9999.000
202606280142,   0.818,   1.088,9999.000,9999.000,9999.000,9999.000,9999.000,9999.000,9999.000
202606280148,   0.815,   1.088,9999.000,9999.000,9999.000,9999.000,9999.000,9999.000,9999.000
202606280154,   0.811,   1.088,9999.000,9999.000,9999.000,9999.000,9999.000,9999.000,9999.000
202606280200,   0.807,   1.079,   0.400,  -0.128,   1.079,   0.400,   1.079,   0.400,   1.079
202606280206,   0.803,   1.079,9999.000,9999.000,9999.000,9999.000,9999.000,9999.000,9999.000
202606280212,   0.798,   1.069,9999.000,9999.000,9999.000,9999.000,9999.000,9999.000,9999.000
202606280218,   0.794,   1.069,9999.000,9999.000,9999.000,9999.000,9999.000,9999.000,9999.000
202606280224,   0.788,   1.059,9999.000,9999.000,9999.000,9999.000,9999.000,9999.000,9999.000
202606280230,   0.783,   1.049,9999.000,9999.000,9999.000,9999.000,9999.000,9999.000,9999.000
202606280236,   0.777,   1.049,9999.000,9999.000,9999.000,9999.000,9999.000,9999.000,9999.000
202606280242,   0.771,   1.020,9999.000,9999.000,9999.000,9999.000,9999.000,9999.000,9999.000
202606280248,   0.765,   1.049,9999.000,9999.000,9999.000,9999.000,9999.000,9999.000,9999.000
202606280254,   0.759,   1.039,9999.000,9999.000,9999.000,9999.000,9999.000,9999.000,9999.000
202606280300,   0.752,   1.039,   0.300,  -0.013,   1.039,   0.300,   1.039,   0.300,   1.039
202606280306,   0.745,   1.039,9999.000,9999.000,9999.000,9999.000,9999.000,9999.000,9999.000
202606280312,   0.738,   1.020,9999.000,9999.000,9999.000,9999.000,9999.000,9999.000,9999.000
202606280318,   0.731,   1.020,9999.000,9999.000,9999.000,9999.000,9999.000,9999.000,9999.000
202606280324,   0.724,   1.010,9999.000,9999.000,9999.000,9999.000,9999.000,9999.000,9999.000
202606280330,   0.716,   1.010,9999.000,9999.000,9999.000,9999.000,9999.000,9999.000,9999.000
202606280336,   0.708,   1.020,9999.000,9999.000,9999.000,9999.000,9999.000,9999.000,9999.000
202606280342,   0.700,   1.000,9999.000,9999.000,9999.000,9999.000,9999.000,9999.000,9999.000
202606280348,   0.692,   1.010,9999.000,9999.000,9999.000,9999.000,9999.000,9999.000,9999.000
202606280354,   0.684,   0.990,9999.000,9999.000,9999.000,9999.000,9999.000,9999.000,9999.000
202606280400,   0.676,   0.990,   0.400,  -0.086,   0.990,   0.300,   0.890,   0.400,   0.990
202606280406,   0.668,   0.980,9999.000,9999.000,9999.000,9999.000,9999.000,9999.000,9999.000
202606280412,   0.659,   0.990,9999.000,9999.000,9999.000,9999.000,9999.000,9999.000,9999.000
202606280418,   0.651,   1.000,9999.000,9999.000,9999.000,9999.000,9999.000,9999.000,9999.000
202606280424,   0.642,   0.980,9999.000,9999.000,9999.000,9999.000,9999.000,9999.000,9999.000
202606280430,   0.634,   0.970,9999.000,9999.000,9999.000,9999.000,9999.000,9999.000,9999.000
202606280436,   0.625,   0.951,9999.000,9999.000,9999.000,9999.000,9999.000,9999.000,9999.000
202606280442,   0.616,   0.961,9999.000,9999.000,9999.000,9999.000,9999.000,9999.000,9999.000
202606280448,   0.608,   0.961,9999.000,9999.000,9999.000,9999.000,9999.000,9999.000,9999.000
202606280454,   0.599,   0.951,9999.000,9999.000,9999.000,9999.000,9999.000,9999.000,9999.000
202606280500,   0.591,   0.941,   0.400,  -0.050,   0.941,   0.400,   0.941,   0.400,   0.941
202606280506,   0.582,   0.928,9999.000,9999.000,9999.000,9999.000,9999.000,9999.000,9999.000
202606280512,   0.574,   0.928,9999.000,9999.000,9999.000,9999.000,9999.000,9999.000,9999.000
202606280518,   0.565,   0.928,9999.000,9999.000,9999.000,9999.000,9999.000,9999.000,9999.000
202606280524,   0.557,   0.908,9999.000,9999.000,9999.000,9999.000,9999.000,9999.000,9999.000
202606280530,   0.549,   0.908,9999.000,9999.000,9999.000,9999.000,9999.000,9999.000,9999.000
202606280536,   0.540,   0.918,9999.000,9999.000,9999.000,9999.000,9999.000,9999.000,9999.000
202606280542,   0.532,   0.898,9999.000,9999.000,9999.000,9999.000,9999.000,9999.000,9999.000
202606280548,   0.524,   0.898,9999.000,9999.000,9999.000,9999.000,9999.000,9999.000,9999.000
202606280554,   0.516,   0.869,9999.000,9999.000,9999.000,9999.000,9999.000,9999.000,9999.000
202606280600,   0.509,   0.859,   0.400,  -0.050,   0.859,   0.400,   0.859,   0.400,   0.859
202606280606,   0.501,   0.849,9999.000,9999.000,9999.000,9999.000,9999.000,9999.000,9999.000
202606280612,   0.493,   0.839,9999.000,9999.000,9999.000,9999.000,9999.000,9999.000,9999.000
202606280618,   0.486,   0.849,9999.000,9999.000,9999.000,9999.000,9999.000,9999.000,9999.000
202606280624,   0.478,   0.829,9999.000,9999.000,9999.000,9999.000,9999.000,9999.000,9999.000
202606280630,   0.471,   0.819,9999.000,9999.000,9999.000,9999.000,9999.000,9999.000,9999.000
202606280636,   0.463,   0.800,9999.000,9999.000,9999.000,9999.000,9999.000,9999.000,9999.000
202606280642,   0.456,   0.819,9999.000,9999.000,9999.000,9999.000,9999.000,9999.000,9999.000
202606280648,   0.449,   0.800,9999.000,9999.000,9999.000,9999.000,9999.000,9999.000,9999.000
202606280654,   0.442,   0.800,9999.000,9999.000,9999.000,9999.000,9999.000,9999.000,9999.000
202606280700,   0.435,   0.780,   0.400,  -0.055,   0.780,   0.400,   0.780,   0.400,   0.780
202606280706,   0.427,   0.790,9999.000,9999.000,9999.000,9999.000,9999.000,9999.000,9999.000
202606280712,   0.420,   0.770,9999.000,9999.000,9999.000,9999.000,9999.000,9999.000,9999.000
202606280718,   0.413,   0.770,9999.000,9999.000,9999.000,9999.000,9999.000,9999.000,9999.000
202606280724,   0.406,   0.780,9999.000,9999.000,9999.000,9999.000,9999.000,9999.000,9999.000
202606280730,   0.399,   0.770,9999.000,9999.000,9999.000,9999.000,9999.000,9999.000,9999.000
202606280736,   0.392,   0.770,9999.000,9999.000,9999.000,9999.000,9999.000,9999.000,9999.000
202606280742,   0.385,   0.760,9999.000,9999.000,9999.000,9999.000,9999.000,9999.000,9999.000
202606280748,   0.378,   0.751,9999.000,9999.000,9999.000,9999.000,9999.000,9999.000,9999.000
202606280754,   0.371,   0.741,9999.000,9999.000,9999.000,9999.000,9999.000,9999.000,9999.000
202606280800,   0.363,   0.741,   0.400,  -0.022,   0.741,   0.400,   0.741,   0.400,   0.741
202606280806,   0.356,   0.731,9999.000,9999.000,9999.000,9999.000,9999.000,9999.000,9999.000
202606280812,   0.349,   0.708,9999.000,9999.000,9999.000,9999.000,9999.000,9999.000,9999.000
202606280818,   0.341,   0.708,9999.000,9999.000,9999.000,9999.000,9999.000,9999.000,9999.000
202606280824,   0.333,   0.698,9999.000,9999.000,9999.000,9999.000,9999.000,9999.000,9999.000
202606280830,   0.325,   0.678,9999.000,9999.000,9999.000,9999.000,9999.000,9999.000,9999.000
202606280836,   0.318,   0.678,9999.000,9999.000,9999.000,9999.000,9999.000,9999.000,9999.000
202606280842,   0.309,   0.669,9999.000,9999.000,9999.000,9999.000,9999.000,9999.000,9999.000
202606280848,   0.301,   0.659,9999.000,9999.000,9999.000,9999.000,9999.000,9999.000,9999.000
202606280854,   0.293,   0.669,9999.000,9999.000,9999.000,9999.000,9999.000,9999.000,9999.000
202606280900,   0.284,   0.649,   0.400,  -0.035,   0.649,   0.400,   0.649,   0.400,   0.649
202606280906,   0.275,   0.639,9999.000,9999.000,9999.000,9999.000,9999.000,9999.000,9999.000
202606280912,   0.266,   0.619,9999.000,9999.000,9999.000,9999.000,9999.000,9999.000,9999.000
202606280918,   0.257,   0.619,9999.000,9999.000,9999.000,9999.000,9999.000,9999.000,9999.000
202606280924,   0.248,   0.619,9999.000,9999.000,9999.000,9999.000,9999.000,9999.000,9999.000
202606280930,   0.238,   0.610,9999.000,9999.000,9999.000,9999.000,9999.000,9999.000,9999.000
202606280936,   0.229,   0.610,9999.000,9999.000,9999.000,9999.000,9999.000,9999.000,9999.000
202606280942,   0.219,   0.580,9999.000,9999.000,9999.000,9999.000,9999.000,9999.000,9999.000
202606280948,   0.209,   0.570,9999.000,9999.000,9999.000,9999.000,9999.000,9999.000,9999.000
202606280954,   0.199,   0.560,9999.000,9999.000,9999.000,9999.000,9999.000,9999.000,9999.000
202606281000,   0.188,   0.551,   0.400,  -0.037,   0.551,   0.400,   0.551,   0.400,   0.551
202606281006,   0.178,   0.541,9999.000,9999.000,9999.000,9999.000,9999.000,9999.000,9999.000
202606281012,   0.167,   0.531,9999.000,9999.000,9999.000,9999.000,9999.000,9999.000,9999.000
202606281018,   0.156,   0.508,9999.000,9999.000,9999.000,9999.000,9999.000,9999.000,9999.000
202606281024,   0.145,   0.478,9999.000,9999.000,9999.000,9999.000,9999.000,9999.000,9999.000
202606281030,   0.135,   0.478,9999.000,9999.000,9999.000,9999.000,9999.000,9999.000,9999.000
202606281036,   0.123,   0.459,9999.000,9999.000,9999.000,9999.000,9999.000,9999.000,9999.000
202606281042,   0.112,   0.439,9999.000,9999.000,9999.000,9999.000,9999.000,9999.000,9999.000
202606281048,   0.101,   0.429,9999.000,9999.000,9999.000,9999.000,9999.000,9999.000,9999.000
202606281054,   0.090,   0.419,9999.000,9999.000,9999.000,9999.000,9999.000,9999.000,9999.000
202606281100,   0.078,   0.390,   0.400,  -0.088,   0.390,   0.400,   0.390,   0.400,   0.390
202606281106,   0.067,   0.380,9999.000,9999.000,9999.000,9999.000,9999.000,9999.000,9999.000
202606281112,   0.056,   0.380,9999.000,9999.000,9999.000,9999.000,9999.000,9999.000,9999.000
202606281118,   0.045,   0.360,9999.000,9999.000,9999.000,9999.000,9999.000,9999.000,9999.000
202606281124,   0.033,   0.341,9999.000,9999.000,9999.000,9999.000,9999.000,9999.000,9999.000
202606281130,   0.022,   0.341,9999.000,9999.000,9999.000,9999.000,9999.000,9999.000,9999.000
202606281136,   0.011,   0.321,9999.000,9999.000,9999.000,9999.000,9999.000,9999.000,9999.000
202606281142,   0.000,   0.288,9999.000,9999.000,9999.000,9999.000,9999.000,9999.000,9999.000
202606281148,  -0.010,   0.288,9999.000,9999.000,9999.000,9999.000,9999.000,9999.000,9999.000
202606281154,  -0.021,   0.278,9999.000,9999.000,9999.000,9999.000,9999.000,9999.000,9999.000
202606281200,  -0.032,   0.278,   0.300,   0.010,   0.278,   0.300,   0.278,   0.300,   0.278
202606281206,  -0.042,   0.268,9999.000,9999.000,9999.000,9999.000,9999.000,9999.000,9999.000
202606281212,  -0.053,   0.249,9999.000,9999.000,9999.000,9999.000,9999.000,9999.000,9999.000
202606281218,  -0.063,   0.249,9999.000,9999.000,9999.000,9999.000,9999.000,9999.000,9999.000
202606281224,  -0.073,   0.239,9999.000,9999.000,9999.000,9999.000,9999.000,9999.000,9999.000
202606281230,  -0.083,   0.219,9999.000,9999.000,9999.000,9999.000,9999.000,9999.000,9999.000
202606281236,  -0.092,   0.219,9999.000,9999.000,9999.000,9999.000,9999.000,9999.000,9999.000
202606281242,  -0.102,   0.200,9999.000,9999.000,9999.000,9999.000,9999.000,9999.000,9999.000
202606281248,  -0.111,   0.190,9999.000,9999.000,9999.000,9999.000,9999.000,9999.000,9999.000
202606281254,  -0.120,   0.190,9999.000,9999.000,9999.000,9999.000,9999.000,9999.000,9999.000
202606281300,  -0.129,   0.180,   0.300,   0.009,   0.180,   0.300,   0.180,   0.300,   0.180
202606281306,  -0.137,   0.170,9999.000,9999.000,9999.000,9999.000,9999.000,9999.000,9999.000
202606281312,  -0.145,   0.170,9999.000,9999.000,9999.000,9999.000,9999.000,9999.000,9999.000
202606281318,  -0.153,   0.170,9999.000,9999.000,9999.000,9999.000,9999.000,9999.000,9999.000
202606281324,  -0.160,   0.150,9999.000,9999.000,9999.000,9999.000,9999.000,9999.000,9999.000
202606281330,  -0.168,   0.150,9999.000,9999.000,9999.000,9999.000,9999.000,9999.000,9999.000
202606281336,  -0.175,   0.141,9999.000,9999.000,9999.000,9999.000,9999.000,9999.000,9999.000
202606281342,  -0.181,   0.111,9999.000,9999.000,9999.000,9999.000,9999.000,9999.000,9999.000
202606281348,  -0.187,   0.098,9999.000,9999.000,9999.000,9999.000,9999.000,9999.000,9999.000
202606281354,  -0.193,   0.088,9999.000,9999.000,9999.000,9999.000,9999.000,9999.000,9999.000
202606281400,  -0.199,   0.059,   0.400,  -0.142,   0.059,   0.300,  -0.041,   0.400,   0.059
202606281406,  -0.204,   0.039,9999.000,9999.000,9999.000,9999.000,9999.000,9999.000,9999.000
202606281412,  -0.209,   0.039,9999.000,9999.000,9999.000,9999.000,9999.000,9999.000,9999.000
202606281418,  -0.214,   0.029,9999.000,9999.000,9999.000,9999.000,9999.000,9999.000,9999.000
202606281424,  -0.219,   0.029,9999.000,9999.000,9999.000,9999.000,9999.000,9999.000,9999.000
202606281430,  -0.223,   0.029,9999.000,9999.000,9999.000,9999.000,9999.000,9999.000,9999.000
202606281436,  -0.226,   0.009,9999.000,9999.000,9999.000,9999.000,9999.000,9999.000,9999.000
202606281442,  -0.229,9999.000,9999.000,9999.000,9999.000,9999.000,9999.000,9999.000,9999.000
202606281448,  -0.232,   0.000,9999.000,9999.000,9999.000,9999.000,9999.000,9999.000,9999.000
202606281454,  -0.235,   0.000,9999.000,9999.000,9999.000,9999.000,9999.000,9999.000,9999.000
202606281500,  -0.237,   0.000,   0.300,  -0.063,   0.000,   0.300,   0.000,   0.400,   0.100
202606281506,  -0.239,   0.009,9999.000,9999.000,9999.000,9999.000,9999.000,9999.000,9999.000
202606281512,  -0.241,   0.000,9999.000,9999.000,9999.000,9999.000,9999.000,9999.000,9999.000
202606281518,  -0.242,   0.019,9999.000,9999.000,9999.000,9999.000,9999.000,9999.000,9999.000
202606281524,  -0.242,   0.019,9999.000,9999.000,9999.000,9999.000,9999.000,9999.000,9999.000
202606281530,  -0.243,   0.019,9999.000,9999.000,9999.000,9999.000,9999.000,9999.000,9999.000
202606281536,  -0.243,   0.019,9999.000,9999.000,9999.000,9999.000,9999.000,9999.000,9999.000
202606281542,  -0.242,   0.009,9999.000,9999.000,9999.000,9999.000,9999.000,9999.000,9999.000
202606281548,  -0.241,   0.000,9999.000,9999.000,9999.000,9999.000,9999.000,9999.000,9999.000
202606281554,  -0.240,   0.019,9999.000,9999.000,9999.000,9999.000,9999.000,9999.000,9999.000
202606281600,  -0.238,   0.019,   0.300,  -0.043,   0.019,   0.300,   0.019,   0.400,   0.119
202606281606,  -0.236,   0.039,9999.000,9999.000,9999.000,9999.000,9999.000,9999.000,9999.000
202606281612,  -0.234,   0.049,9999.000,9999.000,9999.000,9999.000,9999.000,9999.000,9999.000
202606281618,  -0.231,   0.059,9999.000,9999.000,9999.000,9999.000,9999.000,9999.000,9999.000
202606281624,  -0.227,   0.068,9999.000,9999.000,9999.000,9999.000,9999.000,9999.000,9999.000
202606281630,  -0.223,   0.068,9999.000,9999.000,9999.000,9999.000,9999.000,9999.000,9999.000
202606281636,  -0.219,   0.068,9999.000,9999.000,9999.000,9999.000,9999.000,9999.000,9999.000
202606281642,  -0.214,   0.078,9999.000,9999.000,9999.000,9999.000,9999.000,9999.000,9999.000
202606281648,  -0.209,   0.098,9999.000,9999.000,9999.000,9999.000,9999.000,9999.000,9999.000
202606281654,  -0.203,   0.098,9999.000,9999.000,9999.000,9999.000,9999.000,9999.000,9999.000
202606281700,  -0.196,   0.121,   0.400,  -0.083,   0.121,   0.400,   0.121,   0.400,   0.121
202606281706,  -0.189,   0.121,9999.000,9999.000,9999.000,9999.000,9999.000,9999.000,9999.000
202606281712,  -0.182,   0.141,9999.000,9999.000,9999.000,9999.000,9999.000,9999.000,9999.000
202606281718,  -0.174,   0.141,9999.000,9999.000,9999.000,9999.000,9999.000,9999.000,9999.000
202606281724,  -0.166,   0.150,9999.000,9999.000,9999.000,9999.000,9999.000,9999.000,9999.000
202606281730,  -0.157,   0.160,9999.000,9999.000,9999.000,9999.000,9999.000,9999.000,9999.000
202606281736,  -0.147,   0.170,9999.000,9999.000,9999.000,9999.000,9999.000,9999.000,9999.000
202606281742,  -0.137,   0.180,9999.000,9999.000,9999.000,9999.000,9999.000,9999.000,9999.000
202606281748,  -0.127,   0.190,9999.000,9999.000,9999.000,9999.000,9999.000,9999.000,9999.000
202606281754,  -0.116,   0.200,9999.000,9999.000,9999.000,9999.000,9999.000,9999.000,9999.000
202606281800,  -0.104,   0.219,   0.400,  -0.077,   0.219,   0.400,   0.219,   0.400,   0.219
202606281806,  -0.092,   0.239,9999.000,9999.000,9999.000,9999.000,9999.000,9999.000,9999.000
202606281812,  -0.079,   0.249,9999.000,9999.000,9999.000,9999.000,9999.000,9999.000,9999.000
202606281818,  -0.066,   0.268,9999.000,9999.000,9999.000,9999.000,9999.000,9999.000,9999.000
202606281824,  -0.053,   0.268,9999.000,9999.000,9999.000,9999.000,9999.000,9999.000,9999.000
202606281830,  -0.039,   0.288,9999.000,9999.000,9999.000,9999.000,9999.000,9999.000,9999.000
202606281836,  -0.024,   0.298,9999.000,9999.000,9999.000,9999.000,9999.000,9999.000,9999.000
202606281842,  -0.009,   0.321,9999.000,9999.000,9999.000,9999.000,9999.000,9999.000,9999.000
202606281848,   0.005,   0.321,9999.000,9999.000,9999.000,9999.000,9999.000,9999.000,9999.000
202606281854,   0.021,   0.341,9999.000,9999.000,9999.000,9999.000,9999.000,9999.000,9999.000
202606281900,   0.037,   0.360,   0.400,  -0.077,   0.360,   0.400,   0.360,   0.400,   0.360
202606281906,   0.054,   0.390,9999.000,9999.000,9999.000,9999.000,9999.000,9999.000,9999.000
202606281912,   0.071,   0.409,9999.000,9999.000,9999.000,9999.000,9999.000,9999.000,9999.000
202606281918,   0.089,   0.429,9999.000,9999.000,9999.000,9999.000,9999.000,9999.000,9999.000
202606281924,   0.106,   0.449,9999.000,9999.000,9999.000,9999.000,9999.000,9999.000,9999.000
202606281930,   0.124,   0.478,9999.000,9999.000,9999.000,9999.000,9999.000,9999.000,9999.000
202606281936,   0.143,   0.498,9999.000,9999.000,9999.000,9999.000,9999.000,9999.000,9999.000
202606281942,   0.161,   0.531,9999.000,9999.000,9999.000,9999.000,9999.000,9999.000,9999.000
202606281948,   0.180,   0.541,9999.000,9999.000,9999.000,9999.000,9999.000,9999.000,9999.000
202606281954,   0.199,   0.560,9999.000,9999.000,9999.000,9999.000,9999.000,9999.000,9999.000
202606282000,   0.218,   0.580,   0.400,  -0.038,   0.580,   0.400,   0.580,   0.400,   0.580
202606282006,   0.238,   0.610,9999.000,9999.000,9999.000,9999.000,9999.000,9999.000,9999.000
202606282012,   0.257,   0.639,9999.000,9999.000,9999.000,9999.000,9999.000,9999.000,9999.000
202606282018,   0.276,   0.659,9999.000,9999.000,9999.000,9999.000,9999.000,9999.000,9999.000
202606282024,   0.296,   0.678,9999.000,9999.000,9999.000,9999.000,9999.000,9999.000,9999.000
202606282030,   0.315,   0.698,9999.000,9999.000,9999.000,9999.000,9999.000,9999.000,9999.000
202606282036,   0.335,   0.731,9999.000,9999.000,9999.000,9999.000,9999.000,9999.000,9999.000
202606282042,   0.354,   0.741,9999.000,9999.000,9999.000,9999.000,9999.000,9999.000,9999.000
202606282048,   0.374,   0.760,9999.000,9999.000,9999.000,9999.000,9999.000,9999.000,9999.000
202606282054,   0.393,   0.770,9999.000,9999.000,9999.000,9999.000,9999.000,9999.000,9999.000
202606282100,   0.412,   0.800,   0.400,  -0.012,   0.800,   0.400,   0.800,   0.400,   0.800
202606282106,   0.431,   0.800,9999.000,9999.000,9999.000,9999.000,9999.000,9999.000,9999.000
202606282112,   0.450,   0.829,9999.000,9999.000,9999.000,9999.000,9999.000,9999.000,9999.000
202606282118,   0.469,   0.839,9999.000,9999.000,9999.000,9999.000,9999.000,9999.000,9999.000
202606282124,   0.487,   0.879,9999.000,9999.000,9999.000,9999.000,9999.000,9999.000,9999.000
202606282130,   0.505,   0.879,9999.000,9999.000,9999.000,9999.000,9999.000,9999.000,9999.000
202606282136,   0.523,   0.908,9999.000,9999.000,9999.000,9999.000,9999.000,9999.000,9999.000
202606282142,   0.540,9999.000,9999.000,9999.000,9999.000,9999.000,9999.000,9999.000,9999.000
202606282148,   0.557,9999.000,9999.000,9999.000,9999.000,9999.000,9999.000,9999.000,9999.000
202606282154,   0.574,   0.941,9999.000,9999.000,9999.000,9999.000,9999.000,9999.000,9999.000
202606282200,   0.590,   0.951,   0.400,  -0.039,   0.951,   0.400,   0.951,   0.400,   0.951
202606282206,   0.606,   0.970,9999.000,9999.000,9999.000,9999.000,9999.000,9999.000,9999.000
202606282212,   0.621,   0.990,9999.000,9999.000,9999.000,9999.000,9999.000,9999.000,9999.000
202606282218,   0.636,   0.990,9999.000,9999.000,9999.000,9999.000,9999.000,9999.000,9999.000
202606282224,   0.651,   1.010,9999.000,9999.000,9999.000,9999.000,9999.000,9999.000,9999.000
202606282230,   0.665,   1.020,9999.000,9999.000,9999.000,9999.000,9999.000,9999.000,9999.000
202606282236,   0.678,   1.029,9999.000,9999.000,9999.000,9999.000,9999.000,9999.000,9999.000
202606282242,   0.691,   1.049,9999.000,9999.000,9999.000,9999.000,9999.000,9999.000,9999.000
202606282248,   0.704,   1.049,9999.000,9999.000,9999.000,9999.000,9999.000,9999.000,9999.000
202606282254,   0.716,   1.059,9999.000,9999.000,9999.000,9999.000,9999.000,9999.000,9999.000
202606282300,   0.727,   1.059,   0.400,  -0.068,   1.059,   0.400,   1.059,   0.400,   1.059
202606282306,   0.738,   1.079,9999.000,9999.000,9999.000,9999.000,9999.000,9999.000,9999.000
202606282312,   0.749,   1.088,9999.000,9999.000,9999.000,9999.000,9999.000,9999.000,9999.000
202606282318,   0.759,   1.088,9999.000,9999.000,9999.000,9999.000,9999.000,9999.000,9999.000
202606282324,   0.768,   1.108,9999.000,9999.000,9999.000,9999.000,9999.000,9999.000,9999.000
202606282330,   0.777,   1.151,9999.000,9999.000,9999.000,9999.000,9999.000,9999.000,9999.000
202606282336,   0.785,   1.151,9999.000,9999.000,9999.000,9999.000,9999.000,9999.000,9999.000
202606282342,   0.793,   1.170,9999.000,9999.000,9999.000,9999.000,9999.000,9999.000,9999.000
202606282348,   0.801,   1.170,9999.000,9999.000,9999.000,9999.000,9999.000,9999.000,9999.000
202606282354,   0.807,   1.167,9999.000,9999.000,9999.000,9999.000,9999.000,9999.000,9999.000
202606290000,   0.814,   1.167,   0.400,  -0.047,   1.167,   0.300,   1.067,   0.400,   1.167
202606290006,   0.819,   1.180,9999.000,9999.000,9999.000,9999.000,9999.000,9999.000,9999.000
202606290012,   0.825,   1.190,9999.000,9999.000,9999.000,9999.000,9999.000,9999.000,9999.000
202606290018,   0.829,   1.190,9999.000,9999.000,9999.000,9999.000,9999.000,9999.000,9999.000
202606290024,   0.834,   1.190,9999.000,9999.000,9999.000,9999.000,9999.000,9999.000,9999.000
202606290030,   0.837,   1.170,9999.000,9999.000,9999.000,9999.000,9999.000,9999.000,9999.000
202606290036,   0.841,   1.180,9999.000,9999.000,9999.000,9999.000,9999.000,9999.000,9999.000
202606290042,   0.844,9999.000,9999.000,9999.000,9999.000,9999.000,9999.000,9999.000,9999.000
202606290048,   0.846,   1.180,9999.000,9999.000,9999.000,9999.000,9999.000,9999.000,9999.000
202606290054,   0.848,   1.190,9999.000,9999.000,9999.000,9999.000,9999.000,9999.000,9999.000
202606290100,   0.849,   1.180,   0.400,  -0.069,   1.180,   0.400,   1.180,   0.400,   1.180
202606290106,   0.851,   1.180,9999.000,9999.000,9999.000,9999.000,9999.000,9999.000,9999.000
202606290112,   0.851,   1.170,9999.000,9999.000,9999.000,9999.000,9999.000,9999.000,9999.000
202606290118,   0.851,   1.170,9999.000,9999.000,9999.000,9999.000,9999.000,9999.000,9999.000
202606290124,   0.851,   1.164,9999.000,9999.000,9999.000,9999.000,9999.000,9999.000,9999.000
202606290130,   0.851,   1.170,9999.000,9999.000,9999.000,9999.000,9999.000,9999.000,9999.000
202606290136,   0.850,   1.170,9999.000,9999.000,9999.000,9999.000,9999.000,9999.000,9999.000
202606290142,   0.848,   1.170,9999.000,9999.000,9999.000,9999.000,9999.000,9999.000,9999.000
202606290148,   0.847,   1.161,9999.000,9999.000,9999.000,9999.000,9999.000,9999.000,9999.000
202606290154,   0.845,   1.161,9999.000,9999.000,9999.000,9999.000,9999.000,9999.000,9999.000
202606290200,   0.842,   1.170,   0.400,  -0.072,   1.170,   0.400,   1.170,   0.400,   1.170
202606290206,   0.840,   1.151,9999.000,9999.000,9999.000,9999.000,9999.000,9999.000,9999.000
202606290212,   0.836,   1.138,9999.000,9999.000,9999.000,9999.000,9999.000,9999.000,9999.000
202606290218,   0.833,   1.108,9999.000,9999.000,9999.000,9999.000,9999.000,9999.000,9999.000
202606290224,   0.829,   1.118,9999.000,9999.000,9999.000,9999.000,9999.000,9999.000,9999.000
202606290230,   0.825,   1.128,9999.000,9999.000,9999.000,9999.000,9999.000,9999.000,9999.000
202606290236,   0.821,   1.118,9999.000,9999.000,9999.000,9999.000,9999.000,9999.000,9999.000
202606290242,   0.816,   1.118,9999.000,9999.000,9999.000,9999.000,9999.000,9999.000,9999.000
202606290248,   0.811,   1.118,9999.000,9999.000,9999.000,9999.000,9999.000,9999.000,9999.000
202606290254,   0.806,   1.098,9999.000,9999.000,9999.000,9999.000,9999.000,9999.000,9999.000
202606290300,   0.801,   1.088,   0.300,  -0.013,   1.088,   0.300,   1.088,   0.400,   1.188
202606290306,   0.795,   1.088,9999.000,9999.000,9999.000,9999.000,9999.000,9999.000,9999.000
202606290312,   0.789,   1.079,9999.000,9999.000,9999.000,9999.000,9999.000,9999.000,9999.000
202606290318,   0.783,   1.069,9999.000,9999.000,9999.000,9999.000,9999.000,9999.000,9999.000
202606290324,   0.776,   1.059,9999.000,9999.000,9999.000,9999.000,9999.000,9999.000,9999.000
202606290330,   0.769,   1.049,9999.000,9999.000,9999.000,9999.000,9999.000,9999.000,9999.000
202606290336,   0.763,   1.059,9999.000,9999.000,9999.000,9999.000,9999.000,9999.000,9999.000
202606290342,   0.755,   1.069,9999.000,9999.000,9999.000,9999.000,9999.000,9999.000,9999.000
202606290348,   0.748,   1.039,9999.000,9999.000,9999.000,9999.000,9999.000,9999.000,9999.000
202606290354,   0.741,   1.069,9999.000,9999.000,9999.000,9999.000,9999.000,9999.000,9999.000
202606290400,   0.733,   1.069,   0.400,  -0.064,   1.069,   0.300,   0.969,   0.400,   1.069
202606290406,   0.725,   1.059,9999.000,9999.000,9999.000,9999.000,9999.000,9999.000,9999.000
202606290412,   0.717,   1.049,9999.000,9999.000,9999.000,9999.000,9999.000,9999.000,9999.000
202606290418,   0.709,   1.039,9999.000,9999.000,9999.000,9999.000,9999.000,9999.000,9999.000
202606290424,   0.701,   1.039,9999.000,9999.000,9999.000,9999.000,9999.000,9999.000,9999.000
202606290430,   0.693,   1.059,9999.000,9999.000,9999.000,9999.000,9999.000,9999.000,9999.000
202606290436,   0.684,   1.049,9999.000,9999.000,9999.000,9999.000,9999.000,9999.000,9999.000
202606290442,   0.676,   1.029,9999.000,9999.000,9999.000,9999.000,9999.000,9999.000,9999.000
202606290448,   0.667,   1.020,9999.000,9999.000,9999.000,9999.000,9999.000,9999.000,9999.000
202606290454,   0.659,   1.029,9999.000,9999.000,9999.000,9999.000,9999.000,9999.000,9999.000
202606290500,   0.650,   1.029,   0.400,  -0.021,   1.029,   0.300,   0.929,   0.400,   1.029
202606290506,   0.641,   1.049,9999.000,9999.000,9999.000,9999.000,9999.000,9999.000,9999.000
202606290512,   0.633,   1.010,9999.000,9999.000,9999.000,9999.000,9999.000,9999.000,9999.000
202606290518,   0.624,   1.000,9999.000,9999.000,9999.000,9999.000,9999.000,9999.000,9999.000
202606290524,   0.615,   1.000,9999.000,9999.000,9999.000,9999.000,9999.000,9999.000,9999.000
202606290530,   0.607,   0.961,9999.000,9999.000,9999.000,9999.000,9999.000,9999.000,9999.000
202606290536,   0.598,   0.980,9999.000,9999.000,9999.000,9999.000,9999.000,9999.000,9999.000
202606290542,   0.589,   0.961,9999.000,9999.000,9999.000,9999.000,9999.000,9999.000,9999.000
202606290548,   0.580,   0.951,9999.000,9999.000,9999.000,9999.000,9999.000,9999.000,9999.000
202606290554,   0.572,   0.951,9999.000,9999.000,9999.000,9999.000,9999.000,9999.000,9999.000
202606290600,   0.563,   0.941,   0.400,  -0.022,   0.941,   0.400,   0.941,   0.400,   0.941
202606290606,   0.555,   0.928,9999.000,9999.000,9999.000,9999.000,9999.000,9999.000,9999.000
202606290612,   0.546,   0.951,9999.000,9999.000,9999.000,9999.000,9999.000,9999.000,9999.000
202606290618,   0.538,   0.941,9999.000,9999.000,9999.000,9999.000,9999.000,9999.000,9999.000
202606290624,   0.530,   0.928,9999.000,9999.000,9999.000,9999.000,9999.000,9999.000,9999.000
202606290630,   0.521,   0.928,9999.000,9999.000,9999.000,9999.000,9999.000,9999.000,9999.000
202606290636,   0.513,   0.918,9999.000,9999.000,9999.000,9999.000,9999.000,9999.000,9999.000
202606290642,   0.505,   0.918,9999.000,9999.000,9999.000,9999.000,9999.000,9999.000,9999.000
202606290648,   0.497,   0.908,9999.000,9999.000,9999.000,9999.000,9999.000,9999.000,9999.000
202606290654,   0.489,   0.898,9999.000,9999.000,9999.000,9999.000,9999.000,9999.000,9999.000
202606290700,   0.482,   0.888,   0.400,   0.006,   0.888,   0.300,   0.788,   0.400,   0.888
202606290706,   0.474,   0.869,9999.000,9999.000,9999.000,9999.000,9999.000,9999.000,9999.000
202606290712,   0.466,   0.859,9999.000,9999.000,9999.000,9999.000,9999.000,9999.000,9999.000
202606290718,   0.459,   0.839,9999.000,9999.000,9999.000,9999.000,9999.000,9999.000,9999.000
202606290724,   0.451,   0.829,9999.000,9999.000,9999.000,9999.000,9999.000,9999.000,9999.000
202606290730,   0.444,   0.819,9999.000,9999.000,9999.000,9999.000,9999.000,9999.000,9999.000
202606290736,   0.436,   0.819,9999.000,9999.000,9999.000,9999.000,9999.000,9999.000,9999.000
202606290742,   0.429,   0.810,9999.000,9999.000,9999.000,9999.000,9999.000,9999.000,9999.000
202606290748,   0.422,   0.810,9999.000,9999.000,9999.000,9999.000,9999.000,9999.000,9999.000
202606290754,   0.415,   0.800,9999.000,9999.000,9999.000,9999.000,9999.000,9999.000,9999.000
202606290800,   0.407,   0.790,   0.400,  -0.017,   0.790,   0.400,   0.790,   0.400,   0.790
202606290806,   0.400,   0.800,9999.000,9999.000,9999.000,9999.000,9999.000,9999.000,9999.000
202606290812,   0.393,   0.770,9999.000,9999.000,9999.000,9999.000,9999.000,9999.000,9999.000
202606290818,   0.386,   0.751,9999.000,9999.000,9999.000,9999.000,9999.000,9999.000,9999.000
202606290824,   0.380,   0.770,9999.000,9999.000,9999.000,9999.000,9999.000,9999.000,9999.000
202606290830,   0.371,   0.760,9999.000,9999.000,9999.000,9999.000,9999.000,9999.000,9999.000
202606290836,   0.364,   0.760,9999.000,9999.000,9999.000,9999.000,9999.000,9999.000,9999.000
202606290842,   0.357,   0.751,9999.000,9999.000,9999.000,9999.000,9999.000,9999.000,9999.000
202606290848,   0.350,   0.741,9999.000,9999.000,9999.000,9999.000,9999.000,9999.000,9999.000
202606290854,   0.342,   0.751,9999.000,9999.000,9999.000,9999.000,9999.000,9999.000,9999.000
202606290900,   0.335,   0.731,   0.400,  -0.004,   0.731,   0.400,   0.731,   0.400,   0.731
202606290906,   0.327,   0.741,9999.000,9999.000,9999.000,9999.000,9999.000,9999.000,9999.000
202606290912,   0.319,   0.718,9999.000,9999.000,9999.000,9999.000,9999.000,9999.000,9999.000
202606290918,   0.312,   0.718,9999.000,9999.000,9999.000,9999.000,9999.000,9999.000,9999.000
202606290924,   0.304,   0.741,9999.000,9999.000,9999.000,9999.000,9999.000,9999.000,9999.000
202606290930,   0.296,   0.718,9999.000,9999.000,9999.000,9999.000,9999.000,9999.000,9999.000
202606290936,   0.287,   0.678,9999.000,9999.000,9999.000,9999.000,9999.000,9999.000,9999.000
202606290942,   0.279,   0.698,9999.000,9999.000,9999.000,9999.000,9999.000,9999.000,9999.000
202606290948,   0.271,   0.698,9999.000,9999.000,9999.000,9999.000,9999.000,9999.000,9999.000
202606290954,   0.262,   0.688,9999.000,9999.000,9999.000,9999.000,9999.000,9999.000,9999.000
202606291000,   0.253,   0.678,   0.400,   0.025,   0.678,   0.400,   0.678,   0.400,   0.678
202606291006,   0.244,   0.639,9999.000,9999.000,9999.000,9999.000,9999.000,9999.000,9999.000
202606291012,   0.235,   0.649,9999.000,9999.000,9999.000,9999.000,9999.000,9999.000,9999.000
202606291018,   0.226,   0.610,9999.000,9999.000,9999.000,9999.000,9999.000,9999.000,9999.000
202606291024,   0.217,   0.600,9999.000,9999.000,9999.000,9999.000,9999.000,9999.000,9999.000
202606291030,   0.207,   0.590,9999.000,9999.000,9999.000,9999.000,9999.000,9999.000,9999.000
202606291036,   0.198,   0.580,9999.000,9999.000,9999.000,9999.000,9999.000,9999.000,9999.000
202606291042,   0.188,   0.551,9999.000,9999.000,9999.000,9999.000,9999.000,9999.000,9999.000
202606291048,   0.178,   0.541,9999.000,9999.000,9999.000,9999.000,9999.000,9999.000,9999.000
202606291054,   0.168,   0.531,9999.000,9999.000,9999.000,9999.000,9999.000,9999.000,9999.000
202606291100,   0.157,   0.518,   0.400,  -0.039,   0.518,   0.400,   0.518,   0.400,   0.518
202606291106,   0.147,   0.508,9999.000,9999.000,9999.000,9999.000,9999.000,9999.000,9999.000
202606291112,   0.136,   0.478,9999.000,9999.000,9999.000,9999.000,9999.000,9999.000,9999.000
202606291118,   0.126,   0.498,9999.000,9999.000,9999.000,9999.000,9999.000,9999.000,9999.000
202606291124,   0.115,   0.469,9999.000,9999.000,9999.000,9999.000,9999.000,9999.000,9999.000
202606291130,   0.104,   0.429,9999.000,9999.000,9999.000,9999.000,9999.000,9999.000,9999.000
202606291136,   0.093,   0.439,9999.000,9999.000,9999.000,9999.000,9999.000,9999.000,9999.000
202606291142,   0.083,9999.000,9999.000,9999.000,9999.000,9999.000,9999.000,9999.000,9999.000
202606291148,   0.072,   0.409,9999.000,9999.000,9999.000,9999.000,9999.000,9999.000,9999.000
202606291154,   0.061,   0.409,9999.000,9999.000,9999.000,9999.000,9999.000,9999.000,9999.000
202606291200,   0.050,   0.390,   0.400,  -0.060,   0.390,   0.300,   0.290,   0.400,   0.390
202606291206,   0.039,   0.360,9999.000,9999.000,9999.000,9999.000,9999.000,9999.000,9999.000
202606291212,   0.028,   0.350,9999.000,9999.000,9999.000,9999.000,9999.000,9999.000,9999.000
202606291218,   0.017,   0.360,9999.000,9999.000,9999.000,9999.000,9999.000,9999.000,9999.000
202606291224,   0.006,   0.331,9999.000,9999.000,9999.000,9999.000,9999.000,9999.000,9999.000
202606291230,  -0.004,   0.331,9999.000,9999.000,9999.000,9999.000,9999.000,9999.000,9999.000
202606291236,  -0.015,   0.321,9999.000,9999.000,9999.000,9999.000,9999.000,9999.000,9999.000
202606291242,  -0.025,   0.298,9999.000,9999.000,9999.000,9999.000,9999.000,9999.000,9999.000
202606291248,  -0.036,   0.288,9999.000,9999.000,9999.000,9999.000,9999.000,9999.000,9999.000
202606291254,  -0.046,   0.288,9999.000,9999.000,9999.000,9999.000,9999.000,9999.000,9999.000
202606291300,  -0.057,   0.288,   0.400,  -0.055,   0.288,   0.300,   0.188,   0.400,   0.288
202606291306,  -0.067,   0.308,9999.000,9999.000,9999.000,9999.000,9999.000,9999.000,9999.000
202606291312,  -0.077,   0.278,9999.000,9999.000,9999.000,9999.000,9999.000,9999.000,9999.000
202606291318,  -0.087,   0.278,9999.000,9999.000,9999.000,9999.000,9999.000,9999.000,9999.000
202606291324,  -0.096,   0.268,9999.000,9999.000,9999.000,9999.000,9999.000,9999.000,9999.000
202606291330,  -0.106,   0.259,9999.000,9999.000,9999.000,9999.000,9999.000,9999.000,9999.000
202606291336,  -0.115,   0.259,9999.000,9999.000,9999.000,9999.000,9999.000,9999.000,9999.000
202606291342,  -0.124,   0.239,9999.000,9999.000,9999.000,9999.000,9999.000,9999.000,9999.000
202606291348,  -0.132,   0.259,9999.000,9999.000,9999.000,9999.000,9999.000,9999.000,9999.000
202606291354,  -0.141,   0.219,9999.000,9999.000,9999.000,9999.000,9999.000,9999.000,9999.000
202606291400,  -0.149,   0.219,   0.400,  -0.032,   0.219,   0.400,   0.219,   0.400,   0.219
202606291406,  -0.156,   0.200,9999.000,9999.000,9999.000,9999.000,9999.000,9999.000,9999.000
202606291412,  -0.164,   0.190,9999.000,9999.000,9999.000,9999.000,9999.000,9999.000,9999.000
202606291418,  -0.171,   0.180,9999.000,9999.000,9999.000,9999.000,9999.000,9999.000,9999.000
202606291424,  -0.178,   0.190,9999.000,9999.000,9999.000,9999.000,9999.000,9999.000,9999.000
202606291430,  -0.185,   0.170,9999.000,9999.000,9999.000,9999.000,9999.000,9999.000,9999.000
202606291436,  -0.191,   0.141,9999.000,9999.000,9999.000,9999.000,9999.000,9999.000,9999.000
202606291442,  -0.197,   0.141,9999.000,9999.000,9999.000,9999.000,9999.000,9999.000,9999.000
202606291448,  -0.202,   0.121,9999.000,9999.000,9999.000,9999.000,9999.000,9999.000,9999.000
202606291454,  -0.207,   0.111,9999.000,9999.000,9999.000,9999.000,9999.000,9999.000,9999.000
202606291500,  -0.212,   0.098,   0.300,   0.010,   0.098,   0.300,   0.098,   0.400,   0.198
202606291506,  -0.217,   0.098,9999.000,9999.000,9999.000,9999.000,9999.000,9999.000,9999.000
202606291512,  -0.221,   0.088,9999.000,9999.000,9999.000,9999.000,9999.000,9999.000,9999.000
202606291518,  -0.224,   0.059,9999.000,9999.000,9999.000,9999.000,9999.000,9999.000,9999.000
202606291524,  -0.228,   0.068,9999.000,9999.000,9999.000,9999.000,9999.000,9999.000,9999.000
202606291530,  -0.231,   0.059,9999.000,9999.000,9999.000,9999.000,9999.000,9999.000,9999.000
202606291536,  -0.233,   0.049,9999.000,9999.000,9999.000,9999.000,9999.000,9999.000,9999.000
202606291542,  -0.235,   0.049,9999.000,9999.000,9999.000,9999.000,9999.000,9999.000,9999.000
202606291548,  -0.237,   0.049,9999.000,9999.000,9999.000,9999.000,9999.000,9999.000,9999.000
202606291554,  -0.238,   0.039,9999.000,9999.000,9999.000,9999.000,9999.000,9999.000,9999.000
202606291600,  -0.239,   0.049,   0.400,  -0.112,   0.049,   0.300,  -0.051,   0.400,   0.049
202606291606,  -0.240,   0.049,9999.000,9999.000,9999.000,9999.000,9999.000,9999.000,9999.000
202606291612,  -0.240,9999.000,9999.000,9999.000,9999.000,9999.000,9999.000,9999.000,9999.000
202606291618,  -0.239,9999.000,9999.000,9999.000,9999.000,9999.000,9999.000,9999.000,9999.000
202606291624,  -0.238,   0.075,9999.000,9999.000,9999.000,9999.000,9999.000,9999.000,9999.000
202606291630,  -0.237,9999.000,9999.000,9999.000,9999.000,9999.000,9999.000,9999.000,9999.000
202606291636,  -0.235,9999.000,9999.000,9999.000,9999.000,9999.000,9999.000,9999.000,9999.000
202606291642,  -0.233,   0.059,9999.000,9999.000,9999.000,9999.000,9999.000,9999.000,9999.000
202606291648,  -0.231,   0.068,9999.000,9999.000,9999.000,9999.000,9999.000,9999.000,9999.000
202606291654,  -0.227,   0.088,9999.000,9999.000,9999.000,9999.000,9999.000,9999.000,9999.000
202606291700,  -0.224,   0.068,   0.400,  -0.108,   0.068,   0.400,   0.068,   0.400,   0.068
202606291706,  -0.220,   0.098,9999.000,9999.000,9999.000,9999.000,9999.000,9999.000,9999.000
202606291712,  -0.215,   0.088,9999.000,9999.000,9999.000,9999.000,9999.000,9999.000,9999.000
202606291718,  -0.210,   0.088,9999.000,9999.000,9999.000,9999.000,9999.000,9999.000,9999.000
202606291724,  -0.205,   0.098,9999.000,9999.000,9999.000,9999.000,9999.000,9999.000,9999.000
202606291730,  -0.199,   0.098,9999.000,9999.000,9999.000,9999.000,9999.000,9999.000,9999.000
202606291736,  -0.192,   0.131,9999.000,9999.000,9999.000,9999.000,9999.000,9999.000,9999.000
202606291742,  -0.185,   0.141,9999.000,9999.000,9999.000,9999.000,9999.000,9999.000,9999.000
202606291748,  -0.178,   0.150,9999.000,9999.000,9999.000,9999.000,9999.000,9999.000,9999.000
202606291754,  -0.170,   0.219,9999.000,9999.000,9999.000,9999.000,9999.000,9999.000,9999.000
202606291800,  -0.161,   0.160,   0.400,  -0.079,   0.160,   0.300,   0.060,   0.400,   0.160
202606291806,  -0.152,   0.190,9999.000,9999.000,9999.000,9999.000,9999.000,9999.000,9999.000
202606291812,  -0.143,   0.190,9999.000,9999.000,9999.000,9999.000,9999.000,9999.000,9999.000
202606291818,  -0.133,   0.200,9999.000,9999.000,9999.000,9999.000,9999.000,9999.000,9999.000
202606291824,  -0.122,   0.200,9999.000,9999.000,9999.000,9999.000,9999.000,9999.000,9999.000
202606291830,  -0.111,   0.219,9999.000,9999.000,9999.000,9999.000,9999.000,9999.000,9999.000
202606291836,  -0.100,   0.209,9999.000,9999.000,9999.000,9999.000,9999.000,9999.000,9999.000
202606291842,  -0.088,   0.229,9999.000,9999.000,9999.000,9999.000,9999.000,9999.000,9999.000
202606291848,  -0.075,   0.249,9999.000,9999.000,9999.000,9999.000,9999.000,9999.000,9999.000
202606291854,  -0.062,   0.249,9999.000,9999.000,9999.000,9999.000,9999.000,9999.000,9999.000
202606291900,  -0.049,   0.278,   0.400,  -0.073,   0.278,   0.300,   0.178,   0.400,   0.278
202606291906,  -0.035,   0.278,9999.000,9999.000,9999.000,9999.000,9999.000,9999.000,9999.000
202606291912,  -0.020,   0.298,9999.000,9999.000,9999.000,9999.000,9999.000,9999.000,9999.000
202606291918,  -0.006,   0.321,9999.000,9999.000,9999.000,9999.000,9999.000,9999.000,9999.000
202606291924,   0.009,   0.341,9999.000,9999.000,9999.000,9999.000,9999.000,9999.000,9999.000
202606291930,   0.025,   0.350,9999.000,9999.000,9999.000,9999.000,9999.000,9999.000,9999.000
202606291936,   0.041,   0.370,9999.000,9999.000,9999.000,9999.000,9999.000,9999.000,9999.000
202606291942,   0.057,   0.400,9999.000,9999.000,9999.000,9999.000,9999.000,9999.000,9999.000
202606291948,   0.074,   0.419,9999.000,9999.000,9999.000,9999.000,9999.000,9999.000,9999.000
202606291954,   0.091,   0.449,9999.000,9999.000,9999.000,9999.000,9999.000,9999.000,9999.000
202606292000,   0.109,   0.478,   0.400,  -0.031,   0.478,   0.400,   0.478,   0.400,   0.478
202606292006,   0.127,   0.488,9999.000,9999.000,9999.000,9999.000,9999.000,9999.000,9999.000
202606292012,   0.145,   0.508,9999.000,9999.000,9999.000,9999.000,9999.000,9999.000,9999.000
202606292018,   0.164,   0.551,9999.000,9999.000,9999.000,9999.000,9999.000,9999.000,9999.000
202606292024,   0.183,   0.560,9999.000,9999.000,9999.000,9999.000,9999.000,9999.000,9999.000
202606292030,   0.202,   0.590,9999.000,9999.000,9999.000,9999.000,9999.000,9999.000,9999.000
202606292036,   0.221,   0.610,9999.000,9999.000,9999.000,9999.000,9999.000,9999.000,9999.000
202606292042,   0.240,   0.619,9999.000,9999.000,9999.000,9999.000,9999.000,9999.000,9999.000
202606292048,   0.260,   0.639,9999.000,9999.000,9999.000,9999.000,9999.000,9999.000,9999.000
202606292054,   0.279,   0.659,9999.000,9999.000,9999.000,9999.000,9999.000,9999.000,9999.000
202606292100,   0.299,   0.678,   0.400,  -0.021,   0.678,   0.400,   0.678,   0.400,   0.678
202606292106,   0.319,   0.688,9999.000,9999.000,9999.000,9999.000,9999.000,9999.000,9999.000
202606292112,   0.339,   0.708,9999.000,9999.000,9999.000,9999.000,9999.000,9999.000,9999.000
202606292118,   0.358,   0.718,9999.000,9999.000,9999.000,9999.000,9999.000,9999.000,9999.000
202606292124,   0.378,   0.741,9999.000,9999.000,9999.000,9999.000,9999.000,9999.000,9999.000
202606292130,   0.398,   0.770,9999.000,9999.000,9999.000,9999.000,9999.000,9999.000,9999.000
202606292136,   0.418,   0.790,9999.000,9999.000,9999.000,9999.000,9999.000,9999.000,9999.000
202606292142,   0.437,   0.800,9999.000,9999.000,9999.000,9999.000,9999.000,9999.000,9999.000
202606292148,   0.456,   0.810,9999.000,9999.000,9999.000,9999.000,9999.000,9999.000,9999.000
202606292154,   0.475,9999.000,9999.000,9999.000,9999.000,9999.000,9999.000,9999.000,9999.000
202606292200,   0.494,9999.000,   0.400,9999.000,   0.894,   0.400,   0.894,   0.400,   0.894
202606292206,   0.513,9999.000,9999.000,9999.000,9999.000,9999.000,9999.000,9999.000,9999.000
202606292212,   0.531,9999.000,9999.000,9999.000,9999.000,9999.000,9999.000,9999.000,9999.000
202606292218,   0.550,9999.000,9999.000,9999.000,9999.000,9999.000,9999.000,9999.000,9999.000
202606292224,   0.567,   1.006,9999.000,9999.000,9999.000,9999.000,9999.000,9999.000,9999.000
202606292230,   0.585,9999.000,9999.000,9999.000,9999.000,9999.000,9999.000,9999.000,9999.000
202606292236,   0.602,9999.000,9999.000,9999.000,9999.000,9999.000,9999.000,9999.000,9999.000
202606292242,   0.618,9999.000,9999.000,9999.000,9999.000,9999.000,9999.000,9999.000,9999.000
202606292248,   0.635,9999.000,9999.000,9999.000,9999.000,9999.000,9999.000,9999.000,9999.000
202606292254,   0.650,   1.062,9999.000,9999.000,9999.000,9999.000,9999.000,9999.000,9999.000
202606292300,   0.666,   1.010,   0.400,  -0.056,   1.010,   0.400,   1.010,   0.400,   1.010
202606292306,   0.681,   1.020,9999.000,9999.000,9999.000,9999.000,9999.000,9999.000,9999.000
202606292312,   0.695,   1.029,9999.000,9999.000,9999.000,9999.000,9999.000,9999.000,9999.000
202606292318,   0.709,   1.039,9999.000,9999.000,9999.000,9999.000,9999.000,9999.000,9999.000
202606292324,   0.722,   1.111,9999.000,9999.000,9999.000,9999.000,9999.000,9999.000,9999.000
202606292330,   0.735,   1.059,9999.000,9999.000,9999.000,9999.000,9999.000,9999.000,9999.000
202606292336,   0.747,   1.088,9999.000,9999.000,9999.000,9999.000,9999.000,9999.000,9999.000
202606292342,   0.759,   1.088,9999.000,9999.000,9999.000,9999.000,9999.000,9999.000,9999.000
202606292348,   0.770,   1.098,9999.000,9999.000,9999.000,9999.000,9999.000,9999.000,9999.000
202606292354,   0.781,   1.108,9999.000,9999.000,9999.000,9999.000,9999.000,9999.000,9999.000
202606300000,   0.791,   1.108,   0.400,  -0.083,   1.108,   0.400,   1.108,   0.400,   1.108
202606300006,   0.800,   1.108,9999.000,9999.000,9999.000,9999.000,9999.000,9999.000,9999.000
202606300012,   0.809,   1.138,9999.000,9999.000,9999.000,9999.000,9999.000,9999.000,9999.000
202606300018,   0.817,   1.151,9999.000,9999.000,9999.000,9999.000,9999.000,9999.000,9999.000
202606300024,   0.825,9999.000,9999.000,9999.000,9999.000,9999.000,9999.000,9999.000,9999.000
202606300030,   0.832,   1.161,9999.000,9999.000,9999.000,9999.000,9999.000,9999.000,9999.000
202606300036,   0.839,   1.161,9999.000,9999.000,9999.000,9999.000,9999.000,9999.000,9999.000
202606300042,   0.845,   1.161,9999.000,9999.000,9999.000,9999.000,9999.000,9999.000,9999.000
202606300048,   0.850,   1.161,9999.000,9999.000,9999.000,9999.000,9999.000,9999.000,9999.000
202606300054,   0.855,   1.197,9999.000,9999.000,9999.000,9999.000,9999.000,9999.000,9999.000
202606300100,   0.859,   1.180,   0.400,  -0.079,   1.180,   0.400,   1.180,   0.400,   1.180
202606300106,   0.863,   1.190,9999.000,9999.000,9999.000,9999.000,9999.000,9999.000,9999.000
202606300112,   0.866,   1.180,9999.000,9999.000,9999.000,9999.000,9999.000,9999.000,9999.000
202606300118,   0.869,   1.190,9999.000,9999.000,9999.000,9999.000,9999.000,9999.000,9999.000
202606300124,   0.871,   1.190,9999.000,9999.000,9999.000,9999.000,9999.000,9999.000,9999.000
202606300130,   0.873,   1.200,9999.000,9999.000,9999.000,9999.000,9999.000,9999.000,9999.000
202606300136,   0.875,   1.200,9999.000,9999.000,9999.000,9999.000,9999.000,9999.000,9999.000
202606300142,   0.875,   1.200,9999.000,9999.000,9999.000,9999.000,9999.000,9999.000,9999.000
202606300148,   0.876,   1.190,9999.000,9999.000,9999.000,9999.000,9999.000,9999.000,9999.000
202606300154,   0.876,   1.184,9999.000,9999.000,9999.000,9999.000,9999.000,9999.000,9999.000
202606300200,   0.875,   1.180,   0.400,  -0.095,   1.180,   0.400,   1.180,   0.400,   1.180
202606300206,   0.874,   1.190,9999.000,9999.000,9999.000,9999.000,9999.000,9999.000,9999.000
202606300212,   0.873,   1.200,9999.000,9999.000,9999.000,9999.000,9999.000,9999.000,9999.000
202606300218,   0.871,   1.200,9999.000,9999.000,9999.000,9999.000,9999.000,9999.000,9999.000
202606300224,   0.869,   1.190,9999.000,9999.000,9999.000,9999.000,9999.000,9999.000,9999.000
202606300230,   0.866,   1.180,9999.000,9999.000,9999.000,9999.000,9999.000,9999.000,9999.000
202606300236,   0.864,   1.170,9999.000,9999.000,9999.000,9999.000,9999.000,9999.000,9999.000
202606300242,   0.860,   1.180,9999.000,9999.000,9999.000,9999.000,9999.000,9999.000,9999.000
202606300248,   0.857,   1.151,9999.000,9999.000,9999.000,9999.000,9999.000,9999.000,9999.000
202606300254,   0.853,   1.151,9999.000,9999.000,9999.000,9999.000,9999.000,9999.000,9999.000
202606300300,   0.849,   1.151,   0.400,  -0.098,   1.151,   0.400,   1.151,   0.400,   1.151
202606300306,   0.844,   1.138,9999.000,9999.000,9999.000,9999.000,9999.000,9999.000,9999.000
202606300312,   0.840,   1.108,9999.000,9999.000,9999.000,9999.000,9999.000,9999.000,9999.000
202606300318,   0.835,   1.098,9999.000,9999.000,9999.000,9999.000,9999.000,9999.000,9999.000
202606300324,   0.829,   1.108,9999.000,9999.000,9999.000,9999.000,9999.000,9999.000,9999.000
202606300330,   0.824,   1.088,9999.000,9999.000,9999.000,9999.000,9999.000,9999.000,9999.000
202606300336,   0.818,   1.079,9999.000,9999.000,9999.000,9999.000,9999.000,9999.000,9999.000
202606300342,   0.812,   1.088,9999.000,9999.000,9999.000,9999.000,9999.000,9999.000,9999.000
202606300348,   0.806,   1.069,9999.000,9999.000,9999.000,9999.000,9999.000,9999.000,9999.000
202606300354,   0.799,   1.059,9999.000,9999.000,9999.000,9999.000,9999.000,9999.000,9999.000
202606300400,   0.793,   1.039,   0.400,  -0.154,   1.039,   0.400,   1.039,   0.400,   1.039
202606300406,   0.786,   1.029,9999.000,9999.000,9999.000,9999.000,9999.000,9999.000,9999.000
202606300412,   0.779,   1.029,9999.000,9999.000,9999.000,9999.000,9999.000,9999.000,9999.000
202606300418,   0.772,   1.049,9999.000,9999.000,9999.000,9999.000,9999.000,9999.000,9999.000
202606300424,   0.764,   1.039,9999.000,9999.000,9999.000,9999.000,9999.000,9999.000,9999.000
202606300430,   0.757,   1.020,9999.000,9999.000,9999.000,9999.000,9999.000,9999.000,9999.000
202606300436,   0.749,   1.029,9999.000,9999.000,9999.000,9999.000,9999.000,9999.000,9999.000
202606300442,   0.742,   1.039,9999.000,9999.000,9999.000,9999.000,9999.000,9999.000,9999.000
202606300448,   0.734,   1.010,9999.000,9999.000,9999.000,9999.000,9999.000,9999.000,9999.000
202606300454,   0.726,   1.029,9999.000,9999.000,9999.000,9999.000,9999.000,9999.000,9999.000
202606300500,   0.717,   1.020,   0.400,  -0.097,   1.020,   0.400,   1.020,   0.400,   1.020
202606300506,   0.709,   1.010,9999.000,9999.000,9999.000,9999.000,9999.000,9999.000,9999.000
202606300512,   0.701,   1.000,9999.000,9999.000,9999.000,9999.000,9999.000,9999.000,9999.000
202606300518,   0.693,   1.000,9999.000,9999.000,9999.000,9999.000,9999.000,9999.000,9999.000
202606300524,   0.684,   1.000,9999.000,9999.000,9999.000,9999.000,9999.000,9999.000,9999.000
202606300530,   0.676,   0.990,9999.000,9999.000,9999.000,9999.000,9999.000,9999.000,9999.000
202606300536,   0.667,   0.980,9999.000,9999.000,9999.000,9999.000,9999.000,9999.000,9999.000
202606300542,   0.659,   0.970,9999.000,9999.000,9999.000,9999.000,9999.000,9999.000,9999.000
202606300548,   0.650,   0.961,9999.000,9999.000,9999.000,9999.000,9999.000,9999.000,9999.000
202606300554,   0.641,   0.951,9999.000,9999.000,9999.000,9999.000,9999.000,9999.000,9999.000
202606300600,   0.633,   0.951,   0.400,  -0.082,   0.951,   0.400,   0.951,   0.400,   0.951
202606300606,   0.624,   0.941,9999.000,9999.000,9999.000,9999.000,9999.000,9999.000,9999.000
202606300612,   0.615,   0.928,9999.000,9999.000,9999.000,9999.000,9999.000,9999.000,9999.000
202606300618,   0.607,   0.928,9999.000,9999.000,9999.000,9999.000,9999.000,9999.000,9999.000
202606300624,   0.598,   0.928,9999.000,9999.000,9999.000,9999.000,9999.000,9999.000,9999.000
202606300630,   0.589,   0.928,9999.000,9999.000,9999.000,9999.000,9999.000,9999.000,9999.000
202606300636,   0.581,   0.918,9999.000,9999.000,9999.000,9999.000,9999.000,9999.000,9999.000
202606300642,   0.572,   0.898,9999.000,9999.000,9999.000,9999.000,9999.000,9999.000,9999.000
202606300648,   0.564,   0.908,9999.000,9999.000,9999.000,9999.000,9999.000,9999.000,9999.000
202606300654,   0.555,   0.898,9999.000,9999.000,9999.000,9999.000,9999.000,9999.000,9999.000
202606300700,   0.547,   0.888,   0.400,  -0.059,   0.888,   0.300,   0.788,   0.400,   0.888
202606300706,   0.538,   0.879,9999.000,9999.000,9999.000,9999.000,9999.000,9999.000,9999.000
202606300712,   0.530,   0.879,9999.000,9999.000,9999.000,9999.000,9999.000,9999.000,9999.000
202606300718,   0.522,   0.859,9999.000,9999.000,9999.000,9999.000,9999.000,9999.000,9999.000
202606300724,   0.514,   0.859,9999.000,9999.000,9999.000,9999.000,9999.000,9999.000,9999.000
202606300730,   0.506,   0.849,9999.000,9999.000,9999.000,9999.000,9999.000,9999.000,9999.000
202606300736,   0.498,   0.839,9999.000,9999.000,9999.000,9999.000,9999.000,9999.000,9999.000
202606300742,   0.490,   0.839,9999.000,9999.000,9999.000,9999.000,9999.000,9999.000,9999.000
202606300748,   0.482,   0.829,9999.000,9999.000,9999.000,9999.000,9999.000,9999.000,9999.000
202606300754,   0.474,   0.810,9999.000,9999.000,9999.000,9999.000,9999.000,9999.000,9999.000
202606300800,   0.467,   0.790,   0.400,  -0.077,   0.790,   0.400,   0.790,   0.400,   0.790
202606300806,   0.459,   0.800,9999.000,9999.000,9999.000,9999.000,9999.000,9999.000,9999.000
202606300812,   0.452,   0.780,9999.000,9999.000,9999.000,9999.000,9999.000,9999.000,9999.000
202606300818,   0.444,   0.780,9999.000,9999.000,9999.000,9999.000,9999.000,9999.000,9999.000
202606300824,   0.437,   0.790,9999.000,9999.000,9999.000,9999.000,9999.000,9999.000,9999.000
202606300830,   0.429,   0.780,9999.000,9999.000,9999.000,9999.000,9999.000,9999.000,9999.000
202606300836,   0.422,   0.770,9999.000,9999.000,9999.000,9999.000,9999.000,9999.000,9999.000
202606300842,   0.415,   0.780,9999.000,9999.000,9999.000,9999.000,9999.000,9999.000,9999.000
202606300848,   0.408,   0.751,9999.000,9999.000,9999.000,9999.000,9999.000,9999.000,9999.000
202606300854,   0.400,   0.751,9999.000,9999.000,9999.000,9999.000,9999.000,9999.000,9999.000
202606300900,   0.393,   0.770,   0.400,  -0.023,   0.770,   0.400,   0.770,   0.400,   0.770
202606300906,   0.386,   0.751,9999.000,9999.000,9999.000,9999.000,9999.000,9999.000,9999.000
202606300912,   0.380,   0.731,9999.000,9999.000,9999.000,9999.000,9999.000,9999.000,9999.000
202606300918,   0.372,   0.708,9999.000,9999.000,9999.000,9999.000,9999.000,9999.000,9999.000
202606300924,   0.365,   0.698,9999.000,9999.000,9999.000,9999.000,9999.000,9999.000,9999.000
202606300930,   0.358,   0.698,9999.000,9999.000,9999.000,9999.000,9999.000,9999.000,9999.000
202606300936,   0.351,   0.688,9999.000,9999.000,9999.000,9999.000,9999.000,9999.000,9999.000
202606300942,   0.343,   0.669,9999.000,9999.000,9999.000,9999.000,9999.000,9999.000,9999.000
202606300948,   0.336,   0.678,9999.000,9999.000,9999.000,9999.000,9999.000,9999.000,9999.000
202606300954,   0.329,   0.669,9999.000,9999.000,9999.000,9999.000,9999.000,9999.000,9999.000
202606301000,   0.321,   0.669,   0.400,  -0.052,   0.669,   0.400,   0.669,   0.400,   0.669
202606301006,   0.314,   0.649,9999.000,9999.000,9999.000,9999.000,9999.000,9999.000,9999.000
202606301012,   0.306,   0.649,9999.000,9999.000,9999.000,9999.000,9999.000,9999.000,9999.000
202606301018,   0.298,   0.639,9999.000,9999.000,9999.000,9999.000,9999.000,9999.000,9999.000
202606301024,   0.291,   0.629,9999.000,9999.000,9999.000,9999.000,9999.000,9999.000,9999.000
202606301030,   0.283,   0.629,9999.000,9999.000,9999.000,9999.000,9999.000,9999.000,9999.000
202606301036,   0.275,   0.619,9999.000,9999.000,9999.000,9999.000,9999.000,9999.000,9999.000
202606301042,   0.267,   0.600,9999.000,9999.000,9999.000,9999.000,9999.000,9999.000,9999.000
202606301048,   0.258,   0.590,9999.000,9999.000,9999.000,9999.000,9999.000,9999.000,9999.000
202606301054,   0.250,   0.580,9999.000,9999.000,9999.000,9999.000,9999.000,9999.000,9999.000
202606301100,   0.241,   0.570,   0.400,  -0.071,   0.570,   0.400,   0.570,   0.400,   0.570
202606301106,   0.232,   0.570,9999.000,9999.000,9999.000,9999.000,9999.000,9999.000,9999.000
202606301112,   0.224,   0.560,9999.000,9999.000,9999.000,9999.000,9999.000,9999.000,9999.000
202606301118,   0.214,   0.560,9999.000,9999.000,9999.000,9999.000,9999.000,9999.000,9999.000
202606301124,   0.205,   0.541,9999.000,9999.000,9999.000,9999.000,9999.000,9999.000,9999.000
202606301130,   0.196,   0.531,9999.000,9999.000,9999.000,9999.000,9999.000,9999.000,9999.000
202606301136,   0.186,   0.531,9999.000,9999.000,9999.000,9999.000,9999.000,9999.000,9999.000
202606301142,   0.177,   0.518,9999.000,9999.000,9999.000,9999.000,9999.000,9999.000,9999.000
202606301148,   0.167,   0.508,9999.000,9999.000,9999.000,9999.000,9999.000,9999.000,9999.000
202606301154,   0.157,   0.488,9999.000,9999.000,9999.000,9999.000,9999.000,9999.000,9999.000
202606301200,   0.147,   0.488,   0.300,   0.041,   0.488,   0.300,   0.488,   0.400,   0.588
202606301206,   0.137,   0.478,9999.000,9999.000,9999.000,9999.000,9999.000,9999.000,9999.000
202606301212,   0.127,   0.469,9999.000,9999.000,9999.000,9999.000,9999.000,9999.000,9999.000
202606301218,   0.116,   0.469,9999.000,9999.000,9999.000,9999.000,9999.000,9999.000,9999.000
202606301224,   0.106,   0.449,9999.000,9999.000,9999.000,9999.000,9999.000,9999.000,9999.000
202606301230,   0.095,   0.449,9999.000,9999.000,9999.000,9999.000,9999.000,9999.000,9999.000
202606301236,   0.084,   0.429,9999.000,9999.000,9999.000,9999.000,9999.000,9999.000,9999.000
202606301242,   0.074,   0.419,9999.000,9999.000,9999.000,9999.000,9999.000,9999.000,9999.000
202606301248,   0.063,   0.419,9999.000,9999.000,9999.000,9999.000,9999.000,9999.000,9999.000
202606301254,   0.052,   0.409,9999.000,9999.000,9999.000,9999.000,9999.000,9999.000,9999.000
202606301300,   0.042,   0.400,   0.300,   0.058,   0.400,   0.300,   0.400,   0.400,   0.500
202606301306,   0.031,   0.390,9999.000,9999.000,9999.000,9999.000,9999.000,9999.000,9999.000
202606301312,   0.020,   0.370,9999.000,9999.000,9999.000,9999.000,9999.000,9999.000,9999.000
202606301318,   0.009,   0.360,9999.000,9999.000,9999.000,9999.000,9999.000,9999.000,9999.000
202606301324,   0.000,   0.341,9999.000,9999.000,9999.000,9999.000,9999.000,9999.000,9999.000
202606301330,  -0.011,   0.321,9999.000,9999.000,9999.000,9999.000,9999.000,9999.000,9999.000
202606301336,  -0.021,   0.341,9999.000,9999.000,9999.000,9999.000,9999.000,9999.000,9999.000
202606301342,  -0.031,   0.331,9999.000,9999.000,9999.000,9999.000,9999.000,9999.000,9999.000
202606301348,  -0.042,   0.321,9999.000,9999.000,9999.000,9999.000,9999.000,9999.000,9999.000
202606301354,  -0.052,   0.331,9999.000,9999.000,9999.000,9999.000,9999.000,9999.000,9999.000
202606301400,  -0.061,   0.298,   0.400,  -0.041,   0.298,   0.300,   0.198,   0.400,   0.298
202606301406,  -0.071,   0.288,9999.000,9999.000,9999.000,9999.000,9999.000,9999.000,9999.000
202606301412,  -0.081,   0.288,9999.000,9999.000,9999.000,9999.000,9999.000,9999.000,9999.000
202606301418,  -0.090,   0.288,9999.000,9999.000,9999.000,9999.000,9999.000,9999.000,9999.000
202606301424,  -0.099,   0.288,9999.000,9999.000,9999.000,9999.000,9999.000,9999.000,9999.000
202606301430,  -0.108,   0.268,9999.000,9999.000,9999.000,9999.000,9999.000,9999.000,9999.000
202606301436,  -0.116,   0.268,9999.000,9999.000,9999.000,9999.000,9999.000,9999.000,9999.000
202606301442,  -0.124,   0.259,9999.000,9999.000,9999.000,9999.000,9999.000,9999.000,9999.000
202606301448,  -0.132,   0.239,9999.000,9999.000,9999.000,9999.000,9999.000,9999.000,9999.000
202606301454,  -0.140,   0.219,9999.000,9999.000,9999.000,9999.000,9999.000,9999.000,9999.000
202606301500,  -0.147,   0.209,   0.300,   0.056,   0.209,   0.300,   0.209,   0.400,   0.309
202606301506,  -0.154,   0.219,9999.000,9999.000,9999.000,9999.000,9999.000,9999.000,9999.000
202606301512,  -0.161,9999.000,9999.000,9999.000,9999.000,9999.000,9999.000,9999.000,9999.000
202606301518,  -0.167,9999.000,9999.000,9999.000,9999.000,9999.000,9999.000,9999.000,9999.000
202606301524,  -0.173,   0.124,9999.000,9999.000,9999.000,9999.000,9999.000,9999.000,9999.000
202606301530,  -0.178,   0.150,9999.000,9999.000,9999.000,9999.000,9999.000,9999.000,9999.000
202606301536,  -0.183,   0.150,9999.000,9999.000,9999.000,9999.000,9999.000,9999.000,9999.000
202606301542,  -0.188,   0.150,9999.000,9999.000,9999.000,9999.000,9999.000,9999.000,9999.000
202606301548,  -0.192,   0.141,9999.000,9999.000,9999.000,9999.000,9999.000,9999.000,9999.000
202606301554,  -0.196,   0.131,9999.000,9999.000,9999.000,9999.000,9999.000,9999.000,9999.000
202606301600,  -0.199,   0.121,   0.400,  -0.080,   0.121,   0.300,   0.021,   0.400,   0.121
202606301606,  -0.202,   0.121,9999.000,9999.000,9999.000,9999.000,9999.000,9999.000,9999.000
202606301612,  -0.205,9999.000,9999.000,9999.000,9999.000,9999.000,9999.000,9999.000,9999.000
202606301618,  -0.207,   0.111,9999.000,9999.000,9999.000,9999.000,9999.000,9999.000,9999.000
202606301624,  -0.209,   0.121,9999.000,9999.000,9999.000,9999.000,9999.000,9999.000,9999.000
202606301630,  -0.210,   0.111,9999.000,9999.000,9999.000,9999.000,9999.000,9999.000,9999.000
202606301636,  -0.211,   0.141,9999.000,9999.000,9999.000,9999.000,9999.000,9999.000,9999.000
202606301642,  -0.211,   0.121,9999.000,9999.000,9999.000,9999.000,9999.000,9999.000,9999.000
202606301648,  -0.211,   0.121,9999.000,9999.000,9999.000,9999.000,9999.000,9999.000,9999.000
202606301654,  -0.211,   0.170,9999.000,9999.000,9999.000,9999.000,9999.000,9999.000,9999.000
202606301700,  -0.210,   0.170,   0.400,  -0.020,   0.170,   0.400,   0.170,   0.400,   0.170
202606301706,  -0.208,9999.000,9999.000,9999.000,9999.000,9999.000,9999.000,9999.000,9999.000
202606301712,  -0.206,9999.000,9999.000,9999.000,9999.000,9999.000,9999.000,9999.000,9999.000
202606301718,  -0.204,9999.000,9999.000,9999.000,9999.000,9999.000,9999.000,9999.000,9999.000
202606301724,  -0.201,   0.170,9999.000,9999.000,9999.000,9999.000,9999.000,9999.000,9999.000
202606301730,  -0.197,   0.170,9999.000,9999.000,9999.000,9999.000,9999.000,9999.000,9999.000
202606301736,  -0.194,   0.180,9999.000,9999.000,9999.000,9999.000,9999.000,9999.000,9999.000
202606301742,  -0.189,   0.190,9999.000,9999.000,9999.000,9999.000,9999.000,9999.000,9999.000
202606301748,  -0.185,   0.200,9999.000,9999.000,9999.000,9999.000,9999.000,9999.000,9999.000
202606301754,  -0.179,9999.000,9999.000,9999.000,9999.000,9999.000,9999.000,9999.000,9999.000
202606301800,  -0.174,9999.000,   0.400,9999.000,   0.226,   0.400,   0.226,   0.400,   0.226
202606301806,  -0.167,9999.000,9999.000,9999.000,9999.000,9999.000,9999.000,9999.000,9999.000
202606301812,  -0.161,9999.000,9999.000,9999.000,9999.000,9999.000,9999.000,9999.000,9999.000
202606301818,  -0.154,9999.000,9999.000,9999.000,9999.000,9999.000,9999.000,9999.000,9999.000
202606301824,  -0.146,   0.331,9999.000,9999.000,9999.000,9999.000,9999.000,9999.000,9999.000
202606301830,  -0.138,9999.000,9999.000,9999.000,9999.000,9999.000,9999.000,9999.000,9999.000
202606301836,  -0.129,9999.000,9999.000,9999.000,9999.000,9999.000,9999.000,9999.000,9999.000
202606301842,  -0.120,9999.000,9999.000,9999.000,9999.000,9999.000,9999.000,9999.000,9999.000
202606301848,  -0.111,9999.000,9999.000,9999.000,9999.000,9999.000,9999.000,9999.000,9999.000
202606301854,  -0.101,   0.298,9999.000,9999.000,9999.000,9999.000,9999.000,9999.000,9999.000
202606301900,  -0.090,   0.331,   0.400,   0.021,   0.331,   0.400,   0.331,   0.400,   0.331
202606301906,  -0.079,   0.341,9999.000,9999.000,9999.000,9999.000,9999.000,9999.000,9999.000
202606301912,  -0.068,   0.350,9999.000,9999.000,9999.000,9999.000,9999.000,9999.000,9999.000
202606301918,  -0.056,   0.350,9999.000,9999.000,9999.000,9999.000,9999.000,9999.000,9999.000
202606301924,  -0.043,   0.370,9999.000,9999.000,9999.000,9999.000,9999.000,9999.000,9999.000
202606301930,  -0.031,   0.390,9999.000,9999.000,9999.000,9999.000,9999.000,9999.000,9999.000
202606301936,  -0.017,   0.400,9999.000,9999.000,9999.000,9999.000,9999.000,9999.000,9999.000
202606301942,  -0.004,   0.409,9999.000,9999.000,9999.000,9999.000,9999.000,9999.000,9999.000
202606301948,   0.010,   0.439,9999.000,9999.000,9999.000,9999.000,9999.000,9999.000,9999.000
202606301954,   0.024,   0.429,9999.000,9999.000,9999.000,9999.000,9999.000,9999.000,9999.000
202606302000,   0.039,   0.439,   0.400,   0.000,   0.439,   0.400,   0.439,   0.400,   0.439
202606302006,   0.055,   0.469,9999.000,9999.000,9999.000,9999.000,9999.000,9999.000,9999.000
202606302012,   0.071,   0.469,9999.000,9999.000,9999.000,9999.000,9999.000,9999.000,9999.000
202606302018,   0.087,   0.488,9999.000,9999.000,9999.000,9999.000,9999.000,9999.000,9999.000
202606302024,   0.104,   0.531,9999.000,9999.000,9999.000,9999.000,9999.000,9999.000,9999.000
202606302030,   0.120,   0.518,9999.000,9999.000,9999.000,9999.000,9999.000,9999.000,9999.000
202606302036,   0.138,   0.541,9999.000,9999.000,9999.000,9999.000,9999.000,9999.000,9999.000
202606302042,   0.156,   0.551,9999.000,9999.000,9999.000,9999.000,9999.000,9999.000,9999.000
202606302048,   0.173,   0.560,9999.000,9999.000,9999.000,9999.000,9999.000,9999.000,9999.000
202606302054,   0.192,   0.600,9999.000,9999.000,9999.000,9999.000,9999.000,9999.000,9999.000
202606302100,   0.210,   0.619,   0.400,   0.009,   0.619,   0.400,   0.619,   0.400,   0.619
202606302106,   0.229,   0.649,9999.000,9999.000,9999.000,9999.000,9999.000,9999.000,9999.000
202606302112,   0.248,   0.669,9999.000,9999.000,9999.000,9999.000,9999.000,9999.000,9999.000
202606302118,   0.267,   0.688,9999.000,9999.000,9999.000,9999.000,9999.000,9999.000,9999.000
202606302124,   0.287,   0.708,9999.000,9999.000,9999.000,9999.000,9999.000,9999.000,9999.000
202606302130,   0.306,   0.718,9999.000,9999.000,9999.000,9999.000,9999.000,9999.000,9999.000
202606302136,   0.326,   0.751,9999.000,9999.000,9999.000,9999.000,9999.000,9999.000,9999.000
202606302142,   0.345,   0.770,9999.000,9999.000,9999.000,9999.000,9999.000,9999.000,9999.000
202606302148,   0.365,   0.780,9999.000,9999.000,9999.000,9999.000,9999.000,9999.000,9999.000
202606302154,   0.385,   0.800,9999.000,9999.000,9999.000,9999.000,9999.000,9999.000,9999.000
202606302200,   0.405,   0.839,   0.400,   0.034,   0.839,   0.400,   0.839,   0.400,   0.839
202606302206,   0.425,   0.849,9999.000,9999.000,9999.000,9999.000,9999.000,9999.000,9999.000
202606302212,   0.444,   0.859,9999.000,9999.000,9999.000,9999.000,9999.000,9999.000,9999.000
202606302218,   0.464,   0.869,9999.000,9999.000,9999.000,9999.000,9999.000,9999.000,9999.000
202606302224,   0.484,   0.888,9999.000,9999.000,9999.000,9999.000,9999.000,9999.000,9999.000
202606302230,   0.503,   0.918,9999.000,9999.000,9999.000,9999.000,9999.000,9999.000,9999.000
202606302236,   0.522,   0.928,9999.000,9999.000,9999.000,9999.000,9999.000,9999.000,9999.000
202606302242,   0.541,   0.928,9999.000,9999.000,9999.000,9999.000,9999.000,9999.000,9999.000
202606302248,   0.560,   0.961,9999.000,9999.000,9999.000,9999.000,9999.000,9999.000,9999.000
202606302254,   0.578,   0.970,9999.000,9999.000,9999.000,9999.000,9999.000,9999.000,9999.000
202606302300,   0.596,   0.990,   0.400,  -0.006,   0.990,   0.400,   0.990,   0.400,   0.990
202606302306,   0.614,9999.000,9999.000,9999.000,9999.000,9999.000,9999.000,9999.000,9999.000
202606302312,   0.631,9999.000,9999.000,9999.000,9999.000,9999.000,9999.000,9999.000,9999.000
202606302318,   0.648,9999.000,9999.000,9999.000,9999.000,9999.000,9999.000,9999.000,9999.000
202606302324,   0.665,   1.134,9999.000,9999.000,9999.000,9999.000,9999.000,9999.000,9999.000
202606302330,   0.681,   1.069,9999.000,9999.000,9999.000,9999.000,9999.000,9999.000,9999.000
202606302336,   0.697,   1.079,9999.000,9999.000,9999.000,9999.000,9999.000,9999.000,9999.000
202606302342,   0.712,   1.108,9999.000,9999.000,9999.000,9999.000,9999.000,9999.000,9999.000
202606302348,   0.727,   1.138,9999.000,9999.000,9999.000,9999.000,9999.000,9999.000,9999.000
202606302354,   0.741,   1.128,9999.000,9999.000,9999.000,9999.000,9999.000,9999.000,9999.000
202607010000,   0.755,   1.138,   0.400,  -0.017,   1.138,   0.400,   1.138,   0.400,   1.138
202607010006,   0.768,   1.161,9999.000,9999.000,9999.000,9999.000,9999.000,9999.000,9999.000
202607010012,   0.780,   1.170,9999.000,9999.000,9999.000,9999.000,9999.000,9999.000,9999.000
202607010018,   0.792,   1.170,9999.000,9999.000,9999.000,9999.000,9999.000,9999.000,9999.000
202607010024,   0.804,   1.170,9999.000,9999.000,9999.000,9999.000,9999.000,9999.000,9999.000
202607010030,   0.814,   1.200,9999.000,9999.000,9999.000,9999.000,9999.000,9999.000,9999.000
202607010036,   0.824,   1.210,9999.000,9999.000,9999.000,9999.000,9999.000,9999.000,9999.000
202607010042,   0.834,   1.190,9999.000,9999.000,9999.000,9999.000,9999.000,9999.000,9999.000
202607010048,   0.843,   1.210,9999.000,9999.000,9999.000,9999.000,9999.000,9999.000,9999.000
202607010054,   0.851,   1.210,9999.000,9999.000,9999.000,9999.000,9999.000,9999.000,9999.000
202607010100,   0.859,   1.200,   0.400,  -0.059,   1.200,   0.400,   1.200,   0.400,   1.200
202607010106,   0.866,   1.229,9999.000,9999.000,9999.000,9999.000,9999.000,9999.000,9999.000
202607010112,   0.872,   1.220,9999.000,9999.000,9999.000,9999.000,9999.000,9999.000,9999.000
202607010118,   0.878,   1.229,9999.000,9999.000,9999.000,9999.000,9999.000,9999.000,9999.000
202607010124,   0.883,   1.249,9999.000,9999.000,9999.000,9999.000,9999.000,9999.000,9999.000
202607010130,   0.888,   1.239,9999.000,9999.000,9999.000,9999.000,9999.000,9999.000,9999.000
202607010136,   0.892,   1.229,9999.000,9999.000,9999.000,9999.000,9999.000,9999.000,9999.000
202607010142,   0.895,   1.239,9999.000,9999.000,9999.000,9999.000,9999.000,9999.000,9999.000
202607010148,   0.898,   1.249,9999.000,9999.000,9999.000,9999.000,9999.000,9999.000,9999.000
202607010154,   0.901,   1.249,9999.000,9999.000,9999.000,9999.000,9999.000,9999.000,9999.000
202607010200,   0.902,   1.249,   0.400,  -0.053,   1.249,   0.400,   1.249,   0.400,   1.249
202607010206,   0.904,   1.229,9999.000,9999.000,9999.000,9999.000,9999.000,9999.000,9999.000
202607010212,   0.904,   1.249,9999.000,9999.000,9999.000,9999.000,9999.000,9999.000,9999.000
202607010218,   0.905,   1.249,9999.000,9999.000,9999.000,9999.000,9999.000,9999.000,9999.000
202607010224,   0.904,   1.239,9999.000,9999.000,9999.000,9999.000,9999.000,9999.000,9999.000
202607010230,   0.904,   1.239,9999.000,9999.000,9999.000,9999.000,9999.000,9999.000,9999.000
202607010236,   0.903,   1.259,9999.000,9999.000,9999.000,9999.000,9999.000,9999.000,9999.000
202607010242,   0.901,   1.249,9999.000,9999.000,9999.000,9999.000,9999.000,9999.000,9999.000
202607010248,   0.899,   1.259,9999.000,9999.000,9999.000,9999.000,9999.000,9999.000,9999.000
202607010254,   0.897,   1.249,9999.000,9999.000,9999.000,9999.000,9999.000,9999.000,9999.000
202607010300,   0.894,   1.239,   0.400,  -0.055,   1.239,   0.400,   1.239,   0.400,   1.239
202607010306,   0.891,   1.249,9999.000,9999.000,9999.000,9999.000,9999.000,9999.000,9999.000
202607010312,   0.887,   1.229,9999.000,9999.000,9999.000,9999.000,9999.000,9999.000,9999.000
202607010318,   0.884,   1.210,9999.000,9999.000,9999.000,9999.000,9999.000,9999.000,9999.000
202607010324,   0.880,   1.229,9999.000,9999.000,9999.000,9999.000,9999.000,9999.000,9999.000
202607010330,   0.875,   1.210,9999.000,9999.000,9999.000,9999.000,9999.000,9999.000,9999.000
202607010336,   0.870,   1.200,9999.000,9999.000,9999.000,9999.000,9999.000,9999.000,9999.000
202607010342,   0.865,   1.210,9999.000,9999.000,9999.000,9999.000,9999.000,9999.000,9999.000
202607010348,   0.860,   1.200,9999.000,9999.000,9999.000,9999.000,9999.000,9999.000,9999.000
202607010354,   0.855,   1.180,9999.000,9999.000,9999.000,9999.000,9999.000,9999.000,9999.000
202607010400,   0.849,   1.180,   0.400,  -0.069,   1.180,   0.400,   1.180,   0.400,   1.180
202607010406,   0.843,   1.170,9999.000,9999.000,9999.000,9999.000,9999.000,9999.000,9999.000
202607010412,   0.837,   1.170,9999.000,9999.000,9999.000,9999.000,9999.000,9999.000,9999.000
202607010418,   0.831,   1.161,9999.000,9999.000,9999.000,9999.000,9999.000,9999.000,9999.000
202607010424,   0.824,   1.151,9999.000,9999.000,9999.000,9999.000,9999.000,9999.000,9999.000
202607010430,   0.818,   1.151,9999.000,9999.000,9999.000,9999.000,9999.000,9999.000,9999.000
202607010436,   0.811,   1.138,9999.000,9999.000,9999.000,9999.000,9999.000,9999.000,9999.000
202607010442,   0.804,   1.138,9999.000,9999.000,9999.000,9999.000,9999.000,9999.000,9999.000
202607010448,   0.797,   1.128,9999.000,9999.000,9999.000,9999.000,9999.000,9999.000,9999.000
202607010454,   0.789,   1.118,9999.000,9999.000,9999.000,9999.000,9999.000,9999.000,9999.000
202607010500,   0.782,   1.118,   0.400,  -0.064,   1.118,   0.400,   1.118,   0.400,   1.118
202607010506,   0.775,   1.118,9999.000,9999.000,9999.000,9999.000,9999.000,9999.000,9999.000
202607010512,   0.767,   1.108,9999.000,9999.000,9999.000,9999.000,9999.000,9999.000,9999.000
202607010518,   0.759,   1.118,9999.000,9999.000,9999.000,9999.000,9999.000,9999.000,9999.000
202607010524,   0.751,   1.098,9999.000,9999.000,9999.000,9999.000,9999.000,9999.000,9999.000
202607010530,   0.743,   1.098,9999.000,9999.000,9999.000,9999.000,9999.000,9999.000,9999.000
202607010536,   0.735,   1.098,9999.000,9999.000,9999.000,9999.000,9999.000,9999.000,9999.000
202607010542,   0.727,   1.088,9999.000,9999.000,9999.000,9999.000,9999.000,9999.000,9999.000
202607010548,   0.719,   1.088,9999.000,9999.000,9999.000,9999.000,9999.000,9999.000,9999.000
202607010554,   0.711,   1.088,9999.000,9999.000,9999.000,9999.000,9999.000,9999.000,9999.000
202607010600,   0.702,   1.069,   0.500,  -0.133,   1.069,   0.400,   0.969,   0.500,   1.069
202607010606,   0.694,   1.069,9999.000,9999.000,9999.000,9999.000,9999.000,9999.000,9999.000
202607010612,   0.686,   1.059,9999.000,9999.000,9999.000,9999.000,9999.000,9999.000,9999.000
202607010618,   0.677,   1.049,9999.000,9999.000,9999.000,9999.000,9999.000,9999.000,9999.000
202607010624,   0.669,   1.039,9999.000,9999.000,9999.000,9999.000,9999.000,9999.000,9999.000
202607010630,   0.660,   1.029,9999.000,9999.000,9999.000,9999.000,9999.000,9999.000,9999.000
202607010636,   0.651,   1.020,9999.000,9999.000,9999.000,9999.000,9999.000,9999.000,9999.000
202607010642,   0.643,   1.020,9999.000,9999.000,9999.000,9999.000,9999.000,9999.000,9999.000
202607010648,   0.634,   1.010,9999.000,9999.000,9999.000,9999.000,9999.000,9999.000,9999.000
202607010654,   0.626,   1.000,9999.000,9999.000,9999.000,9999.000,9999.000,9999.000,9999.000
202607010700,   0.617,   1.000,   0.500,  -0.117,   1.000,   0.400,   0.900,   0.500,   1.000
202607010706,   0.608,   0.990,9999.000,9999.000,9999.000,9999.000,9999.000,9999.000,9999.000
202607010712,   0.600,   0.990,9999.000,9999.000,9999.000,9999.000,9999.000,9999.000,9999.000
202607010718,   0.591,   0.970,9999.000,9999.000,9999.000,9999.000,9999.000,9999.000,9999.000
202607010724,   0.583,   0.980,9999.000,9999.000,9999.000,9999.000,9999.000,9999.000,9999.000
202607010730,   0.574,   0.970,9999.000,9999.000,9999.000,9999.000,9999.000,9999.000,9999.000
202607010736,   0.566,   0.951,9999.000,9999.000,9999.000,9999.000,9999.000,9999.000,9999.000
202607010742,   0.558,   0.941,9999.000,9999.000,9999.000,9999.000,9999.000,9999.000,9999.000
202607010748,   0.549,   0.941,9999.000,9999.000,9999.000,9999.000,9999.000,9999.000,9999.000
202607010754,   0.541,   0.918,9999.000,9999.000,9999.000,9999.000,9999.000,9999.000,9999.000
202607010800,   0.533,   0.908,   0.500,  -0.125,   0.908,   0.400,   0.808,   0.500,   0.908
202607010806,   0.525,   0.908,9999.000,9999.000,9999.000,9999.000,9999.000,9999.000,9999.000
202607010812,   0.517,   0.879,9999.000,9999.000,9999.000,9999.000,9999.000,9999.000,9999.000
202607010818,   0.509,   0.879,9999.000,9999.000,9999.000,9999.000,9999.000,9999.000,9999.000
202607010824,   0.501,   0.869,9999.000,9999.000,9999.000,9999.000,9999.000,9999.000,9999.000
202607010830,   0.493,   0.869,9999.000,9999.000,9999.000,9999.000,9999.000,9999.000,9999.000
202607010836,   0.485,   0.849,9999.000,9999.000,9999.000,9999.000,9999.000,9999.000,9999.000
202607010842,   0.478,   0.839,9999.000,9999.000,9999.000,9999.000,9999.000,9999.000,9999.000
202607010848,   0.470,   0.829,9999.000,9999.000,9999.000,9999.000,9999.000,9999.000,9999.000
202607010854,   0.463,   0.839,9999.000,9999.000,9999.000,9999.000,9999.000,9999.000,9999.000
202607010900,   0.456,   0.829,   0.500,  -0.127,   0.829,   0.500,   0.829,   0.500,   0.829
202607010906,   0.448,   0.819,9999.000,9999.000,9999.000,9999.000,9999.000,9999.000,9999.000
202607010912,   0.441,   0.810,9999.000,9999.000,9999.000,9999.000,9999.000,9999.000,9999.000
202607010918,   0.434,   0.810,9999.000,9999.000,9999.000,9999.000,9999.000,9999.000,9999.000
202607010924,   0.427,   0.810,9999.000,9999.000,9999.000,9999.000,9999.000,9999.000,9999.000
202607010930,   0.420,   0.800,9999.000,9999.000,9999.000,9999.000,9999.000,9999.000,9999.000
202607010936,   0.413,   0.790,9999.000,9999.000,9999.000,9999.000,9999.000,9999.000,9999.000
202607010942,   0.407,   0.780,9999.000,9999.000,9999.000,9999.000,9999.000,9999.000,9999.000
202607010948,   0.400,   0.780,9999.000,9999.000,9999.000,9999.000,9999.000,9999.000,9999.000
202607010954,   0.393,   0.780,9999.000,9999.000,9999.000,9999.000,9999.000,9999.000,9999.000
202607011000,   0.386,   0.770,   0.500,  -0.116,   0.770,   0.500,   0.770,   0.500,   0.770
202607011006,   0.380,   0.760,9999.000,9999.000,9999.000,9999.000,9999.000,9999.000,9999.000
202607011012,   0.373,   0.741,9999.000,9999.000,9999.000,9999.000,9999.000,9999.000,9999.000
202607011018,   0.367,   0.718,9999.000,9999.000,9999.000,9999.000,9999.000,9999.000,9999.000
202607011024,   0.360,   0.718,9999.000,9999.000,9999.000,9999.000,9999.000,9999.000,9999.000
202607011030,   0.353,   0.708,9999.000,9999.000,9999.000,9999.000,9999.000,9999.000,9999.000
202607011036,   0.346,   0.698,9999.000,9999.000,9999.000,9999.000,9999.000,9999.000,9999.000
202607011042,   0.340,   0.678,9999.000,9999.000,9999.000,9999.000,9999.000,9999.000,9999.000
202607011048,   0.333,   0.678,9999.000,9999.000,9999.000,9999.000,9999.000,9999.000,9999.000
202607011054,   0.326,   0.669,9999.000,9999.000,9999.000,9999.000,9999.000,9999.000,9999.000
202607011100,   0.319,   0.669,   0.500,  -0.150,   0.669,   0.500,   0.669,   0.500,   0.669
202607011106,   0.312,   0.649,9999.000,9999.000,9999.000,9999.000,9999.000,9999.000,9999.000
202607011112,   0.305,   0.649,9999.000,9999.000,9999.000,9999.000,9999.000,9999.000,9999.000
202607011118,   0.298,   0.639,9999.000,9999.000,9999.000,9999.000,9999.000,9999.000,9999.000
202607011124,   0.290,   0.639,9999.000,9999.000,9999.000,9999.000,9999.000,9999.000,9999.000
202607011130,   0.283,   0.619,9999.000,9999.000,9999.000,9999.000,9999.000,9999.000,9999.000
202607011136,   0.275,   0.610,9999.000,9999.000,9999.000,9999.000,9999.000,9999.000,9999.000
202607011142,   0.267,   0.600,9999.000,9999.000,9999.000,9999.000,9999.000,9999.000,9999.000
202607011148,   0.260,   0.590,9999.000,9999.000,9999.000,9999.000,9999.000,9999.000,9999.000
202607011154,   0.251,   0.580,9999.000,9999.000,9999.000,9999.000,9999.000,9999.000,9999.000
202607011200,   0.243,   0.570,   0.400,  -0.073,   0.570,   0.400,   0.570,   0.400,   0.570
202607011206,   0.235,   0.551,9999.000,9999.000,9999.000,9999.000,9999.000,9999.000,9999.000
202607011212,   0.226,   0.551,9999.000,9999.000,9999.000,9999.000,9999.000,9999.000,9999.000
202607011218,   0.218,   0.541,9999.000,9999.000,9999.000,9999.000,9999.000,9999.000,9999.000
202607011224,   0.209,   0.531,9999.000,9999.000,9999.000,9999.000,9999.000,9999.000,9999.000
202607011230,   0.200,   0.531,9999.000,9999.000,9999.000,9999.000,9999.000,9999.000,9999.000
202607011236,   0.190,   0.541,9999.000,9999.000,9999.000,9999.000,9999.000,9999.000,9999.000
202607011242,   0.181,   0.518,9999.000,9999.000,9999.000,9999.000,9999.000,9999.000,9999.000
202607011248,   0.171,   0.508,9999.000,9999.000,9999.000,9999.000,9999.000,9999.000,9999.000
202607011254,   0.162,   0.508,9999.000,9999.000,9999.000,9999.000,9999.000,9999.000,9999.000
202607011300,   0.152,   0.498,   0.400,  -0.054,   0.498,   0.400,   0.498,   0.400,   0.498
202607011306,   0.142,   0.498,9999.000,9999.000,9999.000,9999.000,9999.000,9999.000,9999.000
202607011312,   0.132,   0.488,9999.000,9999.000,9999.000,9999.000,9999.000,9999.000,9999.000
202607011318,   0.122,   0.478,9999.000,9999.000,9999.000,9999.000,9999.000,9999.000,9999.000
202607011324,   0.112,   0.459,9999.000,9999.000,9999.000,9999.000,9999.000,9999.000,9999.000
202607011330,   0.102,   0.449,9999.000,9999.000,9999.000,9999.000,9999.000,9999.000,9999.000
202607011336,   0.091,   0.439,9999.000,9999.000,9999.000,9999.000,9999.000,9999.000,9999.000
202607011342,   0.081,   0.429,9999.000,9999.000,9999.000,9999.000,9999.000,9999.000,9999.000
202607011348,   0.071,   0.419,9999.000,9999.000,9999.000,9999.000,9999.000,9999.000,9999.000
202607011354,   0.060,   0.419,9999.000,9999.000,9999.000,9999.000,9999.000,9999.000,9999.000
202607011400,   0.050,   0.390,   0.400,  -0.060,   0.390,   0.400,   0.390,   0.400,   0.390
202607011406,   0.040,   0.390,9999.000,9999.000,9999.000,9999.000,9999.000,9999.000,9999.000
202607011412,   0.029,   0.380,9999.000,9999.000,9999.000,9999.000,9999.000,9999.000,9999.000
202607011418,   0.019,   0.370,9999.000,9999.000,9999.000,9999.000,9999.000,9999.000,9999.000
202607011424,   0.009,   0.360,9999.000,9999.000,9999.000,9999.000,9999.000,9999.000,9999.000
202607011430,   0.000,   0.331,9999.000,9999.000,9999.000,9999.000,9999.000,9999.000,9999.000
202607011436,  -0.010,   0.331,9999.000,9999.000,9999.000,9999.000,9999.000,9999.000,9999.000
202607011442,  -0.019,   0.321,9999.000,9999.000,9999.000,9999.000,9999.000,9999.000,9999.000
202607011448,  -0.029,   0.298,9999.000,9999.000,9999.000,9999.000,9999.000,9999.000,9999.000
202607011454,  -0.038,   0.288,9999.000,9999.000,9999.000,9999.000,9999.000,9999.000,9999.000
202607011500,  -0.047,   0.278,   0.400,  -0.075,   0.278,   0.400,   0.278,   0.400,   0.278
202607011506,  -0.055,   0.268,9999.000,9999.000,9999.000,9999.000,9999.000,9999.000,9999.000
202607011512,  -0.064,   0.259,9999.000,9999.000,9999.000,9999.000,9999.000,9999.000,9999.000
202607011518,  -0.072,   0.249,9999.000,9999.000,9999.000,9999.000,9999.000,9999.000,9999.000
202607011524,  -0.080,   0.239,9999.000,9999.000,9999.000,9999.000,9999.000,9999.000,9999.000
202607011530,  -0.087,   0.239,9999.000,9999.000,9999.000,9999.000,9999.000,9999.000,9999.000
202607011536,  -0.095,   0.209,9999.000,9999.000,9999.000,9999.000,9999.000,9999.000,9999.000
202607011542,  -0.102,   0.200,9999.000,9999.000,9999.000,9999.000,9999.000,9999.000,9999.000
202607011548,  -0.108,   0.190,9999.000,9999.000,9999.000,9999.000,9999.000,9999.000,9999.000
202607011554,  -0.114,   0.180,9999.000,9999.000,9999.000,9999.000,9999.000,9999.000,9999.000
202607011600,  -0.120,   0.170,   0.400,  -0.110,   0.170,   0.400,   0.170,   0.400,   0.170
202607011606,  -0.125,   0.160,9999.000,9999.000,9999.000,9999.000,9999.000,9999.000,9999.000
202607011612,  -0.130,   0.160,9999.000,9999.000,9999.000,9999.000,9999.000,9999.000,9999.000
202607011618,  -0.135,   0.160,9999.000,9999.000,9999.000,9999.000,9999.000,9999.000,9999.000
202607011624,  -0.139,   0.150,9999.000,9999.000,9999.000,9999.000,9999.000,9999.000,9999.000
202607011630,  -0.142,   0.131,9999.000,9999.000,9999.000,9999.000,9999.000,9999.000,9999.000
202607011636,  -0.146,   0.141,9999.000,9999.000,9999.000,9999.000,9999.000,9999.000,9999.000
202607011642,  -0.148,   0.121,9999.000,9999.000,9999.000,9999.000,9999.000,9999.000,9999.000
202607011648,  -0.151,   0.121,9999.000,9999.000,9999.000,9999.000,9999.000,9999.000,9999.000
202607011654,  -0.153,   0.121,9999.000,9999.000,9999.000,9999.000,9999.000,9999.000,9999.000
202607011700,  -0.154,   0.121,   0.400,  -0.125,   0.121,   0.400,   0.121,   0.400,   0.121
202607011706,  -0.155,   0.098,9999.000,9999.000,9999.000,9999.000,9999.000,9999.000,9999.000
202607011712,  -0.155,   0.098,9999.000,9999.000,9999.000,9999.000,9999.000,9999.000,9999.000
202607011718,  -0.155,   0.088,9999.000,9999.000,9999.000,9999.000,9999.000,9999.000,9999.000
202607011724,  -0.155,   0.088,9999.000,9999.000,9999.000,9999.000,9999.000,9999.000,9999.000
202607011730,  -0.154,   0.088,9999.000,9999.000,9999.000,9999.000,9999.000,9999.000,9999.000
202607011736,  -0.153,   0.098,9999.000,9999.000,9999.000,9999.000,9999.000,9999.000,9999.000
202607011742,  -0.151,9999.000,9999.000,9999.000,9999.000,9999.000,9999.000,9999.000,9999.000
202607011748,  -0.148,9999.000,9999.000,9999.000,9999.000,9999.000,9999.000,9999.000,9999.000
202607011754,  -0.146,   0.098,9999.000,9999.000,9999.000,9999.000,9999.000,9999.000,9999.000
202607011800,  -0.142,   0.098,   0.300,  -0.060,   0.098,   0.300,   0.098,   0.300,   0.098
202607011806,  -0.139,   0.098,9999.000,9999.000,9999.000,9999.000,9999.000,9999.000,9999.000
202607011812,  -0.135,   0.098,9999.000,9999.000,9999.000,9999.000,9999.000,9999.000,9999.000
202607011818,  -0.130,   0.111,9999.000,9999.000,9999.000,9999.000,9999.000,9999.000,9999.000
202607011824,  -0.125,   0.121,9999.000,9999.000,9999.000,9999.000,9999.000,9999.000,9999.000
202607011830,  -0.119,   0.131,9999.000,9999.000,9999.000,9999.000,9999.000,9999.000,9999.000
202607011836,  -0.113,   0.131,9999.000,9999.000,9999.000,9999.000,9999.000,9999.000,9999.000
202607011842,  -0.107,   0.150,9999.000,9999.000,9999.000,9999.000,9999.000,9999.000,9999.000
202607011848,  -0.100,   0.150,9999.000,9999.000,9999.000,9999.000,9999.000,9999.000,9999.000
202607011854,  -0.093,   0.160,9999.000,9999.000,9999.000,9999.000,9999.000,9999.000,9999.000
202607011900,  -0.085,   0.160,   0.300,  -0.055,   0.160,   0.300,   0.160,   0.300,   0.160
202607011906,  -0.077,   0.190,9999.000,9999.000,9999.000,9999.000,9999.000,9999.000,9999.000
202607011912,  -0.068,   0.209,9999.000,9999.000,9999.000,9999.000,9999.000,9999.000,9999.000
202607011918,  -0.059,   0.219,9999.000,9999.000,9999.000,9999.000,9999.000,9999.000,9999.000
202607011924,  -0.050,   0.229,9999.000,9999.000,9999.000,9999.000,9999.000,9999.000,9999.000
202607011930,  -0.040,   0.249,9999.000,9999.000,9999.000,9999.000,9999.000,9999.000,9999.000
202607011936,  -0.030,   0.259,9999.000,9999.000,9999.000,9999.000,9999.000,9999.000,9999.000
202607011942,  -0.019,   0.278,9999.000,9999.000,9999.000,9999.000,9999.000,9999.000,9999.000
202607011948,  -0.007,   0.298,9999.000,9999.000,9999.000,9999.000,9999.000,9999.000,9999.000
202607011954,   0.003,   0.308,9999.000,9999.000,9999.000,9999.000,9999.000,9999.000,9999.000
202607012000,   0.015,   0.308,   0.300,  -0.007,   0.308,   0.300,   0.308,   0.300,   0.308
202607012006,   0.028,   0.321,9999.000,9999.000,9999.000,9999.000,9999.000,9999.000,9999.000
202607012012,   0.041,   0.341,9999.000,9999.000,9999.000,9999.000,9999.000,9999.000,9999.000
202607012018,   0.054,   0.370,9999.000,9999.000,9999.000,9999.000,9999.000,9999.000,9999.000
202607012024,   0.068,   0.380,9999.000,9999.000,9999.000,9999.000,9999.000,9999.000,9999.000
202607012030,   0.082,   0.390,9999.000,9999.000,9999.000,9999.000,9999.000,9999.000,9999.000
202607012036,   0.097,   0.409,9999.000,9999.000,9999.000,9999.000,9999.000,9999.000,9999.000
202607012042,   0.112,   0.409,9999.000,9999.000,9999.000,9999.000,9999.000,9999.000,9999.000
202607012048,   0.127,   0.439,9999.000,9999.000,9999.000,9999.000,9999.000,9999.000,9999.000
202607012054,   0.143,   0.449,9999.000,9999.000,9999.000,9999.000,9999.000,9999.000,9999.000
202607012100,   0.159,   0.469,   0.300,   0.010,   0.469,   0.300,   0.469,   0.400,   0.569
202607012106,   0.176,   0.478,9999.000,9999.000,9999.000,9999.000,9999.000,9999.000,9999.000
202607012112,   0.192,   0.488,9999.000,9999.000,9999.000,9999.000,9999.000,9999.000,9999.000
202607012118,   0.210,   0.498,9999.000,9999.000,9999.000,9999.000,9999.000,9999.000,9999.000
202607012124,   0.227,   0.518,9999.000,9999.000,9999.000,9999.000,9999.000,9999.000,9999.000
202607012130,   0.245,   0.541,9999.000,9999.000,9999.000,9999.000,9999.000,9999.000,9999.000
202607012136,   0.263,   0.570,9999.000,9999.000,9999.000,9999.000,9999.000,9999.000,9999.000
202607012142,   0.281,   0.580,9999.000,9999.000,9999.000,9999.000,9999.000,9999.000,9999.000
202607012148,   0.299,   0.590,9999.000,9999.000,9999.000,9999.000,9999.000,9999.000,9999.000
202607012154,   0.318,   0.619,9999.000,9999.000,9999.000,9999.000,9999.000,9999.000,9999.000
202607012200,   0.337,   0.639,   0.300,   0.002,   0.639,   0.300,   0.639,   0.400,   0.739
202607012206,   0.356,   0.649,9999.000,9999.000,9999.000,9999.000,9999.000,9999.000,9999.000
202607012212,   0.375,   0.669,9999.000,9999.000,9999.000,9999.000,9999.000,9999.000,9999.000
202607012218,   0.394,   0.688,9999.000,9999.000,9999.000,9999.000,9999.000,9999.000,9999.000
202607012224,   0.414,   0.708,9999.000,9999.000,9999.000,9999.000,9999.000,9999.000,9999.000
202607012230,   0.433,   0.718,9999.000,9999.000,9999.000,9999.000,9999.000,9999.000,9999.000
202607012236,   0.453,   0.751,9999.000,9999.000,9999.000,9999.000,9999.000,9999.000,9999.000
202607012242,   0.472,   0.760,9999.000,9999.000,9999.000,9999.000,9999.000,9999.000,9999.000
202607012248,   0.491,   0.770,9999.000,9999.000,9999.000,9999.000,9999.000,9999.000,9999.000
202607012254,   0.511,   0.800,9999.000,9999.000,9999.000,9999.000,9999.000,9999.000,9999.000
202607012300,   0.530,   0.810,   0.300,  -0.020,   0.810,   0.300,   0.810,   0.400,   0.910
202607012306,   0.549,   0.829,9999.000,9999.000,9999.000,9999.000,9999.000,9999.000,9999.000
202607012312,   0.568,   0.849,9999.000,9999.000,9999.000,9999.000,9999.000,9999.000,9999.000
202607012318,   0.586,   0.869,9999.000,9999.000,9999.000,9999.000,9999.000,9999.000,9999.000
202607012324,   0.605,   0.888,9999.000,9999.000,9999.000,9999.000,9999.000,9999.000,9999.000
202607012330,   0.623,   0.908,9999.000,9999.000,9999.000,9999.000,9999.000,9999.000,9999.000
202607012336,   0.641,   0.918,9999.000,9999.000,9999.000,9999.000,9999.000,9999.000,9999.000
202607012342,   0.658,   0.941,9999.000,9999.000,9999.000,9999.000,9999.000,9999.000,9999.000
202607012348,   0.675,   0.928,9999.000,9999.000,9999.000,9999.000,9999.000,9999.000,9999.000
202607012354,   0.692,   0.951,9999.000,9999.000,9999.000,9999.000,9999.000,9999.000,9999.000
202607020000,   0.708,   0.970,   0.300,  -0.038,   0.970,   0.300,   0.970,   0.300,   0.970
202607020006,   0.724,   0.970,9999.000,9999.000,9999.000,9999.000,9999.000,9999.000,9999.000
202607020012,   0.739,   1.000,9999.000,9999.000,9999.000,9999.000,9999.000,9999.000,9999.000
202607020018,   0.754,   1.020,9999.000,9999.000,9999.000,9999.000,9999.000,9999.000,9999.000
202607020024,   0.769,   1.010,9999.000,9999.000,9999.000,9999.000,9999.000,9999.000,9999.000
202607020030,   0.782,   1.029,9999.000,9999.000,9999.000,9999.000,9999.000,9999.000,9999.000
202607020036,   0.796,   1.039,9999.000,9999.000,9999.000,9999.000,9999.000,9999.000,9999.000
202607020042,   0.808,   1.049,9999.000,9999.000,9999.000,9999.000,9999.000,9999.000,9999.000
202607020048,   0.820,   1.059,9999.000,9999.000,9999.000,9999.000,9999.000,9999.000,9999.000
202607020054,   0.832,   1.069,9999.000,9999.000,9999.000,9999.000,9999.000,9999.000,9999.000
202607020100,   0.843,   1.069,   0.300,  -0.074,   1.069,   0.300,   1.069,   0.300,   1.069
202607020106,   0.853,   1.079,9999.000,9999.000,9999.000,9999.000,9999.000,9999.000,9999.000
202607020112,   0.862,   1.079,9999.000,9999.000,9999.000,9999.000,9999.000,9999.000,9999.000
202607020118,   0.871,   1.098,9999.000,9999.000,9999.000,9999.000,9999.000,9999.000,9999.000
202607020124,   0.880,   1.108,9999.000,9999.000,9999.000,9999.000,9999.000,9999.000,9999.000
202607020130,   0.887,   1.128,9999.000,9999.000,9999.000,9999.000,9999.000,9999.000,9999.000
202607020136,   0.894,   1.118,9999.000,9999.000,9999.000,9999.000,9999.000,9999.000,9999.000
202607020142,   0.901,   1.128,9999.000,9999.000,9999.000,9999.000,9999.000,9999.000,9999.000
202607020148,   0.906,   1.138,9999.000,9999.000,9999.000,9999.000,9999.000,9999.000,9999.000
202607020154,   0.911,   1.151,9999.000,9999.000,9999.000,9999.000,9999.000,9999.000,9999.000
202607020200,   0.916,   1.138,   0.300,  -0.078,   1.138,   0.300,   1.138,   0.300,   1.138
202607020206,   0.920,   1.151,9999.000,9999.000,9999.000,9999.000,9999.000,9999.000,9999.000
202607020212,   0.923,   1.138,9999.000,9999.000,9999.000,9999.000,9999.000,9999.000,9999.000
202607020218,   0.925,   1.151,9999.000,9999.000,9999.000,9999.000,9999.000,9999.000,9999.000
202607020224,   0.927,   1.151,9999.000,9999.000,9999.000,9999.000,9999.000,9999.000,9999.000
202607020230,   0.929,   1.151,9999.000,9999.000,9999.000,9999.000,9999.000,9999.000,9999.000
202607020236,   0.930,   1.151,9999.000,9999.000,9999.000,9999.000,9999.000,9999.000,9999.000
202607020242,   0.930,   1.151,9999.000,9999.000,9999.000,9999.000,9999.000,9999.000,9999.000
202607020248,   0.930,   1.161,9999.000,9999.000,9999.000,9999.000,9999.000,9999.000,9999.000
202607020254,   0.929,   1.151,9999.000,9999.000,9999.000,9999.000,9999.000,9999.000,9999.000
202607020300,   0.928,   1.138,   0.300,  -0.090,   1.138,   0.300,   1.138,   0.300,   1.138
202607020306,   0.927,   1.151,9999.000,9999.000,9999.000,9999.000,9999.000,9999.000,9999.000
202607020312,   0.925,   1.128,9999.000,9999.000,9999.000,9999.000,9999.000,9999.000,9999.000
202607020318,   0.922,   1.138,9999.000,9999.000,9999.000,9999.000,9999.000,9999.000,9999.000
202607020324,   0.919,   1.161,9999.000,9999.000,9999.000,9999.000,9999.000,9999.000,9999.000
202607020330,   0.916,   1.138,9999.000,9999.000,9999.000,9999.000,9999.000,9999.000,9999.000
202607020336,   0.913,   1.151,9999.000,9999.000,9999.000,9999.000,9999.000,9999.000,9999.000
202607020342,   0.909,   1.151,9999.000,9999.000,9999.000,9999.000,9999.000,9999.000,9999.000
202607020348,   0.904,   1.118,9999.000,9999.000,9999.000,9999.000,9999.000,9999.000,9999.000
202607020354,   0.900,   1.128,9999.000,9999.000,9999.000,9999.000,9999.000,9999.000,9999.000
202607020400,   0.895,   1.118,   0.300,  -0.077,   1.118,   0.300,   1.118,   0.300,   1.118
202607020406,   0.890,   1.118,9999.000,9999.000,9999.000,9999.000,9999.000,9999.000,9999.000
202607020412,   0.885,   1.118,9999.000,9999.000,9999.000,9999.000,9999.000,9999.000,9999.000
202607020418,   0.879,   1.108,9999.000,9999.000,9999.000,9999.000,9999.000,9999.000,9999.000
202607020424,   0.873,   1.108,9999.000,9999.000,9999.000,9999.000,9999.000,9999.000,9999.000
202607020430,   0.867,   1.108,9999.000,9999.000,9999.000,9999.000,9999.000,9999.000,9999.000
202607020436,   0.861,   1.098,9999.000,9999.000,9999.000,9999.000,9999.000,9999.000,9999.000
202607020442,   0.855,   1.108,9999.000,9999.000,9999.000,9999.000,9999.000,9999.000,9999.000
202607020448,   0.848,   1.088,9999.000,9999.000,9999.000,9999.000,9999.000,9999.000,9999.000
202607020454,   0.841,   1.088,9999.000,9999.000,9999.000,9999.000,9999.000,9999.000,9999.000
202607020500,   0.834,   1.079,   0.300,  -0.055,   1.079,   0.300,   1.079,   0.300,   1.079
202607020506,   0.827,   1.069,9999.000,9999.000,9999.000,9999.000,9999.000,9999.000,9999.000
202607020512,   0.820,   1.059,9999.000,9999.000,9999.000,9999.000,9999.000,9999.000,9999.000
202607020518,   0.813,   1.049,9999.000,9999.000,9999.000,9999.000,9999.000,9999.000,9999.000
202607020524,   0.806,   1.059,9999.000,9999.000,9999.000,9999.000,9999.000,9999.000,9999.000
202607020530,   0.798,   1.049,9999.000,9999.000,9999.000,9999.000,9999.000,9999.000,9999.000
202607020536,   0.791,   1.049,9999.000,9999.000,9999.000,9999.000,9999.000,9999.000,9999.000
202607020542,   0.783,   1.039,9999.000,9999.000,9999.000,9999.000,9999.000,9999.000,9999.000
202607020548,   0.775,   1.039,9999.000,9999.000,9999.000,9999.000,9999.000,9999.000,9999.000
202607020554,   0.767,   1.029,9999.000,9999.000,9999.000,9999.000,9999.000,9999.000,9999.000
202607020600,   0.759,   1.039,   0.300,  -0.020,   1.039,   0.300,   1.039,   0.300,   1.039
202607020606,   0.751,   1.020,9999.000,9999.000,9999.000,9999.000,9999.000,9999.000,9999.000
202607020612,   0.743,   1.029,9999.000,9999.000,9999.000,9999.000,9999.000,9999.000,9999.000
202607020618,   0.735,   1.020,9999.000,9999.000,9999.000,9999.000,9999.000,9999.000,9999.000
202607020624,   0.727,   1.020,9999.000,9999.000,9999.000,9999.000,9999.000,9999.000,9999.000
202607020630,   0.719,   1.020,9999.000,9999.000,9999.000,9999.000,9999.000,9999.000,9999.000
202607020636,   0.710,   1.029,9999.000,9999.000,9999.000,9999.000,9999.000,9999.000,9999.000
202607020642,   0.702,   1.020,9999.000,9999.000,9999.000,9999.000,9999.000,9999.000,9999.000
202607020648,   0.694,   1.029,9999.000,9999.000,9999.000,9999.000,9999.000,9999.000,9999.000
202607020654,   0.685,   1.020,9999.000,9999.000,9999.000,9999.000,9999.000,9999.000,9999.000
202607020700,   0.677,   1.020,   0.300,   0.043,   1.020,   0.300,   1.020,   0.300,   1.020
202607020706,   0.668,   1.010,9999.000,9999.000,9999.000,9999.000,9999.000,9999.000,9999.000
202607020712,   0.660,   1.000,9999.000,9999.000,9999.000,9999.000,9999.000,9999.000,9999.000
202607020718,   0.651,   1.000,9999.000,9999.000,9999.000,9999.000,9999.000,9999.000,9999.000
202607020724,   0.643,   0.980,9999.000,9999.000,9999.000,9999.000,9999.000,9999.000,9999.000
202607020730,   0.634,   0.961,9999.000,9999.000,9999.000,9999.000,9999.000,9999.000,9999.000
202607020736,   0.626,   0.961,9999.000,9999.000,9999.000,9999.000,9999.000,9999.000,9999.000
202607020742,   0.617,   0.951,9999.000,9999.000,9999.000,9999.000,9999.000,9999.000,9999.000
202607020748,   0.609,   0.941,9999.000,9999.000,9999.000,9999.000,9999.000,9999.000,9999.000
202607020754,   0.600,   0.961,9999.000,9999.000,9999.000,9999.000,9999.000,9999.000,9999.000
202607020800,   0.592,   0.951,   0.300,   0.059,   0.951,   0.300,   0.951,   0.300,   0.951
202607020806,   0.583,   0.941,9999.000,9999.000,9999.000,9999.000,9999.000,9999.000,9999.000
202607020812,   0.575,   0.941,9999.000,9999.000,9999.000,9999.000,9999.000,9999.000,9999.000
202607020818,   0.567,   0.928,9999.000,9999.000,9999.000,9999.000,9999.000,9999.000,9999.000
202607020824,   0.559,   0.928,9999.000,9999.000,9999.000,9999.000,9999.000,9999.000,9999.000
202607020830,   0.551,   0.928,9999.000,9999.000,9999.000,9999.000,9999.000,9999.000,9999.000
202607020836,   0.543,   0.908,9999.000,9999.000,9999.000,9999.000,9999.000,9999.000,9999.000
202607020842,   0.535,   0.898,9999.000,9999.000,9999.000,9999.000,9999.000,9999.000,9999.000
202607020848,   0.527,   0.888,9999.000,9999.000,9999.000,9999.000,9999.000,9999.000,9999.000
202607020854,   0.519,   0.879,9999.000,9999.000,9999.000,9999.000,9999.000,9999.000,9999.000
202607020900,   0.512,   0.879,   0.300,   0.067,   0.879,   0.300,   0.879,   0.300,   0.879
202607020906,   0.504,   0.879,9999.000,9999.000,9999.000,9999.000,9999.000,9999.000,9999.000
202607020912,   0.497,   0.859,9999.000,9999.000,9999.000,9999.000,9999.000,9999.000,9999.000
202607020918,   0.489,   0.869,9999.000,9999.000,9999.000,9999.000,9999.000,9999.000,9999.000
202607020924,   0.482,   0.869,9999.000,9999.000,9999.000,9999.000,9999.000,9999.000,9999.000
202607020930,   0.475,   0.849,9999.000,9999.000,9999.000,9999.000,9999.000,9999.000,9999.000
202607020936,   0.468,   0.829,9999.000,9999.000,9999.000,9999.000,9999.000,9999.000,9999.000
202607020942,   0.462,   0.829,9999.000,9999.000,9999.000,9999.000,9999.000,9999.000,9999.000
202607020948,   0.455,   0.829,9999.000,9999.000,9999.000,9999.000,9999.000,9999.000,9999.000
202607020954,   0.449,   0.829,9999.000,9999.000,9999.000,9999.000,9999.000,9999.000,9999.000
202607021000,   0.442,   0.819,   0.300,   0.077,   0.819,   0.300,   0.819,   0.300,   0.819
202607021006,   0.436,   0.810,9999.000,9999.000,9999.000,9999.000,9999.000,9999.000,9999.000
202607021012,   0.430,   0.800,9999.000,9999.000,9999.000,9999.000,9999.000,9999.000,9999.000
202607021018,   0.424,   0.800,9999.000,9999.000,9999.000,9999.000,9999.000,9999.000,9999.000
202607021024,   0.418,   0.790,9999.000,9999.000,9999.000,9999.000,9999.000,9999.000,9999.000
202607021030,   0.412,   0.790,9999.000,9999.000,9999.000,9999.000,9999.000,9999.000,9999.000
202607021036,   0.406,   0.790,9999.000,9999.000,9999.000,9999.000,9999.000,9999.000,9999.000
202607021042,   0.400,   0.790,9999.000,9999.000,9999.000,9999.000,9999.000,9999.000,9999.000
202607021048,   0.395,   0.770,9999.000,9999.000,9999.000,9999.000,9999.000,9999.000,9999.000
202607021054,   0.389,   0.760,9999.000,9999.000,9999.000,9999.000,9999.000,9999.000,9999.000
202607021100,   0.383,   0.741,   0.300,   0.058,   0.741,   0.300,   0.741,   0.300,   0.741
202607021106,   0.378,   0.731,9999.000,9999.000,9999.000,9999.000,9999.000,9999.000,9999.000
202607021112,   0.372,   0.731,9999.000,9999.000,9999.000,9999.000,9999.000,9999.000,9999.000
202607021118,   0.367,   0.708,9999.000,9999.000,9999.000,9999.000,9999.000,9999.000,9999.000
202607021124,   0.361,   0.708,9999.000,9999.000,9999.000,9999.000,9999.000,9999.000,9999.000
202607021130,   0.355,   0.698,9999.000,9999.000,9999.000,9999.000,9999.000,9999.000,9999.000
202607021136,   0.349,   0.688,9999.000,9999.000,9999.000,9999.000,9999.000,9999.000,9999.000
202607021142,   0.344,   0.688,9999.000,9999.000,9999.000,9999.000,9999.000,9999.000,9999.000
202607021148,   0.338,   0.688,9999.000,9999.000,9999.000,9999.000,9999.000,9999.000,9999.000
202607021154,   0.332,   0.669,9999.000,9999.000,9999.000,9999.000,9999.000,9999.000,9999.000
202607021200,   0.326,   0.669,   0.300,   0.043,   0.669,   0.300,   0.669,   0.300,   0.669
202607021206,   0.319,   0.659,9999.000,9999.000,9999.000,9999.000,9999.000,9999.000,9999.000
202607021212,   0.313,   0.649,9999.000,9999.000,9999.000,9999.000,9999.000,9999.000,9999.000
202607021218,   0.306,   0.649,9999.000,9999.000,9999.000,9999.000,9999.000,9999.000,9999.000
202607021224,   0.300,   0.629,9999.000,9999.000,9999.000,9999.000,9999.000,9999.000,9999.000
202607021230,   0.293,   0.619,9999.000,9999.000,9999.000,9999.000,9999.000,9999.000,9999.000
202607021236,   0.286,   0.610,9999.000,9999.000,9999.000,9999.000,9999.000,9999.000,9999.000
202607021242,   0.279,   0.590,9999.000,9999.000,9999.000,9999.000,9999.000,9999.000,9999.000
202607021248,   0.271,   0.570,9999.000,9999.000,9999.000,9999.000,9999.000,9999.000,9999.000
202607021254,   0.264,   0.570,9999.000,9999.000,9999.000,9999.000,9999.000,9999.000,9999.000
202607021300,   0.256,   0.551,   0.300,  -0.005,   0.551,   0.300,   0.551,   0.300,   0.551
202607021306,   0.248,   0.551,9999.000,9999.000,9999.000,9999.000,9999.000,9999.000,9999.000
202607021312,   0.240,   0.531,9999.000,9999.000,9999.000,9999.000,9999.000,9999.000,9999.000
202607021318,   0.232,   0.508,9999.000,9999.000,9999.000,9999.000,9999.000,9999.000,9999.000
202607021324,   0.224,   0.498,9999.000,9999.000,9999.000,9999.000,9999.000,9999.000,9999.000
202607021330,   0.215,   0.488,9999.000,9999.000,9999.000,9999.000,9999.000,9999.000,9999.000
202607021336,   0.206,   0.478,9999.000,9999.000,9999.000,9999.000,9999.000,9999.000,9999.000
202607021342,   0.197,   0.459,9999.000,9999.000,9999.000,9999.000,9999.000,9999.000,9999.000
202607021348,   0.188,   0.439,9999.000,9999.000,9999.000,9999.000,9999.000,9999.000,9999.000
202607021354,   0.179,   0.429,9999.000,9999.000,9999.000,9999.000,9999.000,9999.000,9999.000
202607021400,   0.170,   0.429,   0.300,  -0.041,   0.429,   0.300,   0.429,   0.300,   0.429
202607021406,   0.161,   0.419,9999.000,9999.000,9999.000,9999.000,9999.000,9999.000,9999.000
202607021412,   0.151,   0.419,9999.000,9999.000,9999.000,9999.000,9999.000,9999.000,9999.000
202607021418,   0.142,   0.409,9999.000,9999.000,9999.000,9999.000,9999.000,9999.000,9999.000
202607021424,   0.132,   0.390,9999.000,9999.000,9999.000,9999.000,9999.000,9999.000,9999.000
202607021430,   0.123,   0.380,9999.000,9999.000,9999.000,9999.000,9999.000,9999.000,9999.000
202607021436,   0.113,   0.390,9999.000,9999.000,9999.000,9999.000,9999.000,9999.000,9999.000
202607021442,   0.104,   0.370,9999.000,9999.000,9999.000,9999.000,9999.000,9999.000,9999.000
202607021448,   0.094,   0.360,9999.000,9999.000,9999.000,9999.000,9999.000,9999.000,9999.000
202607021454,   0.085,   0.360,9999.000,9999.000,9999.000,9999.000,9999.000,9999.000,9999.000
202607021500,   0.075,   0.350,   0.300,  -0.025,   0.350,   0.300,   0.350,   0.300,   0.350
202607021506,   0.066,   0.350,9999.000,9999.000,9999.000,9999.000,9999.000,9999.000,9999.000
202607021512,   0.057,   0.350,9999.000,9999.000,9999.000,9999.000,9999.000,9999.000,9999.000
202607021518,   0.048,   0.341,9999.000,9999.000,9999.000,9999.000,9999.000,9999.000,9999.000
202607021524,   0.039,   0.331,9999.000,9999.000,9999.000,9999.000,9999.000,9999.000,9999.000
202607021530,   0.031,   0.321,9999.000,9999.000,9999.000,9999.000,9999.000,9999.000,9999.000
202607021536,   0.023,   0.321,9999.000,9999.000,9999.000,9999.000,9999.000,9999.000,9999.000
202607021542,   0.015,   0.331,9999.000,9999.000,9999.000,9999.000,9999.000,9999.000,9999.000
202607021548,   0.007,   0.321,9999.000,9999.000,9999.000,9999.000,9999.000,9999.000,9999.000
202607021554,   0.000,   0.321,9999.000,9999.000,9999.000,9999.000,9999.000,9999.000,9999.000
202607021600,  -0.007,   0.298,   0.300,   0.005,   0.298,   0.300,   0.298,   0.300,   0.298
202607021606,  -0.014,   0.288,9999.000,9999.000,9999.000,9999.000,9999.000,9999.000,9999.000
202607021612,  -0.021,   0.298,9999.000,9999.000,9999.000,9999.000,9999.000,9999.000,9999.000
202607021618,  -0.027,   0.298,9999.000,9999.000,9999.000,9999.000,9999.000,9999.000,9999.000
202607021624,  -0.033,   0.298,9999.000,9999.000,9999.000,9999.000,9999.000,9999.000,9999.000
202607021630,  -0.038,   0.288,9999.000,9999.000,9999.000,9999.000,9999.000,9999.000,9999.000
202607021636,  -0.043,   0.278,9999.000,9999.000,9999.000,9999.000,9999.000,9999.000,9999.000
202607021642,  -0.048,9999.000,9999.000,9999.000,9999.000,9999.000,9999.000,9999.000,9999.000
202607021648,  -0.052,   0.268,9999.000,9999.000,9999.000,9999.000,9999.000,9999.000,9999.000
202607021654,  -0.056,   0.278,9999.000,9999.000,9999.000,9999.000,9999.000,9999.000,9999.000
202607021700,  -0.060,   0.278,   0.300,   0.038,   0.278,   0.300,   0.278,   0.300,   0.278
202607021706,  -0.063,   0.278,9999.000,9999.000,9999.000,9999.000,9999.000,9999.000,9999.000
202607021712,  -0.065,   0.268,9999.000,9999.000,9999.000,9999.000,9999.000,9999.000,9999.000
202607021718,  -0.068,   0.268,9999.000,9999.000,9999.000,9999.000,9999.000,9999.000,9999.000
202607021724,  -0.069,   0.268,9999.000,9999.000,9999.000,9999.000,9999.000,9999.000,9999.000
202607021730,  -0.071,   0.249,9999.000,9999.000,9999.000,9999.000,9999.000,9999.000,9999.000
202607021736,  -0.071,   0.239,9999.000,9999.000,9999.000,9999.000,9999.000,9999.000,9999.000
202607021742,  -0.072,   0.219,9999.000,9999.000,9999.000,9999.000,9999.000,9999.000,9999.000
202607021748,  -0.072,   0.229,9999.000,9999.000,9999.000,9999.000,9999.000,9999.000,9999.000
202607021754,  -0.071,9999.000,9999.000,9999.000,9999.000,9999.000,9999.000,9999.000,9999.000
202607021800,  -0.070,9999.000,   0.300,   0.031,   0.261,   0.300,   0.261,   0.300,   0.261
202607021806,  -0.069,9999.000,9999.000,9999.000,9999.000,9999.000,9999.000,9999.000,9999.000
202607021812,  -0.067,9999.000,9999.000,9999.000,9999.000,9999.000,9999.000,9999.000,9999.000
202607021818,  -0.065,9999.000,9999.000,9999.000,9999.000,9999.000,9999.000,9999.000,9999.000
202607021824,  -0.062,9999.000,9999.000,9999.000,9999.000,9999.000,9999.000,9999.000,9999.000
202607021830,  -0.059,9999.000,9999.000,9999.000,9999.000,9999.000,9999.000,9999.000,9999.000
202607021836,  -0.055,9999.000,9999.000,9999.000,9999.000,9999.000,9999.000,9999.000,9999.000
202607021842,  -0.052,9999.000,9999.000,9999.000,9999.000,9999.000,9999.000,9999.000,9999.000
202607021848,  -0.047,9999.000,9999.000,9999.000,9999.000,9999.000,9999.000,9999.000,9999.000
202607021854,  -0.042,9999.000,9999.000,9999.000,9999.000,9999.000,9999.000,9999.000,9999.000
202607021900,  -0.037,9999.000,   0.300,   0.025,   0.288,   0.300,   0.288,   0.300,   0.288
202607021906,  -0.031,9999.000,9999.000,9999.000,9999.000,9999.000,9999.000,9999.000,9999.000
202607021912,  -0.025,9999.000,9999.000,9999.000,9999.000,9999.000,9999.000,9999.000,9999.000
202607021918,  -0.019,9999.000,9999.000,9999.000,9999.000,9999.000,9999.000,9999.000,9999.000
202607021924,  -0.012,9999.000,9999.000,9999.000,9999.000,9999.000,9999.000,9999.000,9999.000
202607021930,  -0.005,9999.000,9999.000,9999.000,9999.000,9999.000,9999.000,9999.000,9999.000
202607021936,   0.002,9999.000,9999.000,9999.000,9999.000,9999.000,9999.000,9999.000,9999.000
202607021942,   0.010,9999.000,9999.000,9999.000,9999.000,9999.000,9999.000,9999.000,9999.000
202607021948,   0.018,9999.000,9999.000,9999.000,9999.000,9999.000,9999.000,9999.000,9999.000
202607021954,   0.027,9999.000,9999.000,9999.000,9999.000,9999.000,9999.000,9999.000,9999.000
202607022000,   0.036,9999.000,   0.300,   0.018,   0.354,   0.300,   0.354,   0.300,   0.354
202607022006,   0.046,9999.000,9999.000,9999.000,9999.000,9999.000,9999.000,9999.000,9999.000
202607022012,   0.056,9999.000,9999.000,9999.000,9999.000,9999.000,9999.000,9999.000,9999.000
202607022018,   0.066,9999.000,9999.000,9999.000,9999.000,9999.000,9999.000,9999.000,9999.000
202607022024,   0.077,9999.000,9999.000,9999.000,9999.000,9999.000,9999.000,9999.000,9999.000
202607022030,   0.088,9999.000,9999.000,9999.000,9999.000,9999.000,9999.000,9999.000,9999.000
202607022036,   0.100,9999.000,9999.000,9999.000,9999.000,9999.000,9999.000,9999.000,9999.000
202607022042,   0.112,9999.000,9999.000,9999.000,9999.000,9999.000,9999.000,9999.000,9999.000
202607022048,   0.124,9999.000,9999.000,9999.000,9999.000,9999.000,9999.000,9999.000,9999.000
202607022054,   0.137,9999.000,9999.000,9999.000,9999.000,9999.000,9999.000,9999.000,9999.000
202607022100,   0.150,9999.000,   0.300,   0.011,   0.461,   0.300,   0.461,   0.400,   0.561
202607022106,   0.164,9999.000,9999.000,9999.000,9999.000,9999.000,9999.000,9999.000,9999.000
202607022112,   0.177,9999.000,9999.000,9999.000,9999.000,9999.000,9999.000,9999.000,9999.000
202607022118,   0.192,9999.000,9999.000,9999.000,9999.000,9999.000,9999.000,9999.000,9999.000
202607022124,   0.206,9999.000,9999.000,9999.000,9999.000,9999.000,9999.000,9999.000,9999.000
202607022130,   0.221,9999.000,9999.000,9999.000,9999.000,9999.000,9999.000,9999.000,9999.000
202607022136,   0.237,9999.000,9999.000,9999.000,9999.000,9999.000,9999.000,9999.000,9999.000
202607022142,   0.252,9999.000,9999.000,9999.000,9999.000,9999.000,9999.000,9999.000,9999.000
202607022148,   0.268,9999.000,9999.000,9999.000,9999.000,9999.000,9999.000,9999.000,9999.000
202607022154,   0.284,9999.000,9999.000,9999.000,9999.000,9999.000,9999.000,9999.000,9999.000
202607022200,   0.301,9999.000,   0.300,   0.005,   0.606,   0.300,   0.606,   0.400,   0.706
202607022206,   0.318,9999.000,9999.000,9999.000,9999.000,9999.000,9999.000,9999.000,9999.000
202607022212,   0.335,9999.000,9999.000,9999.000,9999.000,9999.000,9999.000,9999.000,9999.000
202607022218,   0.352,9999.000,9999.000,9999.000,9999.000,9999.000,9999.000,9999.000,9999.000
202607022224,   0.369,9999.000,9999.000,9999.000,9999.000,9999.000,9999.000,9999.000,9999.000
202607022230,   0.387,9999.000,9999.000,9999.000,9999.000,9999.000,9999.000,9999.000,9999.000
202607022236,   0.405,9999.000,9999.000,9999.000,9999.000,9999.000,9999.000,9999.000,9999.000
202607022242,   0.423,9999.000,9999.000,9999.000,9999.000,9999.000,9999.000,9999.000,9999.000
202607022248,   0.441,9999.000,9999.000,9999.000,9999.000,9999.000,9999.000,9999.000,9999.000
202607022254,   0.459,9999.000,9999.000,9999.000,9999.000,9999.000,9999.000,9999.000,9999.000
202607022300,   0.478,9999.000,   0.300,  -0.002,   0.776,   0.300,   0.776,   0.300,   0.776
202607022306,   0.496,9999.000,9999.000,9999.000,9999.000,9999.000,9999.000,9999.000,9999.000
202607022312,   0.514,9999.000,9999.000,9999.000,9999.000,9999.000,9999.000,9999.000,9999.000
202607022318,   0.533,9999.000,9999.000,9999.000,9999.000,9999.000,9999.000,9999.000,9999.000
202607022324,   0.551,9999.000,9999.000,9999.000,9999.000,9999.000,9999.000,9999.000,9999.000
202607022330,   0.569,9999.000,9999.000,9999.000,9999.000,9999.000,9999.000,9999.000,9999.000
202607022336,   0.587,9999.000,9999.000,9999.000,9999.000,9999.000,9999.000,9999.000,9999.000
202607022342,   0.605,9999.000,9999.000,9999.000,9999.000,9999.000,9999.000,9999.000,9999.000
202607022348,   0.623,9999.000,9999.000,9999.000,9999.000,9999.000,9999.000,9999.000,9999.000
202607022354,   0.640,9999.000,9999.000,9999.000,9999.000,9999.000,9999.000,9999.000,9999.000
202607030000,   0.658,9999.000,   0.300,  -0.009,   0.949,   0.300,   0.949,   0.300,   0.949
202607030006,   0.675,9999.000,9999.000,9999.000,9999.000,9999.000,9999.000,9999.000,9999.000
202607030012,   0.691,9999.000,9999.000,9999.000,9999.000,9999.000,9999.000,9999.000,9999.000
202607030018,   0.708,9999.000,9999.000,9999.000,9999.000,9999.000,9999.000,9999.000,9999.000
202607030024,   0.723,9999.000,9999.000,9999.000,9999.000,9999.000,9999.000,9999.000,9999.000
202607030030,   0.739,9999.000,9999.000,9999.000,9999.000,9999.000,9999.000,9999.000,9999.000
202607030036,   0.754,9999.000,9999.000,9999.000,9999.000,9999.000,9999.000,9999.000,9999.000
202607030042,   0.769,9999.000,9999.000,9999.000,9999.000,9999.000,9999.000,9999.000,9999.000
202607030048,   0.783,9999.000,9999.000,9999.000,9999.000,9999.000,9999.000,9999.000,9999.000
202607030054,   0.796,9999.000,9999.000,9999.000,9999.000,9999.000,9999.000,9999.000,9999.000
202607030100,   0.809,9999.000,   0.300,  -0.015,   1.094,   0.300,   1.094,   0.300,   1.094
202607030106,   0.822,9999.000,9999.000,9999.000,9999.000,9999.000,9999.000,9999.000,9999.000
202607030112,   0.834,9999.000,9999.000,9999.000,9999.000,9999.000,9999.000,9999.000,9999.000
202607030118,   0.845,9999.000,9999.000,9999.000,9999.000,9999.000,9999.000,9999.000,9999.000
202607030124,   0.856,9999.000,9999.000,9999.000,9999.000,9999.000,9999.000,9999.000,9999.000
202607030130,   0.866,9999.000,9999.000,9999.000,9999.000,9999.000,9999.000,9999.000,9999.000
202607030136,   0.875,9999.000,9999.000,9999.000,9999.000,9999.000,9999.000,9999.000,9999.000
202607030142,   0.884,9999.000,9999.000,9999.000,9999.000,9999.000,9999.000,9999.000,9999.000
202607030148,   0.892,9999.000,9999.000,9999.000,9999.000,9999.000,9999.000,9999.000,9999.000
202607030154,   0.900,9999.000,9999.000,9999.000,9999.000,9999.000,9999.000,9999.000,9999.000
202607030200,   0.907,9999.000,   0.300,  -0.022,   1.185,   0.300,   1.185,   0.300,   1.185
202607030206,   0.913,9999.000,9999.000,9999.000,9999.000,9999.000,9999.000,9999.000,9999.000
202607030212,   0.919,9999.000,9999.000,9999.000,9999.000,9999.000,9999.000,9999.000,9999.000
202607030218,   0.924,9999.000,9999.000,9999.000,9999.000,9999.000,9999.000,9999.000,9999.000
202607030224,   0.928,9999.000,9999.000,9999.000,9999.000,9999.000,9999.000,9999.000,9999.000
202607030230,   0.931,9999.000,9999.000,9999.000,9999.000,9999.000,9999.000,9999.000,9999.000
202607030236,   0.934,9999.000,9999.000,9999.000,9999.000,9999.000,9999.000,9999.000,9999.000
202607030242,   0.937,9999.000,9999.000,9999.000,9999.000,9999.000,9999.000,9999.000,9999.000
202607030248,   0.939,9999.000,9999.000,9999.000,9999.000,9999.000,9999.000,9999.000,9999.000
202607030254,   0.940,9999.000,9999.000,9999.000,9999.000,9999.000,9999.000,9999.000,9999.000
202607030300,   0.941,9999.000,   0.300,  -0.029,   1.212,   0.300,   1.212,   0.300,   1.212
202607030306,   0.941,9999.000,9999.000,9999.000,9999.000,9999.000,9999.000,9999.000,9999.000
202607030312,   0.940,9999.000,9999.000,9999.000,9999.000,9999.000,9999.000,9999.000,9999.000
202607030318,   0.940,9999.000,9999.000,9999.000,9999.000,9999.000,9999.000,9999.000,9999.000
202607030324,   0.938,9999.000,9999.000,9999.000,9999.000,9999.000,9999.000,9999.000,9999.000
202607030330,   0.936,9999.000,9999.000,9999.000,9999.000,9999.000,9999.000,9999.000,9999.000
202607030336,   0.934,9999.000,9999.000,9999.000,9999.000,9999.000,9999.000,9999.000,9999.000
202607030342,   0.931,9999.000,9999.000,9999.000,9999.000,9999.000,9999.000,9999.000,9999.000
202607030348,   0.928,9999.000,9999.000,9999.000,9999.000,9999.000,9999.000,9999.000,9999.000
202607030354,   0.924,9999.000,9999.000,9999.000,9999.000,9999.000,9999.000,9999.000,9999.000
202607030400,   0.921,9999.000,   0.300,  -0.035,   1.186,   0.300,   1.186,   0.300,   1.186
202607030406,   0.916,9999.000,9999.000,9999.000,9999.000,9999.000,9999.000,9999.000,9999.000
202607030412,   0.912,9999.000,9999.000,9999.000,9999.000,9999.000,9999.000,9999.000,9999.000
202607030418,   0.907,9999.000,9999.000,9999.000,9999.000,9999.000,9999.000,9999.000,9999.000
202607030424,   0.902,9999.000,9999.000,9999.000,9999.000,9999.000,9999.000,9999.000,9999.000
202607030430,   0.896,9999.000,9999.000,9999.000,9999.000,9999.000,9999.000,9999.000,9999.000
202607030436,   0.890,9999.000,9999.000,9999.000,9999.000,9999.000,9999.000,9999.000,9999.000
202607030442,   0.884,9999.000,9999.000,9999.000,9999.000,9999.000,9999.000,9999.000,9999.000
202607030448,   0.878,9999.000,9999.000,9999.000,9999.000,9999.000,9999.000,9999.000,9999.000
202607030454,   0.872,9999.000,9999.000,9999.000,9999.000,9999.000,9999.000,9999.000,9999.000
202607030500,   0.865,9999.000,   0.300,  -0.042,   1.123,   0.300,   1.123,   0.300,   1.123
202607030506,   0.859,9999.000,9999.000,9999.000,9999.000,9999.000,9999.000,9999.000,9999.000
202607030512,   0.852,9999.000,9999.000,9999.000,9999.000,9999.000,9999.000,9999.000,9999.000
202607030518,   0.845,9999.000,9999.000,9999.000,9999.000,9999.000,9999.000,9999.000,9999.000
202607030524,   0.838,9999.000,9999.000,9999.000,9999.000,9999.000,9999.000,9999.000,9999.000
202607030530,   0.831,9999.000,9999.000,9999.000,9999.000,9999.000,9999.000,9999.000,9999.000
202607030536,   0.823,9999.000,9999.000,9999.000,9999.000,9999.000,9999.000,9999.000,9999.000
202607030542,   0.816,9999.000,9999.000,9999.000,9999.000,9999.000,9999.000,9999.000,9999.000
202607030548,   0.808,9999.000,9999.000,9999.000,9999.000,9999.000,9999.000,9999.000,9999.000
202607030554,   0.801,9999.000,9999.000,9999.000,9999.000,9999.000,9999.000,9999.000,9999.000
202607030600,   0.793,9999.000,   0.300,  -0.042,   1.051,   0.300,   1.051,   0.300,   1.051
202607030606,   0.785,9999.000,9999.000,9999.000,9999.000,9999.000,9999.000,9999.000,9999.000
202607030612,   0.777,9999.000,9999.000,9999.000,9999.000,9999.000,9999.000,9999.000,9999.000
202607030618,   0.769,9999.000,9999.000,9999.000,9999.000,9999.000,9999.000,9999.000,9999.000
202607030624,   0.761,9999.000,9999.000,9999.000,9999.000,9999.000,9999.000,9999.000,9999.000
202607030630,   0.753,9999.000,9999.000,9999.000,9999.000,9999.000,9999.000,9999.000,9999.000
202607030636,   0.745,9999.000,9999.000,9999.000,9999.000,9999.000,9999.000,9999.000,9999.000
202607030642,   0.737,9999.000,9999.000,9999.000,9999.000,9999.000,9999.000,9999.000,9999.000
202607030648,   0.729,9999.000,9999.000,9999.000,9999.000,9999.000,9999.000,9999.000,9999.000
202607030654,   0.720,9999.000,9999.000,9999.000,9999.000,9999.000,9999.000,9999.000,9999.000
202607030700,   0.712,9999.000,   0.300,  -0.042,   0.970,   0.300,   0.970,   0.300,   0.970
202607030706,   0.704,9999.000,9999.000,9999.000,9999.000,9999.000,9999.000,9999.000,9999.000
202607030712,   0.695,9999.000,9999.000,9999.000,9999.000,9999.000,9999.000,9999.000,9999.000
202607030718,   0.687,9999.000,9999.000,9999.000,9999.000,9999.000,9999.000,9999.000,9999.000
202607030724,   0.679,9999.000,9999.000,9999.000,9999.000,9999.000,9999.000,9999.000,9999.000
202607030730,   0.670,9999.000,9999.000,9999.000,9999.000,9999.000,9999.000,9999.000,9999.000
202607030736,   0.662,9999.000,9999.000,9999.000,9999.000,9999.000,9999.000,9999.000,9999.000
202607030742,   0.653,9999.000,9999.000,9999.000,9999.000,9999.000,9999.000,9999.000,9999.000
202607030748,   0.645,9999.000,9999.000,9999.000,9999.000,9999.000,9999.000,9999.000,9999.000
202607030754,   0.637,9999.000,9999.000,9999.000,9999.000,9999.000,9999.000,9999.000,9999.000
202607030800,   0.628,9999.000,   0.300,  -0.042,   0.886,   0.300,   0.886,   0.300,   0.886
202607030806,   0.620,9999.000,9999.000,9999.000,9999.000,9999.000,9999.000,9999.000,9999.000
202607030812,   0.612,9999.000,9999.000,9999.000,9999.000,9999.000,9999.000,9999.000,9999.000
202607030818,   0.603,9999.000,9999.000,9999.000,9999.000,9999.000,9999.000,9999.000,9999.000
202607030824,   0.595,9999.000,9999.000,9999.000,9999.000,9999.000,9999.000,9999.000,9999.000
202607030830,   0.587,9999.000,9999.000,9999.000,9999.000,9999.000,9999.000,9999.000,9999.000
202607030836,   0.579,9999.000,9999.000,9999.000,9999.000,9999.000,9999.000,9999.000,9999.000
202607030842,   0.571,9999.000,9999.000,9999.000,9999.000,9999.000,9999.000,9999.000,9999.000
202607030848,   0.563,9999.000,9999.000,9999.000,9999.000,9999.000,9999.000,9999.000,9999.000
202607030854,   0.555,9999.000,9999.000,9999.000,9999.000,9999.000,9999.000,9999.000,9999.000
202607030900,   0.548,9999.000,   0.300,  -0.042,   0.806,   0.300,   0.806,   0.300,   0.806
202607030906,   0.540,9999.000,9999.000,9999.000,9999.000,9999.000,9999.000,9999.000,9999.000
202607030912,   0.533,9999.000,9999.000,9999.000,9999.000,9999.000,9999.000,9999.000,9999.000
202607030918,   0.526,9999.000,9999.000,9999.000,9999.000,9999.000,9999.000,9999.000,9999.000
202607030924,   0.518,9999.000,9999.000,9999.000,9999.000,9999.000,9999.000,9999.000,9999.000
202607030930,   0.511,9999.000,9999.000,9999.000,9999.000,9999.000,9999.000,9999.000,9999.000
202607030936,   0.505,9999.000,9999.000,9999.000,9999.000,9999.000,9999.000,9999.000,9999.000
202607030942,   0.498,9999.000,9999.000,9999.000,9999.000,9999.000,9999.000,9999.000,9999.000
202607030948,   0.491,9999.000,9999.000,9999.000,9999.000,9999.000,9999.000,9999.000,9999.000
202607030954,   0.485,9999.000,9999.000,9999.000,9999.000,9999.000,9999.000,9999.000,9999.000
202607031000,   0.479,9999.000,   0.300,  -0.042,   0.737,   0.300,   0.737,   0.300,   0.737
202607031006,   0.473,9999.000,9999.000,9999.000,9999.000,9999.000,9999.000,9999.000,9999.000
202607031012,   0.467,9999.000,9999.000,9999.000,9999.000,9999.000,9999.000,9999.000,9999.000
202607031018,   0.461,9999.000,9999.000,9999.000,9999.000,9999.000,9999.000,9999.000,9999.000
202607031024,   0.456,9999.000,9999.000,9999.000,9999.000,9999.000,9999.000,9999.000,9999.000
202607031030,   0.451,9999.000,9999.000,9999.000,9999.000,9999.000,9999.000,9999.000,9999.000
202607031036,   0.445,9999.000,9999.000,9999.000,9999.000,9999.000,9999.000,9999.000,9999.000
202607031042,   0.440,9999.000,9999.000,9999.000,9999.000,9999.000,9999.000,9999.000,9999.000
202607031048,   0.435,9999.000,9999.000,9999.000,9999.000,9999.000,9999.000,9999.000,9999.000
202607031054,   0.431,9999.000,9999.000,9999.000,9999.000,9999.000,9999.000,9999.000,9999.000
202607031100,   0.426,9999.000,   0.300,  -0.042,   0.684,   0.300,   0.684,   0.300,   0.684
202607031106,   0.422,9999.000,9999.000,9999.000,9999.000,9999.000,9999.000,9999.000,9999.000
202607031112,   0.417,9999.000,9999.000,9999.000,9999.000,9999.000,9999.000,9999.000,9999.000
202607031118,   0.413,9999.000,9999.000,9999.000,9999.000,9999.000,9999.000,9999.000,9999.000
202607031124,   0.409,9999.000,9999.000,9999.000,9999.000,9999.000,9999.000,9999.000,9999.000
202607031130,   0.404,9999.000,9999.000,9999.000,9999.000,9999.000,9999.000,9999.000,9999.000
202607031136,   0.400,9999.000,9999.000,9999.000,9999.000,9999.000,9999.000,9999.000,9999.000
202607031142,   0.396,9999.000,9999.000,9999.000,9999.000,9999.000,9999.000,9999.000,9999.000
202607031148,   0.392,9999.000,9999.000,9999.000,9999.000,9999.000,9999.000,9999.000,9999.000
202607031154,   0.388,9999.000,9999.000,9999.000,9999.000,9999.000,9999.000,9999.000,9999.000
202607031200,   0.384,9999.000,   0.300,  -0.042,   0.642,   0.300,   0.642,   0.300,   0.642
202607031206,   0.380,9999.000,9999.000,9999.000,9999.000,9999.000,9999.000,9999.000,9999.000
202607031212,   0.376,9999.000,9999.000,9999.000,9999.000,9999.000,9999.000,9999.000,9999.000
202607031218,   0.372,9999.000,9999.000,9999.000,9999.000,9999.000,9999.000,9999.000,9999.000
202607031224,   0.368,9999.000,9999.000,9999.000,9999.000,9999.000,9999.000,9999.000,9999.000
202607031230,   0.363,9999.000,9999.000,9999.000,9999.000,9999.000,9999.000,9999.000,9999.000
202607031236,   0.359,9999.000,9999.000,9999.000,9999.000,9999.000,9999.000,9999.000,9999.000
202607031242,   0.354,9999.000,9999.000,9999.000,9999.000,9999.000,9999.000,9999.000,9999.000
202607031248,   0.349,9999.000,9999.000,9999.000,9999.000,9999.000,9999.000,9999.000,9999.000
202607031254,   0.345,9999.000,9999.000,9999.000,9999.000,9999.000,9999.000,9999.000,9999.000
202607031300,   0.340,9999.000,   0.300,  -0.042,   0.598,   0.300,   0.598,   0.300,   0.598
202607031306,   0.334,9999.000,9999.000,9999.000,9999.000,9999.000,9999.000,9999.000,9999.000
202607031312,   0.329,9999.000,9999.000,9999.000,9999.000,9999.000,9999.000,9999.000,9999.000
202607031318,   0.324,9999.000,9999.000,9999.000,9999.000,9999.000,9999.000,9999.000,9999.000
202607031324,   0.318,9999.000,9999.000,9999.000,9999.000,9999.000,9999.000,9999.000,9999.000
202607031330,   0.312,9999.000,9999.000,9999.000,9999.000,9999.000,9999.000,9999.000,9999.000
202607031336,   0.306,9999.000,9999.000,9999.000,9999.000,9999.000,9999.000,9999.000,9999.000
202607031342,   0.300,9999.000,9999.000,9999.000,9999.000,9999.000,9999.000,9999.000,9999.000
202607031348,   0.293,9999.000,9999.000,9999.000,9999.000,9999.000,9999.000,9999.000,9999.000
202607031354,   0.287,9999.000,9999.000,9999.000,9999.000,9999.000,9999.000,9999.000,9999.000
202607031400,   0.280,9999.000,   0.300,  -0.042,   0.538,   0.300,   0.538,   0.300,   0.538
202607031406,   0.273,9999.000,9999.000,9999.000,9999.000,9999.000,9999.000,9999.000,9999.000
202607031412,   0.266,9999.000,9999.000,9999.000,9999.000,9999.000,9999.000,9999.000,9999.000
202607031418,   0.258,9999.000,9999.000,9999.000,9999.000,9999.000,9999.000,9999.000,9999.000
202607031424,   0.251,9999.000,9999.000,9999.000,9999.000,9999.000,9999.000,9999.000,9999.000
202607031430,   0.243,9999.000,9999.000,9999.000,9999.000,9999.000,9999.000,9999.000,9999.000
202607031436,   0.235,9999.000,9999.000,9999.000,9999.000,9999.000,9999.000,9999.000,9999.000
202607031442,   0.228,9999.000,9999.000,9999.000,9999.000,9999.000,9999.000,9999.000,9999.000
202607031448,   0.220,9999.000,9999.000,9999.000,9999.000,9999.000,9999.000,9999.000,9999.000
202607031454,   0.212,9999.000,9999.000,9999.000,9999.000,9999.000,9999.000,9999.000,9999.000
202607031500,   0.204,9999.000,   0.300,  -0.042,   0.462,   0.300,   0.462,   0.300,   0.462
202607031506,   0.196,9999.000,9999.000,9999.000,9999.000,9999.000,9999.000,9999.000,9999.000
202607031512,   0.187,9999.000,9999.000,9999.000,9999.000,9999.000,9999.000,9999.000,9999.000
202607031518,   0.179,9999.000,9999.000,9999.000,9999.000,9999.000,9999.000,9999.000,9999.000
202607031524,   0.171,9999.000,9999.000,9999.000,9999.000,9999.000,9999.000,9999.000,9999.000
202607031530,   0.163,9999.000,9999.000,9999.000,9999.000,9999.000,9999.000,9999.000,9999.000
202607031536,   0.155,9999.000,9999.000,9999.000,9999.000,9999.000,9999.000,9999.000,9999.000
202607031542,   0.148,9999.000,9999.000,9999.000,9999.000,9999.000,9999.000,9999.000,9999.000
202607031548,   0.140,9999.000,9999.000,9999.000,9999.000,9999.000,9999.000,9999.000,9999.000
202607031554,   0.132,9999.000,9999.000,9999.000,9999.000,9999.000,9999.000,9999.000,9999.000
202607031600,   0.125,9999.000,   0.300,  -0.042,   0.383,   0.300,   0.383,   0.300,   0.383
202607031606,   0.118,9999.000,9999.000,9999.000,9999.000,9999.000,9999.000,9999.000,9999.000
202607031612,   0.111,9999.000,9999.000,9999.000,9999.000,9999.000,9999.000,9999.000,9999.000
202607031618,   0.104,9999.000,9999.000,9999.000,9999.000,9999.000,9999.000,9999.000,9999.000
202607031624,   0.097,9999.000,9999.000,9999.000,9999.000,9999.000,9999.000,9999.000,9999.000
202607031630,   0.091,9999.000,9999.000,9999.000,9999.000,9999.000,9999.000,9999.000,9999.000
202607031636,   0.085,9999.000,9999.000,9999.000,9999.000,9999.000,9999.000,9999.000,9999.000
202607031642,   0.079,9999.000,9999.000,9999.000,9999.000,9999.000,9999.000,9999.000,9999.000
202607031648,   0.074,9999.000,9999.000,9999.000,9999.000,9999.000,9999.000,9999.000,9999.000
202607031654,   0.069,9999.000,9999.000,9999.000,9999.000,9999.000,9999.000,9999.000,9999.000
202607031700,   0.064,9999.000,   0.300,  -0.042,   0.322,   0.300,   0.322,   0.300,   0.322
202607031706,   0.060,9999.000,9999.000,9999.000,9999.000,9999.000,9999.000,9999.000,9999.000
202607031712,   0.056,9999.000,9999.000,9999.000,9999.000,9999.000,9999.000,9999.000,9999.000
202607031718,   0.052,9999.000,9999.000,9999.000,9999.000,9999.000,9999.000,9999.000,9999.000
202607031724,   0.049,9999.000,9999.000,9999.000,9999.000,9999.000,9999.000,9999.000,9999.000
202607031730,   0.046,9999.000,9999.000,9999.000,9999.000,9999.000,9999.000,9999.000,9999.000
202607031736,   0.043,9999.000,9999.000,9999.000,9999.000,9999.000,9999.000,9999.000,9999.000
202607031742,   0.041,9999.000,9999.000,9999.000,9999.000,9999.000,9999.000,9999.000,9999.000
202607031748,   0.039,9999.000,9999.000,9999.000,9999.000,9999.000,9999.000,9999.000,9999.000
202607031754,   0.038,9999.000,9999.000,9999.000,9999.000,9999.000,9999.000,9999.000,9999.000
202607031800,   0.037,9999.000,   0.300,  -0.042,   0.295,   0.300,   0.295,   0.300,   0.295
202607031806,   0.036,9999.000,9999.000,9999.000,9999.000,9999.000,9999.000,9999.000,9999.000
202607031812,   0.036,9999.000,9999.000,9999.000,9999.000,9999.000,9999.000,9999.000,9999.000
202607031818,   0.036,9999.000,9999.000,9999.000,9999.000,9999.000,9999.000,9999.000,9999.000
202607031824,   0.037,9999.000,9999.000,9999.000,9999.000,9999.000,9999.000,9999.000,9999.000
202607031830,   0.038,9999.000,9999.000,9999.000,9999.000,9999.000,9999.000,9999.000,9999.000
202607031836,   0.039,9999.000,9999.000,9999.000,9999.000,9999.000,9999.000,9999.000,9999.000
202607031842,   0.041,9999.000,9999.000,9999.000,9999.000,9999.000,9999.000,9999.000,9999.000
202607031848,   0.043,9999.000,9999.000,9999.000,9999.000,9999.000,9999.000,9999.000,9999.000
202607031854,   0.046,9999.000,9999.000,9999.000,9999.000,9999.000,9999.000,9999.000,9999.000
202607031900,   0.049,9999.000,   0.300,  -0.042,   0.307,   0.300,   0.307,   0.300,   0.307
202607031906,   0.052,9999.000,9999.000,9999.000,9999.000,9999.000,9999.000,9999.000,9999.000
202607031912,   0.056,9999.000,9999.000,9999.000,9999.000,9999.000,9999.000,9999.000,9999.000
202607031918,   0.060,9999.000,9999.000,9999.000,9999.000,9999.000,9999.000,9999.000,9999.000
202607031924,   0.064,9999.000,9999.000,9999.000,9999.000,9999.000,9999.000,9999.000,9999.000
202607031930,   0.069,9999.000,9999.000,9999.000,9999.000,9999.000,9999.000,9999.000,9999.000
202607031936,   0.074,9999.000,9999.000,9999.000,9999.000,9999.000,9999.000,9999.000,9999.000
202607031942,   0.080,9999.000,9999.000,9999.000,9999.000,9999.000,9999.000,9999.000,9999.000
202607031948,   0.085,9999.000,9999.000,9999.000,9999.000,9999.000,9999.000,9999.000,9999.000
202607031954,   0.091,9999.000,9999.000,9999.000,9999.000,9999.000,9999.000,9999.000,9999.000
202607032000,   0.098,9999.000,   0.300,  -0.042,   0.356,   0.300,   0.356,   0.300,   0.356
202607032006,   0.105,9999.000,9999.000,9999.000,9999.000,9999.000,9999.000,9999.000,9999.000
202607032012,   0.112,9999.000,9999.000,9999.000,9999.000,9999.000,9999.000,9999.000,9999.000
202607032018,   0.120,9999.000,9999.000,9999.000,9999.000,9999.000,9999.000,9999.000,9999.000
202607032024,   0.127,9999.000,9999.000,9999.000,9999.000,9999.000,9999.000,9999.000,9999.000
202607032030,   0.136,9999.000,9999.000,9999.000,9999.000,9999.000,9999.000,9999.000,9999.000
202607032036,   0.144,9999.000,9999.000,9999.000,9999.000,9999.000,9999.000,9999.000,9999.000
202607032042,   0.153,9999.000,9999.000,9999.000,9999.000,9999.000,9999.000,9999.000,9999.000
202607032048,   0.162,9999.000,9999.000,9999.000,9999.000,9999.000,9999.000,9999.000,9999.000
202607032054,   0.172,9999.000,9999.000,9999.000,9999.000,9999.000,9999.000,9999.000,9999.000
202607032100,   0.182,9999.000,   0.300,  -0.042,   0.440,   0.300,   0.440,   0.400,   0.540
202607032106,   0.192,9999.000,9999.000,9999.000,9999.000,9999.000,9999.000,9999.000,9999.000
202607032112,   0.203,9999.000,9999.000,9999.000,9999.000,9999.000,9999.000,9999.000,9999.000
202607032118,   0.214,9999.000,9999.000,9999.000,9999.000,9999.000,9999.000,9999.000,9999.000
202607032124,   0.225,9999.000,9999.000,9999.000,9999.000,9999.000,9999.000,9999.000,9999.000
202607032130,   0.237,9999.000,9999.000,9999.000,9999.000,9999.000,9999.000,9999.000,9999.000
202607032136,   0.249,9999.000,9999.000,9999.000,9999.000,9999.000,9999.000,9999.000,9999.000
202607032142,   0.261,9999.000,9999.000,9999.000,9999.000,9999.000,9999.000,9999.000,9999.000
202607032148,   0.274,9999.000,9999.000,9999.000,9999.000,9999.000,9999.000,9999.000,9999.000
202607032154,   0.287,9999.000,9999.000,9999.000,9999.000,9999.000,9999.000,9999.000,9999.000
202607032200,   0.300,9999.000,   0.300,  -0.042,   0.558,   0.300,   0.558,   0.300,   0.558
202607032206,   0.314,9999.000,9999.000,9999.000,9999.000,9999.000,9999.000,9999.000,9999.000
202607032212,   0.328,9999.000,9999.000,9999.000,9999.000,9999.000,9999.000,9999.000,9999.000
202607032218,   0.342,9999.000,9999.000,9999.000,9999.000,9999.000,9999.000,9999.000,9999.000
202607032224,   0.356,9999.000,9999.000,9999.000,9999.000,9999.000,9999.000,9999.000,9999.000
202607032230,   0.371,9999.000,9999.000,9999.000,9999.000,9999.000,9999.000,9999.000,9999.000
202607032236,   0.386,9999.000,9999.000,9999.000,9999.000,9999.000,9999.000,9999.000,9999.000
202607032242,   0.401,9999.000,9999.000,9999.000,9999.000,9999.000,9999.000,9999.000,9999.000
202607032248,   0.417,9999.000,9999.000,9999.000,9999.000,9999.000,9999.000,9999.000,9999.000
202607032254,   0.433,9999.000,9999.000,9999.000,9999.000,9999.000,9999.000,9999.000,9999.000
202607032300,   0.449,9999.000,   0.300,  -0.042,   0.707,   0.300,   0.707,   0.300,   0.707
202607032306,   0.465,9999.000,9999.000,9999.000,9999.000,9999.000,9999.000,9999.000,9999.000
202607032312,   0.481,9999.000,9999.000,9999.000,9999.000,9999.000,9999.000,9999.000,9999.000
202607032318,   0.497,9999.000,9999.000,9999.000,9999.000,9999.000,9999.000,9999.000,9999.000
202607032324,   0.513,9999.000,9999.000,9999.000,9999.000,9999.000,9999.000,9999.000,9999.000
202607032330,   0.530,9999.000,9999.000,9999.000,9999.000,9999.000,9999.000,9999.000,9999.000
202607032336,   0.546,9999.000,9999.000,9999.000,9999.000,9999.000,9999.000,9999.000,9999.000
202607032342,   0.563,9999.000,9999.000,9999.000,9999.000,9999.000,9999.000,9999.000,9999.000
202607032348,   0.579,9999.000,9999.000,9999.000,9999.000,9999.000,9999.000,9999.000,9999.000
202607032354,   0.596,9999.000,9999.000,9999.000,9999.000,9999.000,9999.000,9999.000,9999.000
202607040000,   0.612,9999.000,   0.300,  -0.042,   0.870,   0.300,   0.870,   0.300,   0.870
202607040006,   0.628,9999.000,9999.000,9999.000,9999.000,9999.000,9999.000,9999.000,9999.000
202607040012,   0.644,9999.000,9999.000,9999.000,9999.000,9999.000,9999.000,9999.000,9999.000
202607040018,   0.660,9999.000,9999.000,9999.000,9999.000,9999.000,9999.000,9999.000,9999.000
202607040024,   0.676,9999.000,9999.000,9999.000,9999.000,9999.000,9999.000,9999.000,9999.000
202607040030,   0.691,9999.000,9999.000,9999.000,9999.000,9999.000,9999.000,9999.000,9999.000
202607040036,   0.706,9999.000,9999.000,9999.000,9999.000,9999.000,9999.000,9999.000,9999.000
202607040042,   0.721,9999.000,9999.000,9999.000,9999.000,9999.000,9999.000,9999.000,9999.000
202607040048,   0.735,9999.000,9999.000,9999.000,9999.000,9999.000,9999.000,9999.000,9999.000
202607040054,   0.749,9999.000,9999.000,9999.000,9999.000,9999.000,9999.000,9999.000,9999.000
202607040100,   0.763,9999.000,   0.300,  -0.042,   1.021,   0.300,   1.021,   0.300,   1.021
202607040106,   0.776,9999.000,9999.000,9999.000,9999.000,9999.000,9999.000,9999.000,9999.000
202607040112,   0.789,9999.000,9999.000,9999.000,9999.000,9999.000,9999.000,9999.000,9999.000
202607040118,   0.802,9999.000,9999.000,9999.000,9999.000,9999.000,9999.000,9999.000,9999.000
202607040124,   0.813,9999.000,9999.000,9999.000,9999.000,9999.000,9999.000,9999.000,9999.000
202607040130,   0.825,9999.000,9999.000,9999.000,9999.000,9999.000,9999.000,9999.000,9999.000
202607040136,   0.835,9999.000,9999.000,9999.000,9999.000,9999.000,9999.000,9999.000,9999.000
202607040142,   0.846,9999.000,9999.000,9999.000,9999.000,9999.000,9999.000,9999.000,9999.000
202607040148,   0.855,9999.000,9999.000,9999.000,9999.000,9999.000,9999.000,9999.000,9999.000
202607040154,   0.864,9999.000,9999.000,9999.000,9999.000,9999.000,9999.000,9999.000,9999.000
202607040200,   0.873,9999.000,   0.300,  -0.042,   1.131,   0.300,   1.131,   0.300,   1.131
202607040206,   0.881,9999.000,9999.000,9999.000,9999.000,9999.000,9999.000,9999.000,9999.000
202607040212,   0.888,9999.000,9999.000,9999.000,9999.000,9999.000,9999.000,9999.000,9999.000
202607040218,   0.895,9999.000,9999.000,9999.000,9999.000,9999.000,9999.000,9999.000,9999.000
202607040224,   0.901,9999.000,9999.000,9999.000,9999.000,9999.000,9999.000,9999.000,9999.000
202607040230,   0.906,9999.000,9999.000,9999.000,9999.000,9999.000,9999.000,9999.000,9999.000
202607040236,   0.911,9999.000,9999.000,9999.000,9999.000,9999.000,9999.000,9999.000,9999.000
202607040242,   0.915,9999.000,9999.000,9999.000,9999.000,9999.000,9999.000,9999.000,9999.000
202607040248,   0.918,9999.000,9999.000,9999.000,9999.000,9999.000,9999.000,9999.000,9999.000
202607040254,   0.921,9999.000,9999.000,9999.000,9999.000,9999.000,9999.000,9999.000,9999.000
202607040300,   0.924,9999.000,   0.300,  -0.042,   1.182,   0.300,   1.182,   0.300,   1.182
202607040306,   0.925,9999.000,9999.000,9999.000,9999.000,9999.000,9999.000,9999.000,9999.000
202607040312,   0.926,9999.000,9999.000,9999.000,9999.000,9999.000,9999.000,9999.000,9999.000
202607040318,   0.927,9999.000,9999.000,9999.000,9999.000,9999.000,9999.000,9999.000,9999.000
202607040324,   0.927,9999.000,9999.000,9999.000,9999.000,9999.000,9999.000,9999.000,9999.000
202607040330,   0.926,9999.000,9999.000,9999.000,9999.000,9999.000,9999.000,9999.000,9999.000
202607040336,   0.925,9999.000,9999.000,9999.000,9999.000,9999.000,9999.000,9999.000,9999.000
202607040342,   0.924,9999.000,9999.000,9999.000,9999.000,9999.000,9999.000,9999.000,9999.000
202607040348,   0.922,9999.000,9999.000,9999.000,9999.000,9999.000,9999.000,9999.000,9999.000
202607040354,   0.919,9999.000,9999.000,9999.000,9999.000,9999.000,9999.000,9999.000,9999.000
202607040400,   0.916,9999.000,   0.300,  -0.042,   1.174,   0.300,   1.174,   0.300,   1.174
202607040406,   0.913,9999.000,9999.000,9999.000,9999.000,9999.000,9999.000,9999.000,9999.000
202607040412,   0.909,9999.000,9999.000,9999.000,9999.000,9999.000,9999.000,9999.000,9999.000
202607040418,   0.905,9999.000,9999.000,9999.000,9999.000,9999.000,9999.000,9999.000,9999.000
202607040424,   0.900,9999.000,9999.000,9999.000,9999.000,9999.000,9999.000,9999.000,9999.000
202607040430,   0.896,9999.000,9999.000,9999.000,9999.000,9999.000,9999.000,9999.000,9999.000
202607040436,   0.890,9999.000,9999.000,9999.000,9999.000,9999.000,9999.000,9999.000,9999.000
202607040442,   0.885,9999.000,9999.000,9999.000,9999.000,9999.000,9999.000,9999.000,9999.000
202607040448,   0.879,9999.000,9999.000,9999.000,9999.000,9999.000,9999.000,9999.000,9999.000
202607040454,   0.873,9999.000,9999.000,9999.000,9999.000,9999.000,9999.000,9999.000,9999.000
202607040500,   0.867,9999.000,   0.300,  -0.042,   1.125,   0.300,   1.125,   0.300,   1.125
202607040506,   0.861,9999.000,9999.000,9999.000,9999.000,9999.000,9999.000,9999.000,9999.000
202607040512,   0.854,9999.000,9999.000,9999.000,9999.000,9999.000,9999.000,9999.000,9999.000
202607040518,   0.847,9999.000,9999.000,9999.000,9999.000,9999.000,9999.000,9999.000,9999.000
202607040524,   0.840,9999.000,9999.000,9999.000,9999.000,9999.000,9999.000,9999.000,9999.000
202607040530,   0.833,9999.000,9999.000,9999.000,9999.000,9999.000,9999.000,9999.000,9999.000
202607040536,   0.826,9999.000,9999.000,9999.000,9999.000,9999.000,9999.000,9999.000,9999.000
202607040542,   0.818,9999.000,9999.000,9999.000,9999.000,9999.000,9999.000,9999.000,9999.000
202607040548,   0.811,9999.000,9999.000,9999.000,9999.000,9999.000,9999.000,9999.000,9999.000
202607040554,   0.803,9999.000,9999.000,9999.000,9999.000,9999.000,9999.000,9999.000,9999.000
202607040600,   0.795,9999.000,   0.300,  -0.042,   1.053,   0.300,   1.053,   0.300,   1.053
202607040606,   0.787,9999.000,9999.000,9999.000,9999.000,9999.000,9999.000,9999.000,9999.000
202607040612,   0.779,9999.000,9999.000,9999.000,9999.000,9999.000,9999.000,9999.000,9999.000
202607040618,   0.771,9999.000,9999.000,9999.000,9999.000,9999.000,9999.000,9999.000,9999.000
202607040624,   0.763,9999.000,9999.000,9999.000,9999.000,9999.000,9999.000,9999.000,9999.000
202607040630,   0.755,9999.000,9999.000,9999.000,9999.000,9999.000,9999.000,9999.000,9999.000
202607040636,   0.747,9999.000,9999.000,9999.000,9999.000,9999.000,9999.000,9999.000,9999.000
202607040642,   0.739,9999.000,9999.000,9999.000,9999.000,9999.000,9999.000,9999.000,9999.000
202607040648,   0.731,9999.000,9999.000,9999.000,9999.000,9999.000,9999.000,9999.000,9999.000
202607040654,   0.722,9999.000,9999.000,9999.000,9999.000,9999.000,9999.000,9999.000,9999.000
202607040700,   0.714,9999.000,   0.300,  -0.042,   0.972,   0.300,   0.972,   0.300,   0.972
202607040706,   0.706,9999.000,9999.000,9999.000,9999.000,9999.000,9999.000,9999.000,9999.000
202607040712,   0.697,9999.000,9999.000,9999.000,9999.000,9999.000,9999.000,9999.000,9999.000
202607040718,   0.689,9999.000,9999.000,9999.000,9999.000,9999.000,9999.000,9999.000,9999.000
202607040724,   0.681,9999.000,9999.000,9999.000,9999.000,9999.000,9999.000,9999.000,9999.000
202607040730,   0.672,9999.000,9999.000,9999.000,9999.000,9999.000,9999.000,9999.000,9999.000
202607040736,   0.664,9999.000,9999.000,9999.000,9999.000,9999.000,9999.000,9999.000,9999.000
202607040742,   0.656,9999.000,9999.000,9999.000,9999.000,9999.000,9999.000,9999.000,9999.000
202607040748,   0.647,9999.000,9999.000,9999.000,9999.000,9999.000,9999.000,9999.000,9999.000
202607040754,   0.639,9999.000,9999.000,9999.000,9999.000,9999.000,9999.000,9999.000,9999.000
202607040800,   0.631,9999.000,   0.300,  -0.042,   0.889,   0.300,   0.889,   0.300,   0.889
202607040806,   0.622,9999.000,9999.000,9999.000,9999.000,9999.000,9999.000,9999.000,9999.000
202607040812,   0.614,9999.000,9999.000,9999.000,9999.000,9999.000,9999.000,9999.000,9999.000
202607040818,   0.606,9999.000,9999.000,9999.000,9999.000,9999.000,9999.000,9999.000,9999.000
202607040824,   0.598,9999.000,9999.000,9999.000,9999.000,9999.000,9999.000,9999.000,9999.000
202607040830,   0.590,9999.000,9999.000,9999.000,9999.000,9999.000,9999.000,9999.000,9999.000
202607040836,   0.582,9999.000,9999.000,9999.000,9999.000,9999.000,9999.000,9999.000,9999.000
202607040842,   0.574,9999.000,9999.000,9999.000,9999.000,9999.000,9999.000,9999.000,9999.000
202607040848,   0.567,9999.000,9999.000,9999.000,9999.000,9999.000,9999.000,9999.000,9999.000
202607040854,   0.559,9999.000,9999.000,9999.000,9999.000,9999.000,9999.000,9999.000,9999.000
202607040900,   0.551,9999.000,   0.300,  -0.042,   0.809,   0.300,   0.809,   0.400,   0.909
202607040906,   0.544,9999.000,9999.000,9999.000,9999.000,9999.000,9999.000,9999.000,9999.000
202607040912,   0.537,9999.000,9999.000,9999.000,9999.000,9999.000,9999.000,9999.000,9999.000
202607040918,   0.530,9999.000,9999.000,9999.000,9999.000,9999.000,9999.000,9999.000,9999.000
202607040924,   0.523,9999.000,9999.000,9999.000,9999.000,9999.000,9999.000,9999.000,9999.000
202607040930,   0.516,9999.000,9999.000,9999.000,9999.000,9999.000,9999.000,9999.000,9999.000
202607040936,   0.509,9999.000,9999.000,9999.000,9999.000,9999.000,9999.000,9999.000,9999.000
202607040942,   0.503,9999.000,9999.000,9999.000,9999.000,9999.000,9999.000,9999.000,9999.000
202607040948,   0.496,9999.000,9999.000,9999.000,9999.000,9999.000,9999.000,9999.000,9999.000
202607040954,   0.490,9999.000,9999.000,9999.000,9999.000,9999.000,9999.000,9999.000,9999.000
202607041000,   0.485,9999.000,   0.300,  -0.042,   0.743,   0.300,   0.743,   0.400,   0.843
202607041006,   0.479,9999.000,9999.000,9999.000,9999.000,9999.000,9999.000,9999.000,9999.000
202607041012,   0.473,9999.000,9999.000,9999.000,9999.000,9999.000,9999.000,9999.000,9999.000
202607041018,   0.468,9999.000,9999.000,9999.000,9999.000,9999.000,9999.000,9999.000,9999.000
202607041024,   0.463,9999.000,9999.000,9999.000,9999.000,9999.000,9999.000,9999.000,9999.000
202607041030,   0.458,9999.000,9999.000,9999.000,9999.000,9999.000,9999.000,9999.000,9999.000
202607041036,   0.454,9999.000,9999.000,9999.000,9999.000,9999.000,9999.000,9999.000,9999.000
202607041042,   0.450,9999.000,9999.000,9999.000,9999.000,9999.000,9999.000,9999.000,9999.000
202607041048,   0.445,9999.000,9999.000,9999.000,9999.000,9999.000,9999.000,9999.000,9999.000
202607041054,   0.441,9999.000,9999.000,9999.000,9999.000,9999.000,9999.000,9999.000,9999.000
202607041100,   0.438,9999.000,   0.300,  -0.042,   0.696,   0.300,   0.696,   0.300,   0.696
202607041106,   0.434,9999.000,9999.000,9999.000,9999.000,9999.000,9999.000,9999.000,9999.000
202607041112,   0.431,9999.000,9999.000,9999.000,9999.000,9999.000,9999.000,9999.000,9999.000
202607041118,   0.428,9999.000,9999.000,9999.000,9999.000,9999.000,9999.000,9999.000,9999.000
202607041124,   0.425,9999.000,9999.000,9999.000,9999.000,9999.000,9999.000,9999.000,9999.000
202607041130,   0.422,9999.000,9999.000,9999.000,9999.000,9999.000,9999.000,9999.000,9999.000
202607041136,   0.419,9999.000,9999.000,9999.000,9999.000,9999.000,9999.000,9999.000,9999.000
202607041142,   0.417,9999.000,9999.000,9999.000,9999.000,9999.000,9999.000,9999.000,9999.000
202607041148,   0.415,9999.000,9999.000,9999.000,9999.000,9999.000,9999.000,9999.000,9999.000
202607041154,   0.412,9999.000,9999.000,9999.000,9999.000,9999.000,9999.000,9999.000,9999.000
202607041200,   0.410,9999.000,   0.300,  -0.042,   0.668,   0.300,   0.668,   0.300,   0.668
202607041206,   0.408,9999.000,9999.000,9999.000,9999.000,9999.000,9999.000,9999.000,9999.000
202607041212,   0.406,9999.000,9999.000,9999.000,9999.000,9999.000,9999.000,9999.000,9999.000
202607041218,   0.404,9999.000,9999.000,9999.000,9999.000,9999.000,9999.000,9999.000,9999.000
202607041224,   0.402,9999.000,9999.000,9999.000,9999.000,9999.000,9999.000,9999.000,9999.000
202607041230,   0.400,9999.000,9999.000,9999.000,9999.000,9999.000,9999.000,9999.000,9999.000
202607041236,   0.398,9999.000,9999.000,9999.000,9999.000,9999.000,9999.000,9999.000,9999.000
202607041242,   0.397,9999.000,9999.000,9999.000,9999.000,9999.000,9999.000,9999.000,9999.000
202607041248,   0.395,9999.000,9999.000,9999.000,9999.000,9999.000,9999.000,9999.000,9999.000
202607041254,   0.393,9999.000,9999.000,9999.000,9999.000,9999.000,9999.000,9999.000,9999.000
202607041300,   0.390,9999.000,   0.300,  -0.042,   0.648,   0.300,   0.648,   0.300,   0.648
202607041306,   0.388,9999.000,9999.000,9999.000,9999.000,9999.000,9999.000,9999.000,9999.000
202607041312,   0.386,9999.000,9999.000,9999.000,9999.000,9999.000,9999.000,9999.000,9999.000
202607041318,   0.384,9999.000,9999.000,9999.000,9999.000,9999.000,9999.000,9999.000,9999.000
202607041324,   0.381,9999.000,9999.000,9999.000,9999.000,9999.000,9999.000,9999.000,9999.000
202607041330,   0.378,9999.000,9999.000,9999.000,9999.000,9999.000,9999.000,9999.000,9999.000
202607041336,   0.375,9999.000,9999.000,9999.000,9999.000,9999.000,9999.000,9999.000,9999.000
202607041342,   0.372,9999.000,9999.000,9999.000,9999.000,9999.000,9999.000,9999.000,9999.000
202607041348,   0.369,9999.000,9999.000,9999.000,9999.000,9999.000,9999.000,9999.000,9999.000
202607041354,   0.366,9999.000,9999.000,9999.000,9999.000,9999.000,9999.000,9999.000,9999.000
202607041400,   0.362,9999.000,   0.300,  -0.042,   0.620,   0.300,   0.620,   0.300,   0.620
202607041406,   0.359,9999.000,9999.000,9999.000,9999.000,9999.000,9999.000,9999.000,9999.000
202607041412,   0.355,9999.000,9999.000,9999.000,9999.000,9999.000,9999.000,9999.000,9999.000
202607041418,   0.351,9999.000,9999.000,9999.000,9999.000,9999.000,9999.000,9999.000,9999.000
202607041424,   0.346,9999.000,9999.000,9999.000,9999.000,9999.000,9999.000,9999.000,9999.000
202607041430,   0.342,9999.000,9999.000,9999.000,9999.000,9999.000,9999.000,9999.000,9999.000
202607041436,   0.337,9999.000,9999.000,9999.000,9999.000,9999.000,9999.000,9999.000,9999.000
202607041442,   0.332,9999.000,9999.000,9999.000,9999.000,9999.000,9999.000,9999.000,9999.000
202607041448,   0.328,9999.000,9999.000,9999.000,9999.000,9999.000,9999.000,9999.000,9999.000
202607041454,   0.322,9999.000,9999.000,9999.000,9999.000,9999.000,9999.000,9999.000,9999.000
202607041500,   0.317,9999.000,   0.300,  -0.042,   0.575,   0.300,   0.575,   0.300,   0.575
202607041506,   0.312,9999.000,9999.000,9999.000,9999.000,9999.000,9999.000,9999.000,9999.000
202607041512,   0.306,9999.000,9999.000,9999.000,9999.000,9999.000,9999.000,9999.000,9999.000
202607041518,   0.300,9999.000,9999.000,9999.000,9999.000,9999.000,9999.000,9999.000,9999.000
202607041524,   0.295,9999.000,9999.000,9999.000,9999.000,9999.000,9999.000,9999.000,9999.000
202607041530,   0.289,9999.000,9999.000,9999.000,9999.000,9999.000,9999.000,9999.000,9999.000
202607041536,   0.283,9999.000,9999.000,9999.000,9999.000,9999.000,9999.000,9999.000,9999.000
202607041542,   0.277,9999.000,9999.000,9999.000,9999.000,9999.000,9999.000,9999.000,9999.000
202607041548,   0.271,9999.000,9999.000,9999.000,9999.000,9999.000,9999.000,9999.000,9999.000
202607041554,   0.265,9999.000,9999.000,9999.000,9999.000,9999.000,9999.000,9999.000,9999.000
202607041600,   0.259,9999.000,   0.300,  -0.042,   0.517,   0.300,   0.517,   0.300,   0.517
202607041606,   0.253,9999.000,9999.000,9999.000,9999.000,9999.000,9999.000,9999.000,9999.000
202607041612,   0.248,9999.000,9999.000,9999.000,9999.000,9999.000,9999.000,9999.000,9999.000
202607041618,   0.242,9999.000,9999.000,9999.000,9999.000,9999.000,9999.000,9999.000,9999.000
202607041624,   0.236,9999.000,9999.000,9999.000,9999.000,9999.000,9999.000,9999.000,9999.000
202607041630,   0.231,9999.000,9999.000,9999.000,9999.000,9999.000,9999.000,9999.000,9999.000
202607041636,   0.225,9999.000,9999.000,9999.000,9999.000,9999.000,9999.000,9999.000,9999.000
202607041642,   0.220,9999.000,9999.000,9999.000,9999.000,9999.000,9999.000,9999.000,9999.000
202607041648,   0.215,9999.000,9999.000,9999.000,9999.000,9999.000,9999.000,9999.000,9999.000
202607041654,   0.210,9999.000,9999.000,9999.000,9999.000,9999.000,9999.000,9999.000,9999.000
202607041700,   0.205,9999.000,   0.300,  -0.042,   0.463,   0.300,   0.463,   0.300,   0.463
202607041706,   0.201,9999.000,9999.000,9999.000,9999.000,9999.000,9999.000,9999.000,9999.000
202607041712,   0.197,9999.000,9999.000,9999.000,9999.000,9999.000,9999.000,9999.000,9999.000
202607041718,   0.193,9999.000,9999.000,9999.000,9999.000,9999.000,9999.000,9999.000,9999.000
202607041724,   0.189,9999.000,9999.000,9999.000,9999.000,9999.000,9999.000,9999.000,9999.000
202607041730,   0.185,9999.000,9999.000,9999.000,9999.000,9999.000,9999.000,9999.000,9999.000
202607041736,   0.182,9999.000,9999.000,9999.000,9999.000,9999.000,9999.000,9999.000,9999.000
202607041742,   0.179,9999.000,9999.000,9999.000,9999.000,9999.000,9999.000,9999.000,9999.000
202607041748,   0.176,9999.000,9999.000,9999.000,9999.000,9999.000,9999.000,9999.000,9999.000
202607041754,   0.174,9999.000,9999.000,9999.000,9999.000,9999.000,9999.000,9999.000,9999.000
202607041800,   0.172,9999.000,   0.300,  -0.042,   0.430,   0.300,   0.430,   0.300,   0.430
202607041806,   0.170,9999.000,9999.000,9999.000,9999.000,9999.000,9999.000,9999.000,9999.000
202607041812,   0.169,9999.000,9999.000,9999.000,9999.000,9999.000,9999.000,9999.000,9999.000
202607041818,   0.168,9999.000,9999.000,9999.000,9999.000,9999.000,9999.000,9999.000,9999.000
202607041824,   0.167,9999.000,9999.000,9999.000,9999.000,9999.000,9999.000,9999.000,9999.000
202607041830,   0.166,9999.000,9999.000,9999.000,9999.000,9999.000,9999.000,9999.000,9999.000
202607041836,   0.166,9999.000,9999.000,9999.000,9999.000,9999.000,9999.000,9999.000,9999.000
202607041842,   0.166,9999.000,9999.000,9999.000,9999.000,9999.000,9999.000,9999.000,9999.000
202607041848,   0.167,9999.000,9999.000,9999.000,9999.000,9999.000,9999.000,9999.000,9999.000
202607041854,   0.167,9999.000,9999.000,9999.000,9999.000,9999.000,9999.000,9999.000,9999.000
202607041900,   0.168,9999.000,   0.300,  -0.042,   0.426,   0.300,   0.426,   0.300,   0.426
202607041906,   0.170,9999.000,9999.000,9999.000,9999.000,9999.000,9999.000,9999.000,9999.000
202607041912,   0.171,9999.000,9999.000,9999.000,9999.000,9999.000,9999.000,9999.000,9999.000
202607041918,   0.173,9999.000,9999.000,9999.000,9999.000,9999.000,9999.000,9999.000,9999.000
202607041924,   0.176,9999.000,9999.000,9999.000,9999.000,9999.000,9999.000,9999.000,9999.000
202607041930,   0.178,9999.000,9999.000,9999.000,9999.000,9999.000,9999.000,9999.000,9999.000
202607041936,   0.181,9999.000,9999.000,9999.000,9999.000,9999.000,9999.000,9999.000,9999.000
202607041942,   0.184,9999.000,9999.000,9999.000,9999.000,9999.000,9999.000,9999.000,9999.000
202607041948,   0.187,9999.000,9999.000,9999.000,9999.000,9999.000,9999.000,9999.000,9999.000
202607041954,   0.191,9999.000,9999.000,9999.000,9999.000,9999.000,9999.000,9999.000,9999.000
202607042000,   0.195,9999.000,   0.300,  -0.042,   0.453,   0.300,   0.453,   0.300,   0.453
202607042006,   0.199,9999.000,9999.000,9999.000,9999.000,9999.000,9999.000,9999.000,9999.000
202607042012,   0.204,9999.000,9999.000,9999.000,9999.000,9999.000,9999.000,9999.000,9999.000
202607042018,   0.209,9999.000,9999.000,9999.000,9999.000,9999.000,9999.000,9999.000,9999.000
202607042024,   0.214,9999.000,9999.000,9999.000,9999.000,9999.000,9999.000,9999.000,9999.000
202607042030,   0.219,9999.000,9999.000,9999.000,9999.000,9999.000,9999.000,9999.000,9999.000
202607042036,   0.225,9999.000,9999.000,9999.000,9999.000,9999.000,9999.000,9999.000,9999.000
202607042042,   0.231,9999.000,9999.000,9999.000,9999.000,9999.000,9999.000,9999.000,9999.000
202607042048,   0.237,9999.000,9999.000,9999.000,9999.000,9999.000,9999.000,9999.000,9999.000
202607042054,   0.244,9999.000,9999.000,9999.000,9999.000,9999.000,9999.000,9999.000,9999.000
202607042100,   0.251,9999.000,   0.300,  -0.042,   0.509,   0.300,   0.509,   0.300,   0.509
202607042106,   0.258,9999.000,9999.000,9999.000,9999.000,9999.000,9999.000,9999.000,9999.000
202607042112,   0.265,9999.000,9999.000,9999.000,9999.000,9999.000,9999.000,9999.000,9999.000
202607042118,   0.273,9999.000,9999.000,9999.000,9999.000,9999.000,9999.000,9999.000,9999.000
202607042124,   0.281,9999.000,9999.000,9999.000,9999.000,9999.000,9999.000,9999.000,9999.000
202607042130,   0.289,9999.000,9999.000,9999.000,9999.000,9999.000,9999.000,9999.000,9999.000
202607042136,   0.297,9999.000,9999.000,9999.000,9999.000,9999.000,9999.000,9999.000,9999.000
202607042142,   0.306,9999.000,9999.000,9999.000,9999.000,9999.000,9999.000,9999.000,9999.000
202607042148,   0.315,9999.000,9999.000,9999.000,9999.000,9999.000,9999.000,9999.000,9999.000
202607042154,   0.325,9999.000,9999.000,9999.000,9999.000,9999.000,9999.000,9999.000,9999.000
202607042200,   0.335,9999.000,   0.300,  -0.042,   0.593,   0.300,   0.593,   0.300,   0.593
202607042206,   0.345,9999.000,9999.000,9999.000,9999.000,9999.000,9999.000,9999.000,9999.000
202607042212,   0.355,9999.000,9999.000,9999.000,9999.000,9999.000,9999.000,9999.000,9999.000
202607042218,   0.366,9999.000,9999.000,9999.000,9999.000,9999.000,9999.000,9999.000,9999.000
202607042224,   0.377,9999.000,9999.000,9999.000,9999.000,9999.000,9999.000,9999.000,9999.000
202607042230,   0.388,9999.000,9999.000,9999.000,9999.000,9999.000,9999.000,9999.000,9999.000
202607042236,   0.399,9999.000,9999.000,9999.000,9999.000,9999.000,9999.000,9999.000,9999.000
202607042242,   0.411,9999.000,9999.000,9999.000,9999.000,9999.000,9999.000,9999.000,9999.000
202607042248,   0.423,9999.000,9999.000,9999.000,9999.000,9999.000,9999.000,9999.000,9999.000
202607042254,   0.435,9999.000,9999.000,9999.000,9999.000,9999.000,9999.000,9999.000,9999.000
202607042300,   0.447,9999.000,   0.300,  -0.042,   0.705,   0.300,   0.705,   0.300,   0.705
202607042306,   0.460,9999.000,9999.000,9999.000,9999.000,9999.000,9999.000,9999.000,9999.000
202607042312,   0.473,9999.000,9999.000,9999.000,9999.000,9999.000,9999.000,9999.000,9999.000
202607042318,   0.486,9999.000,9999.000,9999.000,9999.000,9999.000,9999.000,9999.000,9999.000
202607042324,   0.499,9999.000,9999.000,9999.000,9999.000,9999.000,9999.000,9999.000,9999.000
202607042330,   0.512,9999.000,9999.000,9999.000,9999.000,9999.000,9999.000,9999.000,9999.000
202607042336,   0.526,9999.000,9999.000,9999.000,9999.000,9999.000,9999.000,9999.000,9999.000
202607042342,   0.539,9999.000,9999.000,9999.000,9999.000,9999.000,9999.000,9999.000,9999.000
202607042348,   0.553,9999.000,9999.000,9999.000,9999.000,9999.000,9999.000,9999.000,9999.000
202607042354,   0.567,9999.000,9999.000,9999.000,9999.000,9999.000,9999.000,9999.000,9999.000
202607050000,   0.581,9999.000,   0.300,  -0.042,   0.839,   0.300,   0.839,   0.300,   0.839
202607050006,   0.594,9999.000,9999.000,9999.000,9999.000,9999.000,9999.000,9999.000,9999.000
202607050012,   0.608,9999.000,9999.000,9999.000,9999.000,9999.000,9999.000,9999.000,9999.000
202607050018,   0.622,9999.000,9999.000,9999.000,9999.000,9999.000,9999.000,9999.000,9999.000
202607050024,   0.635,9999.000,9999.000,9999.000,9999.000,9999.000,9999.000,9999.000,9999.000
202607050030,   0.649,9999.000,9999.000,9999.000,9999.000,9999.000,9999.000,9999.000,9999.000
202607050036,   0.662,9999.000,9999.000,9999.000,9999.000,9999.000,9999.000,9999.000,9999.000
202607050042,   0.675,9999.000,9999.000,9999.000,9999.000,9999.000,9999.000,9999.000,9999.000
202607050048,   0.688,9999.000,9999.000,9999.000,9999.000,9999.000,9999.000,9999.000,9999.000
202607050054,   0.701,9999.000,9999.000,9999.000,9999.000,9999.000,9999.000,9999.000,9999.000
202607050100,   0.714,9999.000,   0.300,  -0.042,   0.972,   0.300,   0.972,   0.300,   0.972
202607050106,   0.726,9999.000,9999.000,9999.000,9999.000,9999.000,9999.000,9999.000,9999.000
202607050112,   0.738,9999.000,9999.000,9999.000,9999.000,9999.000,9999.000,9999.000,9999.000
202607050118,   0.750,9999.000,9999.000,9999.000,9999.000,9999.000,9999.000,9999.000,9999.000
202607050124,   0.761,9999.000,9999.000,9999.000,9999.000,9999.000,9999.000,9999.000,9999.000
202607050130,   0.772,9999.000,9999.000,9999.000,9999.000,9999.000,9999.000,9999.000,9999.000
202607050136,   0.783,9999.000,9999.000,9999.000,9999.000,9999.000,9999.000,9999.000,9999.000
202607050142,   0.793,9999.000,9999.000,9999.000,9999.000,9999.000,9999.000,9999.000,9999.000
202607050148,   0.802,9999.000,9999.000,9999.000,9999.000,9999.000,9999.000,9999.000,9999.000
202607050154,   0.811,9999.000,9999.000,9999.000,9999.000,9999.000,9999.000,9999.000,9999.000
202607050200,   0.820,9999.000,   0.300,  -0.042,   1.078,   0.300,   1.078,   0.300,   1.078
202607050206,   0.828,9999.000,9999.000,9999.000,9999.000,9999.000,9999.000,9999.000,9999.000
202607050212,   0.836,9999.000,9999.000,9999.000,9999.000,9999.000,9999.000,9999.000,9999.000
202607050218,   0.843,9999.000,9999.000,9999.000,9999.000,9999.000,9999.000,9999.000,9999.000
202607050224,   0.850,9999.000,9999.000,9999.000,9999.000,9999.000,9999.000,9999.000,9999.000
202607050230,   0.856,9999.000,9999.000,9999.000,9999.000,9999.000,9999.000,9999.000,9999.000
202607050236,   0.861,9999.000,9999.000,9999.000,9999.000,9999.000,9999.000,9999.000,9999.000
202607050242,   0.866,9999.000,9999.000,9999.000,9999.000,9999.000,9999.000,9999.000,9999.000
202607050248,   0.870,9999.000,9999.000,9999.000,9999.000,9999.000,9999.000,9999.000,9999.000
202607050254,   0.874,9999.000,9999.000,9999.000,9999.000,9999.000,9999.000,9999.000,9999.000
202607050300,   0.877,9999.000,   0.300,  -0.042,   1.135,   0.200,   1.035,   0.300,   1.135
202607050306,   0.880,9999.000,9999.000,9999.000,9999.000,9999.000,9999.000,9999.000,9999.000
202607050312,   0.882,9999.000,9999.000,9999.000,9999.000,9999.000,9999.000,9999.000,9999.000
202607050318,   0.883,9999.000,9999.000,9999.000,9999.000,9999.000,9999.000,9999.000,9999.000
202607050324,   0.884,9999.000,9999.000,9999.000,9999.000,9999.000,9999.000,9999.000,9999.000
202607050330,   0.885,9999.000,9999.000,9999.000,9999.000,9999.000,9999.000,9999.000,9999.000
202607050336,   0.885,9999.000,9999.000,9999.000,9999.000,9999.000,9999.000,9999.000,9999.000
202607050342,   0.884,9999.000,9999.000,9999.000,9999.000,9999.000,9999.000,9999.000,9999.000
202607050348,   0.883,9999.000,9999.000,9999.000,9999.000,9999.000,9999.000,9999.000,9999.000
202607050354,   0.881,9999.000,9999.000,9999.000,9999.000,9999.000,9999.000,9999.000,9999.000
202607050400,   0.879,9999.000,   0.300,  -0.042,   1.137,   0.200,   1.037,   0.300,   1.137
202607050406,   0.876,9999.000,9999.000,9999.000,9999.000,9999.000,9999.000,9999.000,9999.000
202607050412,   0.873,9999.000,9999.000,9999.000,9999.000,9999.000,9999.000,9999.000,9999.000
202607050418,   0.870,9999.000,9999.000,9999.000,9999.000,9999.000,9999.000,9999.000,9999.000
202607050424,   0.866,9999.000,9999.000,9999.000,9999.000,9999.000,9999.000,9999.000,9999.000
202607050430,   0.862,9999.000,9999.000,9999.000,9999.000,9999.000,9999.000,9999.000,9999.000
202607050436,   0.857,9999.000,9999.000,9999.000,9999.000,9999.000,9999.000,9999.000,9999.000
202607050442,   0.852,9999.000,9999.000,9999.000,9999.000,9999.000,9999.000,9999.000,9999.000
202607050448,   0.847,9999.000,9999.000,9999.000,9999.000,9999.000,9999.000,9999.000,9999.000
202607050454,   0.841,9999.000,9999.000,9999.000,9999.000,9999.000,9999.000,9999.000,9999.000
202607050500,   0.835,9999.000,   0.300,  -0.042,   1.093,   0.300,   1.093,   0.300,   1.093
202607050506,   0.829,9999.000,9999.000,9999.000,9999.000,9999.000,9999.000,9999.000,9999.000
202607050512,   0.822,9999.000,9999.000,9999.000,9999.000,9999.000,9999.000,9999.000,9999.000
202607050518,   0.816,9999.000,9999.000,9999.000,9999.000,9999.000,9999.000,9999.000,9999.000
202607050524,   0.809,9999.000,9999.000,9999.000,9999.000,9999.000,9999.000,9999.000,9999.000
202607050530,   0.801,9999.000,9999.000,9999.000,9999.000,9999.000,9999.000,9999.000,9999.000
202607050536,   0.794,9999.000,9999.000,9999.000,9999.000,9999.000,9999.000,9999.000,9999.000
202607050542,   0.787,9999.000,9999.000,9999.000,9999.000,9999.000,9999.000,9999.000,9999.000
202607050548,   0.779,9999.000,9999.000,9999.000,9999.000,9999.000,9999.000,9999.000,9999.000
202607050554,   0.771,9999.000,9999.000,9999.000,9999.000,9999.000,9999.000,9999.000,9999.000
202607050600,   0.763,9999.000,   0.300,  -0.042,   1.021,   0.300,   1.021,   0.300,   1.021
202607050606,   0.755,9999.000,9999.000,9999.000,9999.000,9999.000,9999.000,9999.000,9999.000
202607050612,   0.747,9999.000,9999.000,9999.000,9999.000,9999.000,9999.000,9999.000,9999.000
202607050618,   0.739,9999.000,9999.000,9999.000,9999.000,9999.000,9999.000,9999.000,9999.000
202607050624,   0.731,9999.000,9999.000,9999.000,9999.000,9999.000,9999.000,9999.000,9999.000
202607050630,   0.722,9999.000,9999.000,9999.000,9999.000,9999.000,9999.000,9999.000,9999.000
202607050636,   0.714,9999.000,9999.000,9999.000,9999.000,9999.000,9999.000,9999.000,9999.000
202607050642,   0.705,9999.000,9999.000,9999.000,9999.000,9999.000,9999.000,9999.000,9999.000
202607050648,   0.697,9999.000,9999.000,9999.000,9999.000,9999.000,9999.000,9999.000,9999.000
202607050654,   0.688,9999.000,9999.000,9999.000,9999.000,9999.000,9999.000,9999.000,9999.000
202607050700,   0.680,9999.000,   0.300,  -0.042,   0.938,   0.300,   0.938,   0.300,   0.938
202607050706,   0.671,9999.000,9999.000,9999.000,9999.000,9999.000,9999.000,9999.000,9999.000
202607050712,   0.663,9999.000,9999.000,9999.000,9999.000,9999.000,9999.000,9999.000,9999.000
202607050718,   0.654,9999.000,9999.000,9999.000,9999.000,9999.000,9999.000,9999.000,9999.000
202607050724,   0.645,9999.000,9999.000,9999.000,9999.000,9999.000,9999.000,9999.000,9999.000
202607050730,   0.637,9999.000,9999.000,9999.000,9999.000,9999.000,9999.000,9999.000,9999.000
202607050736,   0.628,9999.000,9999.000,9999.000,9999.000,9999.000,9999.000,9999.000,9999.000
202607050742,   0.620,9999.000,9999.000,9999.000,9999.000,9999.000,9999.000,9999.000,9999.000
202607050748,   0.611,9999.000,9999.000,9999.000,9999.000,9999.000,9999.000,9999.000,9999.000
202607050754,   0.603,9999.000,9999.000,9999.000,9999.000,9999.000,9999.000,9999.000,9999.000
202607050800,   0.595,9999.000,   0.300,  -0.042,   0.853,   0.300,   0.853,   0.300,   0.853
202607050806,   0.586,9999.000,9999.000,9999.000,9999.000,9999.000,9999.000,9999.000,9999.000
202607050812,   0.578,9999.000,9999.000,9999.000,9999.000,9999.000,9999.000,9999.000,9999.000
202607050818,   0.570,9999.000,9999.000,9999.000,9999.000,9999.000,9999.000,9999.000,9999.000
202607050824,   0.562,9999.000,9999.000,9999.000,9999.000,9999.000,9999.000,9999.000,9999.000
202607050830,   0.554,9999.000,9999.000,9999.000,9999.000,9999.000,9999.000,9999.000,9999.000
202607050836,   0.546,9999.000,9999.000,9999.000,9999.000,9999.000,9999.000,9999.000,9999.000
202607050842,   0.538,9999.000,9999.000,9999.000,9999.000,9999.000,9999.000,9999.000,9999.000
202607050848,   0.530,9999.000,9999.000,9999.000,9999.000,9999.000,9999.000,9999.000,9999.000
202607050854,   0.523,9999.000,9999.000,9999.000,9999.000,9999.000,9999.000,9999.000,9999.000
202607050900,   0.515,9999.000,   0.300,  -0.042,   0.773,   0.300,   0.773,   0.300,   0.773
202607050906,   0.508,9999.000,9999.000,9999.000,9999.000,9999.000,9999.000,9999.000,9999.000
202607050912,   0.501,9999.000,9999.000,9999.000,9999.000,9999.000,9999.000,9999.000,9999.000
202607050918,   0.494,9999.000,9999.000,9999.000,9999.000,9999.000,9999.000,9999.000,9999.000
202607050924,   0.487,9999.000,9999.000,9999.000,9999.000,9999.000,9999.000,9999.000,9999.000
202607050930,   0.480,9999.000,9999.000,9999.000,9999.000,9999.000,9999.000,9999.000,9999.000
202607050936,   0.474,9999.000,9999.000,9999.000,9999.000,9999.000,9999.000,9999.000,9999.000
202607050942,   0.468,9999.000,9999.000,9999.000,9999.000,9999.000,9999.000,9999.000,9999.000
202607050948,   0.462,9999.000,9999.000,9999.000,9999.000,9999.000,9999.000,9999.000,9999.000
202607050954,   0.456,9999.000,9999.000,9999.000,9999.000,9999.000,9999.000,9999.000,9999.000
202607051000,   0.451,9999.000,   0.300,  -0.042,   0.709,   0.300,   0.709,   0.300,   0.709
202607051006,   0.445,9999.000,9999.000,9999.000,9999.000,9999.000,9999.000,9999.000,9999.000
202607051012,   0.440,9999.000,9999.000,9999.000,9999.000,9999.000,9999.000,9999.000,9999.000
202607051018,   0.435,9999.000,9999.000,9999.000,9999.000,9999.000,9999.000,9999.000,9999.000
202607051024,   0.431,9999.000,9999.000,9999.000,9999.000,9999.000,9999.000,9999.000,9999.000
202607051030,   0.427,9999.000,9999.000,9999.000,9999.000,9999.000,9999.000,9999.000,9999.000
202607051036,   0.423,9999.000,9999.000,9999.000,9999.000,9999.000,9999.000,9999.000,9999.000
202607051042,   0.419,9999.000,9999.000,9999.000,9999.000,9999.000,9999.000,9999.000,9999.000
202607051048,   0.416,9999.000,9999.000,9999.000,9999.000,9999.000,9999.000,9999.000,9999.000
202607051054,   0.412,9999.000,9999.000,9999.000,9999.000,9999.000,9999.000,9999.000,9999.000
202607051100,   0.410,9999.000,   0.300,  -0.042,   0.668,   0.300,   0.668,   0.300,   0.668
202607051106,   0.407,9999.000,9999.000,9999.000,9999.000,9999.000,9999.000,9999.000,9999.000
202607051112,   0.405,9999.000,9999.000,9999.000,9999.000,9999.000,9999.000,9999.000,9999.000
202607051118,   0.402,9999.000,9999.000,9999.000,9999.000,9999.000,9999.000,9999.000,9999.000
202607051124,   0.401,9999.000,9999.000,9999.000,9999.000,9999.000,9999.000,9999.000,9999.000
202607051130,   0.399,9999.000,9999.000,9999.000,9999.000,9999.000,9999.000,9999.000,9999.000
202607051136,   0.398,9999.000,9999.000,9999.000,9999.000,9999.000,9999.000,9999.000,9999.000
202607051142,   0.397,9999.000,9999.000,9999.000,9999.000,9999.000,9999.000,9999.000,9999.000
202607051148,   0.396,9999.000,9999.000,9999.000,9999.000,9999.000,9999.000,9999.000,9999.000
202607051154,   0.395,9999.000,9999.000,9999.000,9999.000,9999.000,9999.000,9999.000,9999.000
202607051200,   0.395,9999.000,   0.300,  -0.042,   0.653,   0.300,   0.653,   0.300,   0.653
202607051206,   0.395,9999.000,9999.000,9999.000,9999.000,9999.000,9999.000,9999.000,9999.000
202607051212,   0.394,9999.000,9999.000,9999.000,9999.000,9999.000,9999.000,9999.000,9999.000
202607051218,   0.395,9999.000,9999.000,9999.000,9999.000,9999.000,9999.000,9999.000,9999.000
202607051224,   0.395,9999.000,9999.000,9999.000,9999.000,9999.000,9999.000,9999.000,9999.000
202607051230,   0.395,9999.000,9999.000,9999.000,9999.000,9999.000,9999.000,9999.000,9999.000
202607051236,   0.396,9999.000,9999.000,9999.000,9999.000,9999.000,9999.000,9999.000,9999.000
202607051242,   0.396,9999.000,9999.000,9999.000,9999.000,9999.000,9999.000,9999.000,9999.000
202607051248,   0.397,9999.000,9999.000,9999.000,9999.000,9999.000,9999.000,9999.000,9999.000
202607051254,   0.398,9999.000,9999.000,9999.000,9999.000,9999.000,9999.000,9999.000,9999.000
202607051300,   0.398,9999.000,   0.300,  -0.042,   0.656,   0.300,   0.656,   0.300,   0.656
202607051306,   0.399,9999.000,9999.000,9999.000,9999.000,9999.000,9999.000,9999.000,9999.000
202607051312,   0.400,9999.000,9999.000,9999.000,9999.000,9999.000,9999.000,9999.000,9999.000
202607051318,   0.400,9999.000,9999.000,9999.000,9999.000,9999.000,9999.000,9999.000,9999.000
202607051324,   0.401,9999.000,9999.000,9999.000,9999.000,9999.000,9999.000,9999.000,9999.000
202607051330,   0.402,9999.000,9999.000,9999.000,9999.000,9999.000,9999.000,9999.000,9999.000
202607051336,   0.402,9999.000,9999.000,9999.000,9999.000,9999.000,9999.000,9999.000,9999.000
202607051342,   0.403,9999.000,9999.000,9999.000,9999.000,9999.000,9999.000,9999.000,9999.000
202607051348,   0.403,9999.000,9999.000,9999.000,9999.000,9999.000,9999.000,9999.000,9999.000
202607051354,   0.404,9999.000,9999.000,9999.000,9999.000,9999.000,9999.000,9999.000,9999.000
202607051400,   0.404,9999.000,   0.300,  -0.042,   0.662,   0.300,   0.662,   0.300,   0.662
202607051406,   0.404,9999.000,9999.000,9999.000,9999.000,9999.000,9999.000,9999.000,9999.000
202607051412,   0.404,9999.000,9999.000,9999.000,9999.000,9999.000,9999.000,9999.000,9999.000
202607051418,   0.403,9999.000,9999.000,9999.000,9999.000,9999.000,9999.000,9999.000,9999.000
202607051424,   0.403,9999.000,9999.000,9999.000,9999.000,9999.000,9999.000,9999.000,9999.000
202607051430,   0.402,9999.000,9999.000,9999.000,9999.000,9999.000,9999.000,9999.000,9999.000
202607051436,   0.401,9999.000,9999.000,9999.000,9999.000,9999.000,9999.000,9999.000,9999.000
202607051442,   0.400,9999.000,9999.000,9999.000,9999.000,9999.000,9999.000,9999.000,9999.000
202607051448,   0.399,9999.000,9999.000,9999.000,9999.000,9999.000,9999.000,9999.000,9999.000
202607051454,   0.398,9999.000,9999.000,9999.000,9999.000,9999.000,9999.000,9999.000,9999.000
202607051500,   0.397,9999.000,   0.300,  -0.042,   0.655,   0.200,   0.555,   0.300,   0.655
202607051506,   0.395,9999.000,9999.000,9999.000,9999.000,9999.000,9999.000,9999.000,9999.000
202607051512,   0.393,9999.000,9999.000,9999.000,9999.000,9999.000,9999.000,9999.000,9999.000
202607051518,   0.391,9999.000,9999.000,9999.000,9999.000,9999.000,9999.000,9999.000,9999.000
202607051524,   0.389,9999.000,9999.000,9999.000,9999.000,9999.000,9999.000,9999.000,9999.000
202607051530,   0.387,9999.000,9999.000,9999.000,9999.000,9999.000,9999.000,9999.000,9999.000
202607051536,   0.384,9999.000,9999.000,9999.000,9999.000,9999.000,9999.000,9999.000,9999.000
202607051542,   0.382,9999.000,9999.000,9999.000,9999.000,9999.000,9999.000,9999.000,9999.000
202607051548,   0.380,9999.000,9999.000,9999.000,9999.000,9999.000,9999.000,9999.000,9999.000
202607051554,   0.376,9999.000,9999.000,9999.000,9999.000,9999.000,9999.000,9999.000,9999.000
202607051600,   0.373,9999.000,   0.300,  -0.042,   0.631,   0.200,   0.531,   0.300,   0.631
202607051606,   0.370,9999.000,9999.000,9999.000,9999.000,9999.000,9999.000,9999.000,9999.000
202607051612,   0.367,9999.000,9999.000,9999.000,9999.000,9999.000,9999.000,9999.000,9999.000
202607051618,   0.364,9999.000,9999.000,9999.000,9999.000,9999.000,9999.000,9999.000,9999.000
202607051624,   0.361,9999.000,9999.000,9999.000,9999.000,9999.000,9999.000,9999.000,9999.000
202607051630,   0.358,9999.000,9999.000,9999.000,9999.000,9999.000,9999.000,9999.000,9999.000
202607051636,   0.354,9999.000,9999.000,9999.000,9999.000,9999.000,9999.000,9999.000,9999.000
202607051642,   0.351,9999.000,9999.000,9999.000,9999.000,9999.000,9999.000,9999.000,9999.000
202607051648,   0.348,9999.000,9999.000,9999.000,9999.000,9999.000,9999.000,9999.000,9999.000
202607051654,   0.345,9999.000,9999.000,9999.000,9999.000,9999.000,9999.000,9999.000,9999.000
202607051700,   0.342,9999.000,   0.300,  -0.042,   0.600,   0.200,   0.500,   0.300,   0.600
202607051706,   0.339,9999.000,9999.000,9999.000,9999.000,9999.000,9999.000,9999.000,9999.000
202607051712,   0.336,9999.000,9999.000,9999.000,9999.000,9999.000,9999.000,9999.000,9999.000
202607051718,   0.333,9999.000,9999.000,9999.000,9999.000,9999.000,9999.000,9999.000,9999.000
202607051724,   0.331,9999.000,9999.000,9999.000,9999.000,9999.000,9999.000,9999.000,9999.000
202607051730,   0.328,9999.000,9999.000,9999.000,9999.000,9999.000,9999.000,9999.000,9999.000
202607051736,   0.325,9999.000,9999.000,9999.000,9999.000,9999.000,9999.000,9999.000,9999.000
202607051742,   0.323,9999.000,9999.000,9999.000,9999.000,9999.000,9999.000,9999.000,9999.000
202607051748,   0.321,9999.000,9999.000,9999.000,9999.000,9999.000,9999.000,9999.000,9999.000
202607051754,   0.319,9999.000,9999.000,9999.000,9999.000,9999.000,9999.000,9999.000,9999.000
202607051800,   0.317,9999.000,   0.300,  -0.042,   0.575,   0.300,   0.575,   0.300,   0.575
202607051806,   0.315,9999.000,9999.000,9999.000,9999.000,9999.000,9999.000,9999.000,9999.000
202607051812,   0.314,9999.000,9999.000,9999.000,9999.000,9999.000,9999.000,9999.000,9999.000
202607051818,   0.312,9999.000,9999.000,9999.000,9999.000,9999.000,9999.000,9999.000,9999.000
202607051824,   0.311,9999.000,9999.000,9999.000,9999.000,9999.000,9999.000,9999.000,9999.000
202607051830,   0.310,9999.000,9999.000,9999.000,9999.000,9999.000,9999.000,9999.000,9999.000
202607051836,   0.310,9999.000,9999.000,9999.000,9999.000,9999.000,9999.000,9999.000,9999.000
202607051842,   0.309,9999.000,9999.000,9999.000,9999.000,9999.000,9999.000,9999.000,9999.000
202607051848,   0.309,9999.000,9999.000,9999.000,9999.000,9999.000,9999.000,9999.000,9999.000
202607051854,   0.309,9999.000,9999.000,9999.000,9999.000,9999.000,9999.000,9999.000,9999.000
202607051900,   0.309,9999.000,   0.300,  -0.042,   0.567,   0.300,   0.567,   0.300,   0.567
202607051906,   0.309,9999.000,9999.000,9999.000,9999.000,9999.000,9999.000,9999.000,9999.000
202607051912,   0.309,9999.000,9999.000,9999.000,9999.000,9999.000,9999.000,9999.000,9999.000
202607051918,   0.310,9999.000,9999.000,9999.000,9999.000,9999.000,9999.000,9999.000,9999.000
202607051924,   0.311,9999.000,9999.000,9999.000,9999.000,9999.000,9999.000,9999.000,9999.000
202607051930,   0.312,9999.000,9999.000,9999.000,9999.000,9999.000,9999.000,9999.000,9999.000
202607051936,   0.313,9999.000,9999.000,9999.000,9999.000,9999.000,9999.000,9999.000,9999.000
202607051942,   0.314,9999.000,9999.000,9999.000,9999.000,9999.000,9999.000,9999.000,9999.000
202607051948,   0.316,9999.000,9999.000,9999.000,9999.000,9999.000,9999.000,9999.000,9999.000
202607051954,   0.318,9999.000,9999.000,9999.000,9999.000,9999.000,9999.000,9999.000,9999.000
202607052000,   0.320,9999.000,   0.300,  -0.042,   0.578,   0.300,   0.578,   0.300,   0.578
202607052006,   0.322,9999.000,9999.000,9999.000,9999.000,9999.000,9999.000,9999.000,9999.000
202607052012,   0.325,9999.000,9999.000,9999.000,9999.000,9999.000,9999.000,9999.000,9999.000
202607052018,   0.327,9999.000,9999.000,9999.000,9999.000,9999.000,9999.000,9999.000,9999.000
202607052024,   0.330,9999.000,9999.000,9999.000,9999.000,9999.000,9999.000,9999.000,9999.000
202607052030,   0.333,9999.000,9999.000,9999.000,9999.000,9999.000,9999.000,9999.000,9999.000
202607052036,   0.336,9999.000,9999.000,9999.000,9999.000,9999.000,9999.000,9999.000,9999.000
202607052042,   0.340,9999.000,9999.000,9999.000,9999.000,9999.000,9999.000,9999.000,9999.000
202607052048,   0.343,9999.000,9999.000,9999.000,9999.000,9999.000,9999.000,9999.000,9999.000
202607052054,   0.347,9999.000,9999.000,9999.000,9999.000,9999.000,9999.000,9999.000,9999.000
202607052100,   0.351,9999.000,   0.300,  -0.042,   0.609,   0.300,   0.609,   0.300,   0.609
202607052106,   0.355,9999.000,9999.000,9999.000,9999.000,9999.000,9999.000,9999.000,9999.000
202607052112,   0.360,9999.000,9999.000,9999.000,9999.000,9999.000,9999.000,9999.000,9999.000
202607052118,   0.364,9999.000,9999.000,9999.000,9999.000,9999.000,9999.000,9999.000,9999.000
202607052124,   0.369,9999.000,9999.000,9999.000,9999.000,9999.000,9999.000,9999.000,9999.000
202607052130,   0.374,9999.000,9999.000,9999.000,9999.000,9999.000,9999.000,9999.000,9999.000
202607052136,   0.380,9999.000,9999.000,9999.000,9999.000,9999.000,9999.000,9999.000,9999.000
202607052142,   0.385,9999.000,9999.000,9999.000,9999.000,9999.000,9999.000,9999.000,9999.000
202607052148,   0.391,9999.000,9999.000,9999.000,9999.000,9999.000,9999.000,9999.000,9999.000
202607052154,   0.396,9999.000,9999.000,9999.000,9999.000,9999.000,9999.000,9999.000,9999.000
202607052200,   0.403,9999.000,   0.300,  -0.042,   0.661,   0.300,   0.661,   0.300,   0.661
202607052206,   0.409,9999.000,9999.000,9999.000,9999.000,9999.000,9999.000,9999.000,9999.000
202607052212,   0.416,9999.000,9999.000,9999.000,9999.000,9999.000,9999.000,9999.000,9999.000
202607052218,   0.423,9999.000,9999.000,9999.000,9999.000,9999.000,9999.000,9999.000,9999.000
202607052224,   0.430,9999.000,9999.000,9999.000,9999.000,9999.000,9999.000,9999.000,9999.000
202607052230,   0.437,9999.000,9999.000,9999.000,9999.000,9999.000,9999.000,9999.000,9999.000
202607052236,   0.445,9999.000,9999.000,9999.000,9999.000,9999.000,9999.000,9999.000,9999.000
202607052242,   0.452,9999.000,9999.000,9999.000,9999.000,9999.000,9999.000,9999.000,9999.000
202607052248,   0.461,9999.000,9999.000,9999.000,9999.000,9999.000,9999.000,9999.000,9999.000
202607052254,   0.469,9999.000,9999.000,9999.000,9999.000,9999.000,9999.000,9999.000,9999.000
202607052300,   0.477,9999.000,   0.300,  -0.042,   0.735,   0.300,   0.735,   0.300,   0.735
202607052306,   0.486,9999.000,9999.000,9999.000,9999.000,9999.000,9999.000,9999.000,9999.000
202607052312,   0.495,9999.000,9999.000,9999.000,9999.000,9999.000,9999.000,9999.000,9999.000
202607052318,   0.504,9999.000,9999.000,9999.000,9999.000,9999.000,9999.000,9999.000,9999.000
202607052324,   0.513,9999.000,9999.000,9999.000,9999.000,9999.000,9999.000,9999.000,9999.000
202607052330,   0.523,9999.000,9999.000,9999.000,9999.000,9999.000,9999.000,9999.000,9999.000
202607052336,   0.532,9999.000,9999.000,9999.000,9999.000,9999.000,9999.000,9999.000,9999.000
202607052342,   0.542,9999.000,9999.000,9999.000,9999.000,9999.000,9999.000,9999.000,9999.000
202607052348,   0.552,9999.000,9999.000,9999.000,9999.000,9999.000,9999.000,9999.000,9999.000
202607052354,   0.562,9999.000,9999.000,9999.000,9999.000,9999.000,9999.000,9999.000,9999.000
202607060000,   0.572,9999.000,   0.300,  -0.042,   0.830,   0.300,   0.830,   0.300,   0.830
202607060006,   0.582,9999.000,9999.000,9999.000,9999.000,9999.000,9999.000,9999.000,9999.000
202607060012,   0.593,9999.000,9999.000,9999.000,9999.000,9999.000,9999.000,9999.000,9999.000
202607060018,   0.603,9999.000,9999.000,9999.000,9999.000,9999.000,9999.000,9999.000,9999.000
202607060024,   0.613,9999.000,9999.000,9999.000,9999.000,9999.000,9999.000,9999.000,9999.000
202607060030,   0.623,9999.000,9999.000,9999.000,9999.000,9999.000,9999.000,9999.000,9999.000
202607060036,   0.634,9999.000,9999.000,9999.000,9999.000,9999.000,9999.000,9999.000,9999.000
202607060042,   0.644,9999.000,9999.000,9999.000,9999.000,9999.000,9999.000,9999.000,9999.000
202607060048,   0.654,9999.000,9999.000,9999.000,9999.000,9999.000,9999.000,9999.000,9999.000
202607060054,   0.664,9999.000,9999.000,9999.000,9999.000,9999.000,9999.000,9999.000,9999.000
202607060100,   0.674,9999.000,   0.300,  -0.042,   0.932,   0.300,   0.932,   0.300,   0.932
202607060106,   0.684,9999.000,9999.000,9999.000,9999.000,9999.000,9999.000,9999.000,9999.000
202607060112,   0.694,9999.000,9999.000,9999.000,9999.000,9999.000,9999.000,9999.000,9999.000
202607060118,   0.703,9999.000,9999.000,9999.000,9999.000,9999.000,9999.000,9999.000,9999.000
202607060124,   0.712,9999.000,9999.000,9999.000,9999.000,9999.000,9999.000,9999.000,9999.000
202607060130,   0.721,9999.000,9999.000,9999.000,9999.000,9999.000,9999.000,9999.000,9999.000
202607060136,   0.730,9999.000,9999.000,9999.000,9999.000,9999.000,9999.000,9999.000,9999.000
202607060142,   0.738,9999.000,9999.000,9999.000,9999.000,9999.000,9999.000,9999.000,9999.000
202607060148,   0.746,9999.000,9999.000,9999.000,9999.000,9999.000,9999.000,9999.000,9999.000
202607060154,   0.754,9999.000,9999.000,9999.000,9999.000,9999.000,9999.000,9999.000,9999.000
202607060200,   0.762,9999.000,   0.300,  -0.042,   1.020,   0.300,   1.020,   0.300,   1.020
202607060206,   0.769,9999.000,9999.000,9999.000,9999.000,9999.000,9999.000,9999.000,9999.000
202607060212,   0.775,9999.000,9999.000,9999.000,9999.000,9999.000,9999.000,9999.000,9999.000
202607060218,   0.782,9999.000,9999.000,9999.000,9999.000,9999.000,9999.000,9999.000,9999.000
202607060224,   0.787,9999.000,9999.000,9999.000,9999.000,9999.000,9999.000,9999.000,9999.000
202607060230,   0.793,9999.000,9999.000,9999.000,9999.000,9999.000,9999.000,9999.000,9999.000
202607060236,   0.798,9999.000,9999.000,9999.000,9999.000,9999.000,9999.000,9999.000,9999.000
202607060242,   0.802,9999.000,9999.000,9999.000,9999.000,9999.000,9999.000,9999.000,9999.000
202607060248,   0.806,9999.000,9999.000,9999.000,9999.000,9999.000,9999.000,9999.000,9999.000
202607060254,   0.809,9999.000,9999.000,9999.000,9999.000,9999.000,9999.000,9999.000,9999.000
202607060300,   0.812,9999.000,   0.300,  -0.042,   1.070,   0.200,   0.970,   0.300,   1.070
202607060306,   0.815,9999.000,9999.000,9999.000,9999.000,9999.000,9999.000,9999.000,9999.000
202607060312,   0.817,9999.000,9999.000,9999.000,9999.000,9999.000,9999.000,9999.000,9999.000
202607060318,   0.818,9999.000,9999.000,9999.000,9999.000,9999.000,9999.000,9999.000,9999.000
202607060324,   0.819,9999.000,9999.000,9999.000,9999.000,9999.000,9999.000,9999.000,9999.000
202607060330,   0.820,9999.000,9999.000,9999.000,9999.000,9999.000,9999.000,9999.000,9999.000
202607060336,   0.820,9999.000,9999.000,9999.000,9999.000,9999.000,9999.000,9999.000,9999.000
202607060342,   0.820,9999.000,9999.000,9999.000,9999.000,9999.000,9999.000,9999.000,9999.000
202607060348,   0.819,9999.000,9999.000,9999.000,9999.000,9999.000,9999.000,9999.000,9999.000
202607060354,   0.817,9999.000,9999.000,9999.000,9999.000,9999.000,9999.000,9999.000,9999.000
202607060400,   0.815,9999.000,   0.300,  -0.042,   1.073,   0.200,   0.973,   0.300,   1.073
202607060406,   0.813,9999.000,9999.000,9999.000,9999.000,9999.000,9999.000,9999.000,9999.000
202607060412,   0.810,9999.000,9999.000,9999.000,9999.000,9999.000,9999.000,9999.000,9999.000
202607060418,   0.807,9999.000,9999.000,9999.000,9999.000,9999.000,9999.000,9999.000,9999.000
202607060424,   0.803,9999.000,9999.000,9999.000,9999.000,9999.000,9999.000,9999.000,9999.000
202607060430,   0.799,9999.000,9999.000,9999.000,9999.000,9999.000,9999.000,9999.000,9999.000
202607060436,   0.795,9999.000,9999.000,9999.000,9999.000,9999.000,9999.000,9999.000,9999.000
202607060442,   0.790,9999.000,9999.000,9999.000,9999.000,9999.000,9999.000,9999.000,9999.000
202607060448,   0.785,9999.000,9999.000,9999.000,9999.000,9999.000,9999.000,9999.000,9999.000
202607060454,   0.779,9999.000,9999.000,9999.000,9999.000,9999.000,9999.000,9999.000,9999.000
202607060500,   0.774,9999.000,   0.300,  -0.042,   1.032,   0.200,   0.932,   0.300,   1.032
202607060506,   0.767,9999.000,9999.000,9999.000,9999.000,9999.000,9999.000,9999.000,9999.000
202607060512,   0.761,9999.000,9999.000,9999.000,9999.000,9999.000,9999.000,9999.000,9999.000
202607060518,   0.754,9999.000,9999.000,9999.000,9999.000,9999.000,9999.000,9999.000,9999.000
202607060524,   0.747,9999.000,9999.000,9999.000,9999.000,9999.000,9999.000,9999.000,9999.000
202607060530,   0.740,9999.000,9999.000,9999.000,9999.000,9999.000,9999.000,9999.000,9999.000
202607060536,   0.733,9999.000,9999.000,9999.000,9999.000,9999.000,9999.000,9999.000,9999.000
202607060542,   0.725,9999.000,9999.000,9999.000,9999.000,9999.000,9999.000,9999.000,9999.000
202607060548,   0.717,9999.000,9999.000,9999.000,9999.000,9999.000,9999.000,9999.000,9999.000
202607060554,   0.709,9999.000,9999.000,9999.000,9999.000,9999.000,9999.000,9999.000,9999.000
202607060600,   0.701,9999.000,   0.300,  -0.042,   0.959,   0.300,   0.959,   0.300,   0.959
202607060606,   0.693,9999.000,9999.000,9999.000,9999.000,9999.000,9999.000,9999.000,9999.000
202607060612,   0.684,9999.000,9999.000,9999.000,9999.000,9999.000,9999.000,9999.000,9999.000
202607060618,   0.676,9999.000,9999.000,9999.000,9999.000,9999.000,9999.000,9999.000,9999.000
202607060624,   0.667,9999.000,9999.000,9999.000,9999.000,9999.000,9999.000,9999.000,9999.000
202607060630,   0.658,9999.000,9999.000,9999.000,9999.000,9999.000,9999.000,9999.000,9999.000
202607060636,   0.649,9999.000,9999.000,9999.000,9999.000,9999.000,9999.000,9999.000,9999.000
202607060642,   0.641,9999.000,9999.000,9999.000,9999.000,9999.000,9999.000,9999.000,9999.000
202607060648,   0.632,9999.000,9999.000,9999.000,9999.000,9999.000,9999.000,9999.000,9999.000
202607060654,   0.623,9999.000,9999.000,9999.000,9999.000,9999.000,9999.000,9999.000,9999.000
202607060700,   0.614,9999.000,   0.300,  -0.042,   0.872,   0.300,   0.872,   0.300,   0.872
202607060706,   0.605,9999.000,9999.000,9999.000,9999.000,9999.000,9999.000,9999.000,9999.000
202607060712,   0.596,9999.000,9999.000,9999.000,9999.000,9999.000,9999.000,9999.000,9999.000
202607060718,   0.586,9999.000,9999.000,9999.000,9999.000,9999.000,9999.000,9999.000,9999.000
202607060724,   0.577,9999.000,9999.000,9999.000,9999.000,9999.000,9999.000,9999.000,9999.000
202607060730,   0.568,9999.000,9999.000,9999.000,9999.000,9999.000,9999.000,9999.000,9999.000
202607060736,   0.559,9999.000,9999.000,9999.000,9999.000,9999.000,9999.000,9999.000,9999.000
202607060742,   0.550,9999.000,9999.000,9999.000,9999.000,9999.000,9999.000,9999.000,9999.000
202607060748,   0.541,9999.000,9999.000,9999.000,9999.000,9999.000,9999.000,9999.000,9999.000
202607060754,   0.533,9999.000,9999.000,9999.000,9999.000,9999.000,9999.000,9999.000,9999.000
202607060800,   0.524,9999.000,   0.300,  -0.042,   0.782,   0.300,   0.782,   0.300,   0.782
202607060806,   0.515,9999.000,9999.000,9999.000,9999.000,9999.000,9999.000,9999.000,9999.000
202607060812,   0.506,9999.000,9999.000,9999.000,9999.000,9999.000,9999.000,9999.000,9999.000
202607060818,   0.498,9999.000,9999.000,9999.000,9999.000,9999.000,9999.000,9999.000,9999.000
202607060824,   0.489,9999.000,9999.000,9999.000,9999.000,9999.000,9999.000,9999.000,9999.000
202607060830,   0.481,9999.000,9999.000,9999.000,9999.000,9999.000,9999.000,9999.000,9999.000
202607060836,   0.473,9999.000,9999.000,9999.000,9999.000,9999.000,9999.000,9999.000,9999.000
202607060842,   0.465,9999.000,9999.000,9999.000,9999.000,9999.000,9999.000,9999.000,9999.000
202607060848,   0.457,9999.000,9999.000,9999.000,9999.000,9999.000,9999.000,9999.000,9999.000
202607060854,   0.449,9999.000,9999.000,9999.000,9999.000,9999.000,9999.000,9999.000,9999.000
202607060900,   0.441,9999.000,   0.300,  -0.042,   0.699,   0.300,   0.699,   0.300,   0.699
202607060906,   0.434,9999.000,9999.000,9999.000,9999.000,9999.000,9999.000,9999.000,9999.000
202607060912,   0.427,9999.000,9999.000,9999.000,9999.000,9999.000,9999.000,9999.000,9999.000
202607060918,   0.419,9999.000,9999.000,9999.000,9999.000,9999.000,9999.000,9999.000,9999.000
202607060924,   0.413,9999.000,9999.000,9999.000,9999.000,9999.000,9999.000,9999.000,9999.000
202607060930,   0.406,9999.000,9999.000,9999.000,9999.000,9999.000,9999.000,9999.000,9999.000
202607060936,   0.399,9999.000,9999.000,9999.000,9999.000,9999.000,9999.000,9999.000,9999.000
202607060942,   0.393,9999.000,9999.000,9999.000,9999.000,9999.000,9999.000,9999.000,9999.000
202607060948,   0.387,9999.000,9999.000,9999.000,9999.000,9999.000,9999.000,9999.000,9999.000
202607060954,   0.382,9999.000,9999.000,9999.000,9999.000,9999.000,9999.000,9999.000,9999.000
202607061000,   0.376,9999.000,   0.300,  -0.042,   0.634,   0.300,   0.634,   0.300,   0.634
202607061006,   0.371,9999.000,9999.000,9999.000,9999.000,9999.000,9999.000,9999.000,9999.000
202607061012,   0.366,9999.000,9999.000,9999.000,9999.000,9999.000,9999.000,9999.000,9999.000
202607061018,   0.361,9999.000,9999.000,9999.000,9999.000,9999.000,9999.000,9999.000,9999.000
202607061024,   0.357,9999.000,9999.000,9999.000,9999.000,9999.000,9999.000,9999.000,9999.000
202607061030,   0.353,9999.000,9999.000,9999.000,9999.000,9999.000,9999.000,9999.000,9999.000
202607061036,   0.349,9999.000,9999.000,9999.000,9999.000,9999.000,9999.000,9999.000,9999.000
202607061042,   0.346,9999.000,9999.000,9999.000,9999.000,9999.000,9999.000,9999.000,9999.000
202607061048,   0.343,9999.000,9999.000,9999.000,9999.000,9999.000,9999.000,9999.000,9999.000
202607061054,   0.340,9999.000,9999.000,9999.000,9999.000,9999.000,9999.000,9999.000,9999.000
202607061100,   0.338,9999.000,   0.300,  -0.042,   0.596,   0.300,   0.596,   0.300,   0.596
202607061106,   0.336,9999.000,9999.000,9999.000,9999.000,9999.000,9999.000,9999.000,9999.000
202607061112,   0.334,9999.000,9999.000,9999.000,9999.000,9999.000,9999.000,9999.000,9999.000
202607061118,   0.333,9999.000,9999.000,9999.000,9999.000,9999.000,9999.000,9999.000,9999.000
202607061124,   0.332,9999.000,9999.000,9999.000,9999.000,9999.000,9999.000,9999.000,9999.000
202607061130,   0.331,9999.000,9999.000,9999.000,9999.000,9999.000,9999.000,9999.000,9999.000
202607061136,   0.331,9999.000,9999.000,9999.000,9999.000,9999.000,9999.000,9999.000,9999.000
202607061142,   0.331,9999.000,9999.000,9999.000,9999.000,9999.000,9999.000,9999.000,9999.000
202607061148,   0.331,9999.000,9999.000,9999.000,9999.000,9999.000,9999.000,9999.000,9999.000
202607061154,   0.332,9999.000,9999.000,9999.000,9999.000,9999.000,9999.000,9999.000,9999.000
202607061200,   0.333,9999.000,   0.300,  -0.042,   0.591,   0.200,   0.491,   0.300,   0.591
202607061206,   0.334,9999.000,9999.000,9999.000,9999.000,9999.000,9999.000,9999.000,9999.000
202607061212,   0.335,9999.000,9999.000,9999.000,9999.000,9999.000,9999.000,9999.000,9999.000
202607061218,   0.337,9999.000,9999.000,9999.000,9999.000,9999.000,9999.000,9999.000,9999.000
202607061224,   0.339,9999.000,9999.000,9999.000,9999.000,9999.000,9999.000,9999.000,9999.000
202607061230,   0.341,9999.000,9999.000,9999.000,9999.000,9999.000,9999.000,9999.000,9999.000
202607061236,   0.343,9999.000,9999.000,9999.000,9999.000,9999.000,9999.000,9999.000,9999.000
202607061242,   0.346,9999.000,9999.000,9999.000,9999.000,9999.000,9999.000,9999.000,9999.000
202607061248,   0.349,9999.000,9999.000,9999.000,9999.000,9999.000,9999.000,9999.000,9999.000
202607061254,   0.352,9999.000,9999.000,9999.000,9999.000,9999.000,9999.000,9999.000,9999.000
202607061300,   0.355,9999.000,   0.300,  -0.042,   0.613,   0.200,   0.513,   0.300,   0.613
202607061306,   0.358,9999.000,9999.000,9999.000,9999.000,9999.000,9999.000,9999.000,9999.000
202607061312,   0.362,9999.000,9999.000,9999.000,9999.000,9999.000,9999.000,9999.000,9999.000
202607061318,   0.365,9999.000,9999.000,9999.000,9999.000,9999.000,9999.000,9999.000,9999.000
202607061324,   0.369,9999.000,9999.000,9999.000,9999.000,9999.000,9999.000,9999.000,9999.000
202607061330,   0.373,9999.000,9999.000,9999.000,9999.000,9999.000,9999.000,9999.000,9999.000
202607061336,   0.376,9999.000,9999.000,9999.000,9999.000,9999.000,9999.000,9999.000,9999.000
202607061342,   0.380,9999.000,9999.000,9999.000,9999.000,9999.000,9999.000,9999.000,9999.000
202607061348,   0.384,9999.000,9999.000,9999.000,9999.000,9999.000,9999.000,9999.000,9999.000
202607061354,   0.388,9999.000,9999.000,9999.000,9999.000,9999.000,9999.000,9999.000,9999.000
202607061400,   0.391,9999.000,   0.300,  -0.042,   0.649,   0.200,   0.549,   0.300,   0.649
202607061406,   0.395,9999.000,9999.000,9999.000,9999.000,9999.000,9999.000,9999.000,9999.000
202607061412,   0.399,9999.000,9999.000,9999.000,9999.000,9999.000,9999.000,9999.000,9999.000
202607061418,   0.402,9999.000,9999.000,9999.000,9999.000,9999.000,9999.000,9999.000,9999.000
202607061424,   0.406,9999.000,9999.000,9999.000,9999.000,9999.000,9999.000,9999.000,9999.000
202607061430,   0.409,9999.000,9999.000,9999.000,9999.000,9999.000,9999.000,9999.000,9999.000
202607061436,   0.413,9999.000,9999.000,9999.000,9999.000,9999.000,9999.000,9999.000,9999.000
202607061442,   0.416,9999.000,9999.000,9999.000,9999.000,9999.000,9999.000,9999.000,9999.000
202607061448,   0.419,9999.000,9999.000,9999.000,9999.000,9999.000,9999.000,9999.000,9999.000
202607061454,   0.422,9999.000,9999.000,9999.000,9999.000,9999.000,9999.000,9999.000,9999.000
202607061500,   0.425,9999.000,   0.300,  -0.042,   0.683,   0.200,   0.583,   0.300,   0.683
202607061506,   0.427,9999.000,9999.000,9999.000,9999.000,9999.000,9999.000,9999.000,9999.000
202607061512,   0.430,9999.000,9999.000,9999.000,9999.000,9999.000,9999.000,9999.000,9999.000
202607061518,   0.432,9999.000,9999.000,9999.000,9999.000,9999.000,9999.000,9999.000,9999.000
202607061524,   0.434,9999.000,9999.000,9999.000,9999.000,9999.000,9999.000,9999.000,9999.000
202607061530,   0.436,9999.000,9999.000,9999.000,9999.000,9999.000,9999.000,9999.000,9999.000
202607061536,   0.438,9999.000,9999.000,9999.000,9999.000,9999.000,9999.000,9999.000,9999.000
202607061542,   0.440,9999.000,9999.000,9999.000,9999.000,9999.000,9999.000,9999.000,9999.000
202607061548,   0.442,9999.000,9999.000,9999.000,9999.000,9999.000,9999.000,9999.000,9999.000
202607061554,   0.443,9999.000,9999.000,9999.000,9999.000,9999.000,9999.000,9999.000,9999.000
202607061600,   0.444,9999.000,   0.300,  -0.042,   0.702,   0.200,   0.602,   0.300,   0.702
202607061606,   0.445,9999.000,9999.000,9999.000,9999.000,9999.000,9999.000,9999.000,9999.000
202607061612,   0.446,9999.000,9999.000,9999.000,9999.000,9999.000,9999.000,9999.000,9999.000
202607061618,   0.447,9999.000,9999.000,9999.000,9999.000,9999.000,9999.000,9999.000,9999.000
202607061624,   0.448,9999.000,9999.000,9999.000,9999.000,9999.000,9999.000,9999.000,9999.000
202607061630,   0.448,9999.000,9999.000,9999.000,9999.000,9999.000,9999.000,9999.000,9999.000
202607061636,   0.449,9999.000,9999.000,9999.000,9999.000,9999.000,9999.000,9999.000,9999.000
202607061642,   0.449,9999.000,9999.000,9999.000,9999.000,9999.000,9999.000,9999.000,9999.000
202607061648,   0.450,9999.000,9999.000,9999.000,9999.000,9999.000,9999.000,9999.000,9999.000
202607061654,   0.450,9999.000,9999.000,9999.000,9999.000,9999.000,9999.000,9999.000,9999.000
202607061700,   0.450,9999.000,   0.300,  -0.042,   0.708,   0.200,   0.608,   0.300,   0.708
202607061706,   0.450,9999.000,9999.000,9999.000,9999.000,9999.000,9999.000,9999.000,9999.000
202607061712,   0.450,9999.000,9999.000,9999.000,9999.000,9999.000,9999.000,9999.000,9999.000
202607061718,   0.450,9999.000,9999.000,9999.000,9999.000,9999.000,9999.000,9999.000,9999.000
202607061724,   0.450,9999.000,9999.000,9999.000,9999.000,9999.000,9999.000,9999.000,9999.000
202607061730,   0.450,9999.000,9999.000,9999.000,9999.000,9999.000,9999.000,9999.000,9999.000
202607061736,   0.450,9999.000,9999.000,9999.000,9999.000,9999.000,9999.000,9999.000,9999.000
202607061742,   0.450,9999.000,9999.000,9999.000,9999.000,9999.000,9999.000,9999.000,9999.000
202607061748,   0.450,9999.000,9999.000,9999.000,9999.000,9999.000,9999.000,9999.000,9999.000
202607061754,   0.449,9999.000,9999.000,9999.000,9999.000,9999.000,9999.000,9999.000,9999.000
202607061800,   0.449,9999.000,   0.300,  -0.042,   0.707,   0.300,   0.707,   0.300,   0.707
