        TIME,    TIDE,      OB,   SURGE,    BIAS,     TWL,SURGE90p,  TWL90p,SURGE10p,   TWL10p
202603221800,   1.332,   1.718,   0.200,   0.186,   1.718,   0.100,   1.618,   0.300,   1.818
202603221806,   1.440,9999.000,9999.000,9999.000,9999.000,9999.000,9999.000,9999.000,9999.000
202603221812,   1.549,   1.948,9999.000,9999.000,9999.000,9999.000,9999.000,9999.000,9999.000
202603221818,   1.658,9999.000,9999.000,9999.000,9999.000,9999.000,9999.000,9999.000,9999.000
202603221824,   1.767,   2.138,9999.000,9999.000,9999.000,9999.000,9999.000,9999.000,9999.000
202603221830,   1.876,9999.000,9999.000,9999.000,9999.000,9999.000,9999.000,9999.000,9999.000
202603221836,   1.984,   2.289,9999.000,9999.000,9999.000,9999.000,9999.000,9999.000,9999.000
202603221842,   2.092,9999.000,9999.000,9999.000,9999.000,9999.000,9999.000,9999.000,9999.000
202603221848,   2.199,   2.509,9999.000,9999.000,9999.000,9999.000,9999.000,9999.000,9999.000
202603221854,   2.305,9999.000,9999.000,9999.000,9999.000,9999.000,9999.000,9999.000,9999.000
202603221900,   2.409,   2.660,   0.300,  -0.049,   2.660,   0.200,   2.560,   0.300,   2.660
202603221906,   2.511,   2.807,9999.000,9999.000,9999.000,9999.000,9999.000,9999.000,9999.000
202603221912,   2.612,   2.909,9999.000,9999.000,9999.000,9999.000,9999.000,9999.000,9999.000
202603221918,   2.710,   2.997,9999.000,9999.000,9999.000,9999.000,9999.000,9999.000,9999.000
202603221924,   2.807,   3.089,9999.000,9999.000,9999.000,9999.000,9999.000,9999.000,9999.000
202603221930,   2.900,   3.299,9999.000,9999.000,9999.000,9999.000,9999.000,9999.000,9999.000
202603221936,   2.991,   3.398,9999.000,9999.000,9999.000,9999.000,9999.000,9999.000,9999.000
202603221942,   3.079,   3.398,9999.000,9999.000,9999.000,9999.000,9999.000,9999.000,9999.000
202603221948,   3.163,   3.499,9999.000,9999.000,9999.000,9999.000,9999.000,9999.000,9999.000
202603221954,   3.245,   3.539,9999.000,9999.000,9999.000,9999.000,9999.000,9999.000,9999.000
202603222000,   3.322,   3.627,   0.300,   0.005,   3.627,   0.200,   3.527,   0.300,   3.627
202603222006,   3.396,   3.689,9999.000,9999.000,9999.000,9999.000,9999.000,9999.000,9999.000
202603222012,   3.466,   3.739,9999.000,9999.000,9999.000,9999.000,9999.000,9999.000,9999.000
202603222018,   3.533,   3.899,9999.000,9999.000,9999.000,9999.000,9999.000,9999.000,9999.000
202603222024,   3.595,   3.929,9999.000,9999.000,9999.000,9999.000,9999.000,9999.000,9999.000
202603222030,   3.653,   3.880,9999.000,9999.000,9999.000,9999.000,9999.000,9999.000,9999.000
202603222036,   3.707,   3.978,9999.000,9999.000,9999.000,9999.000,9999.000,9999.000,9999.000
202603222042,   3.756,   4.057,9999.000,9999.000,9999.000,9999.000,9999.000,9999.000,9999.000
202603222048,   3.801,   4.090,9999.000,9999.000,9999.000,9999.000,9999.000,9999.000,9999.000
202603222054,   3.842,   4.080,9999.000,9999.000,9999.000,9999.000,9999.000,9999.000,9999.000
202603222100,   3.878,   4.139,   0.300,  -0.039,   4.139,   0.200,   4.039,   0.400,   4.239
202603222106,   3.909,   4.178,9999.000,9999.000,9999.000,9999.000,9999.000,9999.000,9999.000
202603222112,   3.936,   4.267,9999.000,9999.000,9999.000,9999.000,9999.000,9999.000,9999.000
202603222118,   3.959,   4.309,9999.000,9999.000,9999.000,9999.000,9999.000,9999.000,9999.000
202603222124,   3.977,   4.378,9999.000,9999.000,9999.000,9999.000,9999.000,9999.000,9999.000
202603222130,   3.990,   4.309,9999.000,9999.000,9999.000,9999.000,9999.000,9999.000,9999.000
202603222136,   4.000,   4.300,9999.000,9999.000,9999.000,9999.000,9999.000,9999.000,9999.000
202603222142,   4.004,   4.378,9999.000,9999.000,9999.000,9999.000,9999.000,9999.000,9999.000
202603222148,   4.005,   4.378,9999.000,9999.000,9999.000,9999.000,9999.000,9999.000,9999.000
202603222154,   4.001,   4.398,9999.000,9999.000,9999.000,9999.000,9999.000,9999.000,9999.000
202603222200,   3.994,   4.329,   0.300,   0.035,   4.329,   0.200,   4.229,   0.300,   4.329
202603222206,   3.982,   4.280,9999.000,9999.000,9999.000,9999.000,9999.000,9999.000,9999.000
202603222212,   3.967,   4.227,9999.000,9999.000,9999.000,9999.000,9999.000,9999.000,9999.000
202603222218,   3.947,   4.178,9999.000,9999.000,9999.000,9999.000,9999.000,9999.000,9999.000
202603222224,   3.925,   4.188,9999.000,9999.000,9999.000,9999.000,9999.000,9999.000,9999.000
202603222230,   3.898,   4.208,9999.000,9999.000,9999.000,9999.000,9999.000,9999.000,9999.000
202603222236,   3.869,   4.198,9999.000,9999.000,9999.000,9999.000,9999.000,9999.000,9999.000
202603222242,   3.836,   4.129,9999.000,9999.000,9999.000,9999.000,9999.000,9999.000,9999.000
202603222248,   3.800,   4.070,9999.000,9999.000,9999.000,9999.000,9999.000,9999.000,9999.000
202603222254,   3.762,   4.109,9999.000,9999.000,9999.000,9999.000,9999.000,9999.000,9999.000
202603222300,   3.720,   4.109,   0.400,  -0.011,   4.109,   0.300,   4.009,   0.400,   4.109
202603222306,   3.677,   4.008,9999.000,9999.000,9999.000,9999.000,9999.000,9999.000,9999.000
202603222312,   3.631,   3.939,9999.000,9999.000,9999.000,9999.000,9999.000,9999.000,9999.000
202603222318,   3.583,   3.890,9999.000,9999.000,9999.000,9999.000,9999.000,9999.000,9999.000
202603222324,   3.533,   3.909,9999.000,9999.000,9999.000,9999.000,9999.000,9999.000,9999.000
202603222330,   3.481,   3.837,9999.000,9999.000,9999.000,9999.000,9999.000,9999.000,9999.000
202603222336,   3.428,   3.689,9999.000,9999.000,9999.000,9999.000,9999.000,9999.000,9999.000
202603222342,   3.373,   3.699,9999.000,9999.000,9999.000,9999.000,9999.000,9999.000,9999.000
202603222348,   3.318,   3.598,9999.000,9999.000,9999.000,9999.000,9999.000,9999.000,9999.000
202603222354,   3.262,   3.227,9999.000,9999.000,9999.000,9999.000,9999.000,9999.000,9999.000
202603230000,   3.205,   3.227,   0.300,  -0.278,   3.227,   0.200,   3.127,   0.300,   3.227
202603230006,   3.147,   3.407,9999.000,9999.000,9999.000,9999.000,9999.000,9999.000,9999.000
202603230012,   3.089,   3.368,9999.000,9999.000,9999.000,9999.000,9999.000,9999.000,9999.000
202603230018,   3.032,   3.279,9999.000,9999.000,9999.000,9999.000,9999.000,9999.000,9999.000
202603230024,   2.974,   3.279,9999.000,9999.000,9999.000,9999.000,9999.000,9999.000,9999.000
202603230030,   2.917,   3.230,9999.000,9999.000,9999.000,9999.000,9999.000,9999.000,9999.000
202603230036,   2.861,   3.129,9999.000,9999.000,9999.000,9999.000,9999.000,9999.000,9999.000
202603230042,   2.805,   3.040,9999.000,9999.000,9999.000,9999.000,9999.000,9999.000,9999.000
202603230048,   2.751,   3.119,9999.000,9999.000,9999.000,9999.000,9999.000,9999.000,9999.000
202603230054,   2.698,   3.050,9999.000,9999.000,9999.000,9999.000,9999.000,9999.000,9999.000
202603230100,   2.646,   2.889,   0.200,   0.043,   2.889,   0.200,   2.889,   0.300,   2.989
202603230106,   2.596,   2.968,9999.000,9999.000,9999.000,9999.000,9999.000,9999.000,9999.000
202603230112,   2.548,   2.919,9999.000,9999.000,9999.000,9999.000,9999.000,9999.000,9999.000
202603230118,   2.502,   2.748,9999.000,9999.000,9999.000,9999.000,9999.000,9999.000,9999.000
202603230124,   2.459,   2.709,9999.000,9999.000,9999.000,9999.000,9999.000,9999.000,9999.000
202603230130,   2.418,   2.738,9999.000,9999.000,9999.000,9999.000,9999.000,9999.000,9999.000
202603230136,   2.380,   2.699,9999.000,9999.000,9999.000,9999.000,9999.000,9999.000,9999.000
202603230142,   2.345,   2.719,9999.000,9999.000,9999.000,9999.000,9999.000,9999.000,9999.000
202603230148,   2.313,   2.519,9999.000,9999.000,9999.000,9999.000,9999.000,9999.000,9999.000
202603230154,   2.284,   2.519,9999.000,9999.000,9999.000,9999.000,9999.000,9999.000,9999.000
202603230200,   2.258,   2.620,   0.200,   0.162,   2.620,   0.200,   2.620,   0.300,   2.720
202603230206,   2.236,   2.660,9999.000,9999.000,9999.000,9999.000,9999.000,9999.000,9999.000
202603230212,   2.218,   2.489,9999.000,9999.000,9999.000,9999.000,9999.000,9999.000,9999.000
202603230218,   2.204,   2.479,9999.000,9999.000,9999.000,9999.000,9999.000,9999.000,9999.000
202603230224,   2.193,   2.538,9999.000,9999.000,9999.000,9999.000,9999.000,9999.000,9999.000
202603230230,   2.187,   2.469,9999.000,9999.000,9999.000,9999.000,9999.000,9999.000,9999.000
202603230236,   2.185,   2.420,9999.000,9999.000,9999.000,9999.000,9999.000,9999.000,9999.000
202603230242,   2.186,   2.459,9999.000,9999.000,9999.000,9999.000,9999.000,9999.000,9999.000
202603230248,   2.193,   2.499,9999.000,9999.000,9999.000,9999.000,9999.000,9999.000,9999.000
202603230254,   2.203,   2.538,9999.000,9999.000,9999.000,9999.000,9999.000,9999.000,9999.000
202603230300,   2.218,   2.548,   0.300,   0.030,   2.548,   0.200,   2.448,   0.400,   2.648
202603230306,   2.237,   2.519,9999.000,9999.000,9999.000,9999.000,9999.000,9999.000,9999.000
202603230312,   2.261,   2.568,9999.000,9999.000,9999.000,9999.000,9999.000,9999.000,9999.000
202603230318,   2.288,   2.699,9999.000,9999.000,9999.000,9999.000,9999.000,9999.000,9999.000
202603230324,   2.321,   2.597,9999.000,9999.000,9999.000,9999.000,9999.000,9999.000,9999.000
202603230330,   2.357,   2.578,9999.000,9999.000,9999.000,9999.000,9999.000,9999.000,9999.000
202603230336,   2.398,   2.797,9999.000,9999.000,9999.000,9999.000,9999.000,9999.000,9999.000
202603230342,   2.443,   2.630,9999.000,9999.000,9999.000,9999.000,9999.000,9999.000,9999.000
202603230348,   2.492,   2.738,9999.000,9999.000,9999.000,9999.000,9999.000,9999.000,9999.000
202603230354,   2.545,   2.807,9999.000,9999.000,9999.000,9999.000,9999.000,9999.000,9999.000
202603230400,   2.601,   2.840,   0.300,  -0.061,   2.840,   0.200,   2.740,   0.300,   2.840
202603230406,   2.662,   3.017,9999.000,9999.000,9999.000,9999.000,9999.000,9999.000,9999.000
202603230412,   2.726,   3.109,9999.000,9999.000,9999.000,9999.000,9999.000,9999.000,9999.000
202603230418,   2.794,   3.099,9999.000,9999.000,9999.000,9999.000,9999.000,9999.000,9999.000
202603230424,   2.865,   3.250,9999.000,9999.000,9999.000,9999.000,9999.000,9999.000,9999.000
202603230430,   2.940,   3.309,9999.000,9999.000,9999.000,9999.000,9999.000,9999.000,9999.000
202603230436,   3.017,   3.279,9999.000,9999.000,9999.000,9999.000,9999.000,9999.000,9999.000
202603230442,   3.097,   3.499,9999.000,9999.000,9999.000,9999.000,9999.000,9999.000,9999.000
202603230448,   3.180,   3.509,9999.000,9999.000,9999.000,9999.000,9999.000,9999.000,9999.000
202603230454,   3.266,   3.627,9999.000,9999.000,9999.000,9999.000,9999.000,9999.000,9999.000
202603230500,   3.353,   3.699,   0.200,   0.146,   3.699,   0.100,   3.599,   0.300,   3.799
202603230506,   3.443,   3.709,9999.000,9999.000,9999.000,9999.000,9999.000,9999.000,9999.000
202603230512,   3.535,   3.988,9999.000,9999.000,9999.000,9999.000,9999.000,9999.000,9999.000
202603230518,   3.628,   4.027,9999.000,9999.000,9999.000,9999.000,9999.000,9999.000,9999.000
202603230524,   3.723,   4.057,9999.000,9999.000,9999.000,9999.000,9999.000,9999.000,9999.000
202603230530,   3.819,   4.178,9999.000,9999.000,9999.000,9999.000,9999.000,9999.000,9999.000
202603230536,   3.916,   4.300,9999.000,9999.000,9999.000,9999.000,9999.000,9999.000,9999.000
202603230542,   4.014,   4.339,9999.000,9999.000,9999.000,9999.000,9999.000,9999.000,9999.000
202603230548,   4.112,   4.490,9999.000,9999.000,9999.000,9999.000,9999.000,9999.000,9999.000
202603230554,   4.211,   4.569,9999.000,9999.000,9999.000,9999.000,9999.000,9999.000,9999.000
202603230600,   4.309,   4.569,   0.200,   0.060,   4.569,   0.100,   4.469,   0.200,   4.569
202603230606,   4.408,   4.647,9999.000,9999.000,9999.000,9999.000,9999.000,9999.000,9999.000
202603230612,   4.506,   4.798,9999.000,9999.000,9999.000,9999.000,9999.000,9999.000,9999.000
202603230618,   4.603,   4.900,9999.000,9999.000,9999.000,9999.000,9999.000,9999.000,9999.000
202603230624,   4.700,   5.018,9999.000,9999.000,9999.000,9999.000,9999.000,9999.000,9999.000
202603230630,   4.795,   5.129,9999.000,9999.000,9999.000,9999.000,9999.000,9999.000,9999.000
202603230636,   4.888,   5.320,9999.000,9999.000,9999.000,9999.000,9999.000,9999.000,9999.000
202603230642,   4.981,   5.320,9999.000,9999.000,9999.000,9999.000,9999.000,9999.000,9999.000
202603230648,   5.071,   5.369,9999.000,9999.000,9999.000,9999.000,9999.000,9999.000,9999.000
202603230654,   5.159,   5.359,9999.000,9999.000,9999.000,9999.000,9999.000,9999.000,9999.000
202603230700,   5.244,   5.579,   0.300,   0.035,   5.579,   0.200,   5.479,   0.300,   5.579
202603230706,   5.327,   5.667,9999.000,9999.000,9999.000,9999.000,9999.000,9999.000,9999.000
202603230712,   5.407,   5.717,9999.000,9999.000,9999.000,9999.000,9999.000,9999.000,9999.000
202603230718,   5.484,   5.739,9999.000,9999.000,9999.000,9999.000,9999.000,9999.000,9999.000
202603230724,   5.557,   5.926,9999.000,9999.000,9999.000,9999.000,9999.000,9999.000,9999.000
202603230730,   5.627,   6.008,9999.000,9999.000,9999.000,9999.000,9999.000,9999.000,9999.000
202603230736,   5.693,   5.907,9999.000,9999.000,9999.000,9999.000,9999.000,9999.000,9999.000
202603230742,   5.755,   6.008,9999.000,9999.000,9999.000,9999.000,9999.000,9999.000,9999.000
202603230748,   5.813,   6.097,9999.000,9999.000,9999.000,9999.000,9999.000,9999.000,9999.000
202603230754,   5.866,   6.169,9999.000,9999.000,9999.000,9999.000,9999.000,9999.000,9999.000
202603230800,   5.915,   6.169,   0.200,   0.054,   6.169,   0.100,   6.069,   0.300,   6.269
202603230806,   5.959,   6.149,9999.000,9999.000,9999.000,9999.000,9999.000,9999.000,9999.000
202603230812,   5.999,   6.218,9999.000,9999.000,9999.000,9999.000,9999.000,9999.000,9999.000
202603230818,   6.033,   6.297,9999.000,9999.000,9999.000,9999.000,9999.000,9999.000,9999.000
202603230824,   6.062,   6.336,9999.000,9999.000,9999.000,9999.000,9999.000,9999.000,9999.000
202603230830,   6.086,   6.297,9999.000,9999.000,9999.000,9999.000,9999.000,9999.000,9999.000
202603230836,   6.104,   6.317,9999.000,9999.000,9999.000,9999.000,9999.000,9999.000,9999.000
202603230842,   6.117,   6.379,9999.000,9999.000,9999.000,9999.000,9999.000,9999.000,9999.000
202603230848,   6.124,   6.317,9999.000,9999.000,9999.000,9999.000,9999.000,9999.000,9999.000
202603230854,   6.126,   6.438,9999.000,9999.000,9999.000,9999.000,9999.000,9999.000,9999.000
202603230900,   6.122,   6.438,   0.200,   0.116,   6.438,   0.100,   6.338,   0.300,   6.538
202603230906,   6.112,   6.346,9999.000,9999.000,9999.000,9999.000,9999.000,9999.000,9999.000
202603230912,   6.096,   6.317,9999.000,9999.000,9999.000,9999.000,9999.000,9999.000,9999.000
202603230918,   6.075,   6.209,9999.000,9999.000,9999.000,9999.000,9999.000,9999.000,9999.000
202603230924,   6.048,   6.248,9999.000,9999.000,9999.000,9999.000,9999.000,9999.000,9999.000
202603230930,   6.015,   6.317,9999.000,9999.000,9999.000,9999.000,9999.000,9999.000,9999.000
202603230936,   5.977,   6.307,9999.000,9999.000,9999.000,9999.000,9999.000,9999.000,9999.000
202603230942,   5.933,   6.097,9999.000,9999.000,9999.000,9999.000,9999.000,9999.000,9999.000
202603230948,   5.883,   5.979,9999.000,9999.000,9999.000,9999.000,9999.000,9999.000,9999.000
202603230954,   5.828,   5.949,9999.000,9999.000,9999.000,9999.000,9999.000,9999.000,9999.000
202603231000,   5.767,   5.949,   0.100,   0.082,   5.949,   0.100,   5.949,   0.200,   6.049
202603231006,   5.702,   5.940,9999.000,9999.000,9999.000,9999.000,9999.000,9999.000,9999.000
202603231012,   5.630,   5.858,9999.000,9999.000,9999.000,9999.000,9999.000,9999.000,9999.000
202603231018,   5.554,   5.838,9999.000,9999.000,9999.000,9999.000,9999.000,9999.000,9999.000
202603231024,   5.473,   5.677,9999.000,9999.000,9999.000,9999.000,9999.000,9999.000,9999.000
202603231030,   5.387,   5.628,9999.000,9999.000,9999.000,9999.000,9999.000,9999.000,9999.000
202603231036,   5.296,   5.549,9999.000,9999.000,9999.000,9999.000,9999.000,9999.000,9999.000
202603231042,   5.201,   5.398,9999.000,9999.000,9999.000,9999.000,9999.000,9999.000,9999.000
202603231048,   5.101,   5.418,9999.000,9999.000,9999.000,9999.000,9999.000,9999.000,9999.000
202603231054,   4.997,   5.169,9999.000,9999.000,9999.000,9999.000,9999.000,9999.000,9999.000
202603231100,   4.890,   5.110,   0.200,   0.020,   5.110,   0.200,   5.110,   0.300,   5.210
202603231106,   4.778,   4.949,9999.000,9999.000,9999.000,9999.000,9999.000,9999.000,9999.000
202603231112,   4.663,   4.837,9999.000,9999.000,9999.000,9999.000,9999.000,9999.000,9999.000
202603231118,   4.544,   4.657,9999.000,9999.000,9999.000,9999.000,9999.000,9999.000,9999.000
202603231124,   4.422,   4.529,9999.000,9999.000,9999.000,9999.000,9999.000,9999.000,9999.000
202603231130,   4.297,   4.467,9999.000,9999.000,9999.000,9999.000,9999.000,9999.000,9999.000
202603231136,   4.169,   4.368,9999.000,9999.000,9999.000,9999.000,9999.000,9999.000,9999.000
202603231142,   4.039,   4.290,9999.000,9999.000,9999.000,9999.000,9999.000,9999.000,9999.000
202603231148,   3.907,   4.008,9999.000,9999.000,9999.000,9999.000,9999.000,9999.000,9999.000
202603231154,   3.772,   3.880,9999.000,9999.000,9999.000,9999.000,9999.000,9999.000,9999.000
202603231200,   3.635,   3.729,   0.200,  -0.106,   3.729,   0.200,   3.729,   0.300,   3.829
202603231206,   3.497,   3.650,9999.000,9999.000,9999.000,9999.000,9999.000,9999.000,9999.000
202603231212,   3.358,   3.598,9999.000,9999.000,9999.000,9999.000,9999.000,9999.000,9999.000
202603231218,   3.217,   3.440,9999.000,9999.000,9999.000,9999.000,9999.000,9999.000,9999.000
202603231224,   3.076,   3.378,9999.000,9999.000,9999.000,9999.000,9999.000,9999.000,9999.000
202603231230,   2.933,   3.178,9999.000,9999.000,9999.000,9999.000,9999.000,9999.000,9999.000
202603231236,   2.791,   2.988,9999.000,9999.000,9999.000,9999.000,9999.000,9999.000,9999.000
202603231242,   2.649,   2.889,9999.000,9999.000,9999.000,9999.000,9999.000,9999.000,9999.000
202603231248,   2.506,   2.630,9999.000,9999.000,9999.000,9999.000,9999.000,9999.000,9999.000
202603231254,   2.365,   2.489,9999.000,9999.000,9999.000,9999.000,9999.000,9999.000,9999.000
202603231300,   2.224,   2.400,   0.200,  -0.024,   2.400,   0.100,   2.300,   0.300,   2.500
202603231306,   2.084,   2.210,9999.000,9999.000,9999.000,9999.000,9999.000,9999.000,9999.000
202603231312,   1.945,   2.099,9999.000,9999.000,9999.000,9999.000,9999.000,9999.000,9999.000
202603231318,   1.808,   2.010,9999.000,9999.000,9999.000,9999.000,9999.000,9999.000,9999.000
202603231324,   1.672,   1.840,9999.000,9999.000,9999.000,9999.000,9999.000,9999.000,9999.000
202603231330,   1.539,   1.699,9999.000,9999.000,9999.000,9999.000,9999.000,9999.000,9999.000
202603231336,   1.408,   1.689,9999.000,9999.000,9999.000,9999.000,9999.000,9999.000,9999.000
202603231342,   1.280,   1.508,9999.000,9999.000,9999.000,9999.000,9999.000,9999.000,9999.000
202603231348,   1.154,   1.479,9999.000,9999.000,9999.000,9999.000,9999.000,9999.000,9999.000
202603231354,   1.032,   1.259,9999.000,9999.000,9999.000,9999.000,9999.000,9999.000,9999.000
202603231400,   0.912,   1.098,   0.200,  -0.014,   1.098,   0.100,   0.998,   0.300,   1.198
202603231406,   0.797,   0.928,9999.000,9999.000,9999.000,9999.000,9999.000,9999.000,9999.000
202603231412,   0.685,   0.839,9999.000,9999.000,9999.000,9999.000,9999.000,9999.000,9999.000
202603231418,   0.577,   0.819,9999.000,9999.000,9999.000,9999.000,9999.000,9999.000,9999.000
202603231424,   0.473,   0.731,9999.000,9999.000,9999.000,9999.000,9999.000,9999.000,9999.000
202603231430,   0.373,   0.669,9999.000,9999.000,9999.000,9999.000,9999.000,9999.000,9999.000
202603231436,   0.278,   0.639,9999.000,9999.000,9999.000,9999.000,9999.000,9999.000,9999.000
202603231442,   0.188,   0.488,9999.000,9999.000,9999.000,9999.000,9999.000,9999.000,9999.000
202603231448,   0.103,   0.409,9999.000,9999.000,9999.000,9999.000,9999.000,9999.000,9999.000
202603231454,   0.022,   0.350,9999.000,9999.000,9999.000,9999.000,9999.000,9999.000,9999.000
202603231500,  -0.052,   0.170,   0.200,   0.022,   0.170,   0.200,   0.170,   0.300,   0.270
202603231506,  -0.122,   0.078,9999.000,9999.000,9999.000,9999.000,9999.000,9999.000,9999.000
202603231512,  -0.187,   0.000,9999.000,9999.000,9999.000,9999.000,9999.000,9999.000,9999.000
202603231518,  -0.247,  -0.009,9999.000,9999.000,9999.000,9999.000,9999.000,9999.000,9999.000
202603231524,  -0.301,  -0.039,9999.000,9999.000,9999.000,9999.000,9999.000,9999.000,9999.000
202603231530,  -0.349,  -0.039,9999.000,9999.000,9999.000,9999.000,9999.000,9999.000,9999.000
202603231536,  -0.392,  -0.141,9999.000,9999.000,9999.000,9999.000,9999.000,9999.000,9999.000
202603231542,  -0.429,  -0.150,9999.000,9999.000,9999.000,9999.000,9999.000,9999.000,9999.000
202603231548,  -0.461,  -0.131,9999.000,9999.000,9999.000,9999.000,9999.000,9999.000,9999.000
202603231554,  -0.487,  -0.078,9999.000,9999.000,9999.000,9999.000,9999.000,9999.000,9999.000
202603231600,  -0.507,  -0.131,   0.200,   0.176,  -0.131,   0.200,  -0.131,   0.300,  -0.031
202603231606,  -0.522,  -0.239,9999.000,9999.000,9999.000,9999.000,9999.000,9999.000,9999.000
202603231612,  -0.531,  -0.288,9999.000,9999.000,9999.000,9999.000,9999.000,9999.000,9999.000
202603231618,  -0.535,  -0.308,9999.000,9999.000,9999.000,9999.000,9999.000,9999.000,9999.000
202603231624,  -0.533,  -0.331,9999.000,9999.000,9999.000,9999.000,9999.000,9999.000,9999.000
202603231630,  -0.525,  -0.219,9999.000,9999.000,9999.000,9999.000,9999.000,9999.000,9999.000
202603231636,  -0.513,  -0.190,9999.000,9999.000,9999.000,9999.000,9999.000,9999.000,9999.000
202603231642,  -0.495,  -0.278,9999.000,9999.000,9999.000,9999.000,9999.000,9999.000,9999.000
202603231648,  -0.471,  -0.268,9999.000,9999.000,9999.000,9999.000,9999.000,9999.000,9999.000
202603231654,  -0.443,  -0.111,9999.000,9999.000,9999.000,9999.000,9999.000,9999.000,9999.000
202603231700,  -0.410,  -0.068,   0.200,   0.142,  -0.068,   0.100,  -0.168,   0.200,  -0.068
202603231706,  -0.372,  -0.009,9999.000,9999.000,9999.000,9999.000,9999.000,9999.000,9999.000
202603231712,  -0.329,   0.111,9999.000,9999.000,9999.000,9999.000,9999.000,9999.000,9999.000
202603231718,  -0.281,   0.039,9999.000,9999.000,9999.000,9999.000,9999.000,9999.000,9999.000
202603231724,  -0.230,  -0.019,9999.000,9999.000,9999.000,9999.000,9999.000,9999.000,9999.000
202603231730,  -0.173,   0.078,9999.000,9999.000,9999.000,9999.000,9999.000,9999.000,9999.000
202603231736,  -0.113,   0.131,9999.000,9999.000,9999.000,9999.000,9999.000,9999.000,9999.000
202603231742,  -0.049,   0.249,9999.000,9999.000,9999.000,9999.000,9999.000,9999.000,9999.000
202603231748,   0.018,   0.370,9999.000,9999.000,9999.000,9999.000,9999.000,9999.000,9999.000
202603231754,   0.090,   0.308,9999.000,9999.000,9999.000,9999.000,9999.000,9999.000,9999.000
202603231800,   0.165,   0.400,   0.200,   0.035,   0.400,   0.100,   0.300,   0.200,   0.400
202603231806,   0.243,   0.570,9999.000,9999.000,9999.000,9999.000,9999.000,9999.000,9999.000
202603231812,   0.324,   0.649,9999.000,9999.000,9999.000,9999.000,9999.000,9999.000,9999.000
202603231818,   0.409,   0.760,9999.000,9999.000,9999.000,9999.000,9999.000,9999.000,9999.000
202603231824,   0.495,   0.859,9999.000,9999.000,9999.000,9999.000,9999.000,9999.000,9999.000
202603231830,   0.584,   0.869,9999.000,9999.000,9999.000,9999.000,9999.000,9999.000,9999.000
202603231836,   0.676,   0.970,9999.000,9999.000,9999.000,9999.000,9999.000,9999.000,9999.000
202603231842,   0.769,   1.029,9999.000,9999.000,9999.000,9999.000,9999.000,9999.000,9999.000
202603231848,   0.864,   1.020,9999.000,9999.000,9999.000,9999.000,9999.000,9999.000,9999.000
202603231854,   0.960,   1.289,9999.000,9999.000,9999.000,9999.000,9999.000,9999.000,9999.000
202603231900,   1.057,   1.348,   0.300,  -0.009,   1.348,   0.200,   1.248,   0.300,   1.348
202603231906,   1.156,   1.508,9999.000,9999.000,9999.000,9999.000,9999.000,9999.000,9999.000
202603231912,   1.255,   1.508,9999.000,9999.000,9999.000,9999.000,9999.000,9999.000,9999.000
202603231918,   1.355,   1.590,9999.000,9999.000,9999.000,9999.000,9999.000,9999.000,9999.000
202603231924,   1.455,   1.738,9999.000,9999.000,9999.000,9999.000,9999.000,9999.000,9999.000
202603231930,   1.555,   1.879,9999.000,9999.000,9999.000,9999.000,9999.000,9999.000,9999.000
202603231936,   1.655,   1.981,9999.000,9999.000,9999.000,9999.000,9999.000,9999.000,9999.000
202603231942,   1.754,   2.069,9999.000,9999.000,9999.000,9999.000,9999.000,9999.000,9999.000
202603231948,   1.853,   2.158,9999.000,9999.000,9999.000,9999.000,9999.000,9999.000,9999.000
202603231954,   1.951,   2.289,9999.000,9999.000,9999.000,9999.000,9999.000,9999.000,9999.000
202603232000,   2.047,   2.368,   0.300,   0.021,   2.368,   0.300,   2.368,   0.300,   2.368
202603232006,   2.143,   2.400,9999.000,9999.000,9999.000,9999.000,9999.000,9999.000,9999.000
202603232012,   2.237,   2.420,9999.000,9999.000,9999.000,9999.000,9999.000,9999.000,9999.000
202603232018,   2.329,   2.558,9999.000,9999.000,9999.000,9999.000,9999.000,9999.000,9999.000
202603232024,   2.419,   2.650,9999.000,9999.000,9999.000,9999.000,9999.000,9999.000,9999.000
202603232030,   2.507,   2.830,9999.000,9999.000,9999.000,9999.000,9999.000,9999.000,9999.000
202603232036,   2.593,   2.968,9999.000,9999.000,9999.000,9999.000,9999.000,9999.000,9999.000
202603232042,   2.676,   2.919,9999.000,9999.000,9999.000,9999.000,9999.000,9999.000,9999.000
202603232048,   2.756,   3.017,9999.000,9999.000,9999.000,9999.000,9999.000,9999.000,9999.000
202603232054,   2.834,   3.119,9999.000,9999.000,9999.000,9999.000,9999.000,9999.000,9999.000
202603232100,   2.909,   3.319,   0.200,   0.210,   3.319,   0.200,   3.319,   0.300,   3.419
202603232106,   2.981,   3.348,9999.000,9999.000,9999.000,9999.000,9999.000,9999.000,9999.000
202603232112,   3.050,   3.299,9999.000,9999.000,9999.000,9999.000,9999.000,9999.000,9999.000
202603232118,   3.116,   3.427,9999.000,9999.000,9999.000,9999.000,9999.000,9999.000,9999.000
202603232124,   3.178,   3.480,9999.000,9999.000,9999.000,9999.000,9999.000,9999.000,9999.000
202603232130,   3.237,   3.489,9999.000,9999.000,9999.000,9999.000,9999.000,9999.000,9999.000
202603232136,   3.292,   3.499,9999.000,9999.000,9999.000,9999.000,9999.000,9999.000,9999.000
202603232142,   3.344,   3.568,9999.000,9999.000,9999.000,9999.000,9999.000,9999.000,9999.000
202603232148,   3.393,   3.670,9999.000,9999.000,9999.000,9999.000,9999.000,9999.000,9999.000
202603232154,   3.438,   3.758,9999.000,9999.000,9999.000,9999.000,9999.000,9999.000,9999.000
202603232200,   3.479,   3.847,   0.200,   0.168,   3.847,   0.100,   3.747,   0.300,   3.947
202603232206,   3.516,   3.870,9999.000,9999.000,9999.000,9999.000,9999.000,9999.000,9999.000
202603232212,   3.550,   3.847,9999.000,9999.000,9999.000,9999.000,9999.000,9999.000,9999.000
202603232218,   3.581,   3.909,9999.000,9999.000,9999.000,9999.000,9999.000,9999.000,9999.000
202603232224,   3.607,   3.949,9999.000,9999.000,9999.000,9999.000,9999.000,9999.000,9999.000
202603232230,   3.630,   3.890,9999.000,9999.000,9999.000,9999.000,9999.000,9999.000,9999.000
202603232236,   3.650,   3.929,9999.000,9999.000,9999.000,9999.000,9999.000,9999.000,9999.000
202603232242,   3.666,   4.008,9999.000,9999.000,9999.000,9999.000,9999.000,9999.000,9999.000
202603232248,   3.679,   4.037,9999.000,9999.000,9999.000,9999.000,9999.000,9999.000,9999.000
202603232254,   3.688,   4.080,9999.000,9999.000,9999.000,9999.000,9999.000,9999.000,9999.000
202603232300,   3.694,   3.949,   0.300,  -0.045,   3.949,   0.200,   3.849,   0.300,   3.949
202603232306,   3.696,   3.919,9999.000,9999.000,9999.000,9999.000,9999.000,9999.000,9999.000
202603232312,   3.696,   4.080,9999.000,9999.000,9999.000,9999.000,9999.000,9999.000,9999.000
202603232318,   3.692,   4.057,9999.000,9999.000,9999.000,9999.000,9999.000,9999.000,9999.000
202603232324,   3.685,   3.919,9999.000,9999.000,9999.000,9999.000,9999.000,9999.000,9999.000
202603232330,   3.676,   3.988,9999.000,9999.000,9999.000,9999.000,9999.000,9999.000,9999.000
202603232336,   3.663,   3.890,9999.000,9999.000,9999.000,9999.000,9999.000,9999.000,9999.000
202603232342,   3.648,   3.899,9999.000,9999.000,9999.000,9999.000,9999.000,9999.000,9999.000
202603232348,   3.631,   3.919,9999.000,9999.000,9999.000,9999.000,9999.000,9999.000,9999.000
202603232354,   3.611,   3.794,9999.000,9999.000,9999.000,9999.000,9999.000,9999.000,9999.000
202603240000,   3.588,   3.794,   0.200,   0.006,   3.794,   0.100,   3.694,   0.200,   3.794
202603240006,   3.564,   3.929,9999.000,9999.000,9999.000,9999.000,9999.000,9999.000,9999.000
202603240012,   3.537,   3.808,9999.000,9999.000,9999.000,9999.000,9999.000,9999.000,9999.000
202603240018,   3.509,   3.860,9999.000,9999.000,9999.000,9999.000,9999.000,9999.000,9999.000
202603240024,   3.479,   3.817,9999.000,9999.000,9999.000,9999.000,9999.000,9999.000,9999.000
202603240030,   3.448,   3.798,9999.000,9999.000,9999.000,9999.000,9999.000,9999.000,9999.000
202603240036,   3.415,   3.689,9999.000,9999.000,9999.000,9999.000,9999.000,9999.000,9999.000
202603240042,   3.380,   3.680,9999.000,9999.000,9999.000,9999.000,9999.000,9999.000,9999.000
202603240048,   3.345,   3.680,9999.000,9999.000,9999.000,9999.000,9999.000,9999.000,9999.000
202603240054,   3.309,   3.670,9999.000,9999.000,9999.000,9999.000,9999.000,9999.000,9999.000
202603240100,   3.273,   3.548,   0.100,   0.175,   3.548,   0.000,   3.448,   0.200,   3.648
202603240106,   3.236,   3.509,9999.000,9999.000,9999.000,9999.000,9999.000,9999.000,9999.000
202603240112,   3.198,   3.499,9999.000,9999.000,9999.000,9999.000,9999.000,9999.000,9999.000
202603240118,   3.161,   3.480,9999.000,9999.000,9999.000,9999.000,9999.000,9999.000,9999.000
202603240124,   3.124,   3.489,9999.000,9999.000,9999.000,9999.000,9999.000,9999.000,9999.000
202603240130,   3.087,   3.440,9999.000,9999.000,9999.000,9999.000,9999.000,9999.000,9999.000
202603240136,   3.050,   3.368,9999.000,9999.000,9999.000,9999.000,9999.000,9999.000,9999.000
202603240142,   3.015,   3.339,9999.000,9999.000,9999.000,9999.000,9999.000,9999.000,9999.000
202603240148,   2.980,   3.289,9999.000,9999.000,9999.000,9999.000,9999.000,9999.000,9999.000
202603240154,   2.946,   3.339,9999.000,9999.000,9999.000,9999.000,9999.000,9999.000,9999.000
202603240200,   2.914,   3.299,   0.100,   0.285,   3.299,   0.100,   3.299,   0.200,   3.399
202603240206,   2.883,   3.299,9999.000,9999.000,9999.000,9999.000,9999.000,9999.000,9999.000
202603240212,   2.853,   3.230,9999.000,9999.000,9999.000,9999.000,9999.000,9999.000,9999.000
202603240218,   2.826,   3.188,9999.000,9999.000,9999.000,9999.000,9999.000,9999.000,9999.000
202603240224,   2.800,   3.168,9999.000,9999.000,9999.000,9999.000,9999.000,9999.000,9999.000
202603240230,   2.776,   3.178,9999.000,9999.000,9999.000,9999.000,9999.000,9999.000,9999.000
202603240236,   2.755,   3.138,9999.000,9999.000,9999.000,9999.000,9999.000,9999.000,9999.000
202603240242,   2.736,   3.060,9999.000,9999.000,9999.000,9999.000,9999.000,9999.000,9999.000
202603240248,   2.720,   3.030,9999.000,9999.000,9999.000,9999.000,9999.000,9999.000,9999.000
202603240254,   2.706,   2.978,9999.000,9999.000,9999.000,9999.000,9999.000,9999.000,9999.000
202603240300,   2.695,   3.070,   0.200,   0.175,   3.070,   0.200,   3.070,   0.200,   3.070
202603240306,   2.687,   3.040,9999.000,9999.000,9999.000,9999.000,9999.000,9999.000,9999.000
202603240312,   2.681,   3.040,9999.000,9999.000,9999.000,9999.000,9999.000,9999.000,9999.000
202603240318,   2.679,   3.050,9999.000,9999.000,9999.000,9999.000,9999.000,9999.000,9999.000
202603240324,   2.680,   3.017,9999.000,9999.000,9999.000,9999.000,9999.000,9999.000,9999.000
202603240330,   2.684,   3.070,9999.000,9999.000,9999.000,9999.000,9999.000,9999.000,9999.000
202603240336,   2.692,   3.017,9999.000,9999.000,9999.000,9999.000,9999.000,9999.000,9999.000
202603240342,   2.702,   3.099,9999.000,9999.000,9999.000,9999.000,9999.000,9999.000,9999.000
202603240348,   2.716,   3.119,9999.000,9999.000,9999.000,9999.000,9999.000,9999.000,9999.000
202603240354,   2.733,   3.099,9999.000,9999.000,9999.000,9999.000,9999.000,9999.000,9999.000
202603240400,   2.753,   3.148,   0.200,   0.195,   3.148,   0.200,   3.148,   0.200,   3.148
202603240406,   2.777,   3.197,9999.000,9999.000,9999.000,9999.000,9999.000,9999.000,9999.000
202603240412,   2.804,   3.188,9999.000,9999.000,9999.000,9999.000,9999.000,9999.000,9999.000
202603240418,   2.834,   3.250,9999.000,9999.000,9999.000,9999.000,9999.000,9999.000,9999.000
202603240424,   2.868,   3.309,9999.000,9999.000,9999.000,9999.000,9999.000,9999.000,9999.000
202603240430,   2.904,   3.309,9999.000,9999.000,9999.000,9999.000,9999.000,9999.000,9999.000
202603240436,   2.944,   3.339,9999.000,9999.000,9999.000,9999.000,9999.000,9999.000,9999.000
202603240442,   2.987,   3.358,9999.000,9999.000,9999.000,9999.000,9999.000,9999.000,9999.000
202603240448,   3.033,   3.358,9999.000,9999.000,9999.000,9999.000,9999.000,9999.000,9999.000
202603240454,   3.082,   3.417,9999.000,9999.000,9999.000,9999.000,9999.000,9999.000,9999.000
202603240500,   3.134,   3.470,   0.100,   0.236,   3.470,   0.100,   3.470,   0.200,   3.570
202603240506,   3.189,   3.558,9999.000,9999.000,9999.000,9999.000,9999.000,9999.000,9999.000
202603240512,   3.247,   3.650,9999.000,9999.000,9999.000,9999.000,9999.000,9999.000,9999.000
202603240518,   3.307,   3.689,9999.000,9999.000,9999.000,9999.000,9999.000,9999.000,9999.000
202603240524,   3.369,   3.749,9999.000,9999.000,9999.000,9999.000,9999.000,9999.000,9999.000
202603240530,   3.434,   3.788,9999.000,9999.000,9999.000,9999.000,9999.000,9999.000,9999.000
202603240536,   3.502,   3.847,9999.000,9999.000,9999.000,9999.000,9999.000,9999.000,9999.000
202603240542,   3.571,   3.899,9999.000,9999.000,9999.000,9999.000,9999.000,9999.000,9999.000
202603240548,   3.642,   4.057,9999.000,9999.000,9999.000,9999.000,9999.000,9999.000,9999.000
202603240554,   3.716,   4.099,9999.000,9999.000,9999.000,9999.000,9999.000,9999.000,9999.000
202603240600,   3.790,   4.168,   0.200,   0.178,   4.168,   0.100,   4.068,   0.200,   4.168
202603240606,   3.867,   4.218,9999.000,9999.000,9999.000,9999.000,9999.000,9999.000,9999.000
202603240612,   3.945,   4.290,9999.000,9999.000,9999.000,9999.000,9999.000,9999.000,9999.000
202603240618,   4.024,   4.388,9999.000,9999.000,9999.000,9999.000,9999.000,9999.000,9999.000
202603240624,   4.104,   4.480,9999.000,9999.000,9999.000,9999.000,9999.000,9999.000,9999.000
202603240630,   4.185,   4.549,9999.000,9999.000,9999.000,9999.000,9999.000,9999.000,9999.000
202603240636,   4.266,   4.608,9999.000,9999.000,9999.000,9999.000,9999.000,9999.000,9999.000
202603240642,   4.348,   4.710,9999.000,9999.000,9999.000,9999.000,9999.000,9999.000,9999.000
202603240648,   4.430,   4.759,9999.000,9999.000,9999.000,9999.000,9999.000,9999.000,9999.000
202603240654,   4.512,   4.808,9999.000,9999.000,9999.000,9999.000,9999.000,9999.000,9999.000
202603240700,   4.594,   4.887,   0.300,  -0.007,   4.887,   0.200,   4.787,   0.300,   4.887
202603240706,   4.676,   4.998,9999.000,9999.000,9999.000,9999.000,9999.000,9999.000,9999.000
202603240712,   4.757,   5.077,9999.000,9999.000,9999.000,9999.000,9999.000,9999.000,9999.000
202603240718,   4.837,   5.208,9999.000,9999.000,9999.000,9999.000,9999.000,9999.000,9999.000
202603240724,   4.916,   5.238,9999.000,9999.000,9999.000,9999.000,9999.000,9999.000,9999.000
202603240730,   4.994,   5.359,9999.000,9999.000,9999.000,9999.000,9999.000,9999.000,9999.000
202603240736,   5.070,   5.418,9999.000,9999.000,9999.000,9999.000,9999.000,9999.000,9999.000
202603240742,   5.144,   5.438,9999.000,9999.000,9999.000,9999.000,9999.000,9999.000,9999.000
202603240748,   5.217,   5.477,9999.000,9999.000,9999.000,9999.000,9999.000,9999.000,9999.000
202603240754,   5.287,   5.579,9999.000,9999.000,9999.000,9999.000,9999.000,9999.000,9999.000
202603240800,   5.355,   5.657,   0.300,   0.002,   5.657,   0.200,   5.557,   0.300,   5.657
202603240806,   5.421,   5.769,9999.000,9999.000,9999.000,9999.000,9999.000,9999.000,9999.000
202603240812,   5.484,   5.779,9999.000,9999.000,9999.000,9999.000,9999.000,9999.000,9999.000
202603240818,   5.544,   5.828,9999.000,9999.000,9999.000,9999.000,9999.000,9999.000,9999.000
202603240824,   5.600,   5.897,9999.000,9999.000,9999.000,9999.000,9999.000,9999.000,9999.000
202603240830,   5.653,   5.979,9999.000,9999.000,9999.000,9999.000,9999.000,9999.000,9999.000
202603240836,   5.703,   6.008,9999.000,9999.000,9999.000,9999.000,9999.000,9999.000,9999.000
202603240842,   5.749,   6.067,9999.000,9999.000,9999.000,9999.000,9999.000,9999.000,9999.000
202603240848,   5.792,   6.077,9999.000,9999.000,9999.000,9999.000,9999.000,9999.000,9999.000
202603240854,   5.830,   6.107,9999.000,9999.000,9999.000,9999.000,9999.000,9999.000,9999.000
202603240900,   5.864,   6.136,   0.200,   0.072,   6.136,   0.100,   6.036,   0.400,   6.336
202603240906,   5.894,   6.179,9999.000,9999.000,9999.000,9999.000,9999.000,9999.000,9999.000
202603240912,   5.919,   6.159,9999.000,9999.000,9999.000,9999.000,9999.000,9999.000,9999.000
202603240918,   5.941,   6.238,9999.000,9999.000,9999.000,9999.000,9999.000,9999.000,9999.000
202603240924,   5.957,   6.268,9999.000,9999.000,9999.000,9999.000,9999.000,9999.000,9999.000
202603240930,   5.969,   6.336,9999.000,9999.000,9999.000,9999.000,9999.000,9999.000,9999.000
202603240936,   5.976,   6.346,9999.000,9999.000,9999.000,9999.000,9999.000,9999.000,9999.000
202603240942,   5.978,   6.359,9999.000,9999.000,9999.000,9999.000,9999.000,9999.000,9999.000
202603240948,   5.976,   6.307,9999.000,9999.000,9999.000,9999.000,9999.000,9999.000,9999.000
202603240954,   5.968,   6.248,9999.000,9999.000,9999.000,9999.000,9999.000,9999.000,9999.000
202603241000,   5.956,   6.228,   0.300,  -0.028,   6.228,   0.200,   6.128,   0.400,   6.328
202603241006,   5.939,   6.268,9999.000,9999.000,9999.000,9999.000,9999.000,9999.000,9999.000
202603241012,   5.917,   6.209,9999.000,9999.000,9999.000,9999.000,9999.000,9999.000,9999.000
202603241018,   5.889,   6.199,9999.000,9999.000,9999.000,9999.000,9999.000,9999.000,9999.000
202603241024,   5.857,   6.179,9999.000,9999.000,9999.000,9999.000,9999.000,9999.000,9999.000
202603241030,   5.820,   6.189,9999.000,9999.000,9999.000,9999.000,9999.000,9999.000,9999.000
202603241036,   5.778,   6.149,9999.000,9999.000,9999.000,9999.000,9999.000,9999.000,9999.000
202603241042,   5.732,   6.117,9999.000,9999.000,9999.000,9999.000,9999.000,9999.000,9999.000
202603241048,   5.680,   6.018,9999.000,9999.000,9999.000,9999.000,9999.000,9999.000,9999.000
202603241054,   5.624,   5.959,9999.000,9999.000,9999.000,9999.000,9999.000,9999.000,9999.000
202603241100,   5.562,   5.867,   0.500,  -0.195,   5.867,   0.400,   5.767,   0.500,   5.867
202603241106,   5.497,   5.779,9999.000,9999.000,9999.000,9999.000,9999.000,9999.000,9999.000
202603241112,   5.426,   5.730,9999.000,9999.000,9999.000,9999.000,9999.000,9999.000,9999.000
202603241118,   5.352,   5.608,9999.000,9999.000,9999.000,9999.000,9999.000,9999.000,9999.000
202603241124,   5.272,   5.549,9999.000,9999.000,9999.000,9999.000,9999.000,9999.000,9999.000
202603241130,   5.189,   5.477,9999.000,9999.000,9999.000,9999.000,9999.000,9999.000,9999.000
202603241136,   5.101,   5.418,9999.000,9999.000,9999.000,9999.000,9999.000,9999.000,9999.000
202603241142,   5.010,   5.359,9999.000,9999.000,9999.000,9999.000,9999.000,9999.000,9999.000
202603241148,   4.914,   5.257,9999.000,9999.000,9999.000,9999.000,9999.000,9999.000,9999.000
202603241154,   4.815,   5.120,9999.000,9999.000,9999.000,9999.000,9999.000,9999.000,9999.000
202603241200,   4.712,   5.028,   0.600,  -0.284,   5.028,   0.400,   4.828,   0.600,   5.028
202603241206,   4.606,   4.910,9999.000,9999.000,9999.000,9999.000,9999.000,9999.000,9999.000
202603241212,   4.497,   4.739,9999.000,9999.000,9999.000,9999.000,9999.000,9999.000,9999.000
202603241218,   4.384,   4.667,9999.000,9999.000,9999.000,9999.000,9999.000,9999.000,9999.000
202603241224,   4.268,   4.559,9999.000,9999.000,9999.000,9999.000,9999.000,9999.000,9999.000
202603241230,   4.150,   4.437,9999.000,9999.000,9999.000,9999.000,9999.000,9999.000,9999.000
202603241236,   4.029,   4.319,9999.000,9999.000,9999.000,9999.000,9999.000,9999.000,9999.000
202603241242,   3.906,   4.198,9999.000,9999.000,9999.000,9999.000,9999.000,9999.000,9999.000
202603241248,   3.780,   4.027,9999.000,9999.000,9999.000,9999.000,9999.000,9999.000,9999.000
202603241254,   3.653,   3.919,9999.000,9999.000,9999.000,9999.000,9999.000,9999.000,9999.000
202603241300,   3.524,   3.817,   0.500,  -0.207,   3.817,   0.500,   3.817,   0.500,   3.817
202603241306,   3.393,   3.729,9999.000,9999.000,9999.000,9999.000,9999.000,9999.000,9999.000
202603241312,   3.262,   3.598,9999.000,9999.000,9999.000,9999.000,9999.000,9999.000,9999.000
202603241318,   3.129,   3.480,9999.000,9999.000,9999.000,9999.000,9999.000,9999.000,9999.000
202603241324,   2.995,   3.348,9999.000,9999.000,9999.000,9999.000,9999.000,9999.000,9999.000
202603241330,   2.861,   3.188,9999.000,9999.000,9999.000,9999.000,9999.000,9999.000,9999.000
202603241336,   2.727,   3.089,9999.000,9999.000,9999.000,9999.000,9999.000,9999.000,9999.000
202603241342,   2.593,   2.997,9999.000,9999.000,9999.000,9999.000,9999.000,9999.000,9999.000
202603241348,   2.458,   2.830,9999.000,9999.000,9999.000,9999.000,9999.000,9999.000,9999.000
202603241354,   2.325,   2.640,9999.000,9999.000,9999.000,9999.000,9999.000,9999.000,9999.000
202603241400,   2.192,   2.489,   0.500,  -0.203,   2.489,   0.500,   2.489,   0.600,   2.589
202603241406,   2.060,   2.348,9999.000,9999.000,9999.000,9999.000,9999.000,9999.000,9999.000
202603241412,   1.929,   2.259,9999.000,9999.000,9999.000,9999.000,9999.000,9999.000,9999.000
202603241418,   1.799,   2.148,9999.000,9999.000,9999.000,9999.000,9999.000,9999.000,9999.000
202603241424,   1.672,   1.967,9999.000,9999.000,9999.000,9999.000,9999.000,9999.000,9999.000
202603241430,   1.546,   1.849,9999.000,9999.000,9999.000,9999.000,9999.000,9999.000,9999.000
202603241436,   1.422,   1.728,9999.000,9999.000,9999.000,9999.000,9999.000,9999.000,9999.000
202603241442,   1.300,   1.600,9999.000,9999.000,9999.000,9999.000,9999.000,9999.000,9999.000
202603241448,   1.181,   1.489,9999.000,9999.000,9999.000,9999.000,9999.000,9999.000,9999.000
202603241454,   1.065,   1.410,9999.000,9999.000,9999.000,9999.000,9999.000,9999.000,9999.000
202603241500,   0.952,   1.279,   0.500,  -0.173,   1.279,   0.400,   1.179,   0.700,   1.479
202603241506,   0.842,   1.079,9999.000,9999.000,9999.000,9999.000,9999.000,9999.000,9999.000
202603241512,   0.735,   1.020,9999.000,9999.000,9999.000,9999.000,9999.000,9999.000,9999.000
202603241518,   0.631,   0.928,9999.000,9999.000,9999.000,9999.000,9999.000,9999.000,9999.000
202603241524,   0.532,   0.898,9999.000,9999.000,9999.000,9999.000,9999.000,9999.000,9999.000
202603241530,   0.436,   0.819,9999.000,9999.000,9999.000,9999.000,9999.000,9999.000,9999.000
202603241536,   0.343,   0.688,9999.000,9999.000,9999.000,9999.000,9999.000,9999.000,9999.000
202603241542,   0.255,   0.580,9999.000,9999.000,9999.000,9999.000,9999.000,9999.000,9999.000
202603241548,   0.171,   0.531,9999.000,9999.000,9999.000,9999.000,9999.000,9999.000,9999.000
202603241554,   0.092,   0.469,9999.000,9999.000,9999.000,9999.000,9999.000,9999.000,9999.000
202603241600,   0.017,   0.370,   0.500,  -0.147,   0.370,   0.400,   0.270,   0.600,   0.470
202603241606,  -0.053,   0.298,9999.000,9999.000,9999.000,9999.000,9999.000,9999.000,9999.000
202603241612,  -0.119,   0.190,9999.000,9999.000,9999.000,9999.000,9999.000,9999.000,9999.000
202603241618,  -0.180,   0.121,9999.000,9999.000,9999.000,9999.000,9999.000,9999.000,9999.000
202603241624,  -0.237,   0.098,9999.000,9999.000,9999.000,9999.000,9999.000,9999.000,9999.000
202603241630,  -0.289,   0.059,9999.000,9999.000,9999.000,9999.000,9999.000,9999.000,9999.000
202603241636,  -0.336,   0.000,9999.000,9999.000,9999.000,9999.000,9999.000,9999.000,9999.000
202603241642,  -0.378,  -0.059,9999.000,9999.000,9999.000,9999.000,9999.000,9999.000,9999.000
202603241648,  -0.415,  -0.160,9999.000,9999.000,9999.000,9999.000,9999.000,9999.000,9999.000
202603241654,  -0.447,  -0.160,9999.000,9999.000,9999.000,9999.000,9999.000,9999.000,9999.000
202603241700,  -0.474,  -0.078,   0.400,  -0.004,  -0.078,   0.300,  -0.178,   0.400,  -0.078
202603241706,  -0.496,  -0.078,9999.000,9999.000,9999.000,9999.000,9999.000,9999.000,9999.000
202603241712,  -0.513,  -0.121,9999.000,9999.000,9999.000,9999.000,9999.000,9999.000,9999.000
202603241718,  -0.525,  -0.170,9999.000,9999.000,9999.000,9999.000,9999.000,9999.000,9999.000
202603241724,  -0.532,  -0.209,9999.000,9999.000,9999.000,9999.000,9999.000,9999.000,9999.000
202603241730,  -0.534,  -0.190,9999.000,9999.000,9999.000,9999.000,9999.000,9999.000,9999.000
202603241736,  -0.531,  -0.098,9999.000,9999.000,9999.000,9999.000,9999.000,9999.000,9999.000
202603241742,  -0.523,  -0.088,9999.000,9999.000,9999.000,9999.000,9999.000,9999.000,9999.000
202603241748,  -0.510,  -0.150,9999.000,9999.000,9999.000,9999.000,9999.000,9999.000,9999.000
202603241754,  -0.492,  -0.180,9999.000,9999.000,9999.000,9999.000,9999.000,9999.000,9999.000
202603241800,  -0.470,  -0.141,   0.300,   0.029,  -0.141,   0.300,  -0.141,   0.400,  -0.041
202603241806,  -0.443,  -0.059,9999.000,9999.000,9999.000,9999.000,9999.000,9999.000,9999.000
202603241812,  -0.411,  -0.068,9999.000,9999.000,9999.000,9999.000,9999.000,9999.000,9999.000
202603241818,  -0.375,  -0.059,9999.000,9999.000,9999.000,9999.000,9999.000,9999.000,9999.000
202603241824,  -0.335,  -0.039,9999.000,9999.000,9999.000,9999.000,9999.000,9999.000,9999.000
202603241830,  -0.290,   0.039,9999.000,9999.000,9999.000,9999.000,9999.000,9999.000,9999.000
202603241836,  -0.242,   0.131,9999.000,9999.000,9999.000,9999.000,9999.000,9999.000,9999.000
202603241842,  -0.189,   0.170,9999.000,9999.000,9999.000,9999.000,9999.000,9999.000,9999.000
202603241848,  -0.133,   0.288,9999.000,9999.000,9999.000,9999.000,9999.000,9999.000,9999.000
202603241854,  -0.072,   0.341,9999.000,9999.000,9999.000,9999.000,9999.000,9999.000,9999.000
202603241900,  -0.009,   0.350,   0.400,  -0.041,   0.350,   0.300,   0.250,   0.500,   0.450
202603241906,   0.057,   0.488,9999.000,9999.000,9999.000,9999.000,9999.000,9999.000,9999.000
202603241912,   0.127,   0.580,9999.000,9999.000,9999.000,9999.000,9999.000,9999.000,9999.000
202603241918,   0.200,   0.649,9999.000,9999.000,9999.000,9999.000,9999.000,9999.000,9999.000
202603241924,   0.276,   0.610,9999.000,9999.000,9999.000,9999.000,9999.000,9999.000,9999.000
202603241930,   0.354,   0.619,9999.000,9999.000,9999.000,9999.000,9999.000,9999.000,9999.000
202603241936,   0.435,   0.731,9999.000,9999.000,9999.000,9999.000,9999.000,9999.000,9999.000
202603241942,   0.518,   0.869,9999.000,9999.000,9999.000,9999.000,9999.000,9999.000,9999.000
202603241948,   0.603,   0.970,9999.000,9999.000,9999.000,9999.000,9999.000,9999.000,9999.000
202603241954,   0.690,   1.029,9999.000,9999.000,9999.000,9999.000,9999.000,9999.000,9999.000
202603242000,   0.778,   1.108,   0.300,   0.030,   1.108,   0.200,   1.008,   0.300,   1.108
202603242006,   0.867,   1.200,9999.000,9999.000,9999.000,9999.000,9999.000,9999.000,9999.000
202603242012,   0.958,   1.348,9999.000,9999.000,9999.000,9999.000,9999.000,9999.000,9999.000
202603242018,   1.049,   1.479,9999.000,9999.000,9999.000,9999.000,9999.000,9999.000,9999.000
202603242024,   1.142,   1.571,9999.000,9999.000,9999.000,9999.000,9999.000,9999.000,9999.000
202603242030,   1.234,   1.620,9999.000,9999.000,9999.000,9999.000,9999.000,9999.000,9999.000
202603242036,   1.327,   1.620,9999.000,9999.000,9999.000,9999.000,9999.000,9999.000,9999.000
202603242042,   1.420,   1.679,9999.000,9999.000,9999.000,9999.000,9999.000,9999.000,9999.000
202603242048,   1.513,   1.830,9999.000,9999.000,9999.000,9999.000,9999.000,9999.000,9999.000
202603242054,   1.606,   1.990,9999.000,9999.000,9999.000,9999.000,9999.000,9999.000,9999.000
202603242100,   1.698,   2.059,   0.300,   0.061,   2.059,   0.200,   1.959,   0.400,   2.159
202603242106,   1.789,   2.138,9999.000,9999.000,9999.000,9999.000,9999.000,9999.000,9999.000
202603242112,   1.880,   2.259,9999.000,9999.000,9999.000,9999.000,9999.000,9999.000,9999.000
202603242118,   1.969,   2.309,9999.000,9999.000,9999.000,9999.000,9999.000,9999.000,9999.000
202603242124,   2.057,   2.410,9999.000,9999.000,9999.000,9999.000,9999.000,9999.000,9999.000
202603242130,   2.144,   2.499,9999.000,9999.000,9999.000,9999.000,9999.000,9999.000,9999.000
202603242136,   2.229,   2.568,9999.000,9999.000,9999.000,9999.000,9999.000,9999.000,9999.000
202603242142,   2.313,   2.660,9999.000,9999.000,9999.000,9999.000,9999.000,9999.000,9999.000
202603242148,   2.395,   2.748,9999.000,9999.000,9999.000,9999.000,9999.000,9999.000,9999.000
202603242154,   2.475,   2.787,9999.000,9999.000,9999.000,9999.000,9999.000,9999.000,9999.000
202603242200,   2.553,   2.869,   0.200,   0.116,   2.869,   0.100,   2.769,   0.300,   2.969
202603242206,   2.629,   2.968,9999.000,9999.000,9999.000,9999.000,9999.000,9999.000,9999.000
202603242212,   2.702,   3.040,9999.000,9999.000,9999.000,9999.000,9999.000,9999.000,9999.000
202603242218,   2.773,   3.148,9999.000,9999.000,9999.000,9999.000,9999.000,9999.000,9999.000
202603242224,   2.842,   3.240,9999.000,9999.000,9999.000,9999.000,9999.000,9999.000,9999.000
202603242230,   2.908,   3.339,9999.000,9999.000,9999.000,9999.000,9999.000,9999.000,9999.000
202603242236,   2.971,   3.378,9999.000,9999.000,9999.000,9999.000,9999.000,9999.000,9999.000
202603242242,   3.032,   3.378,9999.000,9999.000,9999.000,9999.000,9999.000,9999.000,9999.000
202603242248,   3.090,   3.388,9999.000,9999.000,9999.000,9999.000,9999.000,9999.000,9999.000
202603242254,   3.145,   3.450,9999.000,9999.000,9999.000,9999.000,9999.000,9999.000,9999.000
202603242300,   3.197,   3.539,   0.400,  -0.058,   3.539,   0.300,   3.439,   0.500,   3.639
202603242306,   3.246,   3.548,9999.000,9999.000,9999.000,9999.000,9999.000,9999.000,9999.000
202603242312,   3.292,   3.617,9999.000,9999.000,9999.000,9999.000,9999.000,9999.000,9999.000
202603242318,   3.335,   3.627,9999.000,9999.000,9999.000,9999.000,9999.000,9999.000,9999.000
202603242324,   3.375,   3.689,9999.000,9999.000,9999.000,9999.000,9999.000,9999.000,9999.000
202603242330,   3.412,   3.689,9999.000,9999.000,9999.000,9999.000,9999.000,9999.000,9999.000
202603242336,   3.446,   3.719,9999.000,9999.000,9999.000,9999.000,9999.000,9999.000,9999.000
202603242342,   3.477,   3.798,9999.000,9999.000,9999.000,9999.000,9999.000,9999.000,9999.000
202603242348,   3.504,   3.837,9999.000,9999.000,9999.000,9999.000,9999.000,9999.000,9999.000
202603242354,   3.529,   4.021,9999.000,9999.000,9999.000,9999.000,9999.000,9999.000,9999.000
202603250000,   3.551,   4.021,   0.300,   0.170,   4.021,   0.300,   4.021,   0.400,   4.121
202603250006,   3.569,   3.988,9999.000,9999.000,9999.000,9999.000,9999.000,9999.000,9999.000
202603250012,   3.585,   3.949,9999.000,9999.000,9999.000,9999.000,9999.000,9999.000,9999.000
202603250018,   3.598,   3.929,9999.000,9999.000,9999.000,9999.000,9999.000,9999.000,9999.000
202603250024,   3.608,   3.988,9999.000,9999.000,9999.000,9999.000,9999.000,9999.000,9999.000
202603250030,   3.615,   4.017,9999.000,9999.000,9999.000,9999.000,9999.000,9999.000,9999.000
202603250036,   3.620,   3.978,9999.000,9999.000,9999.000,9999.000,9999.000,9999.000,9999.000
202603250042,   3.622,   4.008,9999.000,9999.000,9999.000,9999.000,9999.000,9999.000,9999.000
202603250048,   3.621,   3.949,9999.000,9999.000,9999.000,9999.000,9999.000,9999.000,9999.000
202603250054,   3.618,   3.968,9999.000,9999.000,9999.000,9999.000,9999.000,9999.000,9999.000
202603250100,   3.613,   3.949,   0.300,   0.036,   3.949,   0.200,   3.849,   0.400,   4.049
202603250106,   3.605,   3.949,9999.000,9999.000,9999.000,9999.000,9999.000,9999.000,9999.000
202603250112,   3.596,   3.978,9999.000,9999.000,9999.000,9999.000,9999.000,9999.000,9999.000
202603250118,   3.584,   4.057,9999.000,9999.000,9999.000,9999.000,9999.000,9999.000,9999.000
202603250124,   3.571,   4.008,9999.000,9999.000,9999.000,9999.000,9999.000,9999.000,9999.000
202603250130,   3.556,   3.919,9999.000,9999.000,9999.000,9999.000,9999.000,9999.000,9999.000
202603250136,   3.539,   3.939,9999.000,9999.000,9999.000,9999.000,9999.000,9999.000,9999.000
202603250142,   3.522,   3.909,9999.000,9999.000,9999.000,9999.000,9999.000,9999.000,9999.000
202603250148,   3.503,   3.870,9999.000,9999.000,9999.000,9999.000,9999.000,9999.000,9999.000
202603250154,   3.483,   3.817,9999.000,9999.000,9999.000,9999.000,9999.000,9999.000,9999.000
202603250200,   3.462,   3.788,   0.300,   0.026,   3.788,   0.200,   3.688,   0.400,   3.888
202603250206,   3.440,   3.768,9999.000,9999.000,9999.000,9999.000,9999.000,9999.000,9999.000
202603250212,   3.418,   3.798,9999.000,9999.000,9999.000,9999.000,9999.000,9999.000,9999.000
202603250218,   3.395,   3.808,9999.000,9999.000,9999.000,9999.000,9999.000,9999.000,9999.000
202603250224,   3.372,   3.808,9999.000,9999.000,9999.000,9999.000,9999.000,9999.000,9999.000
202603250230,   3.349,   3.768,9999.000,9999.000,9999.000,9999.000,9999.000,9999.000,9999.000
202603250236,   3.327,   3.788,9999.000,9999.000,9999.000,9999.000,9999.000,9999.000,9999.000
202603250242,   3.304,   3.758,9999.000,9999.000,9999.000,9999.000,9999.000,9999.000,9999.000
202603250248,   3.281,   3.689,9999.000,9999.000,9999.000,9999.000,9999.000,9999.000,9999.000
202603250254,   3.260,   3.660,9999.000,9999.000,9999.000,9999.000,9999.000,9999.000,9999.000
202603250300,   3.238,   3.617,   0.400,  -0.021,   3.617,   0.300,   3.517,   0.400,   3.617
202603250306,   3.218,   3.568,9999.000,9999.000,9999.000,9999.000,9999.000,9999.000,9999.000
202603250312,   3.199,   3.539,9999.000,9999.000,9999.000,9999.000,9999.000,9999.000,9999.000
202603250318,   3.180,   3.499,9999.000,9999.000,9999.000,9999.000,9999.000,9999.000,9999.000
202603250324,   3.163,   3.450,9999.000,9999.000,9999.000,9999.000,9999.000,9999.000,9999.000
202603250330,   3.147,   3.460,9999.000,9999.000,9999.000,9999.000,9999.000,9999.000,9999.000
202603250336,   3.132,   3.480,9999.000,9999.000,9999.000,9999.000,9999.000,9999.000,9999.000
202603250342,   3.119,   3.558,9999.000,9999.000,9999.000,9999.000,9999.000,9999.000,9999.000
202603250348,   3.108,   3.509,9999.000,9999.000,9999.000,9999.000,9999.000,9999.000,9999.000
202603250354,   3.098,   3.417,9999.000,9999.000,9999.000,9999.000,9999.000,9999.000,9999.000
202603250400,   3.091,   3.407,   0.400,  -0.084,   3.407,   0.300,   3.307,   0.400,   3.407
202603250406,   3.085,   3.378,9999.000,9999.000,9999.000,9999.000,9999.000,9999.000,9999.000
202603250412,   3.081,   3.398,9999.000,9999.000,9999.000,9999.000,9999.000,9999.000,9999.000
202603250418,   3.079,   3.417,9999.000,9999.000,9999.000,9999.000,9999.000,9999.000,9999.000
202603250424,   3.079,   3.489,9999.000,9999.000,9999.000,9999.000,9999.000,9999.000,9999.000
202603250430,   3.081,   3.470,9999.000,9999.000,9999.000,9999.000,9999.000,9999.000,9999.000
202603250436,   3.086,   3.460,9999.000,9999.000,9999.000,9999.000,9999.000,9999.000,9999.000
202603250442,   3.093,   3.388,9999.000,9999.000,9999.000,9999.000,9999.000,9999.000,9999.000
202603250448,   3.102,   3.398,9999.000,9999.000,9999.000,9999.000,9999.000,9999.000,9999.000
202603250454,   3.114,   3.470,9999.000,9999.000,9999.000,9999.000,9999.000,9999.000,9999.000
202603250500,   3.128,   3.470,   0.300,   0.042,   3.470,   0.200,   3.370,   0.300,   3.470
202603250506,   3.145,   3.470,9999.000,9999.000,9999.000,9999.000,9999.000,9999.000,9999.000
202603250512,   3.164,   3.489,9999.000,9999.000,9999.000,9999.000,9999.000,9999.000,9999.000
202603250518,   3.185,   3.519,9999.000,9999.000,9999.000,9999.000,9999.000,9999.000,9999.000
202603250524,   3.210,   3.529,9999.000,9999.000,9999.000,9999.000,9999.000,9999.000,9999.000
202603250530,   3.236,   3.489,9999.000,9999.000,9999.000,9999.000,9999.000,9999.000,9999.000
202603250536,   3.266,   3.588,9999.000,9999.000,9999.000,9999.000,9999.000,9999.000,9999.000
202603250542,   3.297,   3.650,9999.000,9999.000,9999.000,9999.000,9999.000,9999.000,9999.000
202603250548,   3.332,   3.660,9999.000,9999.000,9999.000,9999.000,9999.000,9999.000,9999.000
202603250554,   3.368,   3.709,9999.000,9999.000,9999.000,9999.000,9999.000,9999.000,9999.000
202603250600,   3.407,   3.739,   0.200,   0.132,   3.739,   0.100,   3.639,   0.300,   3.839
202603250606,   3.449,   3.798,9999.000,9999.000,9999.000,9999.000,9999.000,9999.000,9999.000
202603250612,   3.493,   3.837,9999.000,9999.000,9999.000,9999.000,9999.000,9999.000,9999.000
202603250618,   3.539,   3.880,9999.000,9999.000,9999.000,9999.000,9999.000,9999.000,9999.000
202603250624,   3.587,   3.958,9999.000,9999.000,9999.000,9999.000,9999.000,9999.000,9999.000
202603250630,   3.638,   3.998,9999.000,9999.000,9999.000,9999.000,9999.000,9999.000,9999.000
202603250636,   3.690,   4.057,9999.000,9999.000,9999.000,9999.000,9999.000,9999.000,9999.000
202603250642,   3.745,   4.109,9999.000,9999.000,9999.000,9999.000,9999.000,9999.000,9999.000
202603250648,   3.801,   4.198,9999.000,9999.000,9999.000,9999.000,9999.000,9999.000,9999.000
202603250654,   3.859,   4.208,9999.000,9999.000,9999.000,9999.000,9999.000,9999.000,9999.000
202603250700,   3.919,   4.247,   0.300,   0.028,   4.247,   0.300,   4.247,   0.400,   4.347
202603250706,   3.980,   4.227,9999.000,9999.000,9999.000,9999.000,9999.000,9999.000,9999.000
202603250712,   4.042,   4.319,9999.000,9999.000,9999.000,9999.000,9999.000,9999.000,9999.000
202603250718,   4.106,   4.359,9999.000,9999.000,9999.000,9999.000,9999.000,9999.000,9999.000
202603250724,   4.171,   4.408,9999.000,9999.000,9999.000,9999.000,9999.000,9999.000,9999.000
202603250730,   4.236,   4.490,9999.000,9999.000,9999.000,9999.000,9999.000,9999.000,9999.000
202603250736,   4.302,   4.618,9999.000,9999.000,9999.000,9999.000,9999.000,9999.000,9999.000
202603250742,   4.369,   4.677,9999.000,9999.000,9999.000,9999.000,9999.000,9999.000,9999.000
202603250748,   4.436,   4.778,9999.000,9999.000,9999.000,9999.000,9999.000,9999.000,9999.000
202603250754,   4.503,   4.828,9999.000,9999.000,9999.000,9999.000,9999.000,9999.000,9999.000
202603250800,   4.570,   4.837,   0.400,  -0.133,   4.837,   0.300,   4.737,   0.400,   4.837
202603250806,   4.637,   4.929,9999.000,9999.000,9999.000,9999.000,9999.000,9999.000,9999.000
202603250812,   4.704,   5.008,9999.000,9999.000,9999.000,9999.000,9999.000,9999.000,9999.000
202603250818,   4.770,   5.077,9999.000,9999.000,9999.000,9999.000,9999.000,9999.000,9999.000
202603250824,   4.835,   5.097,9999.000,9999.000,9999.000,9999.000,9999.000,9999.000,9999.000
202603250830,   4.900,   5.129,9999.000,9999.000,9999.000,9999.000,9999.000,9999.000,9999.000
202603250836,   4.963,   5.238,9999.000,9999.000,9999.000,9999.000,9999.000,9999.000,9999.000
202603250842,   5.025,   5.307,9999.000,9999.000,9999.000,9999.000,9999.000,9999.000,9999.000
202603250848,   5.085,   5.398,9999.000,9999.000,9999.000,9999.000,9999.000,9999.000,9999.000
202603250854,   5.144,   5.408,9999.000,9999.000,9999.000,9999.000,9999.000,9999.000,9999.000
202603250900,   5.201,   5.487,   0.300,  -0.014,   5.487,   0.200,   5.387,   0.300,   5.487
202603250906,   5.256,   5.589,9999.000,9999.000,9999.000,9999.000,9999.000,9999.000,9999.000
202603250912,   5.309,   5.569,9999.000,9999.000,9999.000,9999.000,9999.000,9999.000,9999.000
202603250918,   5.359,   5.598,9999.000,9999.000,9999.000,9999.000,9999.000,9999.000,9999.000
202603250924,   5.407,   5.667,9999.000,9999.000,9999.000,9999.000,9999.000,9999.000,9999.000
202603250930,   5.452,   5.677,9999.000,9999.000,9999.000,9999.000,9999.000,9999.000,9999.000
202603250936,   5.495,   5.730,9999.000,9999.000,9999.000,9999.000,9999.000,9999.000,9999.000
202603250942,   5.534,   5.799,9999.000,9999.000,9999.000,9999.000,9999.000,9999.000,9999.000
202603250948,   5.571,   5.858,9999.000,9999.000,9999.000,9999.000,9999.000,9999.000,9999.000
202603250954,   5.604,   5.897,9999.000,9999.000,9999.000,9999.000,9999.000,9999.000,9999.000
202603251000,   5.634,   5.917,   0.300,  -0.017,   5.917,   0.300,   5.917,   0.400,   6.017
202603251006,   5.660,   5.867,9999.000,9999.000,9999.000,9999.000,9999.000,9999.000,9999.000
202603251012,   5.683,   5.940,9999.000,9999.000,9999.000,9999.000,9999.000,9999.000,9999.000
202603251018,   5.702,   5.989,9999.000,9999.000,9999.000,9999.000,9999.000,9999.000,9999.000
202603251024,   5.718,   5.969,9999.000,9999.000,9999.000,9999.000,9999.000,9999.000,9999.000
202603251030,   5.730,   5.989,9999.000,9999.000,9999.000,9999.000,9999.000,9999.000,9999.000
202603251036,   5.737,   5.949,9999.000,9999.000,9999.000,9999.000,9999.000,9999.000,9999.000
202603251042,   5.741,   5.959,9999.000,9999.000,9999.000,9999.000,9999.000,9999.000,9999.000
202603251048,   5.741,   5.999,9999.000,9999.000,9999.000,9999.000,9999.000,9999.000,9999.000
202603251054,   5.736,   6.018,9999.000,9999.000,9999.000,9999.000,9999.000,9999.000,9999.000
202603251100,   5.727,   5.989,   0.400,  -0.138,   5.989,   0.300,   5.889,   0.400,   5.989
202603251106,   5.714,   5.940,9999.000,9999.000,9999.000,9999.000,9999.000,9999.000,9999.000
202603251112,   5.697,   5.926,9999.000,9999.000,9999.000,9999.000,9999.000,9999.000,9999.000
202603251118,   5.675,   5.917,9999.000,9999.000,9999.000,9999.000,9999.000,9999.000,9999.000
202603251124,   5.649,   5.858,9999.000,9999.000,9999.000,9999.000,9999.000,9999.000,9999.000
202603251130,   5.619,   5.799,9999.000,9999.000,9999.000,9999.000,9999.000,9999.000,9999.000
202603251136,   5.584,   5.799,9999.000,9999.000,9999.000,9999.000,9999.000,9999.000,9999.000
202603251142,   5.545,   5.799,9999.000,9999.000,9999.000,9999.000,9999.000,9999.000,9999.000
202603251148,   5.501,   5.779,9999.000,9999.000,9999.000,9999.000,9999.000,9999.000,9999.000
202603251154,   5.453,   5.707,9999.000,9999.000,9999.000,9999.000,9999.000,9999.000,9999.000
202603251200,   5.401,   5.667,   0.500,  -0.234,   5.667,   0.400,   5.567,   0.500,   5.667
202603251206,   5.344,   5.579,9999.000,9999.000,9999.000,9999.000,9999.000,9999.000,9999.000
202603251212,   5.283,   5.467,9999.000,9999.000,9999.000,9999.000,9999.000,9999.000,9999.000
202603251218,   5.218,   5.418,9999.000,9999.000,9999.000,9999.000,9999.000,9999.000,9999.000
202603251224,   5.149,   5.379,9999.000,9999.000,9999.000,9999.000,9999.000,9999.000,9999.000
202603251230,   5.075,   5.267,9999.000,9999.000,9999.000,9999.000,9999.000,9999.000,9999.000
202603251236,   4.998,   5.198,9999.000,9999.000,9999.000,9999.000,9999.000,9999.000,9999.000
202603251242,   4.917,   5.110,9999.000,9999.000,9999.000,9999.000,9999.000,9999.000,9999.000
202603251248,   4.832,   5.028,9999.000,9999.000,9999.000,9999.000,9999.000,9999.000,9999.000
202603251254,   4.743,   4.959,9999.000,9999.000,9999.000,9999.000,9999.000,9999.000,9999.000
202603251300,   4.651,   4.877,   0.300,  -0.074,   4.877,   0.300,   4.877,   0.400,   4.977
202603251306,   4.555,   4.778,9999.000,9999.000,9999.000,9999.000,9999.000,9999.000,9999.000
202603251312,   4.457,   4.647,9999.000,9999.000,9999.000,9999.000,9999.000,9999.000,9999.000
202603251318,   4.355,   4.519,9999.000,9999.000,9999.000,9999.000,9999.000,9999.000,9999.000
202603251324,   4.250,   4.408,9999.000,9999.000,9999.000,9999.000,9999.000,9999.000,9999.000
202603251330,   4.142,   4.319,9999.000,9999.000,9999.000,9999.000,9999.000,9999.000,9999.000
202603251336,   4.032,   4.168,9999.000,9999.000,9999.000,9999.000,9999.000,9999.000,9999.000
202603251342,   3.920,   4.057,9999.000,9999.000,9999.000,9999.000,9999.000,9999.000,9999.000
202603251348,   3.805,   3.978,9999.000,9999.000,9999.000,9999.000,9999.000,9999.000,9999.000
202603251354,   3.688,   3.929,9999.000,9999.000,9999.000,9999.000,9999.000,9999.000,9999.000
202603251400,   3.570,   3.788,   0.300,  -0.082,   3.788,   0.200,   3.688,   0.400,   3.888
202603251406,   3.450,   3.719,9999.000,9999.000,9999.000,9999.000,9999.000,9999.000,9999.000
202603251412,   3.328,   3.558,9999.000,9999.000,9999.000,9999.000,9999.000,9999.000,9999.000
202603251418,   3.205,   3.368,9999.000,9999.000,9999.000,9999.000,9999.000,9999.000,9999.000
202603251424,   3.082,   3.279,9999.000,9999.000,9999.000,9999.000,9999.000,9999.000,9999.000
202603251430,   2.957,   3.148,9999.000,9999.000,9999.000,9999.000,9999.000,9999.000,9999.000
202603251436,   2.832,   2.978,9999.000,9999.000,9999.000,9999.000,9999.000,9999.000,9999.000
202603251442,   2.706,   2.879,9999.000,9999.000,9999.000,9999.000,9999.000,9999.000,9999.000
202603251448,   2.581,   2.719,9999.000,9999.000,9999.000,9999.000,9999.000,9999.000,9999.000
202603251454,   2.455,   2.689,9999.000,9999.000,9999.000,9999.000,9999.000,9999.000,9999.000
202603251500,   2.330,   2.640,   0.300,   0.010,   2.640,   0.300,   2.640,   0.400,   2.740
202603251506,   2.205,   2.489,9999.000,9999.000,9999.000,9999.000,9999.000,9999.000,9999.000
202603251512,   2.081,   2.328,9999.000,9999.000,9999.000,9999.000,9999.000,9999.000,9999.000
202603251518,   1.957,   2.191,9999.000,9999.000,9999.000,9999.000,9999.000,9999.000,9999.000
202603251524,   1.835,   2.030,9999.000,9999.000,9999.000,9999.000,9999.000,9999.000,9999.000
202603251530,   1.714,   1.889,9999.000,9999.000,9999.000,9999.000,9999.000,9999.000,9999.000
202603251536,   1.594,   1.800,9999.000,9999.000,9999.000,9999.000,9999.000,9999.000,9999.000
202603251542,   1.476,   1.699,9999.000,9999.000,9999.000,9999.000,9999.000,9999.000,9999.000
202603251548,   1.360,   1.580,9999.000,9999.000,9999.000,9999.000,9999.000,9999.000,9999.000
202603251554,   1.246,   1.410,9999.000,9999.000,9999.000,9999.000,9999.000,9999.000,9999.000
202603251600,   1.134,   1.361,   0.400,  -0.173,   1.361,   0.400,   1.361,   0.500,   1.461
202603251606,   1.024,   1.289,9999.000,9999.000,9999.000,9999.000,9999.000,9999.000,9999.000
202603251612,   0.917,   1.229,9999.000,9999.000,9999.000,9999.000,9999.000,9999.000,9999.000
202603251618,   0.812,   1.138,9999.000,9999.000,9999.000,9999.000,9999.000,9999.000,9999.000
202603251624,   0.711,   1.039,9999.000,9999.000,9999.000,9999.000,9999.000,9999.000,9999.000
202603251630,   0.612,   0.898,9999.000,9999.000,9999.000,9999.000,9999.000,9999.000,9999.000
202603251636,   0.517,   0.760,9999.000,9999.000,9999.000,9999.000,9999.000,9999.000,9999.000
202603251642,   0.424,   0.659,9999.000,9999.000,9999.000,9999.000,9999.000,9999.000,9999.000
202603251648,   0.336,   0.560,9999.000,9999.000,9999.000,9999.000,9999.000,9999.000,9999.000
202603251654,   0.251,   0.478,9999.000,9999.000,9999.000,9999.000,9999.000,9999.000,9999.000
202603251700,   0.169,   0.400,   0.400,  -0.169,   0.400,   0.300,   0.300,   0.400,   0.400
202603251706,   0.092,   0.370,9999.000,9999.000,9999.000,9999.000,9999.000,9999.000,9999.000
202603251712,   0.019,   0.321,9999.000,9999.000,9999.000,9999.000,9999.000,9999.000,9999.000
202603251718,  -0.050,   0.249,9999.000,9999.000,9999.000,9999.000,9999.000,9999.000,9999.000
202603251724,  -0.115,   0.190,9999.000,9999.000,9999.000,9999.000,9999.000,9999.000,9999.000
202603251730,  -0.176,   0.121,9999.000,9999.000,9999.000,9999.000,9999.000,9999.000,9999.000
202603251736,  -0.232,   0.059,9999.000,9999.000,9999.000,9999.000,9999.000,9999.000,9999.000
202603251742,  -0.284,  -0.009,9999.000,9999.000,9999.000,9999.000,9999.000,9999.000,9999.000
202603251748,  -0.331,  -0.019,9999.000,9999.000,9999.000,9999.000,9999.000,9999.000,9999.000
202603251754,  -0.374,  -0.078,9999.000,9999.000,9999.000,9999.000,9999.000,9999.000,9999.000
202603251800,  -0.412,  -0.131,   0.400,  -0.119,  -0.131,   0.300,  -0.231,   0.500,  -0.031
202603251806,  -0.445,  -0.131,9999.000,9999.000,9999.000,9999.000,9999.000,9999.000,9999.000
202603251812,  -0.473,  -0.131,9999.000,9999.000,9999.000,9999.000,9999.000,9999.000,9999.000
202603251818,  -0.496,  -0.170,9999.000,9999.000,9999.000,9999.000,9999.000,9999.000,9999.000
202603251824,  -0.515,  -0.170,9999.000,9999.000,9999.000,9999.000,9999.000,9999.000,9999.000
202603251830,  -0.528,  -0.200,9999.000,9999.000,9999.000,9999.000,9999.000,9999.000,9999.000
202603251836,  -0.537,  -0.239,9999.000,9999.000,9999.000,9999.000,9999.000,9999.000,9999.000
202603251842,  -0.541,  -0.239,9999.000,9999.000,9999.000,9999.000,9999.000,9999.000,9999.000
202603251848,  -0.539,  -0.219,9999.000,9999.000,9999.000,9999.000,9999.000,9999.000,9999.000
202603251854,  -0.534,  -0.239,9999.000,9999.000,9999.000,9999.000,9999.000,9999.000,9999.000
202603251900,  -0.523,  -0.209,   0.400,  -0.086,  -0.209,   0.400,  -0.209,   0.500,  -0.109
202603251906,  -0.507,  -0.259,9999.000,9999.000,9999.000,9999.000,9999.000,9999.000,9999.000
202603251912,  -0.487,  -0.249,9999.000,9999.000,9999.000,9999.000,9999.000,9999.000,9999.000
202603251918,  -0.463,  -0.170,9999.000,9999.000,9999.000,9999.000,9999.000,9999.000,9999.000
202603251924,  -0.434,  -0.098,9999.000,9999.000,9999.000,9999.000,9999.000,9999.000,9999.000
202603251930,  -0.400,  -0.141,9999.000,9999.000,9999.000,9999.000,9999.000,9999.000,9999.000
202603251936,  -0.362,  -0.098,9999.000,9999.000,9999.000,9999.000,9999.000,9999.000,9999.000
202603251942,  -0.320,  -0.039,9999.000,9999.000,9999.000,9999.000,9999.000,9999.000,9999.000
202603251948,  -0.274,   0.039,9999.000,9999.000,9999.000,9999.000,9999.000,9999.000,9999.000
202603251954,  -0.224,   0.039,9999.000,9999.000,9999.000,9999.000,9999.000,9999.000,9999.000
202603252000,  -0.170,   0.088,   0.400,  -0.142,   0.088,   0.400,   0.088,   0.500,   0.188
202603252006,  -0.113,   0.190,9999.000,9999.000,9999.000,9999.000,9999.000,9999.000,9999.000
202603252012,  -0.052,   0.239,9999.000,9999.000,9999.000,9999.000,9999.000,9999.000,9999.000
202603252018,   0.011,   0.331,9999.000,9999.000,9999.000,9999.000,9999.000,9999.000,9999.000
202603252024,   0.078,   0.370,9999.000,9999.000,9999.000,9999.000,9999.000,9999.000,9999.000
202603252030,   0.148,   0.429,9999.000,9999.000,9999.000,9999.000,9999.000,9999.000,9999.000
202603252036,   0.221,   0.560,9999.000,9999.000,9999.000,9999.000,9999.000,9999.000,9999.000
202603252042,   0.297,   0.570,9999.000,9999.000,9999.000,9999.000,9999.000,9999.000,9999.000
202603252048,   0.375,   0.629,9999.000,9999.000,9999.000,9999.000,9999.000,9999.000,9999.000
202603252054,   0.456,   0.790,9999.000,9999.000,9999.000,9999.000,9999.000,9999.000,9999.000
202603252100,   0.538,   0.839,   0.400,  -0.099,   0.839,   0.300,   0.739,   0.500,   0.939
202603252106,   0.623,   0.879,9999.000,9999.000,9999.000,9999.000,9999.000,9999.000,9999.000
202603252112,   0.709,   0.941,9999.000,9999.000,9999.000,9999.000,9999.000,9999.000,9999.000
202603252118,   0.797,   1.049,9999.000,9999.000,9999.000,9999.000,9999.000,9999.000,9999.000
202603252124,   0.886,   1.151,9999.000,9999.000,9999.000,9999.000,9999.000,9999.000,9999.000
202603252130,   0.976,   1.161,9999.000,9999.000,9999.000,9999.000,9999.000,9999.000,9999.000
202603252136,   1.067,   1.279,9999.000,9999.000,9999.000,9999.000,9999.000,9999.000,9999.000
202603252142,   1.159,   1.371,9999.000,9999.000,9999.000,9999.000,9999.000,9999.000,9999.000
202603252148,   1.252,   1.498,9999.000,9999.000,9999.000,9999.000,9999.000,9999.000,9999.000
202603252154,   1.345,   1.590,9999.000,9999.000,9999.000,9999.000,9999.000,9999.000,9999.000
202603252200,   1.438,   1.699,   0.300,  -0.039,   1.699,   0.200,   1.599,   0.400,   1.799
202603252206,   1.532,   1.767,9999.000,9999.000,9999.000,9999.000,9999.000,9999.000,9999.000
202603252212,   1.625,   1.820,9999.000,9999.000,9999.000,9999.000,9999.000,9999.000,9999.000
202603252218,   1.718,   1.918,9999.000,9999.000,9999.000,9999.000,9999.000,9999.000,9999.000
202603252224,   1.811,   2.020,9999.000,9999.000,9999.000,9999.000,9999.000,9999.000,9999.000
202603252230,   1.903,   2.089,9999.000,9999.000,9999.000,9999.000,9999.000,9999.000,9999.000
202603252236,   1.994,   2.220,9999.000,9999.000,9999.000,9999.000,9999.000,9999.000,9999.000
202603252242,   2.085,   2.309,9999.000,9999.000,9999.000,9999.000,9999.000,9999.000,9999.000
202603252248,   2.174,   2.348,9999.000,9999.000,9999.000,9999.000,9999.000,9999.000,9999.000
202603252254,   2.262,   2.509,9999.000,9999.000,9999.000,9999.000,9999.000,9999.000,9999.000
202603252300,   2.348,   2.587,   0.400,  -0.161,   2.587,   0.400,   2.587,   0.400,   2.587
202603252306,   2.433,   2.679,9999.000,9999.000,9999.000,9999.000,9999.000,9999.000,9999.000
202603252312,   2.516,   2.778,9999.000,9999.000,9999.000,9999.000,9999.000,9999.000,9999.000
202603252318,   2.598,   2.869,9999.000,9999.000,9999.000,9999.000,9999.000,9999.000,9999.000
202603252324,   2.677,   2.909,9999.000,9999.000,9999.000,9999.000,9999.000,9999.000,9999.000
202603252330,   2.754,   2.948,9999.000,9999.000,9999.000,9999.000,9999.000,9999.000,9999.000
202603252336,   2.829,   2.988,9999.000,9999.000,9999.000,9999.000,9999.000,9999.000,9999.000
202603252342,   2.902,   3.030,9999.000,9999.000,9999.000,9999.000,9999.000,9999.000,9999.000
202603252348,   2.972,   3.070,9999.000,9999.000,9999.000,9999.000,9999.000,9999.000,9999.000
202603252354,   3.040,   3.617,9999.000,9999.000,9999.000,9999.000,9999.000,9999.000,9999.000
202603260000,   3.105,   3.617,   0.200,   0.312,   3.617,   0.100,   3.517,   0.200,   3.617
202603260006,   3.167,   3.339,9999.000,9999.000,9999.000,9999.000,9999.000,9999.000,9999.000
202603260012,   3.226,   3.398,9999.000,9999.000,9999.000,9999.000,9999.000,9999.000,9999.000
202603260018,   3.282,   3.460,9999.000,9999.000,9999.000,9999.000,9999.000,9999.000,9999.000
202603260024,   3.336,   3.529,9999.000,9999.000,9999.000,9999.000,9999.000,9999.000,9999.000
202603260030,   3.386,   3.617,9999.000,9999.000,9999.000,9999.000,9999.000,9999.000,9999.000
202603260036,   3.434,   3.670,9999.000,9999.000,9999.000,9999.000,9999.000,9999.000,9999.000
202603260042,   3.478,   3.660,9999.000,9999.000,9999.000,9999.000,9999.000,9999.000,9999.000
202603260048,   3.520,   3.680,9999.000,9999.000,9999.000,9999.000,9999.000,9999.000,9999.000
202603260054,   3.558,   3.680,9999.000,9999.000,9999.000,9999.000,9999.000,9999.000,9999.000
202603260100,   3.593,   3.689,   0.100,  -0.004,   3.689,   0.000,   3.589,   0.300,   3.889
202603260106,   3.625,   3.739,9999.000,9999.000,9999.000,9999.000,9999.000,9999.000,9999.000
202603260112,   3.654,   3.808,9999.000,9999.000,9999.000,9999.000,9999.000,9999.000,9999.000
202603260118,   3.680,   3.847,9999.000,9999.000,9999.000,9999.000,9999.000,9999.000,9999.000
202603260124,   3.703,   3.909,9999.000,9999.000,9999.000,9999.000,9999.000,9999.000,9999.000
202603260130,   3.724,   3.958,9999.000,9999.000,9999.000,9999.000,9999.000,9999.000,9999.000
202603260136,   3.741,   3.919,9999.000,9999.000,9999.000,9999.000,9999.000,9999.000,9999.000
202603260142,   3.755,   3.958,9999.000,9999.000,9999.000,9999.000,9999.000,9999.000,9999.000
202603260148,   3.767,   3.968,9999.000,9999.000,9999.000,9999.000,9999.000,9999.000,9999.000
202603260154,   3.776,   3.929,9999.000,9999.000,9999.000,9999.000,9999.000,9999.000,9999.000
202603260200,   3.783,   3.968,   0.100,   0.085,   3.968,   0.100,   3.968,   0.200,   4.068
202603260206,   3.787,   4.037,9999.000,9999.000,9999.000,9999.000,9999.000,9999.000,9999.000
202603260212,   3.789,   4.017,9999.000,9999.000,9999.000,9999.000,9999.000,9999.000,9999.000
202603260218,   3.788,   3.958,9999.000,9999.000,9999.000,9999.000,9999.000,9999.000,9999.000
202603260224,   3.785,   3.909,9999.000,9999.000,9999.000,9999.000,9999.000,9999.000,9999.000
202603260230,   3.781,   3.939,9999.000,9999.000,9999.000,9999.000,9999.000,9999.000,9999.000
202603260236,   3.774,   3.978,9999.000,9999.000,9999.000,9999.000,9999.000,9999.000,9999.000
202603260242,   3.765,   3.968,9999.000,9999.000,9999.000,9999.000,9999.000,9999.000,9999.000
202603260248,   3.755,   3.978,9999.000,9999.000,9999.000,9999.000,9999.000,9999.000,9999.000
202603260254,   3.743,   3.939,9999.000,9999.000,9999.000,9999.000,9999.000,9999.000,9999.000
202603260300,   3.730,   3.899,   0.200,  -0.031,   3.899,   0.100,   3.799,   0.200,   3.899
202603260306,   3.715,   3.847,9999.000,9999.000,9999.000,9999.000,9999.000,9999.000,9999.000
202603260312,   3.700,   3.827,9999.000,9999.000,9999.000,9999.000,9999.000,9999.000,9999.000
202603260318,   3.683,   3.808,9999.000,9999.000,9999.000,9999.000,9999.000,9999.000,9999.000
202603260324,   3.665,   3.808,9999.000,9999.000,9999.000,9999.000,9999.000,9999.000,9999.000
202603260330,   3.646,   3.788,9999.000,9999.000,9999.000,9999.000,9999.000,9999.000,9999.000
202603260336,   3.626,   3.788,9999.000,9999.000,9999.000,9999.000,9999.000,9999.000,9999.000
202603260342,   3.606,   3.768,9999.000,9999.000,9999.000,9999.000,9999.000,9999.000,9999.000
202603260348,   3.585,   3.709,9999.000,9999.000,9999.000,9999.000,9999.000,9999.000,9999.000
202603260354,   3.564,   3.660,9999.000,9999.000,9999.000,9999.000,9999.000,9999.000,9999.000
202603260400,   3.543,   3.617,   0.100,  -0.026,   3.617,   0.100,   3.617,   0.200,   3.717
202603260406,   3.522,   3.598,9999.000,9999.000,9999.000,9999.000,9999.000,9999.000,9999.000
202603260412,   3.501,   3.588,9999.000,9999.000,9999.000,9999.000,9999.000,9999.000,9999.000
202603260418,   3.479,   3.607,9999.000,9999.000,9999.000,9999.000,9999.000,9999.000,9999.000
202603260424,   3.459,   3.637,9999.000,9999.000,9999.000,9999.000,9999.000,9999.000,9999.000
202603260430,   3.438,   3.617,9999.000,9999.000,9999.000,9999.000,9999.000,9999.000,9999.000
202603260436,   3.418,   3.499,9999.000,9999.000,9999.000,9999.000,9999.000,9999.000,9999.000
202603260442,   3.399,   3.470,9999.000,9999.000,9999.000,9999.000,9999.000,9999.000,9999.000
202603260448,   3.381,   3.499,9999.000,9999.000,9999.000,9999.000,9999.000,9999.000,9999.000
202603260454,   3.363,   3.460,9999.000,9999.000,9999.000,9999.000,9999.000,9999.000,9999.000
202603260500,   3.347,   3.460,   0.100,   0.013,   3.460,   0.000,   3.360,   0.200,   3.560
202603260506,   3.332,   3.398,9999.000,9999.000,9999.000,9999.000,9999.000,9999.000,9999.000
202603260512,   3.318,   3.358,9999.000,9999.000,9999.000,9999.000,9999.000,9999.000,9999.000
202603260518,   3.305,   3.348,9999.000,9999.000,9999.000,9999.000,9999.000,9999.000,9999.000
202603260524,   3.294,   3.348,9999.000,9999.000,9999.000,9999.000,9999.000,9999.000,9999.000
202603260530,   3.284,   3.378,9999.000,9999.000,9999.000,9999.000,9999.000,9999.000,9999.000
202603260536,   3.277,   3.398,9999.000,9999.000,9999.000,9999.000,9999.000,9999.000,9999.000
202603260542,   3.271,   3.358,9999.000,9999.000,9999.000,9999.000,9999.000,9999.000,9999.000
202603260548,   3.267,   3.348,9999.000,9999.000,9999.000,9999.000,9999.000,9999.000,9999.000
202603260554,   3.265,   3.348,9999.000,9999.000,9999.000,9999.000,9999.000,9999.000,9999.000
202603260600,   3.265,   3.348,   0.000,   0.083,   3.348,   0.000,   3.348,   0.000,   3.348
202603260606,   3.267,   3.299,9999.000,9999.000,9999.000,9999.000,9999.000,9999.000,9999.000
202603260612,   3.272,   3.329,9999.000,9999.000,9999.000,9999.000,9999.000,9999.000,9999.000
202603260618,   3.279,   3.329,9999.000,9999.000,9999.000,9999.000,9999.000,9999.000,9999.000
202603260624,   3.288,   3.348,9999.000,9999.000,9999.000,9999.000,9999.000,9999.000,9999.000
202603260630,   3.299,   3.339,9999.000,9999.000,9999.000,9999.000,9999.000,9999.000,9999.000
202603260636,   3.313,   3.339,9999.000,9999.000,9999.000,9999.000,9999.000,9999.000,9999.000
202603260642,   3.330,   3.358,9999.000,9999.000,9999.000,9999.000,9999.000,9999.000,9999.000
202603260648,   3.349,   3.378,9999.000,9999.000,9999.000,9999.000,9999.000,9999.000,9999.000
202603260654,   3.370,   3.388,9999.000,9999.000,9999.000,9999.000,9999.000,9999.000,9999.000
202603260700,   3.394,   3.440,   0.100,  -0.054,   3.440,   0.000,   3.340,   0.100,   3.440
202603260706,   3.420,   3.480,9999.000,9999.000,9999.000,9999.000,9999.000,9999.000,9999.000
202603260712,   3.449,   3.489,9999.000,9999.000,9999.000,9999.000,9999.000,9999.000,9999.000
202603260718,   3.480,   3.499,9999.000,9999.000,9999.000,9999.000,9999.000,9999.000,9999.000
202603260724,   3.513,   3.529,9999.000,9999.000,9999.000,9999.000,9999.000,9999.000,9999.000
202603260730,   3.549,   3.598,9999.000,9999.000,9999.000,9999.000,9999.000,9999.000,9999.000
202603260736,   3.587,   3.598,9999.000,9999.000,9999.000,9999.000,9999.000,9999.000,9999.000
202603260742,   3.627,   3.650,9999.000,9999.000,9999.000,9999.000,9999.000,9999.000,9999.000
202603260748,   3.669,   3.768,9999.000,9999.000,9999.000,9999.000,9999.000,9999.000,9999.000
202603260754,   3.713,   3.808,9999.000,9999.000,9999.000,9999.000,9999.000,9999.000,9999.000
202603260800,   3.759,   3.778,   0.000,   0.019,   3.778,   0.000,   3.778,   0.100,   3.878
202603260806,   3.806,   3.808,9999.000,9999.000,9999.000,9999.000,9999.000,9999.000,9999.000
202603260812,   3.856,   3.847,9999.000,9999.000,9999.000,9999.000,9999.000,9999.000,9999.000
202603260818,   3.907,   3.949,9999.000,9999.000,9999.000,9999.000,9999.000,9999.000,9999.000
202603260824,   3.959,   3.978,9999.000,9999.000,9999.000,9999.000,9999.000,9999.000,9999.000
202603260830,   4.012,   4.027,9999.000,9999.000,9999.000,9999.000,9999.000,9999.000,9999.000
202603260836,   4.067,   4.099,9999.000,9999.000,9999.000,9999.000,9999.000,9999.000,9999.000
202603260842,   4.123,   4.047,9999.000,9999.000,9999.000,9999.000,9999.000,9999.000,9999.000
202603260848,   4.179,   4.070,9999.000,9999.000,9999.000,9999.000,9999.000,9999.000,9999.000
202603260854,   4.237,   4.178,9999.000,9999.000,9999.000,9999.000,9999.000,9999.000,9999.000
202603260900,   4.295,   4.267,   0.100,  -0.128,   4.267,   0.000,   4.167,   0.200,   4.367
202603260906,   4.353,   4.319,9999.000,9999.000,9999.000,9999.000,9999.000,9999.000,9999.000
202603260912,   4.412,   4.388,9999.000,9999.000,9999.000,9999.000,9999.000,9999.000,9999.000
202603260918,   4.470,   4.437,9999.000,9999.000,9999.000,9999.000,9999.000,9999.000,9999.000
202603260924,   4.529,   4.519,9999.000,9999.000,9999.000,9999.000,9999.000,9999.000,9999.000
202603260930,   4.587,   4.578,9999.000,9999.000,9999.000,9999.000,9999.000,9999.000,9999.000
202603260936,   4.646,   4.677,9999.000,9999.000,9999.000,9999.000,9999.000,9999.000,9999.000
202603260942,   4.703,   4.719,9999.000,9999.000,9999.000,9999.000,9999.000,9999.000,9999.000
202603260948,   4.760,   4.788,9999.000,9999.000,9999.000,9999.000,9999.000,9999.000,9999.000
202603260954,   4.816,   4.818,9999.000,9999.000,9999.000,9999.000,9999.000,9999.000,9999.000
202603261000,   4.871,   4.900,   0.000,   0.029,   4.900,   0.000,   4.900,   0.000,   4.900
202603261006,   4.925,   4.919,9999.000,9999.000,9999.000,9999.000,9999.000,9999.000,9999.000
202603261012,   4.978,   4.900,9999.000,9999.000,9999.000,9999.000,9999.000,9999.000,9999.000
202603261018,   5.029,   4.959,9999.000,9999.000,9999.000,9999.000,9999.000,9999.000,9999.000
202603261024,   5.078,   5.087,9999.000,9999.000,9999.000,9999.000,9999.000,9999.000,9999.000
202603261030,   5.125,   5.129,9999.000,9999.000,9999.000,9999.000,9999.000,9999.000,9999.000
202603261036,   5.171,   5.149,9999.000,9999.000,9999.000,9999.000,9999.000,9999.000,9999.000
202603261042,   5.214,   5.218,9999.000,9999.000,9999.000,9999.000,9999.000,9999.000,9999.000
202603261048,   5.256,   5.267,9999.000,9999.000,9999.000,9999.000,9999.000,9999.000,9999.000
202603261054,   5.294,   5.277,9999.000,9999.000,9999.000,9999.000,9999.000,9999.000,9999.000
202603261100,   5.330,   5.359,   0.000,   0.029,   5.359,   0.000,   5.359,   0.000,   5.359
202603261106,   5.363,   5.428,9999.000,9999.000,9999.000,9999.000,9999.000,9999.000,9999.000
202603261112,   5.394,   5.408,9999.000,9999.000,9999.000,9999.000,9999.000,9999.000,9999.000
202603261118,   5.421,   5.398,9999.000,9999.000,9999.000,9999.000,9999.000,9999.000,9999.000
202603261124,   5.445,   5.369,9999.000,9999.000,9999.000,9999.000,9999.000,9999.000,9999.000
202603261130,   5.466,   5.408,9999.000,9999.000,9999.000,9999.000,9999.000,9999.000,9999.000
202603261136,   5.483,   5.507,9999.000,9999.000,9999.000,9999.000,9999.000,9999.000,9999.000
202603261142,   5.497,   5.507,9999.000,9999.000,9999.000,9999.000,9999.000,9999.000,9999.000
202603261148,   5.507,   5.467,9999.000,9999.000,9999.000,9999.000,9999.000,9999.000,9999.000
202603261154,   5.514,   5.539,9999.000,9999.000,9999.000,9999.000,9999.000,9999.000,9999.000
202603261200,   5.516,   5.549,   0.100,  -0.067,   5.549,   0.100,   5.549,   0.100,   5.549
202603261206,   5.515,   5.497,9999.000,9999.000,9999.000,9999.000,9999.000,9999.000,9999.000
202603261212,   5.509,   5.477,9999.000,9999.000,9999.000,9999.000,9999.000,9999.000,9999.000
202603261218,   5.500,   5.477,9999.000,9999.000,9999.000,9999.000,9999.000,9999.000,9999.000
202603261224,   5.486,   5.457,9999.000,9999.000,9999.000,9999.000,9999.000,9999.000,9999.000
202603261230,   5.468,   5.389,9999.000,9999.000,9999.000,9999.000,9999.000,9999.000,9999.000
202603261236,   5.446,   5.359,9999.000,9999.000,9999.000,9999.000,9999.000,9999.000,9999.000
202603261242,   5.419,   5.369,9999.000,9999.000,9999.000,9999.000,9999.000,9999.000,9999.000
202603261248,   5.388,   5.349,9999.000,9999.000,9999.000,9999.000,9999.000,9999.000,9999.000
202603261254,   5.353,   5.320,9999.000,9999.000,9999.000,9999.000,9999.000,9999.000,9999.000
202603261300,   5.314,   5.349,   0.000,   0.035,   5.349,   0.000,   5.349,   0.100,   5.449
202603261306,   5.270,   5.297,9999.000,9999.000,9999.000,9999.000,9999.000,9999.000,9999.000
202603261312,   5.222,   5.198,9999.000,9999.000,9999.000,9999.000,9999.000,9999.000,9999.000
202603261318,   5.170,   5.139,9999.000,9999.000,9999.000,9999.000,9999.000,9999.000,9999.000
202603261324,   5.114,   5.139,9999.000,9999.000,9999.000,9999.000,9999.000,9999.000,9999.000
202603261330,   5.054,   5.047,9999.000,9999.000,9999.000,9999.000,9999.000,9999.000,9999.000
202603261336,   4.989,   4.949,9999.000,9999.000,9999.000,9999.000,9999.000,9999.000,9999.000
202603261342,   4.921,   4.837,9999.000,9999.000,9999.000,9999.000,9999.000,9999.000,9999.000
202603261348,   4.849,   4.808,9999.000,9999.000,9999.000,9999.000,9999.000,9999.000,9999.000
202603261354,   4.773,   4.739,9999.000,9999.000,9999.000,9999.000,9999.000,9999.000,9999.000
202603261400,   4.693,   4.628,   0.000,  -0.065,   4.628,   0.000,   4.628,   0.100,   4.728
202603261406,   4.610,   4.588,9999.000,9999.000,9999.000,9999.000,9999.000,9999.000,9999.000
202603261412,   4.524,   4.539,9999.000,9999.000,9999.000,9999.000,9999.000,9999.000,9999.000
202603261418,   4.434,   4.519,9999.000,9999.000,9999.000,9999.000,9999.000,9999.000,9999.000
202603261424,   4.341,   4.408,9999.000,9999.000,9999.000,9999.000,9999.000,9999.000,9999.000
202603261430,   4.245,   4.257,9999.000,9999.000,9999.000,9999.000,9999.000,9999.000,9999.000
202603261436,   4.146,   4.168,9999.000,9999.000,9999.000,9999.000,9999.000,9999.000,9999.000
202603261442,   4.045,   4.017,9999.000,9999.000,9999.000,9999.000,9999.000,9999.000,9999.000
202603261448,   3.940,   3.949,9999.000,9999.000,9999.000,9999.000,9999.000,9999.000,9999.000
202603261454,   3.834,   3.880,9999.000,9999.000,9999.000,9999.000,9999.000,9999.000,9999.000
202603261500,   3.725,   3.768,   0.100,  -0.057,   3.768,   0.100,   3.768,   0.100,   3.768
202603261506,   3.614,   3.719,9999.000,9999.000,9999.000,9999.000,9999.000,9999.000,9999.000
202603261512,   3.501,   3.637,9999.000,9999.000,9999.000,9999.000,9999.000,9999.000,9999.000
202603261518,   3.386,   3.470,9999.000,9999.000,9999.000,9999.000,9999.000,9999.000,9999.000
202603261524,   3.270,   3.368,9999.000,9999.000,9999.000,9999.000,9999.000,9999.000,9999.000
202603261530,   3.152,   3.260,9999.000,9999.000,9999.000,9999.000,9999.000,9999.000,9999.000
202603261536,   3.033,   3.129,9999.000,9999.000,9999.000,9999.000,9999.000,9999.000,9999.000
202603261542,   2.913,   2.988,9999.000,9999.000,9999.000,9999.000,9999.000,9999.000,9999.000
202603261548,   2.792,   2.850,9999.000,9999.000,9999.000,9999.000,9999.000,9999.000,9999.000
202603261554,   2.670,   2.699,9999.000,9999.000,9999.000,9999.000,9999.000,9999.000,9999.000
202603261600,   2.548,   2.538,   0.100,  -0.110,   2.538,   0.100,   2.538,   0.100,   2.538
202603261606,   2.425,   2.420,9999.000,9999.000,9999.000,9999.000,9999.000,9999.000,9999.000
202603261612,   2.303,   2.328,9999.000,9999.000,9999.000,9999.000,9999.000,9999.000,9999.000
202603261618,   2.180,   2.230,9999.000,9999.000,9999.000,9999.000,9999.000,9999.000,9999.000
202603261624,   2.058,   2.168,9999.000,9999.000,9999.000,9999.000,9999.000,9999.000,9999.000
202603261630,   1.936,   2.059,9999.000,9999.000,9999.000,9999.000,9999.000,9999.000,9999.000
202603261636,   1.815,   1.967,9999.000,9999.000,9999.000,9999.000,9999.000,9999.000,9999.000
202603261642,   1.695,   1.800,9999.000,9999.000,9999.000,9999.000,9999.000,9999.000,9999.000
202603261648,   1.576,   1.610,9999.000,9999.000,9999.000,9999.000,9999.000,9999.000,9999.000
202603261654,   1.458,   1.508,9999.000,9999.000,9999.000,9999.000,9999.000,9999.000,9999.000
202603261700,   1.342,   1.420,   0.100,  -0.022,   1.420,   0.100,   1.420,   0.100,   1.420
202603261706,   1.228,   1.328,9999.000,9999.000,9999.000,9999.000,9999.000,9999.000,9999.000
202603261712,   1.115,   1.200,9999.000,9999.000,9999.000,9999.000,9999.000,9999.000,9999.000
202603261718,   1.005,   1.049,9999.000,9999.000,9999.000,9999.000,9999.000,9999.000,9999.000
202603261724,   0.896,   1.000,9999.000,9999.000,9999.000,9999.000,9999.000,9999.000,9999.000
202603261730,   0.791,   0.888,9999.000,9999.000,9999.000,9999.000,9999.000,9999.000,9999.000
202603261736,   0.688,   0.859,9999.000,9999.000,9999.000,9999.000,9999.000,9999.000,9999.000
202603261742,   0.588,   0.741,9999.000,9999.000,9999.000,9999.000,9999.000,9999.000,9999.000
202603261748,   0.491,   0.639,9999.000,9999.000,9999.000,9999.000,9999.000,9999.000,9999.000
202603261754,   0.397,   0.488,9999.000,9999.000,9999.000,9999.000,9999.000,9999.000,9999.000
202603261800,   0.307,   0.400,   0.100,  -0.007,   0.400,   0.100,   0.400,   0.200,   0.500
202603261806,   0.221,   0.308,9999.000,9999.000,9999.000,9999.000,9999.000,9999.000,9999.000
202603261812,   0.138,   0.180,9999.000,9999.000,9999.000,9999.000,9999.000,9999.000,9999.000
202603261818,   0.059,   0.150,9999.000,9999.000,9999.000,9999.000,9999.000,9999.000,9999.000
202603261824,  -0.015,   0.098,9999.000,9999.000,9999.000,9999.000,9999.000,9999.000,9999.000
202603261830,  -0.085,   0.039,9999.000,9999.000,9999.000,9999.000,9999.000,9999.000,9999.000
202603261836,  -0.151,  -0.049,9999.000,9999.000,9999.000,9999.000,9999.000,9999.000,9999.000
202603261842,  -0.213,  -0.098,9999.000,9999.000,9999.000,9999.000,9999.000,9999.000,9999.000
202603261848,  -0.270,  -0.111,9999.000,9999.000,9999.000,9999.000,9999.000,9999.000,9999.000
202603261854,  -0.322,  -0.131,9999.000,9999.000,9999.000,9999.000,9999.000,9999.000,9999.000
202603261900,  -0.370,  -0.209,   0.200,  -0.039,  -0.209,   0.100,  -0.309,   0.200,  -0.209
202603261906,  -0.413,  -0.268,9999.000,9999.000,9999.000,9999.000,9999.000,9999.000,9999.000
202603261912,  -0.450,  -0.278,9999.000,9999.000,9999.000,9999.000,9999.000,9999.000,9999.000
202603261918,  -0.483,  -0.360,9999.000,9999.000,9999.000,9999.000,9999.000,9999.000,9999.000
202603261924,  -0.511,  -0.380,9999.000,9999.000,9999.000,9999.000,9999.000,9999.000,9999.000
202603261930,  -0.534,  -0.449,9999.000,9999.000,9999.000,9999.000,9999.000,9999.000,9999.000
202603261936,  -0.552,  -0.449,9999.000,9999.000,9999.000,9999.000,9999.000,9999.000,9999.000
202603261942,  -0.564,  -0.380,9999.000,9999.000,9999.000,9999.000,9999.000,9999.000,9999.000
202603261948,  -0.572,  -0.439,9999.000,9999.000,9999.000,9999.000,9999.000,9999.000,9999.000
202603261954,  -0.575,  -0.459,9999.000,9999.000,9999.000,9999.000,9999.000,9999.000,9999.000
202603262000,  -0.572,  -0.380,   0.100,   0.092,  -0.380,   0.100,  -0.380,   0.200,  -0.280
202603262006,  -0.565,  -0.429,9999.000,9999.000,9999.000,9999.000,9999.000,9999.000,9999.000
202603262012,  -0.553,  -0.459,9999.000,9999.000,9999.000,9999.000,9999.000,9999.000,9999.000
202603262018,  -0.535,  -0.419,9999.000,9999.000,9999.000,9999.000,9999.000,9999.000,9999.000
202603262024,  -0.513,  -0.288,9999.000,9999.000,9999.000,9999.000,9999.000,9999.000,9999.000
202603262030,  -0.487,  -0.278,9999.000,9999.000,9999.000,9999.000,9999.000,9999.000,9999.000
202603262036,  -0.455,  -0.308,9999.000,9999.000,9999.000,9999.000,9999.000,9999.000,9999.000
202603262042,  -0.419,  -0.308,9999.000,9999.000,9999.000,9999.000,9999.000,9999.000,9999.000
202603262048,  -0.379,  -0.259,9999.000,9999.000,9999.000,9999.000,9999.000,9999.000,9999.000
202603262054,  -0.334,  -0.190,9999.000,9999.000,9999.000,9999.000,9999.000,9999.000,9999.000
202603262100,  -0.285,  -0.098,   0.200,  -0.013,  -0.098,   0.100,  -0.198,   0.300,   0.002
202603262106,  -0.231,  -0.029,9999.000,9999.000,9999.000,9999.000,9999.000,9999.000,9999.000
202603262112,  -0.174,  -0.019,9999.000,9999.000,9999.000,9999.000,9999.000,9999.000,9999.000
202603262118,  -0.113,   0.111,9999.000,9999.000,9999.000,9999.000,9999.000,9999.000,9999.000
202603262124,  -0.048,   0.160,9999.000,9999.000,9999.000,9999.000,9999.000,9999.000,9999.000
202603262130,   0.020,   0.098,9999.000,9999.000,9999.000,9999.000,9999.000,9999.000,9999.000
202603262136,   0.091,   0.160,9999.000,9999.000,9999.000,9999.000,9999.000,9999.000,9999.000
202603262142,   0.167,   0.321,9999.000,9999.000,9999.000,9999.000,9999.000,9999.000,9999.000
202603262148,   0.245,   0.459,9999.000,9999.000,9999.000,9999.000,9999.000,9999.000,9999.000
202603262154,   0.326,   0.531,9999.000,9999.000,9999.000,9999.000,9999.000,9999.000,9999.000
202603262200,   0.410,   0.570,   0.200,  -0.040,   0.570,   0.100,   0.470,   0.300,   0.670
202603262206,   0.497,   0.639,9999.000,9999.000,9999.000,9999.000,9999.000,9999.000,9999.000
202603262212,   0.586,   0.708,9999.000,9999.000,9999.000,9999.000,9999.000,9999.000,9999.000
202603262218,   0.677,   0.829,9999.000,9999.000,9999.000,9999.000,9999.000,9999.000,9999.000
202603262224,   0.771,   0.951,9999.000,9999.000,9999.000,9999.000,9999.000,9999.000,9999.000
202603262230,   0.866,   1.079,9999.000,9999.000,9999.000,9999.000,9999.000,9999.000,9999.000
202603262236,   0.963,   1.151,9999.000,9999.000,9999.000,9999.000,9999.000,9999.000,9999.000
202603262242,   1.061,   1.249,9999.000,9999.000,9999.000,9999.000,9999.000,9999.000,9999.000
202603262248,   1.160,   1.289,9999.000,9999.000,9999.000,9999.000,9999.000,9999.000,9999.000
202603262254,   1.260,   1.420,9999.000,9999.000,9999.000,9999.000,9999.000,9999.000,9999.000
202603262300,   1.362,   1.508,   0.200,  -0.054,   1.508,   0.200,   1.508,   0.300,   1.608
202603262306,   1.463,   1.557,9999.000,9999.000,9999.000,9999.000,9999.000,9999.000,9999.000
202603262312,   1.565,   1.708,9999.000,9999.000,9999.000,9999.000,9999.000,9999.000,9999.000
202603262318,   1.668,   1.820,9999.000,9999.000,9999.000,9999.000,9999.000,9999.000,9999.000
202603262324,   1.770,   1.908,9999.000,9999.000,9999.000,9999.000,9999.000,9999.000,9999.000
202603262330,   1.872,   1.981,9999.000,9999.000,9999.000,9999.000,9999.000,9999.000,9999.000
202603262336,   1.973,   2.089,9999.000,9999.000,9999.000,9999.000,9999.000,9999.000,9999.000
202603262342,   2.074,   2.148,9999.000,9999.000,9999.000,9999.000,9999.000,9999.000,9999.000
202603262348,   2.173,   2.318,9999.000,9999.000,9999.000,9999.000,9999.000,9999.000,9999.000
202603262354,   2.272,   2.400,9999.000,9999.000,9999.000,9999.000,9999.000,9999.000,9999.000
202603270000,   2.369,   2.519,   0.100,   0.050,   2.519,   0.000,   2.419,   0.100,   2.519
202603270006,   2.465,   2.660,9999.000,9999.000,9999.000,9999.000,9999.000,9999.000,9999.000
202603270012,   2.560,   2.679,9999.000,9999.000,9999.000,9999.000,9999.000,9999.000,9999.000
202603270018,   2.652,   2.778,9999.000,9999.000,9999.000,9999.000,9999.000,9999.000,9999.000
202603270024,   2.742,   2.929,9999.000,9999.000,9999.000,9999.000,9999.000,9999.000,9999.000
202603270030,   2.831,   2.997,9999.000,9999.000,9999.000,9999.000,9999.000,9999.000,9999.000
202603270036,   2.917,   3.119,9999.000,9999.000,9999.000,9999.000,9999.000,9999.000,9999.000
202603270042,   3.000,   3.158,9999.000,9999.000,9999.000,9999.000,9999.000,9999.000,9999.000
202603270048,   3.081,   3.250,9999.000,9999.000,9999.000,9999.000,9999.000,9999.000,9999.000
202603270054,   3.159,   3.348,9999.000,9999.000,9999.000,9999.000,9999.000,9999.000,9999.000
202603270100,   3.235,   3.427,   0.100,   0.092,   3.427,   0.100,   3.427,   0.100,   3.427
202603270106,   3.307,   3.499,9999.000,9999.000,9999.000,9999.000,9999.000,9999.000,9999.000
202603270112,   3.377,   3.588,9999.000,9999.000,9999.000,9999.000,9999.000,9999.000,9999.000
202603270118,   3.443,   3.617,9999.000,9999.000,9999.000,9999.000,9999.000,9999.000,9999.000
202603270124,   3.507,   3.719,9999.000,9999.000,9999.000,9999.000,9999.000,9999.000,9999.000
202603270130,   3.567,   3.778,9999.000,9999.000,9999.000,9999.000,9999.000,9999.000,9999.000
202603270136,   3.624,   3.837,9999.000,9999.000,9999.000,9999.000,9999.000,9999.000,9999.000
202603270142,   3.677,   3.860,9999.000,9999.000,9999.000,9999.000,9999.000,9999.000,9999.000
202603270148,   3.727,   3.837,9999.000,9999.000,9999.000,9999.000,9999.000,9999.000,9999.000
202603270154,   3.774,   3.958,9999.000,9999.000,9999.000,9999.000,9999.000,9999.000,9999.000
202603270200,   3.817,   4.037,   0.100,   0.120,   4.037,   0.100,   4.037,   0.100,   4.037
202603270206,   3.857,   4.099,9999.000,9999.000,9999.000,9999.000,9999.000,9999.000,9999.000
202603270212,   3.894,   4.139,9999.000,9999.000,9999.000,9999.000,9999.000,9999.000,9999.000
202603270218,   3.927,   4.188,9999.000,9999.000,9999.000,9999.000,9999.000,9999.000,9999.000
202603270224,   3.957,   4.227,9999.000,9999.000,9999.000,9999.000,9999.000,9999.000,9999.000
202603270230,   3.983,   4.267,9999.000,9999.000,9999.000,9999.000,9999.000,9999.000,9999.000
202603270236,   4.006,   4.267,9999.000,9999.000,9999.000,9999.000,9999.000,9999.000,9999.000
202603270242,   4.026,   4.257,9999.000,9999.000,9999.000,9999.000,9999.000,9999.000,9999.000
202603270248,   4.043,   4.359,9999.000,9999.000,9999.000,9999.000,9999.000,9999.000,9999.000
202603270254,   4.056,   4.290,9999.000,9999.000,9999.000,9999.000,9999.000,9999.000,9999.000
202603270300,   4.066,   4.329,   0.200,   0.063,   4.329,   0.100,   4.229,   0.200,   4.329
202603270306,   4.074,   4.257,9999.000,9999.000,9999.000,9999.000,9999.000,9999.000,9999.000
202603270312,   4.078,   4.319,9999.000,9999.000,9999.000,9999.000,9999.000,9999.000,9999.000
202603270318,   4.079,   4.378,9999.000,9999.000,9999.000,9999.000,9999.000,9999.000,9999.000
202603270324,   4.077,   4.300,9999.000,9999.000,9999.000,9999.000,9999.000,9999.000,9999.000
202603270330,   4.073,   4.309,9999.000,9999.000,9999.000,9999.000,9999.000,9999.000,9999.000
202603270336,   4.065,   4.359,9999.000,9999.000,9999.000,9999.000,9999.000,9999.000,9999.000
202603270342,   4.055,   4.319,9999.000,9999.000,9999.000,9999.000,9999.000,9999.000,9999.000
202603270348,   4.043,   4.280,9999.000,9999.000,9999.000,9999.000,9999.000,9999.000,9999.000
202603270354,   4.028,   4.280,9999.000,9999.000,9999.000,9999.000,9999.000,9999.000,9999.000
202603270400,   4.011,   4.290,   0.200,   0.079,   4.290,   0.100,   4.190,   0.200,   4.290
202603270406,   3.992,   4.300,9999.000,9999.000,9999.000,9999.000,9999.000,9999.000,9999.000
202603270412,   3.970,   4.280,9999.000,9999.000,9999.000,9999.000,9999.000,9999.000,9999.000
202603270418,   3.947,   4.208,9999.000,9999.000,9999.000,9999.000,9999.000,9999.000,9999.000
202603270424,   3.922,   4.218,9999.000,9999.000,9999.000,9999.000,9999.000,9999.000,9999.000
202603270430,   3.895,   4.198,9999.000,9999.000,9999.000,9999.000,9999.000,9999.000,9999.000
202603270436,   3.866,   4.208,9999.000,9999.000,9999.000,9999.000,9999.000,9999.000,9999.000
202603270442,   3.837,   4.139,9999.000,9999.000,9999.000,9999.000,9999.000,9999.000,9999.000
202603270448,   3.806,   4.099,9999.000,9999.000,9999.000,9999.000,9999.000,9999.000,9999.000
202603270454,   3.774,   4.057,9999.000,9999.000,9999.000,9999.000,9999.000,9999.000,9999.000
202603270500,   3.741,   4.017,   0.100,   0.176,   4.017,   0.100,   4.017,   0.200,   4.117
202603270506,   3.707,   4.027,9999.000,9999.000,9999.000,9999.000,9999.000,9999.000,9999.000
202603270512,   3.673,   3.978,9999.000,9999.000,9999.000,9999.000,9999.000,9999.000,9999.000
202603270518,   3.638,   3.949,9999.000,9999.000,9999.000,9999.000,9999.000,9999.000,9999.000
202603270524,   3.603,   3.870,9999.000,9999.000,9999.000,9999.000,9999.000,9999.000,9999.000
202603270530,   3.568,   3.837,9999.000,9999.000,9999.000,9999.000,9999.000,9999.000,9999.000
202603270536,   3.533,   3.798,9999.000,9999.000,9999.000,9999.000,9999.000,9999.000,9999.000
202603270542,   3.498,   3.778,9999.000,9999.000,9999.000,9999.000,9999.000,9999.000,9999.000
202603270548,   3.464,   3.768,9999.000,9999.000,9999.000,9999.000,9999.000,9999.000,9999.000
202603270554,   3.430,   3.670,9999.000,9999.000,9999.000,9999.000,9999.000,9999.000,9999.000
202603270600,   3.398,   3.617,   0.000,   0.219,   3.617,   0.000,   3.617,   0.000,   3.617
202603270606,   3.366,   3.607,9999.000,9999.000,9999.000,9999.000,9999.000,9999.000,9999.000
202603270612,   3.335,   3.607,9999.000,9999.000,9999.000,9999.000,9999.000,9999.000,9999.000
202603270618,   3.306,   3.578,9999.000,9999.000,9999.000,9999.000,9999.000,9999.000,9999.000
202603270624,   3.278,   3.558,9999.000,9999.000,9999.000,9999.000,9999.000,9999.000,9999.000
202603270630,   3.252,   3.529,9999.000,9999.000,9999.000,9999.000,9999.000,9999.000,9999.000
202603270636,   3.227,   3.529,9999.000,9999.000,9999.000,9999.000,9999.000,9999.000,9999.000
202603270642,   3.204,   3.548,9999.000,9999.000,9999.000,9999.000,9999.000,9999.000,9999.000
202603270648,   3.183,   3.519,9999.000,9999.000,9999.000,9999.000,9999.000,9999.000,9999.000
202603270654,   3.165,   3.460,9999.000,9999.000,9999.000,9999.000,9999.000,9999.000,9999.000
202603270700,   3.148,   3.398,   0.100,   0.150,   3.398,   0.100,   3.398,   0.100,   3.398
202603270706,   3.134,   3.348,9999.000,9999.000,9999.000,9999.000,9999.000,9999.000,9999.000
202603270712,   3.122,   3.309,9999.000,9999.000,9999.000,9999.000,9999.000,9999.000,9999.000
202603270718,   3.113,   3.398,9999.000,9999.000,9999.000,9999.000,9999.000,9999.000,9999.000
202603270724,   3.106,   3.440,9999.000,9999.000,9999.000,9999.000,9999.000,9999.000,9999.000
202603270730,   3.102,   3.378,9999.000,9999.000,9999.000,9999.000,9999.000,9999.000,9999.000
202603270736,   3.101,   3.339,9999.000,9999.000,9999.000,9999.000,9999.000,9999.000,9999.000
202603270742,   3.102,   3.299,9999.000,9999.000,9999.000,9999.000,9999.000,9999.000,9999.000
202603270748,   3.107,   3.339,9999.000,9999.000,9999.000,9999.000,9999.000,9999.000,9999.000
202603270754,   3.114,   3.417,9999.000,9999.000,9999.000,9999.000,9999.000,9999.000,9999.000
202603270800,   3.123,   3.348,   0.100,   0.125,   3.348,   0.000,   3.248,   0.100,   3.348
202603270806,   3.136,   3.339,9999.000,9999.000,9999.000,9999.000,9999.000,9999.000,9999.000
202603270812,   3.152,   3.368,9999.000,9999.000,9999.000,9999.000,9999.000,9999.000,9999.000
202603270818,   3.170,   3.358,9999.000,9999.000,9999.000,9999.000,9999.000,9999.000,9999.000
202603270824,   3.191,   3.368,9999.000,9999.000,9999.000,9999.000,9999.000,9999.000,9999.000
202603270830,   3.215,   3.388,9999.000,9999.000,9999.000,9999.000,9999.000,9999.000,9999.000
202603270836,   3.241,   3.470,9999.000,9999.000,9999.000,9999.000,9999.000,9999.000,9999.000
202603270842,   3.271,   3.519,9999.000,9999.000,9999.000,9999.000,9999.000,9999.000,9999.000
202603270848,   3.303,   3.539,9999.000,9999.000,9999.000,9999.000,9999.000,9999.000,9999.000
202603270854,   3.337,   3.794,9999.000,9999.000,9999.000,9999.000,9999.000,9999.000,9999.000
202603270900,   3.374,   3.794,   0.100,   0.320,   3.794,   0.000,   3.694,   0.200,   3.894
202603270906,   3.414,   3.627,9999.000,9999.000,9999.000,9999.000,9999.000,9999.000,9999.000
202603270912,   3.456,   3.650,9999.000,9999.000,9999.000,9999.000,9999.000,9999.000,9999.000
202603270918,   3.500,   3.699,9999.000,9999.000,9999.000,9999.000,9999.000,9999.000,9999.000
202603270924,   3.546,   3.739,9999.000,9999.000,9999.000,9999.000,9999.000,9999.000,9999.000
202603270930,   3.595,   3.798,9999.000,9999.000,9999.000,9999.000,9999.000,9999.000,9999.000
202603270936,   3.645,   3.909,9999.000,9999.000,9999.000,9999.000,9999.000,9999.000,9999.000
202603270942,   3.697,   3.958,9999.000,9999.000,9999.000,9999.000,9999.000,9999.000,9999.000
202603270948,   3.751,   3.998,9999.000,9999.000,9999.000,9999.000,9999.000,9999.000,9999.000
202603270954,   3.807,   4.047,9999.000,9999.000,9999.000,9999.000,9999.000,9999.000,9999.000
202603271000,   3.863,   4.129,   0.100,   0.166,   4.129,   0.000,   4.029,   0.100,   4.129
202603271006,   3.922,   4.168,9999.000,9999.000,9999.000,9999.000,9999.000,9999.000,9999.000
202603271012,   3.981,   4.188,9999.000,9999.000,9999.000,9999.000,9999.000,9999.000,9999.000
202603271018,   4.041,   4.188,9999.000,9999.000,9999.000,9999.000,9999.000,9999.000,9999.000
202603271024,   4.102,   4.237,9999.000,9999.000,9999.000,9999.000,9999.000,9999.000,9999.000
202603271030,   4.164,   4.339,9999.000,9999.000,9999.000,9999.000,9999.000,9999.000,9999.000
202603271036,   4.226,   4.408,9999.000,9999.000,9999.000,9999.000,9999.000,9999.000,9999.000
202603271042,   4.289,   4.467,9999.000,9999.000,9999.000,9999.000,9999.000,9999.000,9999.000
202603271048,   4.352,   4.559,9999.000,9999.000,9999.000,9999.000,9999.000,9999.000,9999.000
202603271054,   4.414,   4.657,9999.000,9999.000,9999.000,9999.000,9999.000,9999.000,9999.000
202603271100,   4.476,   4.637,   0.100,   0.061,   4.637,   0.100,   4.637,   0.200,   4.737
202603271106,   4.538,   4.700,9999.000,9999.000,9999.000,9999.000,9999.000,9999.000,9999.000
202603271112,   4.599,   4.769,9999.000,9999.000,9999.000,9999.000,9999.000,9999.000,9999.000
202603271118,   4.659,   4.828,9999.000,9999.000,9999.000,9999.000,9999.000,9999.000,9999.000
202603271124,   4.718,   4.877,9999.000,9999.000,9999.000,9999.000,9999.000,9999.000,9999.000
202603271130,   4.775,   4.929,9999.000,9999.000,9999.000,9999.000,9999.000,9999.000,9999.000
202603271136,   4.832,   5.028,9999.000,9999.000,9999.000,9999.000,9999.000,9999.000,9999.000
202603271142,   4.886,   5.097,9999.000,9999.000,9999.000,9999.000,9999.000,9999.000,9999.000
202603271148,   4.939,   5.110,9999.000,9999.000,9999.000,9999.000,9999.000,9999.000,9999.000
202603271154,   4.989,   5.179,9999.000,9999.000,9999.000,9999.000,9999.000,9999.000,9999.000
202603271200,   5.037,   5.297,   0.200,   0.060,   5.297,   0.200,   5.297,   0.200,   5.297
202603271206,   5.083,   5.359,9999.000,9999.000,9999.000,9999.000,9999.000,9999.000,9999.000
202603271212,   5.126,   5.379,9999.000,9999.000,9999.000,9999.000,9999.000,9999.000,9999.000
202603271218,   5.166,   5.359,9999.000,9999.000,9999.000,9999.000,9999.000,9999.000,9999.000
202603271224,   5.203,   5.369,9999.000,9999.000,9999.000,9999.000,9999.000,9999.000,9999.000
202603271230,   5.238,   5.438,9999.000,9999.000,9999.000,9999.000,9999.000,9999.000,9999.000
202603271236,   5.268,   5.418,9999.000,9999.000,9999.000,9999.000,9999.000,9999.000,9999.000
202603271242,   5.296,   5.418,9999.000,9999.000,9999.000,9999.000,9999.000,9999.000,9999.000
202603271248,   5.319,   5.516,9999.000,9999.000,9999.000,9999.000,9999.000,9999.000,9999.000
202603271254,   5.340,   5.579,9999.000,9999.000,9999.000,9999.000,9999.000,9999.000,9999.000
202603271300,   5.356,   5.598,   0.200,   0.042,   5.598,   0.200,   5.598,   0.200,   5.598
202603271306,   5.368,   5.628,9999.000,9999.000,9999.000,9999.000,9999.000,9999.000,9999.000
202603271312,   5.376,   5.667,9999.000,9999.000,9999.000,9999.000,9999.000,9999.000,9999.000
202603271318,   5.381,   5.638,9999.000,9999.000,9999.000,9999.000,9999.000,9999.000,9999.000
202603271324,   5.381,   5.687,9999.000,9999.000,9999.000,9999.000,9999.000,9999.000,9999.000
202603271330,   5.376,   5.598,9999.000,9999.000,9999.000,9999.000,9999.000,9999.000,9999.000
202603271336,   5.368,   5.648,9999.000,9999.000,9999.000,9999.000,9999.000,9999.000,9999.000
202603271342,   5.355,   5.667,9999.000,9999.000,9999.000,9999.000,9999.000,9999.000,9999.000
202603271348,   5.338,   5.598,9999.000,9999.000,9999.000,9999.000,9999.000,9999.000,9999.000
202603271354,   5.316,   5.569,9999.000,9999.000,9999.000,9999.000,9999.000,9999.000,9999.000
202603271400,   5.290,   5.598,   0.200,   0.108,   5.598,   0.200,   5.598,   0.200,   5.598
202603271406,   5.260,   5.589,9999.000,9999.000,9999.000,9999.000,9999.000,9999.000,9999.000
202603271412,   5.225,   5.497,9999.000,9999.000,9999.000,9999.000,9999.000,9999.000,9999.000
202603271418,   5.186,   5.408,9999.000,9999.000,9999.000,9999.000,9999.000,9999.000,9999.000
202603271424,   5.142,   5.359,9999.000,9999.000,9999.000,9999.000,9999.000,9999.000,9999.000
202603271430,   5.094,   5.339,9999.000,9999.000,9999.000,9999.000,9999.000,9999.000,9999.000
202603271436,   5.042,   5.297,9999.000,9999.000,9999.000,9999.000,9999.000,9999.000,9999.000
202603271442,   4.986,   5.228,9999.000,9999.000,9999.000,9999.000,9999.000,9999.000,9999.000
202603271448,   4.925,   5.208,9999.000,9999.000,9999.000,9999.000,9999.000,9999.000,9999.000
202603271454,   4.860,   5.169,9999.000,9999.000,9999.000,9999.000,9999.000,9999.000,9999.000
202603271500,   4.791,   5.120,   0.200,   0.129,   5.120,   0.100,   5.020,   0.200,   5.120
202603271506,   4.718,   5.028,9999.000,9999.000,9999.000,9999.000,9999.000,9999.000,9999.000
202603271512,   4.641,   5.008,9999.000,9999.000,9999.000,9999.000,9999.000,9999.000,9999.000
202603271518,   4.560,   4.919,9999.000,9999.000,9999.000,9999.000,9999.000,9999.000,9999.000
202603271524,   4.476,   4.867,9999.000,9999.000,9999.000,9999.000,9999.000,9999.000,9999.000
202603271530,   4.388,   4.690,9999.000,9999.000,9999.000,9999.000,9999.000,9999.000,9999.000
202603271536,   4.296,   4.588,9999.000,9999.000,9999.000,9999.000,9999.000,9999.000,9999.000
202603271542,   4.201,   4.490,9999.000,9999.000,9999.000,9999.000,9999.000,9999.000,9999.000
202603271548,   4.103,   4.427,9999.000,9999.000,9999.000,9999.000,9999.000,9999.000,9999.000
202603271554,   4.002,   4.329,9999.000,9999.000,9999.000,9999.000,9999.000,9999.000,9999.000
202603271600,   3.897,   4.227,   0.200,   0.130,   4.227,   0.200,   4.227,   0.200,   4.227
202603271606,   3.790,   4.109,9999.000,9999.000,9999.000,9999.000,9999.000,9999.000,9999.000
202603271612,   3.681,   4.047,9999.000,9999.000,9999.000,9999.000,9999.000,9999.000,9999.000
202603271618,   3.568,   3.968,9999.000,9999.000,9999.000,9999.000,9999.000,9999.000,9999.000
202603271624,   3.454,   3.827,9999.000,9999.000,9999.000,9999.000,9999.000,9999.000,9999.000
202603271630,   3.337,   3.617,9999.000,9999.000,9999.000,9999.000,9999.000,9999.000,9999.000
202603271636,   3.218,   3.558,9999.000,9999.000,9999.000,9999.000,9999.000,9999.000,9999.000
202603271642,   3.098,   3.470,9999.000,9999.000,9999.000,9999.000,9999.000,9999.000,9999.000
202603271648,   2.976,   3.309,9999.000,9999.000,9999.000,9999.000,9999.000,9999.000,9999.000
202603271654,   2.853,   3.158,9999.000,9999.000,9999.000,9999.000,9999.000,9999.000,9999.000
202603271700,   2.729,   3.060,   0.100,   0.231,   3.060,   0.100,   3.060,   0.200,   3.160
202603271706,   2.603,   2.958,9999.000,9999.000,9999.000,9999.000,9999.000,9999.000,9999.000
202603271712,   2.478,   2.889,9999.000,9999.000,9999.000,9999.000,9999.000,9999.000,9999.000
202603271718,   2.351,   2.689,9999.000,9999.000,9999.000,9999.000,9999.000,9999.000,9999.000
202603271724,   2.225,   2.620,9999.000,9999.000,9999.000,9999.000,9999.000,9999.000,9999.000
202603271730,   2.099,   2.509,9999.000,9999.000,9999.000,9999.000,9999.000,9999.000,9999.000
202603271736,   1.973,   2.328,9999.000,9999.000,9999.000,9999.000,9999.000,9999.000,9999.000
202603271742,   1.847,   2.168,9999.000,9999.000,9999.000,9999.000,9999.000,9999.000,9999.000
202603271748,   1.722,   2.099,9999.000,9999.000,9999.000,9999.000,9999.000,9999.000,9999.000
202603271754,   1.599,   1.948,9999.000,9999.000,9999.000,9999.000,9999.000,9999.000,9999.000
202603271800,   1.476,   1.810,   0.300,   0.034,   1.810,   0.300,   1.810,   0.400,   1.910
202603271806,   1.356,   1.708,9999.000,9999.000,9999.000,9999.000,9999.000,9999.000,9999.000
202603271812,   1.237,   1.580,9999.000,9999.000,9999.000,9999.000,9999.000,9999.000,9999.000
202603271818,   1.120,   1.508,9999.000,9999.000,9999.000,9999.000,9999.000,9999.000,9999.000
202603271824,   1.005,   1.430,9999.000,9999.000,9999.000,9999.000,9999.000,9999.000,9999.000
202603271830,   0.892,   1.279,9999.000,9999.000,9999.000,9999.000,9999.000,9999.000,9999.000
202603271836,   0.783,   1.190,9999.000,9999.000,9999.000,9999.000,9999.000,9999.000,9999.000
202603271842,   0.676,   1.069,9999.000,9999.000,9999.000,9999.000,9999.000,9999.000,9999.000
202603271848,   0.573,   0.961,9999.000,9999.000,9999.000,9999.000,9999.000,9999.000,9999.000
202603271854,   0.472,   0.869,9999.000,9999.000,9999.000,9999.000,9999.000,9999.000,9999.000
202603271900,   0.376,   0.800,   0.300,   0.124,   0.800,   0.300,   0.800,   0.400,   0.900
202603271906,   0.283,   0.669,9999.000,9999.000,9999.000,9999.000,9999.000,9999.000,9999.000
202603271912,   0.194,   0.610,9999.000,9999.000,9999.000,9999.000,9999.000,9999.000,9999.000
202603271918,   0.109,   0.590,9999.000,9999.000,9999.000,9999.000,9999.000,9999.000,9999.000
202603271924,   0.028,   0.449,9999.000,9999.000,9999.000,9999.000,9999.000,9999.000,9999.000
202603271930,  -0.047,   0.341,9999.000,9999.000,9999.000,9999.000,9999.000,9999.000,9999.000
202603271936,  -0.119,   0.288,9999.000,9999.000,9999.000,9999.000,9999.000,9999.000,9999.000
202603271942,  -0.186,   0.200,9999.000,9999.000,9999.000,9999.000,9999.000,9999.000,9999.000
202603271948,  -0.248,   0.111,9999.000,9999.000,9999.000,9999.000,9999.000,9999.000,9999.000
202603271954,  -0.306,   0.088,9999.000,9999.000,9999.000,9999.000,9999.000,9999.000,9999.000
202603272000,  -0.358,  -0.019,   0.400,  -0.061,  -0.019,   0.300,  -0.119,   0.400,  -0.019
202603272006,  -0.405,  -0.078,9999.000,9999.000,9999.000,9999.000,9999.000,9999.000,9999.000
202603272012,  -0.447,  -0.078,9999.000,9999.000,9999.000,9999.000,9999.000,9999.000,9999.000
202603272018,  -0.484,  -0.131,9999.000,9999.000,9999.000,9999.000,9999.000,9999.000,9999.000
202603272024,  -0.515,  -0.111,9999.000,9999.000,9999.000,9999.000,9999.000,9999.000,9999.000
202603272030,  -0.542,  -0.131,9999.000,9999.000,9999.000,9999.000,9999.000,9999.000,9999.000
202603272036,  -0.562,  -0.180,9999.000,9999.000,9999.000,9999.000,9999.000,9999.000,9999.000
202603272042,  -0.578,  -0.131,9999.000,9999.000,9999.000,9999.000,9999.000,9999.000,9999.000
202603272048,  -0.587,  -0.141,9999.000,9999.000,9999.000,9999.000,9999.000,9999.000,9999.000
202603272054,  -0.592,  -0.200,9999.000,9999.000,9999.000,9999.000,9999.000,9999.000,9999.000
202603272100,  -0.591,  -0.249,   0.400,  -0.058,  -0.249,   0.300,  -0.349,   0.400,  -0.249
202603272106,  -0.584,  -0.268,9999.000,9999.000,9999.000,9999.000,9999.000,9999.000,9999.000
202603272112,  -0.572,  -0.229,9999.000,9999.000,9999.000,9999.000,9999.000,9999.000,9999.000
202603272118,  -0.555,  -0.209,9999.000,9999.000,9999.000,9999.000,9999.000,9999.000,9999.000
202603272124,  -0.532,  -0.170,9999.000,9999.000,9999.000,9999.000,9999.000,9999.000,9999.000
202603272130,  -0.504,  -0.150,9999.000,9999.000,9999.000,9999.000,9999.000,9999.000,9999.000
202603272136,  -0.471,  -0.098,9999.000,9999.000,9999.000,9999.000,9999.000,9999.000,9999.000
202603272142,  -0.432,  -0.049,9999.000,9999.000,9999.000,9999.000,9999.000,9999.000,9999.000
202603272148,  -0.389,  -0.019,9999.000,9999.000,9999.000,9999.000,9999.000,9999.000,9999.000
202603272154,  -0.340,   0.019,9999.000,9999.000,9999.000,9999.000,9999.000,9999.000,9999.000
202603272200,  -0.287,   0.078,   0.400,  -0.035,   0.078,   0.400,   0.078,   0.400,   0.078
202603272206,  -0.229,   0.131,9999.000,9999.000,9999.000,9999.000,9999.000,9999.000,9999.000
202603272212,  -0.166,   0.200,9999.000,9999.000,9999.000,9999.000,9999.000,9999.000,9999.000
202603272218,  -0.099,   0.268,9999.000,9999.000,9999.000,9999.000,9999.000,9999.000,9999.000
202603272224,  -0.028,   0.298,9999.000,9999.000,9999.000,9999.000,9999.000,9999.000,9999.000
202603272230,   0.046,   0.390,9999.000,9999.000,9999.000,9999.000,9999.000,9999.000,9999.000
202603272236,   0.126,   0.508,9999.000,9999.000,9999.000,9999.000,9999.000,9999.000,9999.000
202603272242,   0.209,   0.600,9999.000,9999.000,9999.000,9999.000,9999.000,9999.000,9999.000
202603272248,   0.296,   0.669,9999.000,9999.000,9999.000,9999.000,9999.000,9999.000,9999.000
202603272254,   0.386,   0.780,9999.000,9999.000,9999.000,9999.000,9999.000,9999.000,9999.000
202603272300,   0.479,   0.869,   0.500,  -0.110,   0.869,   0.400,   0.769,   0.500,   0.869
202603272306,   0.575,   0.888,9999.000,9999.000,9999.000,9999.000,9999.000,9999.000,9999.000
202603272312,   0.674,   0.961,9999.000,9999.000,9999.000,9999.000,9999.000,9999.000,9999.000
202603272318,   0.776,   1.049,9999.000,9999.000,9999.000,9999.000,9999.000,9999.000,9999.000
202603272324,   0.879,   1.138,9999.000,9999.000,9999.000,9999.000,9999.000,9999.000,9999.000
202603272330,   0.985,   1.259,9999.000,9999.000,9999.000,9999.000,9999.000,9999.000,9999.000
202603272336,   1.092,   1.348,9999.000,9999.000,9999.000,9999.000,9999.000,9999.000,9999.000
202603272342,   1.201,   1.469,9999.000,9999.000,9999.000,9999.000,9999.000,9999.000,9999.000
202603272348,   1.311,   1.600,9999.000,9999.000,9999.000,9999.000,9999.000,9999.000,9999.000
202603272354,   1.423,9999.000,9999.000,9999.000,9999.000,9999.000,9999.000,9999.000,9999.000
202603280000,   1.535,9999.000,   0.500,  -0.099,   1.936,   0.400,   1.836,   0.500,   1.936
202603280006,   1.647,9999.000,9999.000,9999.000,9999.000,9999.000,9999.000,9999.000,9999.000
202603280012,   1.760,9999.000,9999.000,9999.000,9999.000,9999.000,9999.000,9999.000,9999.000
202603280018,   1.873,9999.000,9999.000,9999.000,9999.000,9999.000,9999.000,9999.000,9999.000
202603280024,   1.985,9999.000,9999.000,9999.000,9999.000,9999.000,9999.000,9999.000,9999.000
202603280030,   2.097,9999.000,9999.000,9999.000,9999.000,9999.000,9999.000,9999.000,9999.000
202603280036,   2.209,9999.000,9999.000,9999.000,9999.000,9999.000,9999.000,9999.000,9999.000
202603280042,   2.319,9999.000,9999.000,9999.000,9999.000,9999.000,9999.000,9999.000,9999.000
202603280048,   2.428,9999.000,9999.000,9999.000,9999.000,9999.000,9999.000,9999.000,9999.000
202603280054,   2.536,9999.000,9999.000,9999.000,9999.000,9999.000,9999.000,9999.000,9999.000
202603280100,   2.643,9999.000,   0.400,  -0.089,   2.954,   0.300,   2.854,   0.400,   2.954
202603280106,   2.747,9999.000,9999.000,9999.000,9999.000,9999.000,9999.000,9999.000,9999.000
202603280112,   2.850,9999.000,9999.000,9999.000,9999.000,9999.000,9999.000,9999.000,9999.000
202603280118,   2.950,9999.000,9999.000,9999.000,9999.000,9999.000,9999.000,9999.000,9999.000
202603280124,   3.049,9999.000,9999.000,9999.000,9999.000,9999.000,9999.000,9999.000,9999.000
202603280130,   3.144,9999.000,9999.000,9999.000,9999.000,9999.000,9999.000,9999.000,9999.000
202603280136,   3.237,9999.000,9999.000,9999.000,9999.000,9999.000,9999.000,9999.000,9999.000
202603280142,   3.327,9999.000,9999.000,9999.000,9999.000,9999.000,9999.000,9999.000,9999.000
202603280148,   3.414,9999.000,9999.000,9999.000,9999.000,9999.000,9999.000,9999.000,9999.000
202603280154,   3.498,9999.000,9999.000,9999.000,9999.000,9999.000,9999.000,9999.000,9999.000
202603280200,   3.579,9999.000,   0.400,  -0.078,   3.901,   0.400,   3.901,   0.500,   4.001
202603280206,   3.657,9999.000,9999.000,9999.000,9999.000,9999.000,9999.000,9999.000,9999.000
202603280212,   3.731,9999.000,9999.000,9999.000,9999.000,9999.000,9999.000,9999.000,9999.000
202603280218,   3.801,9999.000,9999.000,9999.000,9999.000,9999.000,9999.000,9999.000,9999.000
202603280224,   3.868,9999.000,9999.000,9999.000,9999.000,9999.000,9999.000,9999.000,9999.000
202603280230,   3.931,9999.000,9999.000,9999.000,9999.000,9999.000,9999.000,9999.000,9999.000
202603280236,   3.990,9999.000,9999.000,9999.000,9999.000,9999.000,9999.000,9999.000,9999.000
202603280242,   4.045,9999.000,9999.000,9999.000,9999.000,9999.000,9999.000,9999.000,9999.000
202603280248,   4.097,9999.000,9999.000,9999.000,9999.000,9999.000,9999.000,9999.000,9999.000
202603280254,   4.144,9999.000,9999.000,9999.000,9999.000,9999.000,9999.000,9999.000,9999.000
202603280300,   4.187,9999.000,   0.400,  -0.068,   4.519,   0.300,   4.419,   0.500,   4.619
202603280306,   4.227,9999.000,9999.000,9999.000,9999.000,9999.000,9999.000,9999.000,9999.000
202603280312,   4.262,9999.000,9999.000,9999.000,9999.000,9999.000,9999.000,9999.000,9999.000
202603280318,   4.293,9999.000,9999.000,9999.000,9999.000,9999.000,9999.000,9999.000,9999.000
202603280324,   4.320,9999.000,9999.000,9999.000,9999.000,9999.000,9999.000,9999.000,9999.000
202603280330,   4.342,9999.000,9999.000,9999.000,9999.000,9999.000,9999.000,9999.000,9999.000
202603280336,   4.361,9999.000,9999.000,9999.000,9999.000,9999.000,9999.000,9999.000,9999.000
202603280342,   4.375,9999.000,9999.000,9999.000,9999.000,9999.000,9999.000,9999.000,9999.000
202603280348,   4.386,9999.000,9999.000,9999.000,9999.000,9999.000,9999.000,9999.000,9999.000
202603280354,   4.392,9999.000,9999.000,9999.000,9999.000,9999.000,9999.000,9999.000,9999.000
202603280400,   4.394,9999.000,   0.400,  -0.057,   4.737,   0.400,   4.737,   0.500,   4.837
202603280406,   4.393,9999.000,9999.000,9999.000,9999.000,9999.000,9999.000,9999.000,9999.000
202603280412,   4.387,9999.000,9999.000,9999.000,9999.000,9999.000,9999.000,9999.000,9999.000
202603280418,   4.378,9999.000,9999.000,9999.000,9999.000,9999.000,9999.000,9999.000,9999.000
202603280424,   4.365,9999.000,9999.000,9999.000,9999.000,9999.000,9999.000,9999.000,9999.000
202603280430,   4.348,9999.000,9999.000,9999.000,9999.000,9999.000,9999.000,9999.000,9999.000
202603280436,   4.328,9999.000,9999.000,9999.000,9999.000,9999.000,9999.000,9999.000,9999.000
202603280442,   4.305,9999.000,9999.000,9999.000,9999.000,9999.000,9999.000,9999.000,9999.000
202603280448,   4.278,9999.000,9999.000,9999.000,9999.000,9999.000,9999.000,9999.000,9999.000
202603280454,   4.248,9999.000,9999.000,9999.000,9999.000,9999.000,9999.000,9999.000,9999.000
202603280500,   4.215,9999.000,   0.300,  -0.046,   4.469,   0.300,   4.469,   0.400,   4.569
202603280506,   4.180,9999.000,9999.000,9999.000,9999.000,9999.000,9999.000,9999.000,9999.000
202603280512,   4.142,9999.000,9999.000,9999.000,9999.000,9999.000,9999.000,9999.000,9999.000
202603280518,   4.101,9999.000,9999.000,9999.000,9999.000,9999.000,9999.000,9999.000,9999.000
202603280524,   4.058,9999.000,9999.000,9999.000,9999.000,9999.000,9999.000,9999.000,9999.000
202603280530,   4.013,9999.000,9999.000,9999.000,9999.000,9999.000,9999.000,9999.000,9999.000
202603280536,   3.966,9999.000,9999.000,9999.000,9999.000,9999.000,9999.000,9999.000,9999.000
202603280542,   3.917,9999.000,9999.000,9999.000,9999.000,9999.000,9999.000,9999.000,9999.000
202603280548,   3.867,9999.000,9999.000,9999.000,9999.000,9999.000,9999.000,9999.000,9999.000
202603280554,   3.816,9999.000,9999.000,9999.000,9999.000,9999.000,9999.000,9999.000,9999.000
202603280600,   3.763,9999.000,   0.300,  -0.036,   4.027,   0.300,   4.027,   0.400,   4.127
202603280606,   3.710,9999.000,9999.000,9999.000,9999.000,9999.000,9999.000,9999.000,9999.000
202603280612,   3.656,9999.000,9999.000,9999.000,9999.000,9999.000,9999.000,9999.000,9999.000
202603280618,   3.601,9999.000,9999.000,9999.000,9999.000,9999.000,9999.000,9999.000,9999.000
202603280624,   3.547,9999.000,9999.000,9999.000,9999.000,9999.000,9999.000,9999.000,9999.000
202603280630,   3.492,9999.000,9999.000,9999.000,9999.000,9999.000,9999.000,9999.000,9999.000
202603280636,   3.437,9999.000,9999.000,9999.000,9999.000,9999.000,9999.000,9999.000,9999.000
202603280642,   3.383,9999.000,9999.000,9999.000,9999.000,9999.000,9999.000,9999.000,9999.000
202603280648,   3.330,9999.000,9999.000,9999.000,9999.000,9999.000,9999.000,9999.000,9999.000
202603280654,   3.277,9999.000,9999.000,9999.000,9999.000,9999.000,9999.000,9999.000,9999.000
202603280700,   3.226,9999.000,   0.400,  -0.025,   3.601,   0.400,   3.601,   0.500,   3.701
202603280706,   3.175,9999.000,9999.000,9999.000,9999.000,9999.000,9999.000,9999.000,9999.000
202603280712,   3.126,9999.000,9999.000,9999.000,9999.000,9999.000,9999.000,9999.000,9999.000
202603280718,   3.079,9999.000,9999.000,9999.000,9999.000,9999.000,9999.000,9999.000,9999.000
202603280724,   3.033,9999.000,9999.000,9999.000,9999.000,9999.000,9999.000,9999.000,9999.000
202603280730,   2.989,9999.000,9999.000,9999.000,9999.000,9999.000,9999.000,9999.000,9999.000
202603280736,   2.948,9999.000,9999.000,9999.000,9999.000,9999.000,9999.000,9999.000,9999.000
202603280742,   2.909,9999.000,9999.000,9999.000,9999.000,9999.000,9999.000,9999.000,9999.000
202603280748,   2.872,9999.000,9999.000,9999.000,9999.000,9999.000,9999.000,9999.000,9999.000
202603280754,   2.837,9999.000,9999.000,9999.000,9999.000,9999.000,9999.000,9999.000,9999.000
202603280800,   2.806,9999.000,   0.400,  -0.015,   3.191,   0.400,   3.191,   0.500,   3.291
202603280806,   2.777,9999.000,9999.000,9999.000,9999.000,9999.000,9999.000,9999.000,9999.000
202603280812,   2.751,9999.000,9999.000,9999.000,9999.000,9999.000,9999.000,9999.000,9999.000
202603280818,   2.728,9999.000,9999.000,9999.000,9999.000,9999.000,9999.000,9999.000,9999.000
202603280824,   2.708,9999.000,9999.000,9999.000,9999.000,9999.000,9999.000,9999.000,9999.000
202603280830,   2.691,9999.000,9999.000,9999.000,9999.000,9999.000,9999.000,9999.000,9999.000
202603280836,   2.678,9999.000,9999.000,9999.000,9999.000,9999.000,9999.000,9999.000,9999.000
202603280842,   2.668,9999.000,9999.000,9999.000,9999.000,9999.000,9999.000,9999.000,9999.000
202603280848,   2.662,9999.000,9999.000,9999.000,9999.000,9999.000,9999.000,9999.000,9999.000
202603280854,   2.659,9999.000,9999.000,9999.000,9999.000,9999.000,9999.000,9999.000,9999.000
202603280900,   2.659,9999.000,   0.400,  -0.004,   3.055,   0.400,   3.055,   0.500,   3.155
202603280906,   2.663,9999.000,9999.000,9999.000,9999.000,9999.000,9999.000,9999.000,9999.000
202603280912,   2.671,9999.000,9999.000,9999.000,9999.000,9999.000,9999.000,9999.000,9999.000
202603280918,   2.683,9999.000,9999.000,9999.000,9999.000,9999.000,9999.000,9999.000,9999.000
202603280924,   2.698,9999.000,9999.000,9999.000,9999.000,9999.000,9999.000,9999.000,9999.000
202603280930,   2.716,9999.000,9999.000,9999.000,9999.000,9999.000,9999.000,9999.000,9999.000
202603280936,   2.738,9999.000,9999.000,9999.000,9999.000,9999.000,9999.000,9999.000,9999.000
202603280942,   2.764,9999.000,9999.000,9999.000,9999.000,9999.000,9999.000,9999.000,9999.000
202603280948,   2.793,9999.000,9999.000,9999.000,9999.000,9999.000,9999.000,9999.000,9999.000
202603280954,   2.826,9999.000,9999.000,9999.000,9999.000,9999.000,9999.000,9999.000,9999.000
202603281000,   2.862,9999.000,   0.400,   0.007,   3.269,   0.400,   3.269,   0.400,   3.269
202603281006,   2.902,9999.000,9999.000,9999.000,9999.000,9999.000,9999.000,9999.000,9999.000
202603281012,   2.945,9999.000,9999.000,9999.000,9999.000,9999.000,9999.000,9999.000,9999.000
202603281018,   2.991,9999.000,9999.000,9999.000,9999.000,9999.000,9999.000,9999.000,9999.000
202603281024,   3.040,9999.000,9999.000,9999.000,9999.000,9999.000,9999.000,9999.000,9999.000
202603281030,   3.091,9999.000,9999.000,9999.000,9999.000,9999.000,9999.000,9999.000,9999.000
202603281036,   3.146,9999.000,9999.000,9999.000,9999.000,9999.000,9999.000,9999.000,9999.000
202603281042,   3.203,9999.000,9999.000,9999.000,9999.000,9999.000,9999.000,9999.000,9999.000
202603281048,   3.263,9999.000,9999.000,9999.000,9999.000,9999.000,9999.000,9999.000,9999.000
202603281054,   3.325,9999.000,9999.000,9999.000,9999.000,9999.000,9999.000,9999.000,9999.000
202603281100,   3.389,9999.000,   0.500,   0.017,   3.906,   0.400,   3.806,   0.600,   4.006
202603281106,   3.455,9999.000,9999.000,9999.000,9999.000,9999.000,9999.000,9999.000,9999.000
202603281112,   3.523,9999.000,9999.000,9999.000,9999.000,9999.000,9999.000,9999.000,9999.000
202603281118,   3.593,9999.000,9999.000,9999.000,9999.000,9999.000,9999.000,9999.000,9999.000
202603281124,   3.664,9999.000,9999.000,9999.000,9999.000,9999.000,9999.000,9999.000,9999.000
202603281130,   3.736,9999.000,9999.000,9999.000,9999.000,9999.000,9999.000,9999.000,9999.000
202603281136,   3.808,9999.000,9999.000,9999.000,9999.000,9999.000,9999.000,9999.000,9999.000
202603281142,   3.882,9999.000,9999.000,9999.000,9999.000,9999.000,9999.000,9999.000,9999.000
202603281148,   3.956,9999.000,9999.000,9999.000,9999.000,9999.000,9999.000,9999.000,9999.000
202603281154,   4.030,9999.000,9999.000,9999.000,9999.000,9999.000,9999.000,9999.000,9999.000
202603281200,   4.105,9999.000,   0.500,   0.017,   4.622,   0.400,   4.522,   0.500,   4.622
202603281206,   4.179,9999.000,9999.000,9999.000,9999.000,9999.000,9999.000,9999.000,9999.000
202603281212,   4.252,9999.000,9999.000,9999.000,9999.000,9999.000,9999.000,9999.000,9999.000
202603281218,   4.325,9999.000,9999.000,9999.000,9999.000,9999.000,9999.000,9999.000,9999.000
202603281224,   4.397,9999.000,9999.000,9999.000,9999.000,9999.000,9999.000,9999.000,9999.000
202603281230,   4.467,9999.000,9999.000,9999.000,9999.000,9999.000,9999.000,9999.000,9999.000
202603281236,   4.537,9999.000,9999.000,9999.000,9999.000,9999.000,9999.000,9999.000,9999.000
202603281242,   4.604,9999.000,9999.000,9999.000,9999.000,9999.000,9999.000,9999.000,9999.000
202603281248,   4.670,9999.000,9999.000,9999.000,9999.000,9999.000,9999.000,9999.000,9999.000
202603281254,   4.734,9999.000,9999.000,9999.000,9999.000,9999.000,9999.000,9999.000,9999.000
202603281300,   4.796,9999.000,   0.400,   0.017,   5.213,   0.400,   5.213,   0.400,   5.213
202603281306,   4.855,9999.000,9999.000,9999.000,9999.000,9999.000,9999.000,9999.000,9999.000
202603281312,   4.911,9999.000,9999.000,9999.000,9999.000,9999.000,9999.000,9999.000,9999.000
202603281318,   4.965,9999.000,9999.000,9999.000,9999.000,9999.000,9999.000,9999.000,9999.000
202603281324,   5.015,9999.000,9999.000,9999.000,9999.000,9999.000,9999.000,9999.000,9999.000
202603281330,   5.062,9999.000,9999.000,9999.000,9999.000,9999.000,9999.000,9999.000,9999.000
202603281336,   5.106,9999.000,9999.000,9999.000,9999.000,9999.000,9999.000,9999.000,9999.000
202603281342,   5.147,9999.000,9999.000,9999.000,9999.000,9999.000,9999.000,9999.000,9999.000
202603281348,   5.183,9999.000,9999.000,9999.000,9999.000,9999.000,9999.000,9999.000,9999.000
202603281354,   5.216,9999.000,9999.000,9999.000,9999.000,9999.000,9999.000,9999.000,9999.000
202603281400,   5.245,9999.000,   0.400,   0.017,   5.662,   0.300,   5.562,   0.400,   5.662
202603281406,   5.270,9999.000,9999.000,9999.000,9999.000,9999.000,9999.000,9999.000,9999.000
202603281412,   5.291,9999.000,9999.000,9999.000,9999.000,9999.000,9999.000,9999.000,9999.000
202603281418,   5.307,9999.000,9999.000,9999.000,9999.000,9999.000,9999.000,9999.000,9999.000
202603281424,   5.319,9999.000,9999.000,9999.000,9999.000,9999.000,9999.000,9999.000,9999.000
202603281430,   5.327,9999.000,9999.000,9999.000,9999.000,9999.000,9999.000,9999.000,9999.000
202603281436,   5.330,9999.000,9999.000,9999.000,9999.000,9999.000,9999.000,9999.000,9999.000
202603281442,   5.328,9999.000,9999.000,9999.000,9999.000,9999.000,9999.000,9999.000,9999.000
202603281448,   5.321,9999.000,9999.000,9999.000,9999.000,9999.000,9999.000,9999.000,9999.000
202603281454,   5.310,9999.000,9999.000,9999.000,9999.000,9999.000,9999.000,9999.000,9999.000
202603281500,   5.294,9999.000,   0.500,   0.017,   5.811,   0.400,   5.711,   0.500,   5.811
202603281506,   5.273,9999.000,9999.000,9999.000,9999.000,9999.000,9999.000,9999.000,9999.000
202603281512,   5.248,9999.000,9999.000,9999.000,9999.000,9999.000,9999.000,9999.000,9999.000
202603281518,   5.217,9999.000,9999.000,9999.000,9999.000,9999.000,9999.000,9999.000,9999.000
202603281524,   5.182,9999.000,9999.000,9999.000,9999.000,9999.000,9999.000,9999.000,9999.000
202603281530,   5.141,9999.000,9999.000,9999.000,9999.000,9999.000,9999.000,9999.000,9999.000
202603281536,   5.096,9999.000,9999.000,9999.000,9999.000,9999.000,9999.000,9999.000,9999.000
202603281542,   5.046,9999.000,9999.000,9999.000,9999.000,9999.000,9999.000,9999.000,9999.000
202603281548,   4.991,9999.000,9999.000,9999.000,9999.000,9999.000,9999.000,9999.000,9999.000
202603281554,   4.931,9999.000,9999.000,9999.000,9999.000,9999.000,9999.000,9999.000,9999.000
202603281600,   4.867,9999.000,   0.400,   0.017,   5.284,   0.400,   5.284,   0.500,   5.384
202603281606,   4.798,9999.000,9999.000,9999.000,9999.000,9999.000,9999.000,9999.000,9999.000
202603281612,   4.724,9999.000,9999.000,9999.000,9999.000,9999.000,9999.000,9999.000,9999.000
202603281618,   4.646,9999.000,9999.000,9999.000,9999.000,9999.000,9999.000,9999.000,9999.000
202603281624,   4.564,9999.000,9999.000,9999.000,9999.000,9999.000,9999.000,9999.000,9999.000
202603281630,   4.477,9999.000,9999.000,9999.000,9999.000,9999.000,9999.000,9999.000,9999.000
202603281636,   4.386,9999.000,9999.000,9999.000,9999.000,9999.000,9999.000,9999.000,9999.000
202603281642,   4.292,9999.000,9999.000,9999.000,9999.000,9999.000,9999.000,9999.000,9999.000
202603281648,   4.193,9999.000,9999.000,9999.000,9999.000,9999.000,9999.000,9999.000,9999.000
202603281654,   4.091,9999.000,9999.000,9999.000,9999.000,9999.000,9999.000,9999.000,9999.000
202603281700,   3.985,9999.000,   0.300,   0.017,   4.302,   0.300,   4.302,   0.400,   4.402
202603281706,   3.876,9999.000,9999.000,9999.000,9999.000,9999.000,9999.000,9999.000,9999.000
202603281712,   3.764,9999.000,9999.000,9999.000,9999.000,9999.000,9999.000,9999.000,9999.000
202603281718,   3.649,9999.000,9999.000,9999.000,9999.000,9999.000,9999.000,9999.000,9999.000
202603281724,   3.532,9999.000,9999.000,9999.000,9999.000,9999.000,9999.000,9999.000,9999.000
202603281730,   3.412,9999.000,9999.000,9999.000,9999.000,9999.000,9999.000,9999.000,9999.000
202603281736,   3.290,9999.000,9999.000,9999.000,9999.000,9999.000,9999.000,9999.000,9999.000
202603281742,   3.166,9999.000,9999.000,9999.000,9999.000,9999.000,9999.000,9999.000,9999.000
202603281748,   3.040,9999.000,9999.000,9999.000,9999.000,9999.000,9999.000,9999.000,9999.000
202603281754,   2.913,9999.000,9999.000,9999.000,9999.000,9999.000,9999.000,9999.000,9999.000
202603281800,   2.784,9999.000,   0.300,   0.017,   3.101,   0.300,   3.101,   0.400,   3.201
202603281806,   2.655,9999.000,9999.000,9999.000,9999.000,9999.000,9999.000,9999.000,9999.000
202603281812,   2.525,9999.000,9999.000,9999.000,9999.000,9999.000,9999.000,9999.000,9999.000
202603281818,   2.394,9999.000,9999.000,9999.000,9999.000,9999.000,9999.000,9999.000,9999.000
202603281824,   2.264,9999.000,9999.000,9999.000,9999.000,9999.000,9999.000,9999.000,9999.000
202603281830,   2.134,9999.000,9999.000,9999.000,9999.000,9999.000,9999.000,9999.000,9999.000
202603281836,   2.004,9999.000,9999.000,9999.000,9999.000,9999.000,9999.000,9999.000,9999.000
202603281842,   1.874,9999.000,9999.000,9999.000,9999.000,9999.000,9999.000,9999.000,9999.000
202603281848,   1.746,9999.000,9999.000,9999.000,9999.000,9999.000,9999.000,9999.000,9999.000
202603281854,   1.619,9999.000,9999.000,9999.000,9999.000,9999.000,9999.000,9999.000,9999.000
202603281900,   1.493,9999.000,   0.400,   0.017,   1.910,   0.400,   1.910,   0.500,   2.010
202603281906,   1.369,9999.000,9999.000,9999.000,9999.000,9999.000,9999.000,9999.000,9999.000
202603281912,   1.247,9999.000,9999.000,9999.000,9999.000,9999.000,9999.000,9999.000,9999.000
202603281918,   1.128,9999.000,9999.000,9999.000,9999.000,9999.000,9999.000,9999.000,9999.000
202603281924,   1.011,9999.000,9999.000,9999.000,9999.000,9999.000,9999.000,9999.000,9999.000
202603281930,   0.896,9999.000,9999.000,9999.000,9999.000,9999.000,9999.000,9999.000,9999.000
202603281936,   0.785,9999.000,9999.000,9999.000,9999.000,9999.000,9999.000,9999.000,9999.000
202603281942,   0.677,9999.000,9999.000,9999.000,9999.000,9999.000,9999.000,9999.000,9999.000
202603281948,   0.572,9999.000,9999.000,9999.000,9999.000,9999.000,9999.000,9999.000,9999.000
202603281954,   0.471,9999.000,9999.000,9999.000,9999.000,9999.000,9999.000,9999.000,9999.000
202603282000,   0.373,9999.000,   0.400,   0.017,   0.790,   0.400,   0.790,   0.500,   0.890
202603282006,   0.280,9999.000,9999.000,9999.000,9999.000,9999.000,9999.000,9999.000,9999.000
202603282012,   0.191,9999.000,9999.000,9999.000,9999.000,9999.000,9999.000,9999.000,9999.000
202603282018,   0.107,9999.000,9999.000,9999.000,9999.000,9999.000,9999.000,9999.000,9999.000
202603282024,   0.027,9999.000,9999.000,9999.000,9999.000,9999.000,9999.000,9999.000,9999.000
202603282030,  -0.047,9999.000,9999.000,9999.000,9999.000,9999.000,9999.000,9999.000,9999.000
202603282036,  -0.117,9999.000,9999.000,9999.000,9999.000,9999.000,9999.000,9999.000,9999.000
202603282042,  -0.182,9999.000,9999.000,9999.000,9999.000,9999.000,9999.000,9999.000,9999.000
202603282048,  -0.242,9999.000,9999.000,9999.000,9999.000,9999.000,9999.000,9999.000,9999.000
202603282054,  -0.296,9999.000,9999.000,9999.000,9999.000,9999.000,9999.000,9999.000,9999.000
202603282100,  -0.345,9999.000,   0.400,   0.017,   0.072,   0.400,   0.072,   0.400,   0.072
202603282106,  -0.389,9999.000,9999.000,9999.000,9999.000,9999.000,9999.000,9999.000,9999.000
202603282112,  -0.426,9999.000,9999.000,9999.000,9999.000,9999.000,9999.000,9999.000,9999.000
202603282118,  -0.458,9999.000,9999.000,9999.000,9999.000,9999.000,9999.000,9999.000,9999.000
202603282124,  -0.484,9999.000,9999.000,9999.000,9999.000,9999.000,9999.000,9999.000,9999.000
202603282130,  -0.504,9999.000,9999.000,9999.000,9999.000,9999.000,9999.000,9999.000,9999.000
202603282136,  -0.518,9999.000,9999.000,9999.000,9999.000,9999.000,9999.000,9999.000,9999.000
202603282142,  -0.527,9999.000,9999.000,9999.000,9999.000,9999.000,9999.000,9999.000,9999.000
202603282148,  -0.529,9999.000,9999.000,9999.000,9999.000,9999.000,9999.000,9999.000,9999.000
202603282154,  -0.525,9999.000,9999.000,9999.000,9999.000,9999.000,9999.000,9999.000,9999.000
202603282200,  -0.515,9999.000,   0.400,   0.017,  -0.098,   0.300,  -0.198,   0.400,  -0.098
202603282206,  -0.499,9999.000,9999.000,9999.000,9999.000,9999.000,9999.000,9999.000,9999.000
202603282212,  -0.478,9999.000,9999.000,9999.000,9999.000,9999.000,9999.000,9999.000,9999.000
202603282218,  -0.450,9999.000,9999.000,9999.000,9999.000,9999.000,9999.000,9999.000,9999.000
202603282224,  -0.416,9999.000,9999.000,9999.000,9999.000,9999.000,9999.000,9999.000,9999.000
202603282230,  -0.377,9999.000,9999.000,9999.000,9999.000,9999.000,9999.000,9999.000,9999.000
202603282236,  -0.332,9999.000,9999.000,9999.000,9999.000,9999.000,9999.000,9999.000,9999.000
202603282242,  -0.282,9999.000,9999.000,9999.000,9999.000,9999.000,9999.000,9999.000,9999.000
202603282248,  -0.226,9999.000,9999.000,9999.000,9999.000,9999.000,9999.000,9999.000,9999.000
202603282254,  -0.165,9999.000,9999.000,9999.000,9999.000,9999.000,9999.000,9999.000,9999.000
202603282300,  -0.099,9999.000,   0.500,   0.017,   0.418,   0.400,   0.318,   0.600,   0.518
202603282306,  -0.028,9999.000,9999.000,9999.000,9999.000,9999.000,9999.000,9999.000,9999.000
202603282312,   0.047,9999.000,9999.000,9999.000,9999.000,9999.000,9999.000,9999.000,9999.000
202603282318,   0.128,9999.000,9999.000,9999.000,9999.000,9999.000,9999.000,9999.000,9999.000
202603282324,   0.213,9999.000,9999.000,9999.000,9999.000,9999.000,9999.000,9999.000,9999.000
202603282330,   0.302,9999.000,9999.000,9999.000,9999.000,9999.000,9999.000,9999.000,9999.000
202603282336,   0.395,9999.000,9999.000,9999.000,9999.000,9999.000,9999.000,9999.000,9999.000
202603282342,   0.492,9999.000,9999.000,9999.000,9999.000,9999.000,9999.000,9999.000,9999.000
202603282348,   0.592,9999.000,9999.000,9999.000,9999.000,9999.000,9999.000,9999.000,9999.000
202603282354,   0.695,9999.000,9999.000,9999.000,9999.000,9999.000,9999.000,9999.000,9999.000
202603290000,   0.802,9999.000,   0.500,   0.017,   1.319,   0.400,   1.219,   0.500,   1.319
202603290006,   0.911,9999.000,9999.000,9999.000,9999.000,9999.000,9999.000,9999.000,9999.000
202603290012,   1.022,9999.000,9999.000,9999.000,9999.000,9999.000,9999.000,9999.000,9999.000
202603290018,   1.136,9999.000,9999.000,9999.000,9999.000,9999.000,9999.000,9999.000,9999.000
202603290024,   1.252,9999.000,9999.000,9999.000,9999.000,9999.000,9999.000,9999.000,9999.000
202603290030,   1.369,9999.000,9999.000,9999.000,9999.000,9999.000,9999.000,9999.000,9999.000
202603290036,   1.488,9999.000,9999.000,9999.000,9999.000,9999.000,9999.000,9999.000,9999.000
202603290042,   1.608,9999.000,9999.000,9999.000,9999.000,9999.000,9999.000,9999.000,9999.000
202603290048,   1.729,9999.000,9999.000,9999.000,9999.000,9999.000,9999.000,9999.000,9999.000
202603290054,   1.850,9999.000,9999.000,9999.000,9999.000,9999.000,9999.000,9999.000,9999.000
202603290100,   1.971,9999.000,   0.300,   0.017,   2.288,   0.300,   2.288,   0.400,   2.388
202603290106,   2.093,9999.000,9999.000,9999.000,9999.000,9999.000,9999.000,9999.000,9999.000
202603290112,   2.214,9999.000,9999.000,9999.000,9999.000,9999.000,9999.000,9999.000,9999.000
202603290118,   2.335,9999.000,9999.000,9999.000,9999.000,9999.000,9999.000,9999.000,9999.000
202603290124,   2.455,9999.000,9999.000,9999.000,9999.000,9999.000,9999.000,9999.000,9999.000
202603290130,   2.574,9999.000,9999.000,9999.000,9999.000,9999.000,9999.000,9999.000,9999.000
202603290136,   2.692,9999.000,9999.000,9999.000,9999.000,9999.000,9999.000,9999.000,9999.000
202603290142,   2.808,9999.000,9999.000,9999.000,9999.000,9999.000,9999.000,9999.000,9999.000
202603290148,   2.923,9999.000,9999.000,9999.000,9999.000,9999.000,9999.000,9999.000,9999.000
202603290154,   3.036,9999.000,9999.000,9999.000,9999.000,9999.000,9999.000,9999.000,9999.000
202603290200,   3.146,9999.000,   0.400,   0.017,   3.563,   0.300,   3.463,   0.400,   3.563
202603290206,   3.254,9999.000,9999.000,9999.000,9999.000,9999.000,9999.000,9999.000,9999.000
202603290212,   3.360,9999.000,9999.000,9999.000,9999.000,9999.000,9999.000,9999.000,9999.000
202603290218,   3.463,9999.000,9999.000,9999.000,9999.000,9999.000,9999.000,9999.000,9999.000
202603290224,   3.562,9999.000,9999.000,9999.000,9999.000,9999.000,9999.000,9999.000,9999.000
202603290230,   3.659,9999.000,9999.000,9999.000,9999.000,9999.000,9999.000,9999.000,9999.000
202603290236,   3.752,9999.000,9999.000,9999.000,9999.000,9999.000,9999.000,9999.000,9999.000
202603290242,   3.842,9999.000,9999.000,9999.000,9999.000,9999.000,9999.000,9999.000,9999.000
202603290248,   3.928,9999.000,9999.000,9999.000,9999.000,9999.000,9999.000,9999.000,9999.000
202603290254,   4.010,9999.000,9999.000,9999.000,9999.000,9999.000,9999.000,9999.000,9999.000
202603290300,   4.088,9999.000,   0.400,   0.017,   4.505,   0.400,   4.505,   0.500,   4.605
202603290306,   4.162,9999.000,9999.000,9999.000,9999.000,9999.000,9999.000,9999.000,9999.000
202603290312,   4.231,9999.000,9999.000,9999.000,9999.000,9999.000,9999.000,9999.000,9999.000
202603290318,   4.296,9999.000,9999.000,9999.000,9999.000,9999.000,9999.000,9999.000,9999.000
202603290324,   4.357,9999.000,9999.000,9999.000,9999.000,9999.000,9999.000,9999.000,9999.000
202603290330,   4.413,9999.000,9999.000,9999.000,9999.000,9999.000,9999.000,9999.000,9999.000
202603290336,   4.464,9999.000,9999.000,9999.000,9999.000,9999.000,9999.000,9999.000,9999.000
202603290342,   4.510,9999.000,9999.000,9999.000,9999.000,9999.000,9999.000,9999.000,9999.000
202603290348,   4.552,9999.000,9999.000,9999.000,9999.000,9999.000,9999.000,9999.000,9999.000
202603290354,   4.589,9999.000,9999.000,9999.000,9999.000,9999.000,9999.000,9999.000,9999.000
202603290400,   4.620,9999.000,   0.400,   0.017,   5.037,   0.300,   4.937,   0.400,   5.037
202603290406,   4.647,9999.000,9999.000,9999.000,9999.000,9999.000,9999.000,9999.000,9999.000
202603290412,   4.668,9999.000,9999.000,9999.000,9999.000,9999.000,9999.000,9999.000,9999.000
202603290418,   4.685,9999.000,9999.000,9999.000,9999.000,9999.000,9999.000,9999.000,9999.000
202603290424,   4.697,9999.000,9999.000,9999.000,9999.000,9999.000,9999.000,9999.000,9999.000
202603290430,   4.703,9999.000,9999.000,9999.000,9999.000,9999.000,9999.000,9999.000,9999.000
202603290436,   4.705,9999.000,9999.000,9999.000,9999.000,9999.000,9999.000,9999.000,9999.000
202603290442,   4.702,9999.000,9999.000,9999.000,9999.000,9999.000,9999.000,9999.000,9999.000
202603290448,   4.694,9999.000,9999.000,9999.000,9999.000,9999.000,9999.000,9999.000,9999.000
202603290454,   4.681,9999.000,9999.000,9999.000,9999.000,9999.000,9999.000,9999.000,9999.000
202603290500,   4.664,9999.000,   0.200,   0.017,   4.881,   0.200,   4.881,   0.300,   4.981
202603290506,   4.642,9999.000,9999.000,9999.000,9999.000,9999.000,9999.000,9999.000,9999.000
202603290512,   4.615,9999.000,9999.000,9999.000,9999.000,9999.000,9999.000,9999.000,9999.000
202603290518,   4.584,9999.000,9999.000,9999.000,9999.000,9999.000,9999.000,9999.000,9999.000
202603290524,   4.550,9999.000,9999.000,9999.000,9999.000,9999.000,9999.000,9999.000,9999.000
202603290530,   4.511,9999.000,9999.000,9999.000,9999.000,9999.000,9999.000,9999.000,9999.000
202603290536,   4.468,9999.000,9999.000,9999.000,9999.000,9999.000,9999.000,9999.000,9999.000
202603290542,   4.422,9999.000,9999.000,9999.000,9999.000,9999.000,9999.000,9999.000,9999.000
202603290548,   4.372,9999.000,9999.000,9999.000,9999.000,9999.000,9999.000,9999.000,9999.000
202603290554,   4.319,9999.000,9999.000,9999.000,9999.000,9999.000,9999.000,9999.000,9999.000
202603290600,   4.263,9999.000,   0.300,   0.017,   4.580,   0.200,   4.480,   0.300,   4.580
202603290606,   4.204,9999.000,9999.000,9999.000,9999.000,9999.000,9999.000,9999.000,9999.000
202603290612,   4.142,9999.000,9999.000,9999.000,9999.000,9999.000,9999.000,9999.000,9999.000
202603290618,   4.078,9999.000,9999.000,9999.000,9999.000,9999.000,9999.000,9999.000,9999.000
202603290624,   4.011,9999.000,9999.000,9999.000,9999.000,9999.000,9999.000,9999.000,9999.000
202603290630,   3.943,9999.000,9999.000,9999.000,9999.000,9999.000,9999.000,9999.000,9999.000
202603290636,   3.873,9999.000,9999.000,9999.000,9999.000,9999.000,9999.000,9999.000,9999.000
202603290642,   3.802,9999.000,9999.000,9999.000,9999.000,9999.000,9999.000,9999.000,9999.000
202603290648,   3.729,9999.000,9999.000,9999.000,9999.000,9999.000,9999.000,9999.000,9999.000
202603290654,   3.655,9999.000,9999.000,9999.000,9999.000,9999.000,9999.000,9999.000,9999.000
202603290700,   3.581,9999.000,   0.400,   0.017,   3.998,   0.400,   3.998,   0.500,   4.098
202603290706,   3.506,9999.000,9999.000,9999.000,9999.000,9999.000,9999.000,9999.000,9999.000
202603290712,   3.431,9999.000,9999.000,9999.000,9999.000,9999.000,9999.000,9999.000,9999.000
202603290718,   3.355,9999.000,9999.000,9999.000,9999.000,9999.000,9999.000,9999.000,9999.000
202603290724,   3.280,9999.000,9999.000,9999.000,9999.000,9999.000,9999.000,9999.000,9999.000
202603290730,   3.206,9999.000,9999.000,9999.000,9999.000,9999.000,9999.000,9999.000,9999.000
202603290736,   3.132,9999.000,9999.000,9999.000,9999.000,9999.000,9999.000,9999.000,9999.000
202603290742,   3.059,9999.000,9999.000,9999.000,9999.000,9999.000,9999.000,9999.000,9999.000
202603290748,   2.987,9999.000,9999.000,9999.000,9999.000,9999.000,9999.000,9999.000,9999.000
202603290754,   2.916,9999.000,9999.000,9999.000,9999.000,9999.000,9999.000,9999.000,9999.000
202603290800,   2.847,9999.000,   0.300,   0.017,   3.164,   0.300,   3.164,   0.400,   3.264
202603290806,   2.780,9999.000,9999.000,9999.000,9999.000,9999.000,9999.000,9999.000,9999.000
202603290812,   2.715,9999.000,9999.000,9999.000,9999.000,9999.000,9999.000,9999.000,9999.000
202603290818,   2.652,9999.000,9999.000,9999.000,9999.000,9999.000,9999.000,9999.000,9999.000
202603290824,   2.592,9999.000,9999.000,9999.000,9999.000,9999.000,9999.000,9999.000,9999.000
202603290830,   2.534,9999.000,9999.000,9999.000,9999.000,9999.000,9999.000,9999.000,9999.000
202603290836,   2.479,9999.000,9999.000,9999.000,9999.000,9999.000,9999.000,9999.000,9999.000
202603290842,   2.427,9999.000,9999.000,9999.000,9999.000,9999.000,9999.000,9999.000,9999.000
202603290848,   2.379,9999.000,9999.000,9999.000,9999.000,9999.000,9999.000,9999.000,9999.000
202603290854,   2.333,9999.000,9999.000,9999.000,9999.000,9999.000,9999.000,9999.000,9999.000
202603290900,   2.291,9999.000,   0.300,   0.017,   2.608,   0.200,   2.508,   0.400,   2.708
202603290906,   2.253,9999.000,9999.000,9999.000,9999.000,9999.000,9999.000,9999.000,9999.000
202603290912,   2.218,9999.000,9999.000,9999.000,9999.000,9999.000,9999.000,9999.000,9999.000
202603290918,   2.188,9999.000,9999.000,9999.000,9999.000,9999.000,9999.000,9999.000,9999.000
202603290924,   2.161,9999.000,9999.000,9999.000,9999.000,9999.000,9999.000,9999.000,9999.000
202603290930,   2.139,9999.000,9999.000,9999.000,9999.000,9999.000,9999.000,9999.000,9999.000
202603290936,   2.121,9999.000,9999.000,9999.000,9999.000,9999.000,9999.000,9999.000,9999.000
202603290942,   2.107,9999.000,9999.000,9999.000,9999.000,9999.000,9999.000,9999.000,9999.000
202603290948,   2.097,9999.000,9999.000,9999.000,9999.000,9999.000,9999.000,9999.000,9999.000
202603290954,   2.092,9999.000,9999.000,9999.000,9999.000,9999.000,9999.000,9999.000,9999.000
202603291000,   2.092,9999.000,   0.300,   0.017,   2.409,   0.200,   2.309,   0.400,   2.509
202603291006,   2.096,9999.000,9999.000,9999.000,9999.000,9999.000,9999.000,9999.000,9999.000
202603291012,   2.104,9999.000,9999.000,9999.000,9999.000,9999.000,9999.000,9999.000,9999.000
202603291018,   2.117,9999.000,9999.000,9999.000,9999.000,9999.000,9999.000,9999.000,9999.000
202603291024,   2.135,9999.000,9999.000,9999.000,9999.000,9999.000,9999.000,9999.000,9999.000
202603291030,   2.157,9999.000,9999.000,9999.000,9999.000,9999.000,9999.000,9999.000,9999.000
202603291036,   2.183,9999.000,9999.000,9999.000,9999.000,9999.000,9999.000,9999.000,9999.000
202603291042,   2.214,9999.000,9999.000,9999.000,9999.000,9999.000,9999.000,9999.000,9999.000
202603291048,   2.249,9999.000,9999.000,9999.000,9999.000,9999.000,9999.000,9999.000,9999.000
202603291054,   2.289,9999.000,9999.000,9999.000,9999.000,9999.000,9999.000,9999.000,9999.000
202603291100,   2.332,9999.000,   0.400,   0.017,   2.749,   0.400,   2.749,   0.500,   2.849
202603291106,   2.380,9999.000,9999.000,9999.000,9999.000,9999.000,9999.000,9999.000,9999.000
202603291112,   2.431,9999.000,9999.000,9999.000,9999.000,9999.000,9999.000,9999.000,9999.000
202603291118,   2.486,9999.000,9999.000,9999.000,9999.000,9999.000,9999.000,9999.000,9999.000
202603291124,   2.545,9999.000,9999.000,9999.000,9999.000,9999.000,9999.000,9999.000,9999.000
202603291130,   2.607,9999.000,9999.000,9999.000,9999.000,9999.000,9999.000,9999.000,9999.000
202603291136,   2.672,9999.000,9999.000,9999.000,9999.000,9999.000,9999.000,9999.000,9999.000
202603291142,   2.741,9999.000,9999.000,9999.000,9999.000,9999.000,9999.000,9999.000,9999.000
202603291148,   2.812,9999.000,9999.000,9999.000,9999.000,9999.000,9999.000,9999.000,9999.000
202603291154,   2.886,9999.000,9999.000,9999.000,9999.000,9999.000,9999.000,9999.000,9999.000
202603291200,   2.962,9999.000,   0.400,   0.017,   3.379,   0.300,   3.279,   0.400,   3.379
202603291206,   3.040,9999.000,9999.000,9999.000,9999.000,9999.000,9999.000,9999.000,9999.000
202603291212,   3.121,9999.000,9999.000,9999.000,9999.000,9999.000,9999.000,9999.000,9999.000
202603291218,   3.203,9999.000,9999.000,9999.000,9999.000,9999.000,9999.000,9999.000,9999.000
202603291224,   3.286,9999.000,9999.000,9999.000,9999.000,9999.000,9999.000,9999.000,9999.000
202603291230,   3.371,9999.000,9999.000,9999.000,9999.000,9999.000,9999.000,9999.000,9999.000
202603291236,   3.456,9999.000,9999.000,9999.000,9999.000,9999.000,9999.000,9999.000,9999.000
202603291242,   3.543,9999.000,9999.000,9999.000,9999.000,9999.000,9999.000,9999.000,9999.000
202603291248,   3.630,9999.000,9999.000,9999.000,9999.000,9999.000,9999.000,9999.000,9999.000
202603291254,   3.717,9999.000,9999.000,9999.000,9999.000,9999.000,9999.000,9999.000,9999.000
202603291300,   3.804,9999.000,   0.300,   0.017,   4.121,   0.200,   4.021,   0.400,   4.221
202603291306,   3.890,9999.000,9999.000,9999.000,9999.000,9999.000,9999.000,9999.000,9999.000
202603291312,   3.976,9999.000,9999.000,9999.000,9999.000,9999.000,9999.000,9999.000,9999.000
202603291318,   4.062,9999.000,9999.000,9999.000,9999.000,9999.000,9999.000,9999.000,9999.000
202603291324,   4.146,9999.000,9999.000,9999.000,9999.000,9999.000,9999.000,9999.000,9999.000
202603291330,   4.229,9999.000,9999.000,9999.000,9999.000,9999.000,9999.000,9999.000,9999.000
202603291336,   4.311,9999.000,9999.000,9999.000,9999.000,9999.000,9999.000,9999.000,9999.000
202603291342,   4.390,9999.000,9999.000,9999.000,9999.000,9999.000,9999.000,9999.000,9999.000
202603291348,   4.468,9999.000,9999.000,9999.000,9999.000,9999.000,9999.000,9999.000,9999.000
202603291354,   4.544,9999.000,9999.000,9999.000,9999.000,9999.000,9999.000,9999.000,9999.000
202603291400,   4.617,9999.000,   0.400,   0.017,   5.034,   0.300,   4.934,   0.400,   5.034
202603291406,   4.687,9999.000,9999.000,9999.000,9999.000,9999.000,9999.000,9999.000,9999.000
202603291412,   4.754,9999.000,9999.000,9999.000,9999.000,9999.000,9999.000,9999.000,9999.000
202603291418,   4.819,9999.000,9999.000,9999.000,9999.000,9999.000,9999.000,9999.000,9999.000
202603291424,   4.880,9999.000,9999.000,9999.000,9999.000,9999.000,9999.000,9999.000,9999.000
202603291430,   4.937,9999.000,9999.000,9999.000,9999.000,9999.000,9999.000,9999.000,9999.000
202603291436,   4.991,9999.000,9999.000,9999.000,9999.000,9999.000,9999.000,9999.000,9999.000
202603291442,   5.041,9999.000,9999.000,9999.000,9999.000,9999.000,9999.000,9999.000,9999.000
202603291448,   5.087,9999.000,9999.000,9999.000,9999.000,9999.000,9999.000,9999.000,9999.000
202603291454,   5.129,9999.000,9999.000,9999.000,9999.000,9999.000,9999.000,9999.000,9999.000
202603291500,   5.166,9999.000,   0.500,   0.017,   5.683,   0.400,   5.583,   0.500,   5.683
202603291506,   5.199,9999.000,9999.000,9999.000,9999.000,9999.000,9999.000,9999.000,9999.000
202603291512,   5.227,9999.000,9999.000,9999.000,9999.000,9999.000,9999.000,9999.000,9999.000
202603291518,   5.251,9999.000,9999.000,9999.000,9999.000,9999.000,9999.000,9999.000,9999.000
202603291524,   5.269,9999.000,9999.000,9999.000,9999.000,9999.000,9999.000,9999.000,9999.000
202603291530,   5.283,9999.000,9999.000,9999.000,9999.000,9999.000,9999.000,9999.000,9999.000
202603291536,   5.291,9999.000,9999.000,9999.000,9999.000,9999.000,9999.000,9999.000,9999.000
202603291542,   5.294,9999.000,9999.000,9999.000,9999.000,9999.000,9999.000,9999.000,9999.000
202603291548,   5.292,9999.000,9999.000,9999.000,9999.000,9999.000,9999.000,9999.000,9999.000
202603291554,   5.284,9999.000,9999.000,9999.000,9999.000,9999.000,9999.000,9999.000,9999.000
202603291600,   5.271,9999.000,   0.500,   0.017,   5.788,   0.400,   5.688,   0.500,   5.788
202603291606,   5.253,9999.000,9999.000,9999.000,9999.000,9999.000,9999.000,9999.000,9999.000
202603291612,   5.229,9999.000,9999.000,9999.000,9999.000,9999.000,9999.000,9999.000,9999.000
202603291618,   5.199,9999.000,9999.000,9999.000,9999.000,9999.000,9999.000,9999.000,9999.000
202603291624,   5.165,9999.000,9999.000,9999.000,9999.000,9999.000,9999.000,9999.000,9999.000
202603291630,   5.124,9999.000,9999.000,9999.000,9999.000,9999.000,9999.000,9999.000,9999.000
202603291636,   5.079,9999.000,9999.000,9999.000,9999.000,9999.000,9999.000,9999.000,9999.000
202603291642,   5.027,9999.000,9999.000,9999.000,9999.000,9999.000,9999.000,9999.000,9999.000
202603291648,   4.971,9999.000,9999.000,9999.000,9999.000,9999.000,9999.000,9999.000,9999.000
202603291654,   4.909,9999.000,9999.000,9999.000,9999.000,9999.000,9999.000,9999.000,9999.000
202603291700,   4.843,9999.000,   0.300,   0.017,   5.160,   0.300,   5.160,   0.400,   5.260
202603291706,   4.771,9999.000,9999.000,9999.000,9999.000,9999.000,9999.000,9999.000,9999.000
202603291712,   4.694,9999.000,9999.000,9999.000,9999.000,9999.000,9999.000,9999.000,9999.000
202603291718,   4.613,9999.000,9999.000,9999.000,9999.000,9999.000,9999.000,9999.000,9999.000
202603291724,   4.527,9999.000,9999.000,9999.000,9999.000,9999.000,9999.000,9999.000,9999.000
202603291730,   4.437,9999.000,9999.000,9999.000,9999.000,9999.000,9999.000,9999.000,9999.000
202603291736,   4.342,9999.000,9999.000,9999.000,9999.000,9999.000,9999.000,9999.000,9999.000
202603291742,   4.243,9999.000,9999.000,9999.000,9999.000,9999.000,9999.000,9999.000,9999.000
202603291748,   4.141,9999.000,9999.000,9999.000,9999.000,9999.000,9999.000,9999.000,9999.000
202603291754,   4.035,9999.000,9999.000,9999.000,9999.000,9999.000,9999.000,9999.000,9999.000
202603291800,   3.925,9999.000,   0.400,   0.017,   4.342,   0.300,   4.242,   0.400,   4.342
202603291806,   3.812,9999.000,9999.000,9999.000,9999.000,9999.000,9999.000,9999.000,9999.000
202603291812,   3.696,9999.000,9999.000,9999.000,9999.000,9999.000,9999.000,9999.000,9999.000
202603291818,   3.578,9999.000,9999.000,9999.000,9999.000,9999.000,9999.000,9999.000,9999.000
202603291824,   3.457,9999.000,9999.000,9999.000,9999.000,9999.000,9999.000,9999.000,9999.000
202603291830,   3.334,9999.000,9999.000,9999.000,9999.000,9999.000,9999.000,9999.000,9999.000
202603291836,   3.209,9999.000,9999.000,9999.000,9999.000,9999.000,9999.000,9999.000,9999.000
202603291842,   3.082,9999.000,9999.000,9999.000,9999.000,9999.000,9999.000,9999.000,9999.000
202603291848,   2.954,9999.000,9999.000,9999.000,9999.000,9999.000,9999.000,9999.000,9999.000
202603291854,   2.824,9999.000,9999.000,9999.000,9999.000,9999.000,9999.000,9999.000,9999.000
202603291900,   2.694,9999.000,   0.500,   0.017,   3.211,   0.500,   3.211,   0.600,   3.311
202603291906,   2.563,9999.000,9999.000,9999.000,9999.000,9999.000,9999.000,9999.000,9999.000
202603291912,   2.433,9999.000,9999.000,9999.000,9999.000,9999.000,9999.000,9999.000,9999.000
202603291918,   2.302,9999.000,9999.000,9999.000,9999.000,9999.000,9999.000,9999.000,9999.000
202603291924,   2.171,9999.000,9999.000,9999.000,9999.000,9999.000,9999.000,9999.000,9999.000
202603291930,   2.041,9999.000,9999.000,9999.000,9999.000,9999.000,9999.000,9999.000,9999.000
202603291936,   1.911,9999.000,9999.000,9999.000,9999.000,9999.000,9999.000,9999.000,9999.000
202603291942,   1.783,9999.000,9999.000,9999.000,9999.000,9999.000,9999.000,9999.000,9999.000
202603291948,   1.657,9999.000,9999.000,9999.000,9999.000,9999.000,9999.000,9999.000,9999.000
202603291954,   1.531,9999.000,9999.000,9999.000,9999.000,9999.000,9999.000,9999.000,9999.000
202603292000,   1.408,9999.000,   0.400,   0.017,   1.825,   0.400,   1.825,   0.500,   1.925
202603292006,   1.288,9999.000,9999.000,9999.000,9999.000,9999.000,9999.000,9999.000,9999.000
202603292012,   1.169,9999.000,9999.000,9999.000,9999.000,9999.000,9999.000,9999.000,9999.000
202603292018,   1.054,9999.000,9999.000,9999.000,9999.000,9999.000,9999.000,9999.000,9999.000
202603292024,   0.941,9999.000,9999.000,9999.000,9999.000,9999.000,9999.000,9999.000,9999.000
202603292030,   0.832,9999.000,9999.000,9999.000,9999.000,9999.000,9999.000,9999.000,9999.000
202603292036,   0.726,9999.000,9999.000,9999.000,9999.000,9999.000,9999.000,9999.000,9999.000
202603292042,   0.624,9999.000,9999.000,9999.000,9999.000,9999.000,9999.000,9999.000,9999.000
202603292048,   0.526,9999.000,9999.000,9999.000,9999.000,9999.000,9999.000,9999.000,9999.000
202603292054,   0.432,9999.000,9999.000,9999.000,9999.000,9999.000,9999.000,9999.000,9999.000
202603292100,   0.343,9999.000,   0.300,   0.017,   0.660,   0.300,   0.660,   0.400,   0.760
202603292106,   0.258,9999.000,9999.000,9999.000,9999.000,9999.000,9999.000,9999.000,9999.000
202603292112,   0.178,9999.000,9999.000,9999.000,9999.000,9999.000,9999.000,9999.000,9999.000
202603292118,   0.103,9999.000,9999.000,9999.000,9999.000,9999.000,9999.000,9999.000,9999.000
202603292124,   0.034,9999.000,9999.000,9999.000,9999.000,9999.000,9999.000,9999.000,9999.000
202603292130,  -0.030,9999.000,9999.000,9999.000,9999.000,9999.000,9999.000,9999.000,9999.000
202603292136,  -0.088,9999.000,9999.000,9999.000,9999.000,9999.000,9999.000,9999.000,9999.000
202603292142,  -0.141,9999.000,9999.000,9999.000,9999.000,9999.000,9999.000,9999.000,9999.000
202603292148,  -0.188,9999.000,9999.000,9999.000,9999.000,9999.000,9999.000,9999.000,9999.000
202603292154,  -0.229,9999.000,9999.000,9999.000,9999.000,9999.000,9999.000,9999.000,9999.000
202603292200,  -0.264,9999.000,   0.400,   0.017,   0.153,   0.300,   0.053,   0.400,   0.153
202603292206,  -0.293,9999.000,9999.000,9999.000,9999.000,9999.000,9999.000,9999.000,9999.000
202603292212,  -0.316,9999.000,9999.000,9999.000,9999.000,9999.000,9999.000,9999.000,9999.000
202603292218,  -0.332,9999.000,9999.000,9999.000,9999.000,9999.000,9999.000,9999.000,9999.000
202603292224,  -0.342,9999.000,9999.000,9999.000,9999.000,9999.000,9999.000,9999.000,9999.000
202603292230,  -0.346,9999.000,9999.000,9999.000,9999.000,9999.000,9999.000,9999.000,9999.000
202603292236,  -0.343,9999.000,9999.000,9999.000,9999.000,9999.000,9999.000,9999.000,9999.000
202603292242,  -0.334,9999.000,9999.000,9999.000,9999.000,9999.000,9999.000,9999.000,9999.000
202603292248,  -0.319,9999.000,9999.000,9999.000,9999.000,9999.000,9999.000,9999.000,9999.000
202603292254,  -0.297,9999.000,9999.000,9999.000,9999.000,9999.000,9999.000,9999.000,9999.000
202603292300,  -0.269,9999.000,   0.500,   0.017,   0.248,   0.400,   0.148,   0.600,   0.348
202603292306,  -0.235,9999.000,9999.000,9999.000,9999.000,9999.000,9999.000,9999.000,9999.000
202603292312,  -0.195,9999.000,9999.000,9999.000,9999.000,9999.000,9999.000,9999.000,9999.000
202603292318,  -0.149,9999.000,9999.000,9999.000,9999.000,9999.000,9999.000,9999.000,9999.000
202603292324,  -0.097,9999.000,9999.000,9999.000,9999.000,9999.000,9999.000,9999.000,9999.000
202603292330,  -0.039,9999.000,9999.000,9999.000,9999.000,9999.000,9999.000,9999.000,9999.000
202603292336,   0.023,9999.000,9999.000,9999.000,9999.000,9999.000,9999.000,9999.000,9999.000
202603292342,   0.092,9999.000,9999.000,9999.000,9999.000,9999.000,9999.000,9999.000,9999.000
202603292348,   0.166,9999.000,9999.000,9999.000,9999.000,9999.000,9999.000,9999.000,9999.000
202603292354,   0.245,9999.000,9999.000,9999.000,9999.000,9999.000,9999.000,9999.000,9999.000
202603300000,   0.329,9999.000,   0.500,   0.017,   0.846,   0.400,   0.746,   0.500,   0.846
202603300006,   0.417,9999.000,9999.000,9999.000,9999.000,9999.000,9999.000,9999.000,9999.000
202603300012,   0.510,9999.000,9999.000,9999.000,9999.000,9999.000,9999.000,9999.000,9999.000
202603300018,   0.606,9999.000,9999.000,9999.000,9999.000,9999.000,9999.000,9999.000,9999.000
202603300024,   0.707,9999.000,9999.000,9999.000,9999.000,9999.000,9999.000,9999.000,9999.000
202603300030,   0.812,9999.000,9999.000,9999.000,9999.000,9999.000,9999.000,9999.000,9999.000
202603300036,   0.919,9999.000,9999.000,9999.000,9999.000,9999.000,9999.000,9999.000,9999.000
202603300042,   1.030,9999.000,9999.000,9999.000,9999.000,9999.000,9999.000,9999.000,9999.000
202603300048,   1.144,9999.000,9999.000,9999.000,9999.000,9999.000,9999.000,9999.000,9999.000
202603300054,   1.261,9999.000,9999.000,9999.000,9999.000,9999.000,9999.000,9999.000,9999.000
202603300100,   1.380,9999.000,   0.300,   0.017,   1.697,   0.200,   1.597,   0.400,   1.797
202603300106,   1.500,9999.000,9999.000,9999.000,9999.000,9999.000,9999.000,9999.000,9999.000
202603300112,   1.623,9999.000,9999.000,9999.000,9999.000,9999.000,9999.000,9999.000,9999.000
202603300118,   1.747,9999.000,9999.000,9999.000,9999.000,9999.000,9999.000,9999.000,9999.000
202603300124,   1.872,9999.000,9999.000,9999.000,9999.000,9999.000,9999.000,9999.000,9999.000
202603300130,   1.999,9999.000,9999.000,9999.000,9999.000,9999.000,9999.000,9999.000,9999.000
202603300136,   2.126,9999.000,9999.000,9999.000,9999.000,9999.000,9999.000,9999.000,9999.000
202603300142,   2.253,9999.000,9999.000,9999.000,9999.000,9999.000,9999.000,9999.000,9999.000
202603300148,   2.380,9999.000,9999.000,9999.000,9999.000,9999.000,9999.000,9999.000,9999.000
202603300154,   2.507,9999.000,9999.000,9999.000,9999.000,9999.000,9999.000,9999.000,9999.000
202603300200,   2.634,9999.000,   0.400,   0.017,   3.051,   0.300,   2.951,   0.400,   3.051
202603300206,   2.760,9999.000,9999.000,9999.000,9999.000,9999.000,9999.000,9999.000,9999.000
202603300212,   2.884,9999.000,9999.000,9999.000,9999.000,9999.000,9999.000,9999.000,9999.000
202603300218,   3.008,9999.000,9999.000,9999.000,9999.000,9999.000,9999.000,9999.000,9999.000
202603300224,   3.130,9999.000,9999.000,9999.000,9999.000,9999.000,9999.000,9999.000,9999.000
202603300230,   3.250,9999.000,9999.000,9999.000,9999.000,9999.000,9999.000,9999.000,9999.000
202603300236,   3.367,9999.000,9999.000,9999.000,9999.000,9999.000,9999.000,9999.000,9999.000
202603300242,   3.483,9999.000,9999.000,9999.000,9999.000,9999.000,9999.000,9999.000,9999.000
202603300248,   3.595,9999.000,9999.000,9999.000,9999.000,9999.000,9999.000,9999.000,9999.000
202603300254,   3.705,9999.000,9999.000,9999.000,9999.000,9999.000,9999.000,9999.000,9999.000
202603300300,   3.812,9999.000,   0.400,   0.017,   4.229,   0.400,   4.229,   0.500,   4.329
202603300306,   3.915,9999.000,9999.000,9999.000,9999.000,9999.000,9999.000,9999.000,9999.000
202603300312,   4.015,9999.000,9999.000,9999.000,9999.000,9999.000,9999.000,9999.000,9999.000
202603300318,   4.111,9999.000,9999.000,9999.000,9999.000,9999.000,9999.000,9999.000,9999.000
202603300324,   4.203,9999.000,9999.000,9999.000,9999.000,9999.000,9999.000,9999.000,9999.000
202603300330,   4.290,9999.000,9999.000,9999.000,9999.000,9999.000,9999.000,9999.000,9999.000
202603300336,   4.373,9999.000,9999.000,9999.000,9999.000,9999.000,9999.000,9999.000,9999.000
202603300342,   4.452,9999.000,9999.000,9999.000,9999.000,9999.000,9999.000,9999.000,9999.000
202603300348,   4.525,9999.000,9999.000,9999.000,9999.000,9999.000,9999.000,9999.000,9999.000
202603300354,   4.594,9999.000,9999.000,9999.000,9999.000,9999.000,9999.000,9999.000,9999.000
202603300400,   4.658,9999.000,   0.400,   0.017,   5.075,   0.400,   5.075,   0.500,   5.175
202603300406,   4.716,9999.000,9999.000,9999.000,9999.000,9999.000,9999.000,9999.000,9999.000
202603300412,   4.769,9999.000,9999.000,9999.000,9999.000,9999.000,9999.000,9999.000,9999.000
202603300418,   4.817,9999.000,9999.000,9999.000,9999.000,9999.000,9999.000,9999.000,9999.000
202603300424,   4.859,9999.000,9999.000,9999.000,9999.000,9999.000,9999.000,9999.000,9999.000
202603300430,   4.896,9999.000,9999.000,9999.000,9999.000,9999.000,9999.000,9999.000,9999.000
202603300436,   4.927,9999.000,9999.000,9999.000,9999.000,9999.000,9999.000,9999.000,9999.000
202603300442,   4.952,9999.000,9999.000,9999.000,9999.000,9999.000,9999.000,9999.000,9999.000
202603300448,   4.972,9999.000,9999.000,9999.000,9999.000,9999.000,9999.000,9999.000,9999.000
202603300454,   4.986,9999.000,9999.000,9999.000,9999.000,9999.000,9999.000,9999.000,9999.000
202603300500,   4.994,9999.000,   0.300,   0.017,   5.311,   0.200,   5.211,   0.400,   5.411
202603300506,   4.996,9999.000,9999.000,9999.000,9999.000,9999.000,9999.000,9999.000,9999.000
202603300512,   4.993,9999.000,9999.000,9999.000,9999.000,9999.000,9999.000,9999.000,9999.000
202603300518,   4.985,9999.000,9999.000,9999.000,9999.000,9999.000,9999.000,9999.000,9999.000
202603300524,   4.970,9999.000,9999.000,9999.000,9999.000,9999.000,9999.000,9999.000,9999.000
202603300530,   4.951,9999.000,9999.000,9999.000,9999.000,9999.000,9999.000,9999.000,9999.000
202603300536,   4.926,9999.000,9999.000,9999.000,9999.000,9999.000,9999.000,9999.000,9999.000
202603300542,   4.896,9999.000,9999.000,9999.000,9999.000,9999.000,9999.000,9999.000,9999.000
202603300548,   4.860,9999.000,9999.000,9999.000,9999.000,9999.000,9999.000,9999.000,9999.000
202603300554,   4.820,9999.000,9999.000,9999.000,9999.000,9999.000,9999.000,9999.000,9999.000
202603300600,   4.775,9999.000,   0.400,   0.017,   5.192,   0.300,   5.092,   0.400,   5.192
202603300606,   4.726,9999.000,9999.000,9999.000,9999.000,9999.000,9999.000,9999.000,9999.000
202603300612,   4.672,9999.000,9999.000,9999.000,9999.000,9999.000,9999.000,9999.000,9999.000
202603300618,   4.614,9999.000,9999.000,9999.000,9999.000,9999.000,9999.000,9999.000,9999.000
202603300624,   4.552,9999.000,9999.000,9999.000,9999.000,9999.000,9999.000,9999.000,9999.000
202603300630,   4.486,9999.000,9999.000,9999.000,9999.000,9999.000,9999.000,9999.000,9999.000
202603300636,   4.416,9999.000,9999.000,9999.000,9999.000,9999.000,9999.000,9999.000,9999.000
202603300642,   4.343,9999.000,9999.000,9999.000,9999.000,9999.000,9999.000,9999.000,9999.000
202603300648,   4.267,9999.000,9999.000,9999.000,9999.000,9999.000,9999.000,9999.000,9999.000
202603300654,   4.187,9999.000,9999.000,9999.000,9999.000,9999.000,9999.000,9999.000,9999.000
202603300700,   4.106,9999.000,   0.500,   0.017,   4.623,   0.400,   4.523,   0.500,   4.623
202603300706,   4.021,9999.000,9999.000,9999.000,9999.000,9999.000,9999.000,9999.000,9999.000
202603300712,   3.935,9999.000,9999.000,9999.000,9999.000,9999.000,9999.000,9999.000,9999.000
202603300718,   3.846,9999.000,9999.000,9999.000,9999.000,9999.000,9999.000,9999.000,9999.000
202603300724,   3.756,9999.000,9999.000,9999.000,9999.000,9999.000,9999.000,9999.000,9999.000
202603300730,   3.665,9999.000,9999.000,9999.000,9999.000,9999.000,9999.000,9999.000,9999.000
202603300736,   3.572,9999.000,9999.000,9999.000,9999.000,9999.000,9999.000,9999.000,9999.000
202603300742,   3.479,9999.000,9999.000,9999.000,9999.000,9999.000,9999.000,9999.000,9999.000
202603300748,   3.384,9999.000,9999.000,9999.000,9999.000,9999.000,9999.000,9999.000,9999.000
202603300754,   3.290,9999.000,9999.000,9999.000,9999.000,9999.000,9999.000,9999.000,9999.000
202603300800,   3.195,9999.000,   0.400,   0.017,   3.612,   0.300,   3.512,   0.500,   3.712
202603300806,   3.101,9999.000,9999.000,9999.000,9999.000,9999.000,9999.000,9999.000,9999.000
202603300812,   3.007,9999.000,9999.000,9999.000,9999.000,9999.000,9999.000,9999.000,9999.000
202603300818,   2.914,9999.000,9999.000,9999.000,9999.000,9999.000,9999.000,9999.000,9999.000
202603300824,   2.821,9999.000,9999.000,9999.000,9999.000,9999.000,9999.000,9999.000,9999.000
202603300830,   2.730,9999.000,9999.000,9999.000,9999.000,9999.000,9999.000,9999.000,9999.000
202603300836,   2.641,9999.000,9999.000,9999.000,9999.000,9999.000,9999.000,9999.000,9999.000
202603300842,   2.553,9999.000,9999.000,9999.000,9999.000,9999.000,9999.000,9999.000,9999.000
202603300848,   2.468,9999.000,9999.000,9999.000,9999.000,9999.000,9999.000,9999.000,9999.000
202603300854,   2.384,9999.000,9999.000,9999.000,9999.000,9999.000,9999.000,9999.000,9999.000
202603300900,   2.304,9999.000,   0.300,   0.017,   2.621,   0.300,   2.621,   0.400,   2.721
202603300906,   2.226,9999.000,9999.000,9999.000,9999.000,9999.000,9999.000,9999.000,9999.000
202603300912,   2.151,9999.000,9999.000,9999.000,9999.000,9999.000,9999.000,9999.000,9999.000
202603300918,   2.079,9999.000,9999.000,9999.000,9999.000,9999.000,9999.000,9999.000,9999.000
202603300924,   2.010,9999.000,9999.000,9999.000,9999.000,9999.000,9999.000,9999.000,9999.000
202603300930,   1.946,9999.000,9999.000,9999.000,9999.000,9999.000,9999.000,9999.000,9999.000
202603300936,   1.885,9999.000,9999.000,9999.000,9999.000,9999.000,9999.000,9999.000,9999.000
202603300942,   1.828,9999.000,9999.000,9999.000,9999.000,9999.000,9999.000,9999.000,9999.000
202603300948,   1.776,9999.000,9999.000,9999.000,9999.000,9999.000,9999.000,9999.000,9999.000
202603300954,   1.728,9999.000,9999.000,9999.000,9999.000,9999.000,9999.000,9999.000,9999.000
202603301000,   1.684,9999.000,   0.400,   0.017,   2.101,   0.300,   2.001,   0.400,   2.101
202603301006,   1.645,9999.000,9999.000,9999.000,9999.000,9999.000,9999.000,9999.000,9999.000
202603301012,   1.611,9999.000,9999.000,9999.000,9999.000,9999.000,9999.000,9999.000,9999.000
202603301018,   1.582,9999.000,9999.000,9999.000,9999.000,9999.000,9999.000,9999.000,9999.000
202603301024,   1.558,9999.000,9999.000,9999.000,9999.000,9999.000,9999.000,9999.000,9999.000
202603301030,   1.539,9999.000,9999.000,9999.000,9999.000,9999.000,9999.000,9999.000,9999.000
202603301036,   1.525,9999.000,9999.000,9999.000,9999.000,9999.000,9999.000,9999.000,9999.000
202603301042,   1.517,9999.000,9999.000,9999.000,9999.000,9999.000,9999.000,9999.000,9999.000
202603301048,   1.513,9999.000,9999.000,9999.000,9999.000,9999.000,9999.000,9999.000,9999.000
202603301054,   1.515,9999.000,9999.000,9999.000,9999.000,9999.000,9999.000,9999.000,9999.000
202603301100,   1.522,9999.000,   0.500,   0.017,   2.039,   0.400,   1.939,   0.500,   2.039
202603301106,   1.535,9999.000,9999.000,9999.000,9999.000,9999.000,9999.000,9999.000,9999.000
202603301112,   1.552,9999.000,9999.000,9999.000,9999.000,9999.000,9999.000,9999.000,9999.000
202603301118,   1.575,9999.000,9999.000,9999.000,9999.000,9999.000,9999.000,9999.000,9999.000
202603301124,   1.603,9999.000,9999.000,9999.000,9999.000,9999.000,9999.000,9999.000,9999.000
202603301130,   1.636,9999.000,9999.000,9999.000,9999.000,9999.000,9999.000,9999.000,9999.000
202603301136,   1.673,9999.000,9999.000,9999.000,9999.000,9999.000,9999.000,9999.000,9999.000
202603301142,   1.716,9999.000,9999.000,9999.000,9999.000,9999.000,9999.000,9999.000,9999.000
202603301148,   1.763,9999.000,9999.000,9999.000,9999.000,9999.000,9999.000,9999.000,9999.000
202603301154,   1.815,9999.000,9999.000,9999.000,9999.000,9999.000,9999.000,9999.000,9999.000
202603301200,   1.871,9999.000,   0.400,   0.017,   2.288,   0.300,   2.188,   0.500,   2.388
202603301206,   1.931,9999.000,9999.000,9999.000,9999.000,9999.000,9999.000,9999.000,9999.000
202603301212,   1.996,9999.000,9999.000,9999.000,9999.000,9999.000,9999.000,9999.000,9999.000
202603301218,   2.064,9999.000,9999.000,9999.000,9999.000,9999.000,9999.000,9999.000,9999.000
202603301224,   2.136,9999.000,9999.000,9999.000,9999.000,9999.000,9999.000,9999.000,9999.000
202603301230,   2.211,9999.000,9999.000,9999.000,9999.000,9999.000,9999.000,9999.000,9999.000
202603301236,   2.290,9999.000,9999.000,9999.000,9999.000,9999.000,9999.000,9999.000,9999.000
202603301242,   2.371,9999.000,9999.000,9999.000,9999.000,9999.000,9999.000,9999.000,9999.000
202603301248,   2.456,9999.000,9999.000,9999.000,9999.000,9999.000,9999.000,9999.000,9999.000
202603301254,   2.543,9999.000,9999.000,9999.000,9999.000,9999.000,9999.000,9999.000,9999.000
202603301300,   2.632,9999.000,   0.300,   0.017,   2.949,   0.200,   2.849,   0.400,   3.049
202603301306,   2.723,9999.000,9999.000,9999.000,9999.000,9999.000,9999.000,9999.000,9999.000
202603301312,   2.816,9999.000,9999.000,9999.000,9999.000,9999.000,9999.000,9999.000,9999.000
202603301318,   2.911,9999.000,9999.000,9999.000,9999.000,9999.000,9999.000,9999.000,9999.000
202603301324,   3.007,9999.000,9999.000,9999.000,9999.000,9999.000,9999.000,9999.000,9999.000
202603301330,   3.104,9999.000,9999.000,9999.000,9999.000,9999.000,9999.000,9999.000,9999.000
202603301336,   3.201,9999.000,9999.000,9999.000,9999.000,9999.000,9999.000,9999.000,9999.000
202603301342,   3.300,9999.000,9999.000,9999.000,9999.000,9999.000,9999.000,9999.000,9999.000
202603301348,   3.398,9999.000,9999.000,9999.000,9999.000,9999.000,9999.000,9999.000,9999.000
202603301354,   3.496,9999.000,9999.000,9999.000,9999.000,9999.000,9999.000,9999.000,9999.000
202603301400,   3.594,9999.000,   0.400,   0.017,   4.011,   0.300,   3.911,   0.400,   4.011
202603301406,   3.692,9999.000,9999.000,9999.000,9999.000,9999.000,9999.000,9999.000,9999.000
202603301412,   3.788,9999.000,9999.000,9999.000,9999.000,9999.000,9999.000,9999.000,9999.000
202603301418,   3.884,9999.000,9999.000,9999.000,9999.000,9999.000,9999.000,9999.000,9999.000
202603301424,   3.978,9999.000,9999.000,9999.000,9999.000,9999.000,9999.000,9999.000,9999.000
202603301430,   4.070,9999.000,9999.000,9999.000,9999.000,9999.000,9999.000,9999.000,9999.000
202603301436,   4.160,9999.000,9999.000,9999.000,9999.000,9999.000,9999.000,9999.000,9999.000
202603301442,   4.249,9999.000,9999.000,9999.000,9999.000,9999.000,9999.000,9999.000,9999.000
202603301448,   4.334,9999.000,9999.000,9999.000,9999.000,9999.000,9999.000,9999.000,9999.000
202603301454,   4.417,9999.000,9999.000,9999.000,9999.000,9999.000,9999.000,9999.000,9999.000
202603301500,   4.497,9999.000,   0.500,   0.017,   5.014,   0.400,   4.914,   0.500,   5.014
202603301506,   4.574,9999.000,9999.000,9999.000,9999.000,9999.000,9999.000,9999.000,9999.000
202603301512,   4.648,9999.000,9999.000,9999.000,9999.000,9999.000,9999.000,9999.000,9999.000
202603301518,   4.717,9999.000,9999.000,9999.000,9999.000,9999.000,9999.000,9999.000,9999.000
202603301524,   4.783,9999.000,9999.000,9999.000,9999.000,9999.000,9999.000,9999.000,9999.000
202603301530,   4.845,9999.000,9999.000,9999.000,9999.000,9999.000,9999.000,9999.000,9999.000
202603301536,   4.902,9999.000,9999.000,9999.000,9999.000,9999.000,9999.000,9999.000,9999.000
202603301542,   4.955,9999.000,9999.000,9999.000,9999.000,9999.000,9999.000,9999.000,9999.000
202603301548,   5.003,9999.000,9999.000,9999.000,9999.000,9999.000,9999.000,9999.000,9999.000
202603301554,   5.046,9999.000,9999.000,9999.000,9999.000,9999.000,9999.000,9999.000,9999.000
202603301600,   5.085,9999.000,   0.400,   0.017,   5.502,   0.300,   5.402,   0.500,   5.602
202603301606,   5.118,9999.000,9999.000,9999.000,9999.000,9999.000,9999.000,9999.000,9999.000
202603301612,   5.146,9999.000,9999.000,9999.000,9999.000,9999.000,9999.000,9999.000,9999.000
202603301618,   5.168,9999.000,9999.000,9999.000,9999.000,9999.000,9999.000,9999.000,9999.000
202603301624,   5.185,9999.000,9999.000,9999.000,9999.000,9999.000,9999.000,9999.000,9999.000
202603301630,   5.196,9999.000,9999.000,9999.000,9999.000,9999.000,9999.000,9999.000,9999.000
202603301636,   5.202,9999.000,9999.000,9999.000,9999.000,9999.000,9999.000,9999.000,9999.000
202603301642,   5.202,9999.000,9999.000,9999.000,9999.000,9999.000,9999.000,9999.000,9999.000
202603301648,   5.196,9999.000,9999.000,9999.000,9999.000,9999.000,9999.000,9999.000,9999.000
202603301654,   5.184,9999.000,9999.000,9999.000,9999.000,9999.000,9999.000,9999.000,9999.000
202603301700,   5.166,9999.000,   0.300,   0.017,   5.483,   0.200,   5.383,   0.400,   5.583
202603301706,   5.143,9999.000,9999.000,9999.000,9999.000,9999.000,9999.000,9999.000,9999.000
202603301712,   5.114,9999.000,9999.000,9999.000,9999.000,9999.000,9999.000,9999.000,9999.000
202603301718,   5.079,9999.000,9999.000,9999.000,9999.000,9999.000,9999.000,9999.000,9999.000
202603301724,   5.038,9999.000,9999.000,9999.000,9999.000,9999.000,9999.000,9999.000,9999.000
202603301730,   4.992,9999.000,9999.000,9999.000,9999.000,9999.000,9999.000,9999.000,9999.000
202603301736,   4.940,9999.000,9999.000,9999.000,9999.000,9999.000,9999.000,9999.000,9999.000
202603301742,   4.883,9999.000,9999.000,9999.000,9999.000,9999.000,9999.000,9999.000,9999.000
202603301748,   4.821,9999.000,9999.000,9999.000,9999.000,9999.000,9999.000,9999.000,9999.000
202603301754,   4.753,9999.000,9999.000,9999.000,9999.000,9999.000,9999.000,9999.000,9999.000
202603301800,   4.681,9999.000,   0.300,   0.017,   4.998,   0.200,   4.898,   0.400,   5.098
202603301806,   4.603,9999.000,9999.000,9999.000,9999.000,9999.000,9999.000,9999.000,9999.000
202603301812,   4.521,9999.000,9999.000,9999.000,9999.000,9999.000,9999.000,9999.000,9999.000
202603301818,   4.435,9999.000,9999.000,9999.000,9999.000,9999.000,9999.000,9999.000,9999.000
202603301824,   4.344,9999.000,9999.000,9999.000,9999.000,9999.000,9999.000,9999.000,9999.000
202603301830,   4.249,9999.000,9999.000,9999.000,9999.000,9999.000,9999.000,9999.000,9999.000
202603301836,   4.150,9999.000,9999.000,9999.000,9999.000,9999.000,9999.000,9999.000,9999.000
202603301842,   4.047,9999.000,9999.000,9999.000,9999.000,9999.000,9999.000,9999.000,9999.000
202603301848,   3.942,9999.000,9999.000,9999.000,9999.000,9999.000,9999.000,9999.000,9999.000
202603301854,   3.832,9999.000,9999.000,9999.000,9999.000,9999.000,9999.000,9999.000,9999.000
202603301900,   3.720,9999.000,   0.500,   0.017,   4.237,   0.400,   4.137,   0.500,   4.237
202603301906,   3.606,9999.000,9999.000,9999.000,9999.000,9999.000,9999.000,9999.000,9999.000
202603301912,   3.488,9999.000,9999.000,9999.000,9999.000,9999.000,9999.000,9999.000,9999.000
202603301918,   3.369,9999.000,9999.000,9999.000,9999.000,9999.000,9999.000,9999.000,9999.000
202603301924,   3.248,9999.000,9999.000,9999.000,9999.000,9999.000,9999.000,9999.000,9999.000
202603301930,   3.125,9999.000,9999.000,9999.000,9999.000,9999.000,9999.000,9999.000,9999.000
202603301936,   3.000,9999.000,9999.000,9999.000,9999.000,9999.000,9999.000,9999.000,9999.000
202603301942,   2.875,9999.000,9999.000,9999.000,9999.000,9999.000,9999.000,9999.000,9999.000
202603301948,   2.749,9999.000,9999.000,9999.000,9999.000,9999.000,9999.000,9999.000,9999.000
202603301954,   2.622,9999.000,9999.000,9999.000,9999.000,9999.000,9999.000,9999.000,9999.000
202603302000,   2.496,9999.000,   0.400,   0.017,   2.913,   0.300,   2.813,   0.500,   3.013
202603302006,   2.369,9999.000,9999.000,9999.000,9999.000,9999.000,9999.000,9999.000,9999.000
202603302012,   2.243,9999.000,9999.000,9999.000,9999.000,9999.000,9999.000,9999.000,9999.000
202603302018,   2.117,9999.000,9999.000,9999.000,9999.000,9999.000,9999.000,9999.000,9999.000
202603302024,   1.992,9999.000,9999.000,9999.000,9999.000,9999.000,9999.000,9999.000,9999.000
202603302030,   1.869,9999.000,9999.000,9999.000,9999.000,9999.000,9999.000,9999.000,9999.000
202603302036,   1.747,9999.000,9999.000,9999.000,9999.000,9999.000,9999.000,9999.000,9999.000
202603302042,   1.627,9999.000,9999.000,9999.000,9999.000,9999.000,9999.000,9999.000,9999.000
202603302048,   1.509,9999.000,9999.000,9999.000,9999.000,9999.000,9999.000,9999.000,9999.000
202603302054,   1.394,9999.000,9999.000,9999.000,9999.000,9999.000,9999.000,9999.000,9999.000
202603302100,   1.281,9999.000,   0.300,   0.017,   1.598,   0.200,   1.498,   0.400,   1.698
202603302106,   1.171,9999.000,9999.000,9999.000,9999.000,9999.000,9999.000,9999.000,9999.000
202603302112,   1.065,9999.000,9999.000,9999.000,9999.000,9999.000,9999.000,9999.000,9999.000
202603302118,   0.962,9999.000,9999.000,9999.000,9999.000,9999.000,9999.000,9999.000,9999.000
202603302124,   0.863,9999.000,9999.000,9999.000,9999.000,9999.000,9999.000,9999.000,9999.000
202603302130,   0.768,9999.000,9999.000,9999.000,9999.000,9999.000,9999.000,9999.000,9999.000
202603302136,   0.677,9999.000,9999.000,9999.000,9999.000,9999.000,9999.000,9999.000,9999.000
202603302142,   0.590,9999.000,9999.000,9999.000,9999.000,9999.000,9999.000,9999.000,9999.000
202603302148,   0.509,9999.000,9999.000,9999.000,9999.000,9999.000,9999.000,9999.000,9999.000
202603302154,   0.432,9999.000,9999.000,9999.000,9999.000,9999.000,9999.000,9999.000,9999.000
202603302200,   0.361,9999.000,   0.300,   0.017,   0.678,   0.200,   0.578,   0.400,   0.778
202603302206,   0.295,9999.000,9999.000,9999.000,9999.000,9999.000,9999.000,9999.000,9999.000
202603302212,   0.234,9999.000,9999.000,9999.000,9999.000,9999.000,9999.000,9999.000,9999.000
202603302218,   0.179,9999.000,9999.000,9999.000,9999.000,9999.000,9999.000,9999.000,9999.000
202603302224,   0.130,9999.000,9999.000,9999.000,9999.000,9999.000,9999.000,9999.000,9999.000
202603302230,   0.087,9999.000,9999.000,9999.000,9999.000,9999.000,9999.000,9999.000,9999.000
202603302236,   0.050,9999.000,9999.000,9999.000,9999.000,9999.000,9999.000,9999.000,9999.000
202603302242,   0.019,9999.000,9999.000,9999.000,9999.000,9999.000,9999.000,9999.000,9999.000
202603302248,  -0.005,9999.000,9999.000,9999.000,9999.000,9999.000,9999.000,9999.000,9999.000
202603302254,  -0.023,9999.000,9999.000,9999.000,9999.000,9999.000,9999.000,9999.000,9999.000
202603302300,  -0.035,9999.000,   0.400,   0.017,   0.382,   0.300,   0.282,   0.500,   0.482
202603302306,  -0.040,9999.000,9999.000,9999.000,9999.000,9999.000,9999.000,9999.000,9999.000
202603302312,  -0.040,9999.000,9999.000,9999.000,9999.000,9999.000,9999.000,9999.000,9999.000
202603302318,  -0.032,9999.000,9999.000,9999.000,9999.000,9999.000,9999.000,9999.000,9999.000
202603302324,  -0.019,9999.000,9999.000,9999.000,9999.000,9999.000,9999.000,9999.000,9999.000
202603302330,   0.000,9999.000,9999.000,9999.000,9999.000,9999.000,9999.000,9999.000,9999.000
202603302336,   0.027,9999.000,9999.000,9999.000,9999.000,9999.000,9999.000,9999.000,9999.000
202603302342,   0.059,9999.000,9999.000,9999.000,9999.000,9999.000,9999.000,9999.000,9999.000
202603302348,   0.098,9999.000,9999.000,9999.000,9999.000,9999.000,9999.000,9999.000,9999.000
202603302354,   0.142,9999.000,9999.000,9999.000,9999.000,9999.000,9999.000,9999.000,9999.000
202603310000,   0.193,9999.000,   0.400,   0.017,   0.610,   0.300,   0.510,   0.500,   0.710
202603310006,   0.249,9999.000,9999.000,9999.000,9999.000,9999.000,9999.000,9999.000,9999.000
202603310012,   0.311,9999.000,9999.000,9999.000,9999.000,9999.000,9999.000,9999.000,9999.000
202603310018,   0.379,9999.000,9999.000,9999.000,9999.000,9999.000,9999.000,9999.000,9999.000
202603310024,   0.452,9999.000,9999.000,9999.000,9999.000,9999.000,9999.000,9999.000,9999.000
202603310030,   0.530,9999.000,9999.000,9999.000,9999.000,9999.000,9999.000,9999.000,9999.000
202603310036,   0.613,9999.000,9999.000,9999.000,9999.000,9999.000,9999.000,9999.000,9999.000
202603310042,   0.700,9999.000,9999.000,9999.000,9999.000,9999.000,9999.000,9999.000,9999.000
202603310048,   0.792,9999.000,9999.000,9999.000,9999.000,9999.000,9999.000,9999.000,9999.000
202603310054,   0.889,9999.000,9999.000,9999.000,9999.000,9999.000,9999.000,9999.000,9999.000
202603310100,   0.989,9999.000,   0.300,   0.017,   1.306,   0.200,   1.206,   0.400,   1.406
202603310106,   1.094,9999.000,9999.000,9999.000,9999.000,9999.000,9999.000,9999.000,9999.000
202603310112,   1.202,9999.000,9999.000,9999.000,9999.000,9999.000,9999.000,9999.000,9999.000
202603310118,   1.313,9999.000,9999.000,9999.000,9999.000,9999.000,9999.000,9999.000,9999.000
202603310124,   1.427,9999.000,9999.000,9999.000,9999.000,9999.000,9999.000,9999.000,9999.000
202603310130,   1.544,9999.000,9999.000,9999.000,9999.000,9999.000,9999.000,9999.000,9999.000
202603310136,   1.664,9999.000,9999.000,9999.000,9999.000,9999.000,9999.000,9999.000,9999.000
202603310142,   1.786,9999.000,9999.000,9999.000,9999.000,9999.000,9999.000,9999.000,9999.000
202603310148,   1.910,9999.000,9999.000,9999.000,9999.000,9999.000,9999.000,9999.000,9999.000
202603310154,   2.035,9999.000,9999.000,9999.000,9999.000,9999.000,9999.000,9999.000,9999.000
202603310200,   2.162,9999.000,   0.300,   0.017,   2.479,   0.200,   2.379,   0.500,   2.679
202603310206,   2.290,9999.000,9999.000,9999.000,9999.000,9999.000,9999.000,9999.000,9999.000
202603310212,   2.418,9999.000,9999.000,9999.000,9999.000,9999.000,9999.000,9999.000,9999.000
202603310218,   2.547,9999.000,9999.000,9999.000,9999.000,9999.000,9999.000,9999.000,9999.000
202603310224,   2.677,9999.000,9999.000,9999.000,9999.000,9999.000,9999.000,9999.000,9999.000
202603310230,   2.806,9999.000,9999.000,9999.000,9999.000,9999.000,9999.000,9999.000,9999.000
202603310236,   2.935,9999.000,9999.000,9999.000,9999.000,9999.000,9999.000,9999.000,9999.000
202603310242,   3.062,9999.000,9999.000,9999.000,9999.000,9999.000,9999.000,9999.000,9999.000
202603310248,   3.189,9999.000,9999.000,9999.000,9999.000,9999.000,9999.000,9999.000,9999.000
202603310254,   3.315,9999.000,9999.000,9999.000,9999.000,9999.000,9999.000,9999.000,9999.000
202603310300,   3.439,9999.000,   0.400,   0.017,   3.856,   0.300,   3.756,   0.500,   3.956
202603310306,   3.560,9999.000,9999.000,9999.000,9999.000,9999.000,9999.000,9999.000,9999.000
202603310312,   3.680,9999.000,9999.000,9999.000,9999.000,9999.000,9999.000,9999.000,9999.000
202603310318,   3.797,9999.000,9999.000,9999.000,9999.000,9999.000,9999.000,9999.000,9999.000
202603310324,   3.911,9999.000,9999.000,9999.000,9999.000,9999.000,9999.000,9999.000,9999.000
202603310330,   4.022,9999.000,9999.000,9999.000,9999.000,9999.000,9999.000,9999.000,9999.000
202603310336,   4.130,9999.000,9999.000,9999.000,9999.000,9999.000,9999.000,9999.000,9999.000
202603310342,   4.234,9999.000,9999.000,9999.000,9999.000,9999.000,9999.000,9999.000,9999.000
202603310348,   4.334,9999.000,9999.000,9999.000,9999.000,9999.000,9999.000,9999.000,9999.000
202603310354,   4.429,9999.000,9999.000,9999.000,9999.000,9999.000,9999.000,9999.000,9999.000
202603310400,   4.521,9999.000,   0.400,   0.017,   4.938,   0.300,   4.838,   0.500,   5.038
202603310406,   4.608,9999.000,9999.000,9999.000,9999.000,9999.000,9999.000,9999.000,9999.000
202603310412,   4.690,9999.000,9999.000,9999.000,9999.000,9999.000,9999.000,9999.000,9999.000
202603310418,   4.767,9999.000,9999.000,9999.000,9999.000,9999.000,9999.000,9999.000,9999.000
202603310424,   4.838,9999.000,9999.000,9999.000,9999.000,9999.000,9999.000,9999.000,9999.000
202603310430,   4.905,9999.000,9999.000,9999.000,9999.000,9999.000,9999.000,9999.000,9999.000
202603310436,   4.966,9999.000,9999.000,9999.000,9999.000,9999.000,9999.000,9999.000,9999.000
202603310442,   5.021,9999.000,9999.000,9999.000,9999.000,9999.000,9999.000,9999.000,9999.000
202603310448,   5.071,9999.000,9999.000,9999.000,9999.000,9999.000,9999.000,9999.000,9999.000
202603310454,   5.114,9999.000,9999.000,9999.000,9999.000,9999.000,9999.000,9999.000,9999.000
202603310500,   5.152,9999.000,   0.300,   0.017,   5.469,   0.100,   5.269,   0.400,   5.569
202603310506,   5.183,9999.000,9999.000,9999.000,9999.000,9999.000,9999.000,9999.000,9999.000
202603310512,   5.209,9999.000,9999.000,9999.000,9999.000,9999.000,9999.000,9999.000,9999.000
202603310518,   5.228,9999.000,9999.000,9999.000,9999.000,9999.000,9999.000,9999.000,9999.000
202603310524,   5.242,9999.000,9999.000,9999.000,9999.000,9999.000,9999.000,9999.000,9999.000
202603310530,   5.249,9999.000,9999.000,9999.000,9999.000,9999.000,9999.000,9999.000,9999.000
202603310536,   5.250,9999.000,9999.000,9999.000,9999.000,9999.000,9999.000,9999.000,9999.000
202603310542,   5.245,9999.000,9999.000,9999.000,9999.000,9999.000,9999.000,9999.000,9999.000
202603310548,   5.234,9999.000,9999.000,9999.000,9999.000,9999.000,9999.000,9999.000,9999.000
202603310554,   5.217,9999.000,9999.000,9999.000,9999.000,9999.000,9999.000,9999.000,9999.000
202603310600,   5.194,9999.000,   0.300,   0.017,   5.511,   0.200,   5.411,   0.400,   5.611
202603310606,   5.165,9999.000,9999.000,9999.000,9999.000,9999.000,9999.000,9999.000,9999.000
202603310612,   5.131,9999.000,9999.000,9999.000,9999.000,9999.000,9999.000,9999.000,9999.000
202603310618,   5.091,9999.000,9999.000,9999.000,9999.000,9999.000,9999.000,9999.000,9999.000
202603310624,   5.046,9999.000,9999.000,9999.000,9999.000,9999.000,9999.000,9999.000,9999.000
202603310630,   4.995,9999.000,9999.000,9999.000,9999.000,9999.000,9999.000,9999.000,9999.000
202603310636,   4.939,9999.000,9999.000,9999.000,9999.000,9999.000,9999.000,9999.000,9999.000
202603310642,   4.878,9999.000,9999.000,9999.000,9999.000,9999.000,9999.000,9999.000,9999.000
202603310648,   4.813,9999.000,9999.000,9999.000,9999.000,9999.000,9999.000,9999.000,9999.000
202603310654,   4.743,9999.000,9999.000,9999.000,9999.000,9999.000,9999.000,9999.000,9999.000
202603310700,   4.668,9999.000,   0.400,   0.017,   5.085,   0.300,   4.985,   0.500,   5.185
202603310706,   4.590,9999.000,9999.000,9999.000,9999.000,9999.000,9999.000,9999.000,9999.000
202603310712,   4.507,9999.000,9999.000,9999.000,9999.000,9999.000,9999.000,9999.000,9999.000
202603310718,   4.421,9999.000,9999.000,9999.000,9999.000,9999.000,9999.000,9999.000,9999.000
202603310724,   4.331,9999.000,9999.000,9999.000,9999.000,9999.000,9999.000,9999.000,9999.000
202603310730,   4.238,9999.000,9999.000,9999.000,9999.000,9999.000,9999.000,9999.000,9999.000
202603310736,   4.142,9999.000,9999.000,9999.000,9999.000,9999.000,9999.000,9999.000,9999.000
202603310742,   4.043,9999.000,9999.000,9999.000,9999.000,9999.000,9999.000,9999.000,9999.000
202603310748,   3.942,9999.000,9999.000,9999.000,9999.000,9999.000,9999.000,9999.000,9999.000
202603310754,   3.838,9999.000,9999.000,9999.000,9999.000,9999.000,9999.000,9999.000,9999.000
202603310800,   3.733,9999.000,   0.300,   0.017,   4.050,   0.300,   4.050,   0.400,   4.150
202603310806,   3.626,9999.000,9999.000,9999.000,9999.000,9999.000,9999.000,9999.000,9999.000
202603310812,   3.517,9999.000,9999.000,9999.000,9999.000,9999.000,9999.000,9999.000,9999.000
202603310818,   3.408,9999.000,9999.000,9999.000,9999.000,9999.000,9999.000,9999.000,9999.000
202603310824,   3.297,9999.000,9999.000,9999.000,9999.000,9999.000,9999.000,9999.000,9999.000
202603310830,   3.186,9999.000,9999.000,9999.000,9999.000,9999.000,9999.000,9999.000,9999.000
202603310836,   3.075,9999.000,9999.000,9999.000,9999.000,9999.000,9999.000,9999.000,9999.000
202603310842,   2.964,9999.000,9999.000,9999.000,9999.000,9999.000,9999.000,9999.000,9999.000
202603310848,   2.854,9999.000,9999.000,9999.000,9999.000,9999.000,9999.000,9999.000,9999.000
202603310854,   2.744,9999.000,9999.000,9999.000,9999.000,9999.000,9999.000,9999.000,9999.000
202603310900,   2.635,9999.000,   0.300,   0.017,   2.952,   0.200,   2.852,   0.400,   3.052
202603310906,   2.528,9999.000,9999.000,9999.000,9999.000,9999.000,9999.000,9999.000,9999.000
202603310912,   2.422,9999.000,9999.000,9999.000,9999.000,9999.000,9999.000,9999.000,9999.000
202603310918,   2.318,9999.000,9999.000,9999.000,9999.000,9999.000,9999.000,9999.000,9999.000
202603310924,   2.216,9999.000,9999.000,9999.000,9999.000,9999.000,9999.000,9999.000,9999.000
202603310930,   2.116,9999.000,9999.000,9999.000,9999.000,9999.000,9999.000,9999.000,9999.000
202603310936,   2.019,9999.000,9999.000,9999.000,9999.000,9999.000,9999.000,9999.000,9999.000
202603310942,   1.925,9999.000,9999.000,9999.000,9999.000,9999.000,9999.000,9999.000,9999.000
202603310948,   1.835,9999.000,9999.000,9999.000,9999.000,9999.000,9999.000,9999.000,9999.000
202603310954,   1.748,9999.000,9999.000,9999.000,9999.000,9999.000,9999.000,9999.000,9999.000
202603311000,   1.664,9999.000,   0.300,   0.017,   1.981,   0.200,   1.881,   0.400,   2.081
202603311006,   1.585,9999.000,9999.000,9999.000,9999.000,9999.000,9999.000,9999.000,9999.000
202603311012,   1.510,9999.000,9999.000,9999.000,9999.000,9999.000,9999.000,9999.000,9999.000
202603311018,   1.439,9999.000,9999.000,9999.000,9999.000,9999.000,9999.000,9999.000,9999.000
202603311024,   1.373,9999.000,9999.000,9999.000,9999.000,9999.000,9999.000,9999.000,9999.000
202603311030,   1.311,9999.000,9999.000,9999.000,9999.000,9999.000,9999.000,9999.000,9999.000
202603311036,   1.255,9999.000,9999.000,9999.000,9999.000,9999.000,9999.000,9999.000,9999.000
202603311042,   1.203,9999.000,9999.000,9999.000,9999.000,9999.000,9999.000,9999.000,9999.000
202603311048,   1.157,9999.000,9999.000,9999.000,9999.000,9999.000,9999.000,9999.000,9999.000
202603311054,   1.116,9999.000,9999.000,9999.000,9999.000,9999.000,9999.000,9999.000,9999.000
202603311100,   1.081,9999.000,   0.500,   0.017,   1.598,   0.400,   1.498,   0.500,   1.598
202603311106,   1.051,9999.000,9999.000,9999.000,9999.000,9999.000,9999.000,9999.000,9999.000
202603311112,   1.026,9999.000,9999.000,9999.000,9999.000,9999.000,9999.000,9999.000,9999.000
202603311118,   1.008,9999.000,9999.000,9999.000,9999.000,9999.000,9999.000,9999.000,9999.000
202603311124,   0.994,9999.000,9999.000,9999.000,9999.000,9999.000,9999.000,9999.000,9999.000
202603311130,   0.987,9999.000,9999.000,9999.000,9999.000,9999.000,9999.000,9999.000,9999.000
202603311136,   0.986,9999.000,9999.000,9999.000,9999.000,9999.000,9999.000,9999.000,9999.000
202603311142,   0.990,9999.000,9999.000,9999.000,9999.000,9999.000,9999.000,9999.000,9999.000
202603311148,   1.000,9999.000,9999.000,9999.000,9999.000,9999.000,9999.000,9999.000,9999.000
202603311154,   1.015,9999.000,9999.000,9999.000,9999.000,9999.000,9999.000,9999.000,9999.000
202603311200,   1.036,9999.000,   0.400,   0.017,   1.453,   0.300,   1.353,   0.500,   1.553
202603311206,   1.063,9999.000,9999.000,9999.000,9999.000,9999.000,9999.000,9999.000,9999.000
202603311212,   1.095,9999.000,9999.000,9999.000,9999.000,9999.000,9999.000,9999.000,9999.000
202603311218,   1.132,9999.000,9999.000,9999.000,9999.000,9999.000,9999.000,9999.000,9999.000
202603311224,   1.174,9999.000,9999.000,9999.000,9999.000,9999.000,9999.000,9999.000,9999.000
202603311230,   1.222,9999.000,9999.000,9999.000,9999.000,9999.000,9999.000,9999.000,9999.000
202603311236,   1.274,9999.000,9999.000,9999.000,9999.000,9999.000,9999.000,9999.000,9999.000
202603311242,   1.332,9999.000,9999.000,9999.000,9999.000,9999.000,9999.000,9999.000,9999.000
202603311248,   1.394,9999.000,9999.000,9999.000,9999.000,9999.000,9999.000,9999.000,9999.000
202603311254,   1.460,9999.000,9999.000,9999.000,9999.000,9999.000,9999.000,9999.000,9999.000
202603311300,   1.531,9999.000,   0.300,   0.017,   1.848,   0.200,   1.748,   0.400,   1.948
202603311306,   1.605,9999.000,9999.000,9999.000,9999.000,9999.000,9999.000,9999.000,9999.000
202603311312,   1.684,9999.000,9999.000,9999.000,9999.000,9999.000,9999.000,9999.000,9999.000
202603311318,   1.766,9999.000,9999.000,9999.000,9999.000,9999.000,9999.000,9999.000,9999.000
202603311324,   1.852,9999.000,9999.000,9999.000,9999.000,9999.000,9999.000,9999.000,9999.000
202603311330,   1.941,9999.000,9999.000,9999.000,9999.000,9999.000,9999.000,9999.000,9999.000
202603311336,   2.033,9999.000,9999.000,9999.000,9999.000,9999.000,9999.000,9999.000,9999.000
202603311342,   2.128,9999.000,9999.000,9999.000,9999.000,9999.000,9999.000,9999.000,9999.000
202603311348,   2.225,9999.000,9999.000,9999.000,9999.000,9999.000,9999.000,9999.000,9999.000
202603311354,   2.324,9999.000,9999.000,9999.000,9999.000,9999.000,9999.000,9999.000,9999.000
202603311400,   2.425,9999.000,   0.400,   0.017,   2.842,   0.200,   2.642,   0.400,   2.842
202603311406,   2.528,9999.000,9999.000,9999.000,9999.000,9999.000,9999.000,9999.000,9999.000
202603311412,   2.632,9999.000,9999.000,9999.000,9999.000,9999.000,9999.000,9999.000,9999.000
202603311418,   2.738,9999.000,9999.000,9999.000,9999.000,9999.000,9999.000,9999.000,9999.000
202603311424,   2.844,9999.000,9999.000,9999.000,9999.000,9999.000,9999.000,9999.000,9999.000
202603311430,   2.951,9999.000,9999.000,9999.000,9999.000,9999.000,9999.000,9999.000,9999.000
202603311436,   3.058,9999.000,9999.000,9999.000,9999.000,9999.000,9999.000,9999.000,9999.000
202603311442,   3.165,9999.000,9999.000,9999.000,9999.000,9999.000,9999.000,9999.000,9999.000
202603311448,   3.271,9999.000,9999.000,9999.000,9999.000,9999.000,9999.000,9999.000,9999.000
202603311454,   3.377,9999.000,9999.000,9999.000,9999.000,9999.000,9999.000,9999.000,9999.000
202603311500,   3.482,9999.000,   0.400,   0.017,   3.899,   0.300,   3.799,   0.500,   3.999
202603311506,   3.586,9999.000,9999.000,9999.000,9999.000,9999.000,9999.000,9999.000,9999.000
202603311512,   3.688,9999.000,9999.000,9999.000,9999.000,9999.000,9999.000,9999.000,9999.000
202603311518,   3.788,9999.000,9999.000,9999.000,9999.000,9999.000,9999.000,9999.000,9999.000
202603311524,   3.887,9999.000,9999.000,9999.000,9999.000,9999.000,9999.000,9999.000,9999.000
202603311530,   3.982,9999.000,9999.000,9999.000,9999.000,9999.000,9999.000,9999.000,9999.000
202603311536,   4.075,9999.000,9999.000,9999.000,9999.000,9999.000,9999.000,9999.000,9999.000
202603311542,   4.166,9999.000,9999.000,9999.000,9999.000,9999.000,9999.000,9999.000,9999.000
202603311548,   4.252,9999.000,9999.000,9999.000,9999.000,9999.000,9999.000,9999.000,9999.000
202603311554,   4.336,9999.000,9999.000,9999.000,9999.000,9999.000,9999.000,9999.000,9999.000
202603311600,   4.415,9999.000,   0.400,   0.017,   4.832,   0.300,   4.732,   0.500,   4.932
202603311606,   4.491,9999.000,9999.000,9999.000,9999.000,9999.000,9999.000,9999.000,9999.000
202603311612,   4.563,9999.000,9999.000,9999.000,9999.000,9999.000,9999.000,9999.000,9999.000
202603311618,   4.630,9999.000,9999.000,9999.000,9999.000,9999.000,9999.000,9999.000,9999.000
202603311624,   4.692,9999.000,9999.000,9999.000,9999.000,9999.000,9999.000,9999.000,9999.000
202603311630,   4.750,9999.000,9999.000,9999.000,9999.000,9999.000,9999.000,9999.000,9999.000
202603311636,   4.802,9999.000,9999.000,9999.000,9999.000,9999.000,9999.000,9999.000,9999.000
202603311642,   4.850,9999.000,9999.000,9999.000,9999.000,9999.000,9999.000,9999.000,9999.000
202603311648,   4.892,9999.000,9999.000,9999.000,9999.000,9999.000,9999.000,9999.000,9999.000
202603311654,   4.929,9999.000,9999.000,9999.000,9999.000,9999.000,9999.000,9999.000,9999.000
202603311700,   4.960,9999.000,   0.300,   0.017,   5.277,   0.200,   5.177,   0.400,   5.377
202603311706,   4.986,9999.000,9999.000,9999.000,9999.000,9999.000,9999.000,9999.000,9999.000
202603311712,   5.006,9999.000,9999.000,9999.000,9999.000,9999.000,9999.000,9999.000,9999.000
202603311718,   5.020,9999.000,9999.000,9999.000,9999.000,9999.000,9999.000,9999.000,9999.000
202603311724,   5.029,9999.000,9999.000,9999.000,9999.000,9999.000,9999.000,9999.000,9999.000
202603311730,   5.031,9999.000,9999.000,9999.000,9999.000,9999.000,9999.000,9999.000,9999.000
202603311736,   5.028,9999.000,9999.000,9999.000,9999.000,9999.000,9999.000,9999.000,9999.000
202603311742,   5.019,9999.000,9999.000,9999.000,9999.000,9999.000,9999.000,9999.000,9999.000
202603311748,   5.004,9999.000,9999.000,9999.000,9999.000,9999.000,9999.000,9999.000,9999.000
202603311754,   4.984,9999.000,9999.000,9999.000,9999.000,9999.000,9999.000,9999.000,9999.000
202603311800,   4.957,9999.000,   0.400,   0.017,   5.374,   0.300,   5.274,   0.400,   5.374
202603311806,   4.925,9999.000,9999.000,9999.000,9999.000,9999.000,9999.000,9999.000,9999.000
202603311812,   4.888,9999.000,9999.000,9999.000,9999.000,9999.000,9999.000,9999.000,9999.000
202603311818,   4.845,9999.000,9999.000,9999.000,9999.000,9999.000,9999.000,9999.000,9999.000
202603311824,   4.796,9999.000,9999.000,9999.000,9999.000,9999.000,9999.000,9999.000,9999.000
202603311830,   4.743,9999.000,9999.000,9999.000,9999.000,9999.000,9999.000,9999.000,9999.000
202603311836,   4.684,9999.000,9999.000,9999.000,9999.000,9999.000,9999.000,9999.000,9999.000
202603311842,   4.620,9999.000,9999.000,9999.000,9999.000,9999.000,9999.000,9999.000,9999.000
202603311848,   4.551,9999.000,9999.000,9999.000,9999.000,9999.000,9999.000,9999.000,9999.000
202603311854,   4.478,9999.000,9999.000,9999.000,9999.000,9999.000,9999.000,9999.000,9999.000
202603311900,   4.400,9999.000,   0.500,   0.017,   4.917,   0.400,   4.817,   0.500,   4.917
202603311906,   4.318,9999.000,9999.000,9999.000,9999.000,9999.000,9999.000,9999.000,9999.000
202603311912,   4.232,9999.000,9999.000,9999.000,9999.000,9999.000,9999.000,9999.000,9999.000
202603311918,   4.142,9999.000,9999.000,9999.000,9999.000,9999.000,9999.000,9999.000,9999.000
202603311924,   4.048,9999.000,9999.000,9999.000,9999.000,9999.000,9999.000,9999.000,9999.000
202603311930,   3.951,9999.000,9999.000,9999.000,9999.000,9999.000,9999.000,9999.000,9999.000
202603311936,   3.851,9999.000,9999.000,9999.000,9999.000,9999.000,9999.000,9999.000,9999.000
202603311942,   3.748,9999.000,9999.000,9999.000,9999.000,9999.000,9999.000,9999.000,9999.000
202603311948,   3.642,9999.000,9999.000,9999.000,9999.000,9999.000,9999.000,9999.000,9999.000
202603311954,   3.533,9999.000,9999.000,9999.000,9999.000,9999.000,9999.000,9999.000,9999.000
202603312000,   3.423,9999.000,   0.400,   0.017,   3.840,   0.300,   3.740,   0.500,   3.940
202603312006,   3.310,9999.000,9999.000,9999.000,9999.000,9999.000,9999.000,9999.000,9999.000
202603312012,   3.196,9999.000,9999.000,9999.000,9999.000,9999.000,9999.000,9999.000,9999.000
202603312018,   3.081,9999.000,9999.000,9999.000,9999.000,9999.000,9999.000,9999.000,9999.000
202603312024,   2.964,9999.000,9999.000,9999.000,9999.000,9999.000,9999.000,9999.000,9999.000
202603312030,   2.847,9999.000,9999.000,9999.000,9999.000,9999.000,9999.000,9999.000,9999.000
202603312036,   2.729,9999.000,9999.000,9999.000,9999.000,9999.000,9999.000,9999.000,9999.000
202603312042,   2.611,9999.000,9999.000,9999.000,9999.000,9999.000,9999.000,9999.000,9999.000
202603312048,   2.493,9999.000,9999.000,9999.000,9999.000,9999.000,9999.000,9999.000,9999.000
202603312054,   2.375,9999.000,9999.000,9999.000,9999.000,9999.000,9999.000,9999.000,9999.000
202603312100,   2.259,9999.000,   0.300,   0.017,   2.576,   0.100,   2.376,   0.400,   2.676
202603312106,   2.143,9999.000,9999.000,9999.000,9999.000,9999.000,9999.000,9999.000,9999.000
202603312112,   2.028,9999.000,9999.000,9999.000,9999.000,9999.000,9999.000,9999.000,9999.000
202603312118,   1.916,9999.000,9999.000,9999.000,9999.000,9999.000,9999.000,9999.000,9999.000
202603312124,   1.805,9999.000,9999.000,9999.000,9999.000,9999.000,9999.000,9999.000,9999.000
202603312130,   1.696,9999.000,9999.000,9999.000,9999.000,9999.000,9999.000,9999.000,9999.000
202603312136,   1.590,9999.000,9999.000,9999.000,9999.000,9999.000,9999.000,9999.000,9999.000
202603312142,   1.487,9999.000,9999.000,9999.000,9999.000,9999.000,9999.000,9999.000,9999.000
202603312148,   1.386,9999.000,9999.000,9999.000,9999.000,9999.000,9999.000,9999.000,9999.000
202603312154,   1.289,9999.000,9999.000,9999.000,9999.000,9999.000,9999.000,9999.000,9999.000
202603312200,   1.196,9999.000,   0.300,   0.017,   1.513,   0.200,   1.413,   0.400,   1.613
202603312206,   1.107,9999.000,9999.000,9999.000,9999.000,9999.000,9999.000,9999.000,9999.000
202603312212,   1.021,9999.000,9999.000,9999.000,9999.000,9999.000,9999.000,9999.000,9999.000
202603312218,   0.940,9999.000,9999.000,9999.000,9999.000,9999.000,9999.000,9999.000,9999.000
202603312224,   0.864,9999.000,9999.000,9999.000,9999.000,9999.000,9999.000,9999.000,9999.000
202603312230,   0.792,9999.000,9999.000,9999.000,9999.000,9999.000,9999.000,9999.000,9999.000
202603312236,   0.725,9999.000,9999.000,9999.000,9999.000,9999.000,9999.000,9999.000,9999.000
202603312242,   0.664,9999.000,9999.000,9999.000,9999.000,9999.000,9999.000,9999.000,9999.000
202603312248,   0.608,9999.000,9999.000,9999.000,9999.000,9999.000,9999.000,9999.000,9999.000
202603312254,   0.557,9999.000,9999.000,9999.000,9999.000,9999.000,9999.000,9999.000,9999.000
202603312300,   0.512,9999.000,   0.500,   0.017,   1.029,   0.300,   0.829,   0.600,   1.129
202603312306,   0.472,9999.000,9999.000,9999.000,9999.000,9999.000,9999.000,9999.000,9999.000
202603312312,   0.439,9999.000,9999.000,9999.000,9999.000,9999.000,9999.000,9999.000,9999.000
202603312318,   0.411,9999.000,9999.000,9999.000,9999.000,9999.000,9999.000,9999.000,9999.000
202603312324,   0.389,9999.000,9999.000,9999.000,9999.000,9999.000,9999.000,9999.000,9999.000
202603312330,   0.374,9999.000,9999.000,9999.000,9999.000,9999.000,9999.000,9999.000,9999.000
202603312336,   0.364,9999.000,9999.000,9999.000,9999.000,9999.000,9999.000,9999.000,9999.000
202603312342,   0.361,9999.000,9999.000,9999.000,9999.000,9999.000,9999.000,9999.000,9999.000
202603312348,   0.364,9999.000,9999.000,9999.000,9999.000,9999.000,9999.000,9999.000,9999.000
202603312354,   0.373,9999.000,9999.000,9999.000,9999.000,9999.000,9999.000,9999.000,9999.000
202604010000,   0.388,9999.000,   0.500,   0.017,   0.905,   0.400,   0.805,   0.600,   1.005
