        TIME,    TIDE,      OB,   SURGE,    BIAS,     TWL,SURGE90p,  TWL90p,SURGE10p,   TWL10p
202605260600,   2.433,   3.168,   0.200,   0.535,   3.168,   0.200,   3.168,   0.300,   3.268
202605260606,   2.552,9999.000,9999.000,9999.000,9999.000,9999.000,9999.000,9999.000,9999.000
202605260612,   2.671,   3.460,9999.000,9999.000,9999.000,9999.000,9999.000,9999.000,9999.000
202605260618,   2.789,9999.000,9999.000,9999.000,9999.000,9999.000,9999.000,9999.000,9999.000
202605260624,   2.906,   3.739,9999.000,9999.000,9999.000,9999.000,9999.000,9999.000,9999.000
202605260630,   3.022,9999.000,9999.000,9999.000,9999.000,9999.000,9999.000,9999.000,9999.000
202605260636,   3.136,   3.958,9999.000,9999.000,9999.000,9999.000,9999.000,9999.000,9999.000
202605260642,   3.249,9999.000,9999.000,9999.000,9999.000,9999.000,9999.000,9999.000,9999.000
202605260648,   3.359,   4.198,9999.000,9999.000,9999.000,9999.000,9999.000,9999.000,9999.000
202605260654,   3.468,9999.000,9999.000,9999.000,9999.000,9999.000,9999.000,9999.000,9999.000
202605260700,   3.574,   4.418,   0.200,   0.644,   4.418,   0.200,   4.418,   0.300,   4.518
202605260706,   3.678,   4.519,9999.000,9999.000,9999.000,9999.000,9999.000,9999.000,9999.000
202605260712,   3.779,   4.598,9999.000,9999.000,9999.000,9999.000,9999.000,9999.000,9999.000
202605260718,   3.878,   4.667,9999.000,9999.000,9999.000,9999.000,9999.000,9999.000,9999.000
202605260724,   3.973,   4.739,9999.000,9999.000,9999.000,9999.000,9999.000,9999.000,9999.000
202605260730,   4.066,   4.837,9999.000,9999.000,9999.000,9999.000,9999.000,9999.000,9999.000
202605260736,   4.155,   4.900,9999.000,9999.000,9999.000,9999.000,9999.000,9999.000,9999.000
202605260742,   4.240,   4.959,9999.000,9999.000,9999.000,9999.000,9999.000,9999.000,9999.000
202605260748,   4.321,   5.008,9999.000,9999.000,9999.000,9999.000,9999.000,9999.000,9999.000
202605260754,   4.399,   5.097,9999.000,9999.000,9999.000,9999.000,9999.000,9999.000,9999.000
202605260800,   4.472,   5.139,   0.200,   0.467,   5.139,   0.200,   5.139,   0.300,   5.239
202605260806,   4.541,   5.149,9999.000,9999.000,9999.000,9999.000,9999.000,9999.000,9999.000
202605260812,   4.605,   5.188,9999.000,9999.000,9999.000,9999.000,9999.000,9999.000,9999.000
202605260818,   4.664,   5.238,9999.000,9999.000,9999.000,9999.000,9999.000,9999.000,9999.000
202605260824,   4.718,   5.257,9999.000,9999.000,9999.000,9999.000,9999.000,9999.000,9999.000
202605260830,   4.766,   5.287,9999.000,9999.000,9999.000,9999.000,9999.000,9999.000,9999.000
202605260836,   4.809,   5.349,9999.000,9999.000,9999.000,9999.000,9999.000,9999.000,9999.000
202605260842,   4.846,   5.398,9999.000,9999.000,9999.000,9999.000,9999.000,9999.000,9999.000
202605260848,   4.878,   5.408,9999.000,9999.000,9999.000,9999.000,9999.000,9999.000,9999.000
202605260854,   4.903,   5.418,9999.000,9999.000,9999.000,9999.000,9999.000,9999.000,9999.000
202605260900,   4.922,   5.438,   0.200,   0.316,   5.438,   0.200,   5.438,   0.300,   5.538
202605260906,   4.934,   5.448,9999.000,9999.000,9999.000,9999.000,9999.000,9999.000,9999.000
202605260912,   4.941,   5.457,9999.000,9999.000,9999.000,9999.000,9999.000,9999.000,9999.000
202605260918,   4.941,   5.448,9999.000,9999.000,9999.000,9999.000,9999.000,9999.000,9999.000
202605260924,   4.934,   5.467,9999.000,9999.000,9999.000,9999.000,9999.000,9999.000,9999.000
202605260930,   4.922,   5.467,9999.000,9999.000,9999.000,9999.000,9999.000,9999.000,9999.000
202605260936,   4.903,   5.457,9999.000,9999.000,9999.000,9999.000,9999.000,9999.000,9999.000
202605260942,   4.878,   5.428,9999.000,9999.000,9999.000,9999.000,9999.000,9999.000,9999.000
202605260948,   4.847,   5.379,9999.000,9999.000,9999.000,9999.000,9999.000,9999.000,9999.000
202605260954,   4.810,   5.320,9999.000,9999.000,9999.000,9999.000,9999.000,9999.000,9999.000
202605261000,   4.768,   5.287,   0.300,   0.219,   5.287,   0.200,   5.187,   0.300,   5.287
202605261006,   4.721,   5.257,9999.000,9999.000,9999.000,9999.000,9999.000,9999.000,9999.000
202605261012,   4.668,   5.238,9999.000,9999.000,9999.000,9999.000,9999.000,9999.000,9999.000
202605261018,   4.610,   5.198,9999.000,9999.000,9999.000,9999.000,9999.000,9999.000,9999.000
202605261024,   4.548,   5.159,9999.000,9999.000,9999.000,9999.000,9999.000,9999.000,9999.000
202605261030,   4.482,   5.120,9999.000,9999.000,9999.000,9999.000,9999.000,9999.000,9999.000
202605261036,   4.412,   5.067,9999.000,9999.000,9999.000,9999.000,9999.000,9999.000,9999.000
202605261042,   4.339,   4.998,9999.000,9999.000,9999.000,9999.000,9999.000,9999.000,9999.000
202605261048,   4.262,   4.939,9999.000,9999.000,9999.000,9999.000,9999.000,9999.000,9999.000
202605261054,   4.183,   4.877,9999.000,9999.000,9999.000,9999.000,9999.000,9999.000,9999.000
202605261100,   4.101,   4.808,   0.300,   0.407,   4.808,   0.200,   4.708,   0.300,   4.808
202605261106,   4.017,   4.739,9999.000,9999.000,9999.000,9999.000,9999.000,9999.000,9999.000
202605261112,   3.931,   4.657,9999.000,9999.000,9999.000,9999.000,9999.000,9999.000,9999.000
202605261118,   3.844,   4.569,9999.000,9999.000,9999.000,9999.000,9999.000,9999.000,9999.000
202605261124,   3.755,   4.480,9999.000,9999.000,9999.000,9999.000,9999.000,9999.000,9999.000
202605261130,   3.666,   4.388,9999.000,9999.000,9999.000,9999.000,9999.000,9999.000,9999.000
202605261136,   3.576,   4.300,9999.000,9999.000,9999.000,9999.000,9999.000,9999.000,9999.000
202605261142,   3.485,   4.198,9999.000,9999.000,9999.000,9999.000,9999.000,9999.000,9999.000
202605261148,   3.395,   4.119,9999.000,9999.000,9999.000,9999.000,9999.000,9999.000,9999.000
202605261154,   3.304,   4.027,9999.000,9999.000,9999.000,9999.000,9999.000,9999.000,9999.000
202605261200,   3.213,   3.929,   0.300,   0.416,   3.929,   0.200,   3.829,   0.300,   3.929
202605261206,   3.123,   3.827,9999.000,9999.000,9999.000,9999.000,9999.000,9999.000,9999.000
202605261212,   3.033,   3.739,9999.000,9999.000,9999.000,9999.000,9999.000,9999.000,9999.000
202605261218,   2.943,   3.637,9999.000,9999.000,9999.000,9999.000,9999.000,9999.000,9999.000
202605261224,   2.854,   3.539,9999.000,9999.000,9999.000,9999.000,9999.000,9999.000,9999.000
202605261230,   2.765,   3.427,9999.000,9999.000,9999.000,9999.000,9999.000,9999.000,9999.000
202605261236,   2.677,   3.339,9999.000,9999.000,9999.000,9999.000,9999.000,9999.000,9999.000
202605261242,   2.589,   3.240,9999.000,9999.000,9999.000,9999.000,9999.000,9999.000,9999.000
202605261248,   2.501,   3.138,9999.000,9999.000,9999.000,9999.000,9999.000,9999.000,9999.000
202605261254,   2.414,   3.060,9999.000,9999.000,9999.000,9999.000,9999.000,9999.000,9999.000
202605261300,   2.327,   2.978,   0.200,   0.451,   2.978,   0.200,   2.978,   0.300,   3.078
202605261306,   2.240,   2.879,9999.000,9999.000,9999.000,9999.000,9999.000,9999.000,9999.000
202605261312,   2.153,   2.787,9999.000,9999.000,9999.000,9999.000,9999.000,9999.000,9999.000
202605261318,   2.066,   2.699,9999.000,9999.000,9999.000,9999.000,9999.000,9999.000,9999.000
202605261324,   1.980,   2.597,9999.000,9999.000,9999.000,9999.000,9999.000,9999.000,9999.000
202605261330,   1.893,   2.499,9999.000,9999.000,9999.000,9999.000,9999.000,9999.000,9999.000
202605261336,   1.807,   2.410,9999.000,9999.000,9999.000,9999.000,9999.000,9999.000,9999.000
202605261342,   1.720,   2.309,9999.000,9999.000,9999.000,9999.000,9999.000,9999.000,9999.000
202605261348,   1.634,   2.230,9999.000,9999.000,9999.000,9999.000,9999.000,9999.000,9999.000
202605261354,   1.548,   2.148,9999.000,9999.000,9999.000,9999.000,9999.000,9999.000,9999.000
202605261400,   1.463,   2.059,   0.200,   0.396,   2.059,   0.200,   2.059,   0.200,   2.059
202605261406,   1.378,   2.000,9999.000,9999.000,9999.000,9999.000,9999.000,9999.000,9999.000
202605261412,   1.295,   1.918,9999.000,9999.000,9999.000,9999.000,9999.000,9999.000,9999.000
202605261418,   1.212,   1.859,9999.000,9999.000,9999.000,9999.000,9999.000,9999.000,9999.000
202605261424,   1.131,   1.790,9999.000,9999.000,9999.000,9999.000,9999.000,9999.000,9999.000
202605261430,   1.051,   1.748,9999.000,9999.000,9999.000,9999.000,9999.000,9999.000,9999.000
202605261436,   0.973,   1.679,9999.000,9999.000,9999.000,9999.000,9999.000,9999.000,9999.000
202605261442,   0.898,   1.620,9999.000,9999.000,9999.000,9999.000,9999.000,9999.000,9999.000
202605261448,   0.826,   1.548,9999.000,9999.000,9999.000,9999.000,9999.000,9999.000,9999.000
202605261454,   0.757,   1.479,9999.000,9999.000,9999.000,9999.000,9999.000,9999.000,9999.000
202605261500,   0.691,   1.430,   0.200,   0.539,   1.430,   0.200,   1.430,   0.300,   1.530
202605261506,   0.629,   1.371,9999.000,9999.000,9999.000,9999.000,9999.000,9999.000,9999.000
202605261512,   0.572,   1.318,9999.000,9999.000,9999.000,9999.000,9999.000,9999.000,9999.000
202605261518,   0.520,   1.279,9999.000,9999.000,9999.000,9999.000,9999.000,9999.000,9999.000
202605261524,   0.474,   1.249,9999.000,9999.000,9999.000,9999.000,9999.000,9999.000,9999.000
202605261530,   0.433,   1.210,9999.000,9999.000,9999.000,9999.000,9999.000,9999.000,9999.000
202605261536,   0.398,   1.180,9999.000,9999.000,9999.000,9999.000,9999.000,9999.000,9999.000
202605261542,   0.370,   1.138,9999.000,9999.000,9999.000,9999.000,9999.000,9999.000,9999.000
202605261548,   0.350,   1.118,9999.000,9999.000,9999.000,9999.000,9999.000,9999.000,9999.000
202605261554,   0.337,   1.098,9999.000,9999.000,9999.000,9999.000,9999.000,9999.000,9999.000
202605261600,   0.332,   1.069,   0.300,   0.437,   1.069,   0.200,   0.969,   0.300,   1.069
202605261606,   0.335,   1.049,9999.000,9999.000,9999.000,9999.000,9999.000,9999.000,9999.000
202605261612,   0.347,   1.039,9999.000,9999.000,9999.000,9999.000,9999.000,9999.000,9999.000
202605261618,   0.368,   1.039,9999.000,9999.000,9999.000,9999.000,9999.000,9999.000,9999.000
202605261624,   0.397,   1.049,9999.000,9999.000,9999.000,9999.000,9999.000,9999.000,9999.000
202605261630,   0.436,   1.079,9999.000,9999.000,9999.000,9999.000,9999.000,9999.000,9999.000
202605261636,   0.483,   1.108,9999.000,9999.000,9999.000,9999.000,9999.000,9999.000,9999.000
202605261642,   0.540,   1.151,9999.000,9999.000,9999.000,9999.000,9999.000,9999.000,9999.000
202605261648,   0.605,   1.200,9999.000,9999.000,9999.000,9999.000,9999.000,9999.000,9999.000
202605261654,   0.679,   1.249,9999.000,9999.000,9999.000,9999.000,9999.000,9999.000,9999.000
202605261700,   0.761,   1.318,   0.300,   0.257,   1.318,   0.200,   1.218,   0.300,   1.318
202605261706,   0.851,   1.400,9999.000,9999.000,9999.000,9999.000,9999.000,9999.000,9999.000
202605261712,   0.949,   1.489,9999.000,9999.000,9999.000,9999.000,9999.000,9999.000,9999.000
202605261718,   1.054,   1.600,9999.000,9999.000,9999.000,9999.000,9999.000,9999.000,9999.000
202605261724,   1.165,   1.718,9999.000,9999.000,9999.000,9999.000,9999.000,9999.000,9999.000
202605261730,   1.283,   1.849,9999.000,9999.000,9999.000,9999.000,9999.000,9999.000,9999.000
202605261736,   1.405,   1.981,9999.000,9999.000,9999.000,9999.000,9999.000,9999.000,9999.000
202605261742,   1.533,   2.118,9999.000,9999.000,9999.000,9999.000,9999.000,9999.000,9999.000
202605261748,   1.665,   2.269,9999.000,9999.000,9999.000,9999.000,9999.000,9999.000,9999.000
202605261754,   1.800,   2.420,9999.000,9999.000,9999.000,9999.000,9999.000,9999.000,9999.000
202605261800,   1.938,   2.578,   0.300,   0.340,   2.578,   0.200,   2.478,   0.300,   2.578
202605261806,   2.079,   2.758,9999.000,9999.000,9999.000,9999.000,9999.000,9999.000,9999.000
202605261812,   2.222,   2.919,9999.000,9999.000,9999.000,9999.000,9999.000,9999.000,9999.000
202605261818,   2.366,   3.079,9999.000,9999.000,9999.000,9999.000,9999.000,9999.000,9999.000
202605261824,   2.510,   3.240,9999.000,9999.000,9999.000,9999.000,9999.000,9999.000,9999.000
202605261830,   2.655,   3.398,9999.000,9999.000,9999.000,9999.000,9999.000,9999.000,9999.000
202605261836,   2.800,   3.558,9999.000,9999.000,9999.000,9999.000,9999.000,9999.000,9999.000
202605261842,   2.945,   3.709,9999.000,9999.000,9999.000,9999.000,9999.000,9999.000,9999.000
202605261848,   3.088,   3.870,9999.000,9999.000,9999.000,9999.000,9999.000,9999.000,9999.000
202605261854,   3.231,   3.998,9999.000,9999.000,9999.000,9999.000,9999.000,9999.000,9999.000
202605261900,   3.373,   4.119,   0.300,   0.446,   4.119,   0.300,   4.119,   0.300,   4.119
202605261906,   3.513,   4.267,9999.000,9999.000,9999.000,9999.000,9999.000,9999.000,9999.000
202605261912,   3.651,   4.388,9999.000,9999.000,9999.000,9999.000,9999.000,9999.000,9999.000
202605261918,   3.787,   4.529,9999.000,9999.000,9999.000,9999.000,9999.000,9999.000,9999.000
202605261924,   3.921,   4.657,9999.000,9999.000,9999.000,9999.000,9999.000,9999.000,9999.000
202605261930,   4.052,   4.798,9999.000,9999.000,9999.000,9999.000,9999.000,9999.000,9999.000
202605261936,   4.181,   4.929,9999.000,9999.000,9999.000,9999.000,9999.000,9999.000,9999.000
202605261942,   4.307,   5.057,9999.000,9999.000,9999.000,9999.000,9999.000,9999.000,9999.000
202605261948,   4.429,   5.169,9999.000,9999.000,9999.000,9999.000,9999.000,9999.000,9999.000
202605261954,   4.549,   5.277,9999.000,9999.000,9999.000,9999.000,9999.000,9999.000,9999.000
202605262000,   4.665,   5.389,   0.300,   0.424,   5.389,   0.300,   5.389,   0.300,   5.389
202605262006,   4.777,   5.477,9999.000,9999.000,9999.000,9999.000,9999.000,9999.000,9999.000
202605262012,   4.884,   5.579,9999.000,9999.000,9999.000,9999.000,9999.000,9999.000,9999.000
202605262018,   4.988,   5.657,9999.000,9999.000,9999.000,9999.000,9999.000,9999.000,9999.000
202605262024,   5.086,   5.730,9999.000,9999.000,9999.000,9999.000,9999.000,9999.000,9999.000
202605262030,   5.180,   5.789,9999.000,9999.000,9999.000,9999.000,9999.000,9999.000,9999.000
202605262036,   5.269,   5.858,9999.000,9999.000,9999.000,9999.000,9999.000,9999.000,9999.000
202605262042,   5.352,   5.897,9999.000,9999.000,9999.000,9999.000,9999.000,9999.000,9999.000
202605262048,   5.429,   5.959,9999.000,9999.000,9999.000,9999.000,9999.000,9999.000,9999.000
202605262054,   5.500,   6.008,9999.000,9999.000,9999.000,9999.000,9999.000,9999.000,9999.000
202605262100,   5.564,   6.048,   0.300,   0.184,   6.048,   0.300,   6.048,   0.300,   6.048
202605262106,   5.622,   6.087,9999.000,9999.000,9999.000,9999.000,9999.000,9999.000,9999.000
202605262112,   5.673,   6.117,9999.000,9999.000,9999.000,9999.000,9999.000,9999.000,9999.000
202605262118,   5.717,   6.159,9999.000,9999.000,9999.000,9999.000,9999.000,9999.000,9999.000
202605262124,   5.754,   6.159,9999.000,9999.000,9999.000,9999.000,9999.000,9999.000,9999.000
202605262130,   5.783,   6.189,9999.000,9999.000,9999.000,9999.000,9999.000,9999.000,9999.000
202605262136,   5.805,   6.228,9999.000,9999.000,9999.000,9999.000,9999.000,9999.000,9999.000
202605262142,   5.819,   6.238,9999.000,9999.000,9999.000,9999.000,9999.000,9999.000,9999.000
202605262148,   5.825,   6.248,9999.000,9999.000,9999.000,9999.000,9999.000,9999.000,9999.000
202605262154,   5.824,   6.268,9999.000,9999.000,9999.000,9999.000,9999.000,9999.000,9999.000
202605262200,   5.816,   6.277,   0.300,   0.161,   6.277,   0.300,   6.277,   0.300,   6.277
202605262206,   5.800,   6.287,9999.000,9999.000,9999.000,9999.000,9999.000,9999.000,9999.000
202605262212,   5.776,   6.297,9999.000,9999.000,9999.000,9999.000,9999.000,9999.000,9999.000
202605262218,   5.746,   6.297,9999.000,9999.000,9999.000,9999.000,9999.000,9999.000,9999.000
202605262224,   5.708,   6.297,9999.000,9999.000,9999.000,9999.000,9999.000,9999.000,9999.000
202605262230,   5.664,   6.287,9999.000,9999.000,9999.000,9999.000,9999.000,9999.000,9999.000
202605262236,   5.613,   6.277,9999.000,9999.000,9999.000,9999.000,9999.000,9999.000,9999.000
202605262242,   5.557,   6.268,9999.000,9999.000,9999.000,9999.000,9999.000,9999.000,9999.000
202605262248,   5.494,   6.238,9999.000,9999.000,9999.000,9999.000,9999.000,9999.000,9999.000
202605262254,   5.427,   6.189,9999.000,9999.000,9999.000,9999.000,9999.000,9999.000,9999.000
202605262300,   5.354,   6.136,   0.300,   0.482,   6.136,   0.300,   6.136,   0.400,   6.236
202605262306,   5.277,   6.097,9999.000,9999.000,9999.000,9999.000,9999.000,9999.000,9999.000
202605262312,   5.195,   6.038,9999.000,9999.000,9999.000,9999.000,9999.000,9999.000,9999.000
202605262318,   5.110,   5.959,9999.000,9999.000,9999.000,9999.000,9999.000,9999.000,9999.000
202605262324,   5.021,   5.897,9999.000,9999.000,9999.000,9999.000,9999.000,9999.000,9999.000
202605262330,   4.930,   5.818,9999.000,9999.000,9999.000,9999.000,9999.000,9999.000,9999.000
202605262336,   4.835,   5.739,9999.000,9999.000,9999.000,9999.000,9999.000,9999.000,9999.000
202605262342,   4.739,   5.638,9999.000,9999.000,9999.000,9999.000,9999.000,9999.000,9999.000
202605262348,   4.640,   5.530,9999.000,9999.000,9999.000,9999.000,9999.000,9999.000,9999.000
202605262354,   4.541,   5.398,9999.000,9999.000,9999.000,9999.000,9999.000,9999.000,9999.000
202605270000,   4.439,   5.297,   0.300,   0.558,   5.297,   0.300,   5.297,   0.300,   5.297
202605270006,   4.337,   5.169,9999.000,9999.000,9999.000,9999.000,9999.000,9999.000,9999.000
202605270012,   4.234,   5.047,9999.000,9999.000,9999.000,9999.000,9999.000,9999.000,9999.000
202605270018,   4.131,   4.929,9999.000,9999.000,9999.000,9999.000,9999.000,9999.000,9999.000
202605270024,   4.028,   4.788,9999.000,9999.000,9999.000,9999.000,9999.000,9999.000,9999.000
202605270030,   3.924,   4.657,9999.000,9999.000,9999.000,9999.000,9999.000,9999.000,9999.000
202605270036,   3.820,   4.539,9999.000,9999.000,9999.000,9999.000,9999.000,9999.000,9999.000
202605270042,   3.717,   4.418,9999.000,9999.000,9999.000,9999.000,9999.000,9999.000,9999.000
202605270048,   3.613,   4.309,9999.000,9999.000,9999.000,9999.000,9999.000,9999.000,9999.000
202605270054,   3.510,   4.208,9999.000,9999.000,9999.000,9999.000,9999.000,9999.000,9999.000
202605270100,   3.407,   4.109,   0.300,   0.402,   4.109,   0.300,   4.109,   0.300,   4.109
202605270106,   3.305,   3.998,9999.000,9999.000,9999.000,9999.000,9999.000,9999.000,9999.000
202605270112,   3.203,   3.880,9999.000,9999.000,9999.000,9999.000,9999.000,9999.000,9999.000
202605270118,   3.100,   3.749,9999.000,9999.000,9999.000,9999.000,9999.000,9999.000,9999.000
202605270124,   2.999,   3.627,9999.000,9999.000,9999.000,9999.000,9999.000,9999.000,9999.000
202605270130,   2.897,   3.519,9999.000,9999.000,9999.000,9999.000,9999.000,9999.000,9999.000
202605270136,   2.795,   3.398,9999.000,9999.000,9999.000,9999.000,9999.000,9999.000,9999.000
202605270142,   2.694,   3.279,9999.000,9999.000,9999.000,9999.000,9999.000,9999.000,9999.000
202605270148,   2.593,   3.168,9999.000,9999.000,9999.000,9999.000,9999.000,9999.000,9999.000
202605270154,   2.492,   3.060,9999.000,9999.000,9999.000,9999.000,9999.000,9999.000,9999.000
202605270200,   2.391,   2.948,   0.300,   0.257,   2.948,   0.300,   2.948,   0.400,   3.048
202605270206,   2.290,   2.830,9999.000,9999.000,9999.000,9999.000,9999.000,9999.000,9999.000
202605270212,   2.190,   2.728,9999.000,9999.000,9999.000,9999.000,9999.000,9999.000,9999.000
202605270218,   2.089,   2.620,9999.000,9999.000,9999.000,9999.000,9999.000,9999.000,9999.000
202605270224,   1.990,   2.528,9999.000,9999.000,9999.000,9999.000,9999.000,9999.000,9999.000
202605270230,   1.891,   2.440,9999.000,9999.000,9999.000,9999.000,9999.000,9999.000,9999.000
202605270236,   1.794,   2.358,9999.000,9999.000,9999.000,9999.000,9999.000,9999.000,9999.000
202605270242,   1.697,   2.289,9999.000,9999.000,9999.000,9999.000,9999.000,9999.000,9999.000
202605270248,   1.602,   2.177,9999.000,9999.000,9999.000,9999.000,9999.000,9999.000,9999.000
202605270254,   1.509,   2.109,9999.000,9999.000,9999.000,9999.000,9999.000,9999.000,9999.000
202605270300,   1.417,   2.049,   0.400,   0.232,   2.049,   0.300,   1.949,   0.400,   2.049
202605270306,   1.329,   1.967,9999.000,9999.000,9999.000,9999.000,9999.000,9999.000,9999.000
202605270312,   1.243,   1.899,9999.000,9999.000,9999.000,9999.000,9999.000,9999.000,9999.000
202605270318,   1.160,   1.830,9999.000,9999.000,9999.000,9999.000,9999.000,9999.000,9999.000
202605270324,   1.081,   1.781,9999.000,9999.000,9999.000,9999.000,9999.000,9999.000,9999.000
202605270330,   1.006,   1.718,9999.000,9999.000,9999.000,9999.000,9999.000,9999.000,9999.000
202605270336,   0.935,   1.659,9999.000,9999.000,9999.000,9999.000,9999.000,9999.000,9999.000
202605270342,   0.870,   1.600,9999.000,9999.000,9999.000,9999.000,9999.000,9999.000,9999.000
202605270348,   0.809,   1.548,9999.000,9999.000,9999.000,9999.000,9999.000,9999.000,9999.000
202605270354,   0.755,   1.498,9999.000,9999.000,9999.000,9999.000,9999.000,9999.000,9999.000
202605270400,   0.706,   1.459,   0.400,   0.353,   1.459,   0.300,   1.359,   0.400,   1.459
202605270406,   0.664,   1.400,9999.000,9999.000,9999.000,9999.000,9999.000,9999.000,9999.000
202605270412,   0.630,   1.361,9999.000,9999.000,9999.000,9999.000,9999.000,9999.000,9999.000
202605270418,   0.602,   1.318,9999.000,9999.000,9999.000,9999.000,9999.000,9999.000,9999.000
202605270424,   0.582,   1.289,9999.000,9999.000,9999.000,9999.000,9999.000,9999.000,9999.000
202605270430,   0.570,   1.269,9999.000,9999.000,9999.000,9999.000,9999.000,9999.000,9999.000
202605270436,   0.565,   1.259,9999.000,9999.000,9999.000,9999.000,9999.000,9999.000,9999.000
202605270442,   0.570,   1.239,9999.000,9999.000,9999.000,9999.000,9999.000,9999.000,9999.000
202605270448,   0.582,   1.239,9999.000,9999.000,9999.000,9999.000,9999.000,9999.000,9999.000
202605270454,   0.603,   1.239,9999.000,9999.000,9999.000,9999.000,9999.000,9999.000,9999.000
202605270500,   0.632,   1.259,   0.300,   0.327,   1.259,   0.300,   1.259,   0.400,   1.359
202605270506,   0.670,   1.269,9999.000,9999.000,9999.000,9999.000,9999.000,9999.000,9999.000
202605270512,   0.716,   1.289,9999.000,9999.000,9999.000,9999.000,9999.000,9999.000,9999.000
202605270518,   0.771,   1.318,9999.000,9999.000,9999.000,9999.000,9999.000,9999.000,9999.000
202605270524,   0.833,   1.361,9999.000,9999.000,9999.000,9999.000,9999.000,9999.000,9999.000
202605270530,   0.902,   1.410,9999.000,9999.000,9999.000,9999.000,9999.000,9999.000,9999.000
202605270536,   0.979,   1.489,9999.000,9999.000,9999.000,9999.000,9999.000,9999.000,9999.000
202605270542,   1.063,   1.571,9999.000,9999.000,9999.000,9999.000,9999.000,9999.000,9999.000
202605270548,   1.152,   1.659,9999.000,9999.000,9999.000,9999.000,9999.000,9999.000,9999.000
202605270554,   1.247,   1.758,9999.000,9999.000,9999.000,9999.000,9999.000,9999.000,9999.000
202605270600,   1.347,   1.869,   0.300,   0.222,   1.869,   0.300,   1.869,   0.400,   1.969
202605270606,   1.451,   1.981,9999.000,9999.000,9999.000,9999.000,9999.000,9999.000,9999.000
202605270612,   1.559,   2.128,9999.000,9999.000,9999.000,9999.000,9999.000,9999.000,9999.000
202605270618,   1.669,   2.259,9999.000,9999.000,9999.000,9999.000,9999.000,9999.000,9999.000
202605270624,   1.783,   2.400,9999.000,9999.000,9999.000,9999.000,9999.000,9999.000,9999.000
202605270630,   1.898,   2.538,9999.000,9999.000,9999.000,9999.000,9999.000,9999.000,9999.000
202605270636,   2.014,   2.679,9999.000,9999.000,9999.000,9999.000,9999.000,9999.000,9999.000
202605270642,   2.131,   2.830,9999.000,9999.000,9999.000,9999.000,9999.000,9999.000,9999.000
202605270648,   2.249,   2.978,9999.000,9999.000,9999.000,9999.000,9999.000,9999.000,9999.000
202605270654,   2.366,   3.109,9999.000,9999.000,9999.000,9999.000,9999.000,9999.000,9999.000
202605270700,   2.484,   3.250,   0.300,   0.466,   3.250,   0.300,   3.250,   0.300,   3.250
202605270706,   2.600,   3.378,9999.000,9999.000,9999.000,9999.000,9999.000,9999.000,9999.000
202605270712,   2.716,   3.499,9999.000,9999.000,9999.000,9999.000,9999.000,9999.000,9999.000
202605270718,   2.830,   3.627,9999.000,9999.000,9999.000,9999.000,9999.000,9999.000,9999.000
202605270724,   2.943,   3.749,9999.000,9999.000,9999.000,9999.000,9999.000,9999.000,9999.000
202605270730,   3.055,   3.870,9999.000,9999.000,9999.000,9999.000,9999.000,9999.000,9999.000
202605270736,   3.165,   3.968,9999.000,9999.000,9999.000,9999.000,9999.000,9999.000,9999.000
202605270742,   3.273,   4.080,9999.000,9999.000,9999.000,9999.000,9999.000,9999.000,9999.000
202605270748,   3.379,   4.178,9999.000,9999.000,9999.000,9999.000,9999.000,9999.000,9999.000
202605270754,   3.483,   4.267,9999.000,9999.000,9999.000,9999.000,9999.000,9999.000,9999.000
202605270800,   3.585,   4.359,   0.300,   0.474,   4.359,   0.300,   4.359,   0.400,   4.459
202605270806,   3.685,   4.447,9999.000,9999.000,9999.000,9999.000,9999.000,9999.000,9999.000
202605270812,   3.782,   4.539,9999.000,9999.000,9999.000,9999.000,9999.000,9999.000,9999.000
202605270818,   3.877,   4.608,9999.000,9999.000,9999.000,9999.000,9999.000,9999.000,9999.000
202605270824,   3.969,   4.667,9999.000,9999.000,9999.000,9999.000,9999.000,9999.000,9999.000
202605270830,   4.058,   4.739,9999.000,9999.000,9999.000,9999.000,9999.000,9999.000,9999.000
202605270836,   4.144,   4.818,9999.000,9999.000,9999.000,9999.000,9999.000,9999.000,9999.000
202605270842,   4.226,   4.877,9999.000,9999.000,9999.000,9999.000,9999.000,9999.000,9999.000
202605270848,   4.304,   4.929,9999.000,9999.000,9999.000,9999.000,9999.000,9999.000,9999.000
202605270854,   4.379,   4.988,9999.000,9999.000,9999.000,9999.000,9999.000,9999.000,9999.000
202605270900,   4.449,   5.028,   0.300,   0.279,   5.028,   0.300,   5.028,   0.400,   5.128
202605270906,   4.515,   5.087,9999.000,9999.000,9999.000,9999.000,9999.000,9999.000,9999.000
202605270912,   4.577,   5.139,9999.000,9999.000,9999.000,9999.000,9999.000,9999.000,9999.000
202605270918,   4.633,   5.188,9999.000,9999.000,9999.000,9999.000,9999.000,9999.000,9999.000
202605270924,   4.684,   5.228,9999.000,9999.000,9999.000,9999.000,9999.000,9999.000,9999.000
202605270930,   4.729,   5.257,9999.000,9999.000,9999.000,9999.000,9999.000,9999.000,9999.000
202605270936,   4.768,   5.277,9999.000,9999.000,9999.000,9999.000,9999.000,9999.000,9999.000
202605270942,   4.802,   5.320,9999.000,9999.000,9999.000,9999.000,9999.000,9999.000,9999.000
202605270948,   4.829,   5.339,9999.000,9999.000,9999.000,9999.000,9999.000,9999.000,9999.000
202605270954,   4.850,   5.379,9999.000,9999.000,9999.000,9999.000,9999.000,9999.000,9999.000
202605271000,   4.864,   5.398,   0.400,   0.134,   5.398,   0.300,   5.298,   0.400,   5.398
202605271006,   4.872,   5.428,9999.000,9999.000,9999.000,9999.000,9999.000,9999.000,9999.000
202605271012,   4.873,   5.438,9999.000,9999.000,9999.000,9999.000,9999.000,9999.000,9999.000
202605271018,   4.867,   5.428,9999.000,9999.000,9999.000,9999.000,9999.000,9999.000,9999.000
202605271024,   4.855,   5.428,9999.000,9999.000,9999.000,9999.000,9999.000,9999.000,9999.000
202605271030,   4.837,   5.408,9999.000,9999.000,9999.000,9999.000,9999.000,9999.000,9999.000
202605271036,   4.811,   5.369,9999.000,9999.000,9999.000,9999.000,9999.000,9999.000,9999.000
202605271042,   4.780,   5.359,9999.000,9999.000,9999.000,9999.000,9999.000,9999.000,9999.000
202605271048,   4.742,   5.349,9999.000,9999.000,9999.000,9999.000,9999.000,9999.000,9999.000
202605271054,   4.699,   5.297,9999.000,9999.000,9999.000,9999.000,9999.000,9999.000,9999.000
202605271100,   4.650,   5.277,   0.400,   0.227,   5.277,   0.300,   5.177,   0.400,   5.277
202605271106,   4.596,   5.257,9999.000,9999.000,9999.000,9999.000,9999.000,9999.000,9999.000
202605271112,   4.536,   5.247,9999.000,9999.000,9999.000,9999.000,9999.000,9999.000,9999.000
202605271118,   4.472,   5.198,9999.000,9999.000,9999.000,9999.000,9999.000,9999.000,9999.000
202605271124,   4.404,   5.159,9999.000,9999.000,9999.000,9999.000,9999.000,9999.000,9999.000
202605271130,   4.332,   5.129,9999.000,9999.000,9999.000,9999.000,9999.000,9999.000,9999.000
202605271136,   4.256,   5.097,9999.000,9999.000,9999.000,9999.000,9999.000,9999.000,9999.000
202605271142,   4.177,   5.047,9999.000,9999.000,9999.000,9999.000,9999.000,9999.000,9999.000
202605271148,   4.095,   4.979,9999.000,9999.000,9999.000,9999.000,9999.000,9999.000,9999.000
202605271154,   4.010,   4.900,9999.000,9999.000,9999.000,9999.000,9999.000,9999.000,9999.000
202605271200,   3.924,   4.828,   0.400,   0.504,   4.828,   0.300,   4.728,   0.400,   4.828
202605271206,   3.835,   4.749,9999.000,9999.000,9999.000,9999.000,9999.000,9999.000,9999.000
202605271212,   3.746,   4.657,9999.000,9999.000,9999.000,9999.000,9999.000,9999.000,9999.000
202605271218,   3.655,   4.569,9999.000,9999.000,9999.000,9999.000,9999.000,9999.000,9999.000
202605271224,   3.563,   4.480,9999.000,9999.000,9999.000,9999.000,9999.000,9999.000,9999.000
202605271230,   3.471,   4.388,9999.000,9999.000,9999.000,9999.000,9999.000,9999.000,9999.000
202605271236,   3.378,   4.267,9999.000,9999.000,9999.000,9999.000,9999.000,9999.000,9999.000
202605271242,   3.285,   4.159,9999.000,9999.000,9999.000,9999.000,9999.000,9999.000,9999.000
202605271248,   3.193,   4.047,9999.000,9999.000,9999.000,9999.000,9999.000,9999.000,9999.000
202605271254,   3.101,   3.949,9999.000,9999.000,9999.000,9999.000,9999.000,9999.000,9999.000
202605271300,   3.009,   3.837,   0.400,   0.428,   3.837,   0.300,   3.737,   0.400,   3.837
202605271306,   2.917,   3.729,9999.000,9999.000,9999.000,9999.000,9999.000,9999.000,9999.000
202605271312,   2.826,   3.627,9999.000,9999.000,9999.000,9999.000,9999.000,9999.000,9999.000
202605271318,   2.736,   3.529,9999.000,9999.000,9999.000,9999.000,9999.000,9999.000,9999.000
202605271324,   2.646,   3.427,9999.000,9999.000,9999.000,9999.000,9999.000,9999.000,9999.000
202605271330,   2.557,   3.319,9999.000,9999.000,9999.000,9999.000,9999.000,9999.000,9999.000
202605271336,   2.468,   3.207,9999.000,9999.000,9999.000,9999.000,9999.000,9999.000,9999.000
202605271342,   2.380,   3.099,9999.000,9999.000,9999.000,9999.000,9999.000,9999.000,9999.000
202605271348,   2.292,   2.988,9999.000,9999.000,9999.000,9999.000,9999.000,9999.000,9999.000
202605271354,   2.205,   2.879,9999.000,9999.000,9999.000,9999.000,9999.000,9999.000,9999.000
202605271400,   2.119,   2.778,   0.400,   0.259,   2.778,   0.300,   2.678,   0.400,   2.778
202605271406,   2.032,   2.669,9999.000,9999.000,9999.000,9999.000,9999.000,9999.000,9999.000
202605271412,   1.947,   2.568,9999.000,9999.000,9999.000,9999.000,9999.000,9999.000,9999.000
202605271418,   1.861,   2.469,9999.000,9999.000,9999.000,9999.000,9999.000,9999.000,9999.000
202605271424,   1.776,   2.358,9999.000,9999.000,9999.000,9999.000,9999.000,9999.000,9999.000
202605271430,   1.692,   2.259,9999.000,9999.000,9999.000,9999.000,9999.000,9999.000,9999.000
202605271436,   1.608,   2.158,9999.000,9999.000,9999.000,9999.000,9999.000,9999.000,9999.000
202605271442,   1.524,   2.069,9999.000,9999.000,9999.000,9999.000,9999.000,9999.000,9999.000
202605271448,   1.441,   1.981,9999.000,9999.000,9999.000,9999.000,9999.000,9999.000,9999.000
202605271454,   1.360,   1.889,9999.000,9999.000,9999.000,9999.000,9999.000,9999.000,9999.000
202605271500,   1.279,   1.820,   0.400,   0.141,   1.820,   0.300,   1.720,   0.400,   1.820
202605271506,   1.199,   1.758,9999.000,9999.000,9999.000,9999.000,9999.000,9999.000,9999.000
202605271512,   1.122,   1.689,9999.000,9999.000,9999.000,9999.000,9999.000,9999.000,9999.000
202605271518,   1.046,   1.639,9999.000,9999.000,9999.000,9999.000,9999.000,9999.000,9999.000
202605271524,   0.972,   1.590,9999.000,9999.000,9999.000,9999.000,9999.000,9999.000,9999.000
202605271530,   0.901,   1.538,9999.000,9999.000,9999.000,9999.000,9999.000,9999.000,9999.000
202605271536,   0.833,   1.498,9999.000,9999.000,9999.000,9999.000,9999.000,9999.000,9999.000
202605271542,   0.768,   1.459,9999.000,9999.000,9999.000,9999.000,9999.000,9999.000,9999.000
202605271548,   0.706,   1.420,9999.000,9999.000,9999.000,9999.000,9999.000,9999.000,9999.000
202605271554,   0.649,   1.380,9999.000,9999.000,9999.000,9999.000,9999.000,9999.000,9999.000
202605271600,   0.597,   1.348,   0.400,   0.351,   1.348,   0.300,   1.248,   0.400,   1.348
202605271606,   0.550,   1.308,9999.000,9999.000,9999.000,9999.000,9999.000,9999.000,9999.000
202605271612,   0.508,   1.269,9999.000,9999.000,9999.000,9999.000,9999.000,9999.000,9999.000
202605271618,   0.472,   1.239,9999.000,9999.000,9999.000,9999.000,9999.000,9999.000,9999.000
202605271624,   0.443,   1.220,9999.000,9999.000,9999.000,9999.000,9999.000,9999.000,9999.000
202605271630,   0.421,   1.210,9999.000,9999.000,9999.000,9999.000,9999.000,9999.000,9999.000
202605271636,   0.406,   1.190,9999.000,9999.000,9999.000,9999.000,9999.000,9999.000,9999.000
202605271642,   0.398,   1.180,9999.000,9999.000,9999.000,9999.000,9999.000,9999.000,9999.000
202605271648,   0.399,   1.170,9999.000,9999.000,9999.000,9999.000,9999.000,9999.000,9999.000
202605271654,   0.408,   1.161,9999.000,9999.000,9999.000,9999.000,9999.000,9999.000,9999.000
202605271700,   0.426,   1.161,   0.400,   0.335,   1.161,   0.300,   1.061,   0.400,   1.161
202605271706,   0.453,   1.161,9999.000,9999.000,9999.000,9999.000,9999.000,9999.000,9999.000
202605271712,   0.489,   1.170,9999.000,9999.000,9999.000,9999.000,9999.000,9999.000,9999.000
202605271718,   0.534,   1.190,9999.000,9999.000,9999.000,9999.000,9999.000,9999.000,9999.000
202605271724,   0.588,   1.220,9999.000,9999.000,9999.000,9999.000,9999.000,9999.000,9999.000
202605271730,   0.651,   1.269,9999.000,9999.000,9999.000,9999.000,9999.000,9999.000,9999.000
202605271736,   0.723,   1.328,9999.000,9999.000,9999.000,9999.000,9999.000,9999.000,9999.000
202605271742,   0.803,   1.390,9999.000,9999.000,9999.000,9999.000,9999.000,9999.000,9999.000
202605271748,   0.892,   1.459,9999.000,9999.000,9999.000,9999.000,9999.000,9999.000,9999.000
202605271754,   0.988,   1.528,9999.000,9999.000,9999.000,9999.000,9999.000,9999.000,9999.000
202605271800,   1.092,   1.630,   0.400,   0.138,   1.630,   0.300,   1.530,   0.400,   1.630
202605271806,   1.203,   1.718,9999.000,9999.000,9999.000,9999.000,9999.000,9999.000,9999.000
202605271812,   1.320,   1.840,9999.000,9999.000,9999.000,9999.000,9999.000,9999.000,9999.000
202605271818,   1.442,   1.958,9999.000,9999.000,9999.000,9999.000,9999.000,9999.000,9999.000
202605271824,   1.570,   2.099,9999.000,9999.000,9999.000,9999.000,9999.000,9999.000,9999.000
202605271830,   1.702,   2.240,9999.000,9999.000,9999.000,9999.000,9999.000,9999.000,9999.000
202605271836,   1.838,   2.377,9999.000,9999.000,9999.000,9999.000,9999.000,9999.000,9999.000
202605271842,   1.977,   2.548,9999.000,9999.000,9999.000,9999.000,9999.000,9999.000,9999.000
202605271848,   2.118,   2.699,9999.000,9999.000,9999.000,9999.000,9999.000,9999.000,9999.000
202605271854,   2.261,   2.869,9999.000,9999.000,9999.000,9999.000,9999.000,9999.000,9999.000
202605271900,   2.405,   3.030,   0.400,   0.225,   3.030,   0.300,   2.930,   0.400,   3.030
202605271906,   2.551,   3.197,9999.000,9999.000,9999.000,9999.000,9999.000,9999.000,9999.000
202605271912,   2.696,   3.358,9999.000,9999.000,9999.000,9999.000,9999.000,9999.000,9999.000
202605271918,   2.842,   3.519,9999.000,9999.000,9999.000,9999.000,9999.000,9999.000,9999.000
202605271924,   2.987,   3.699,9999.000,9999.000,9999.000,9999.000,9999.000,9999.000,9999.000
202605271930,   3.131,   3.847,9999.000,9999.000,9999.000,9999.000,9999.000,9999.000,9999.000
202605271936,   3.274,   4.008,9999.000,9999.000,9999.000,9999.000,9999.000,9999.000,9999.000
202605271942,   3.416,   4.159,9999.000,9999.000,9999.000,9999.000,9999.000,9999.000,9999.000
202605271948,   3.556,   4.319,9999.000,9999.000,9999.000,9999.000,9999.000,9999.000,9999.000
202605271954,   3.695,   4.467,9999.000,9999.000,9999.000,9999.000,9999.000,9999.000,9999.000
202605272000,   3.832,   4.608,   0.400,   0.376,   4.608,   0.300,   4.508,   0.400,   4.608
202605272006,   3.966,   4.749,9999.000,9999.000,9999.000,9999.000,9999.000,9999.000,9999.000
202605272012,   4.099,   4.867,9999.000,9999.000,9999.000,9999.000,9999.000,9999.000,9999.000
202605272018,   4.229,   5.018,9999.000,9999.000,9999.000,9999.000,9999.000,9999.000,9999.000
202605272024,   4.356,   5.149,9999.000,9999.000,9999.000,9999.000,9999.000,9999.000,9999.000
202605272030,   4.481,   5.267,9999.000,9999.000,9999.000,9999.000,9999.000,9999.000,9999.000
202605272036,   4.602,   5.379,9999.000,9999.000,9999.000,9999.000,9999.000,9999.000,9999.000
202605272042,   4.721,   5.487,9999.000,9999.000,9999.000,9999.000,9999.000,9999.000,9999.000
202605272048,   4.836,   5.608,9999.000,9999.000,9999.000,9999.000,9999.000,9999.000,9999.000
202605272054,   4.947,   5.697,9999.000,9999.000,9999.000,9999.000,9999.000,9999.000,9999.000
202605272100,   5.054,   5.789,   0.400,   0.335,   5.789,   0.300,   5.689,   0.400,   5.789
202605272106,   5.157,   5.858,9999.000,9999.000,9999.000,9999.000,9999.000,9999.000,9999.000
202605272112,   5.256,   5.940,9999.000,9999.000,9999.000,9999.000,9999.000,9999.000,9999.000
202605272118,   5.350,   5.979,9999.000,9999.000,9999.000,9999.000,9999.000,9999.000,9999.000
202605272124,   5.439,   6.028,9999.000,9999.000,9999.000,9999.000,9999.000,9999.000,9999.000
202605272130,   5.522,   6.077,9999.000,9999.000,9999.000,9999.000,9999.000,9999.000,9999.000
202605272136,   5.599,   6.107,9999.000,9999.000,9999.000,9999.000,9999.000,9999.000,9999.000
202605272142,   5.670,   6.149,9999.000,9999.000,9999.000,9999.000,9999.000,9999.000,9999.000
202605272148,   5.735,   6.189,9999.000,9999.000,9999.000,9999.000,9999.000,9999.000,9999.000
202605272154,   5.793,   6.238,9999.000,9999.000,9999.000,9999.000,9999.000,9999.000,9999.000
202605272200,   5.844,   6.268,   0.400,   0.024,   6.268,   0.300,   6.168,   0.400,   6.268
202605272206,   5.887,   6.297,9999.000,9999.000,9999.000,9999.000,9999.000,9999.000,9999.000
202605272212,   5.924,   6.307,9999.000,9999.000,9999.000,9999.000,9999.000,9999.000,9999.000
202605272218,   5.952,   6.317,9999.000,9999.000,9999.000,9999.000,9999.000,9999.000,9999.000
202605272224,   5.973,   6.336,9999.000,9999.000,9999.000,9999.000,9999.000,9999.000,9999.000
202605272230,   5.986,   6.346,9999.000,9999.000,9999.000,9999.000,9999.000,9999.000,9999.000
202605272236,   5.991,   6.359,9999.000,9999.000,9999.000,9999.000,9999.000,9999.000,9999.000
202605272242,   5.987,   6.389,9999.000,9999.000,9999.000,9999.000,9999.000,9999.000,9999.000
202605272248,   5.976,   6.399,9999.000,9999.000,9999.000,9999.000,9999.000,9999.000,9999.000
202605272254,   5.957,   6.428,9999.000,9999.000,9999.000,9999.000,9999.000,9999.000,9999.000
202605272300,   5.931,   6.438,   0.400,   0.107,   6.438,   0.300,   6.338,   0.400,   6.438
202605272306,   5.896,   6.448,9999.000,9999.000,9999.000,9999.000,9999.000,9999.000,9999.000
202605272312,   5.855,   6.448,9999.000,9999.000,9999.000,9999.000,9999.000,9999.000,9999.000
202605272318,   5.806,   6.448,9999.000,9999.000,9999.000,9999.000,9999.000,9999.000,9999.000
202605272324,   5.751,   6.448,9999.000,9999.000,9999.000,9999.000,9999.000,9999.000,9999.000
202605272330,   5.689,   6.438,9999.000,9999.000,9999.000,9999.000,9999.000,9999.000,9999.000
202605272336,   5.621,   6.399,9999.000,9999.000,9999.000,9999.000,9999.000,9999.000,9999.000
202605272342,   5.547,   6.379,9999.000,9999.000,9999.000,9999.000,9999.000,9999.000,9999.000
202605272348,   5.468,   6.336,9999.000,9999.000,9999.000,9999.000,9999.000,9999.000,9999.000
202605272354,   5.384,   6.307,9999.000,9999.000,9999.000,9999.000,9999.000,9999.000,9999.000
202605280000,   5.295,   6.258,   0.400,   0.563,   6.258,   0.400,   6.258,   0.500,   6.358
202605280006,   5.203,   6.199,9999.000,9999.000,9999.000,9999.000,9999.000,9999.000,9999.000
202605280012,   5.106,   6.127,9999.000,9999.000,9999.000,9999.000,9999.000,9999.000,9999.000
202605280018,   5.007,   6.048,9999.000,9999.000,9999.000,9999.000,9999.000,9999.000,9999.000
202605280024,   4.904,   5.969,9999.000,9999.000,9999.000,9999.000,9999.000,9999.000,9999.000
202605280030,   4.800,   5.867,9999.000,9999.000,9999.000,9999.000,9999.000,9999.000,9999.000
202605280036,   4.693,   5.769,9999.000,9999.000,9999.000,9999.000,9999.000,9999.000,9999.000
202605280042,   4.585,   5.677,9999.000,9999.000,9999.000,9999.000,9999.000,9999.000,9999.000
202605280048,   4.475,   5.589,9999.000,9999.000,9999.000,9999.000,9999.000,9999.000,9999.000
202605280054,   4.364,   5.477,9999.000,9999.000,9999.000,9999.000,9999.000,9999.000,9999.000
202605280100,   4.253,   5.369,   0.400,   0.716,   5.369,   0.400,   5.369,   0.500,   5.469
202605280106,   4.141,   5.238,9999.000,9999.000,9999.000,9999.000,9999.000,9999.000,9999.000
202605280112,   4.029,   5.120,9999.000,9999.000,9999.000,9999.000,9999.000,9999.000,9999.000
202605280118,   3.916,   4.988,9999.000,9999.000,9999.000,9999.000,9999.000,9999.000,9999.000
202605280124,   3.804,   4.857,9999.000,9999.000,9999.000,9999.000,9999.000,9999.000,9999.000
202605280130,   3.693,   4.719,9999.000,9999.000,9999.000,9999.000,9999.000,9999.000,9999.000
202605280136,   3.581,   4.578,9999.000,9999.000,9999.000,9999.000,9999.000,9999.000,9999.000
202605280142,   3.470,   4.447,9999.000,9999.000,9999.000,9999.000,9999.000,9999.000,9999.000
202605280148,   3.360,   4.319,9999.000,9999.000,9999.000,9999.000,9999.000,9999.000,9999.000
202605280154,   3.250,   4.198,9999.000,9999.000,9999.000,9999.000,9999.000,9999.000,9999.000
202605280200,   3.141,   4.070,   0.400,   0.529,   4.070,   0.400,   4.070,   0.500,   4.170
202605280206,   3.032,   3.949,9999.000,9999.000,9999.000,9999.000,9999.000,9999.000,9999.000
202605280212,   2.924,   3.827,9999.000,9999.000,9999.000,9999.000,9999.000,9999.000,9999.000
202605280218,   2.816,   3.699,9999.000,9999.000,9999.000,9999.000,9999.000,9999.000,9999.000
202605280224,   2.709,   3.568,9999.000,9999.000,9999.000,9999.000,9999.000,9999.000,9999.000
202605280230,   2.602,   3.440,9999.000,9999.000,9999.000,9999.000,9999.000,9999.000,9999.000
202605280236,   2.496,   3.329,9999.000,9999.000,9999.000,9999.000,9999.000,9999.000,9999.000
202605280242,   2.390,   3.197,9999.000,9999.000,9999.000,9999.000,9999.000,9999.000,9999.000
202605280248,   2.285,   3.070,9999.000,9999.000,9999.000,9999.000,9999.000,9999.000,9999.000
202605280254,   2.180,   2.948,9999.000,9999.000,9999.000,9999.000,9999.000,9999.000,9999.000
202605280300,   2.076,   2.840,   0.500,   0.264,   2.840,   0.400,   2.740,   0.500,   2.840
202605280306,   1.973,   2.719,9999.000,9999.000,9999.000,9999.000,9999.000,9999.000,9999.000
202605280312,   1.870,   2.630,9999.000,9999.000,9999.000,9999.000,9999.000,9999.000,9999.000
202605280318,   1.769,   2.528,9999.000,9999.000,9999.000,9999.000,9999.000,9999.000,9999.000
202605280324,   1.669,   2.430,9999.000,9999.000,9999.000,9999.000,9999.000,9999.000,9999.000
202605280330,   1.570,   2.348,9999.000,9999.000,9999.000,9999.000,9999.000,9999.000,9999.000
202605280336,   1.473,   2.259,9999.000,9999.000,9999.000,9999.000,9999.000,9999.000,9999.000
202605280342,   1.378,   2.158,9999.000,9999.000,9999.000,9999.000,9999.000,9999.000,9999.000
202605280348,   1.285,   2.089,9999.000,9999.000,9999.000,9999.000,9999.000,9999.000,9999.000
202605280354,   1.196,   2.010,9999.000,9999.000,9999.000,9999.000,9999.000,9999.000,9999.000
202605280400,   1.109,   1.928,   0.500,   0.319,   1.928,   0.400,   1.828,   0.500,   1.928
202605280406,   1.025,   1.869,9999.000,9999.000,9999.000,9999.000,9999.000,9999.000,9999.000
202605280412,   0.945,   1.820,9999.000,9999.000,9999.000,9999.000,9999.000,9999.000,9999.000
202605280418,   0.870,   1.748,9999.000,9999.000,9999.000,9999.000,9999.000,9999.000,9999.000
202605280424,   0.799,   1.689,9999.000,9999.000,9999.000,9999.000,9999.000,9999.000,9999.000
202605280430,   0.733,   1.630,9999.000,9999.000,9999.000,9999.000,9999.000,9999.000,9999.000
202605280436,   0.673,   1.571,9999.000,9999.000,9999.000,9999.000,9999.000,9999.000,9999.000
202605280442,   0.619,   1.518,9999.000,9999.000,9999.000,9999.000,9999.000,9999.000,9999.000
202605280448,   0.571,   1.479,9999.000,9999.000,9999.000,9999.000,9999.000,9999.000,9999.000
202605280454,   0.529,   1.430,9999.000,9999.000,9999.000,9999.000,9999.000,9999.000,9999.000
202605280500,   0.495,   1.380,   0.500,   0.385,   1.380,   0.400,   1.280,   0.500,   1.380
202605280506,   0.468,   1.338,9999.000,9999.000,9999.000,9999.000,9999.000,9999.000,9999.000
202605280512,   0.449,   1.318,9999.000,9999.000,9999.000,9999.000,9999.000,9999.000,9999.000
202605280518,   0.438,   1.298,9999.000,9999.000,9999.000,9999.000,9999.000,9999.000,9999.000
202605280524,   0.435,   1.279,9999.000,9999.000,9999.000,9999.000,9999.000,9999.000,9999.000
202605280530,   0.440,   1.259,9999.000,9999.000,9999.000,9999.000,9999.000,9999.000,9999.000
202605280536,   0.453,   1.259,9999.000,9999.000,9999.000,9999.000,9999.000,9999.000,9999.000
202605280542,   0.475,   1.269,9999.000,9999.000,9999.000,9999.000,9999.000,9999.000,9999.000
202605280548,   0.506,   1.269,9999.000,9999.000,9999.000,9999.000,9999.000,9999.000,9999.000
202605280554,   0.545,   1.298,9999.000,9999.000,9999.000,9999.000,9999.000,9999.000,9999.000
202605280600,   0.593,   1.338,   0.500,   0.245,   1.338,   0.400,   1.238,   0.600,   1.438
202605280606,   0.648,   1.390,9999.000,9999.000,9999.000,9999.000,9999.000,9999.000,9999.000
202605280612,   0.712,   1.449,9999.000,9999.000,9999.000,9999.000,9999.000,9999.000,9999.000
202605280618,   0.782,   1.508,9999.000,9999.000,9999.000,9999.000,9999.000,9999.000,9999.000
202605280624,   0.860,   1.600,9999.000,9999.000,9999.000,9999.000,9999.000,9999.000,9999.000
202605280630,   0.945,   1.669,9999.000,9999.000,9999.000,9999.000,9999.000,9999.000,9999.000
202605280636,   1.035,   1.781,9999.000,9999.000,9999.000,9999.000,9999.000,9999.000,9999.000
202605280642,   1.131,   1.899,9999.000,9999.000,9999.000,9999.000,9999.000,9999.000,9999.000
202605280648,   1.232,   2.020,9999.000,9999.000,9999.000,9999.000,9999.000,9999.000,9999.000
202605280654,   1.337,   2.148,9999.000,9999.000,9999.000,9999.000,9999.000,9999.000,9999.000
202605280700,   1.445,   2.279,   0.500,   0.334,   2.279,   0.400,   2.179,   0.500,   2.279
202605280706,   1.557,   2.420,9999.000,9999.000,9999.000,9999.000,9999.000,9999.000,9999.000
202605280712,   1.671,   2.558,9999.000,9999.000,9999.000,9999.000,9999.000,9999.000,9999.000
202605280718,   1.786,   2.689,9999.000,9999.000,9999.000,9999.000,9999.000,9999.000,9999.000
202605280724,   1.903,   2.830,9999.000,9999.000,9999.000,9999.000,9999.000,9999.000,9999.000
202605280730,   2.021,   2.968,9999.000,9999.000,9999.000,9999.000,9999.000,9999.000,9999.000
202605280736,   2.140,   3.099,9999.000,9999.000,9999.000,9999.000,9999.000,9999.000,9999.000
202605280742,   2.258,   3.217,9999.000,9999.000,9999.000,9999.000,9999.000,9999.000,9999.000
202605280748,   2.376,   3.358,9999.000,9999.000,9999.000,9999.000,9999.000,9999.000,9999.000
202605280754,   2.494,   3.480,9999.000,9999.000,9999.000,9999.000,9999.000,9999.000,9999.000
202605280800,   2.611,   3.588,   0.500,   0.477,   3.588,   0.400,   3.488,   0.500,   3.588
202605280806,   2.726,   3.689,9999.000,9999.000,9999.000,9999.000,9999.000,9999.000,9999.000
202605280812,   2.841,   3.788,9999.000,9999.000,9999.000,9999.000,9999.000,9999.000,9999.000
202605280818,   2.955,   3.909,9999.000,9999.000,9999.000,9999.000,9999.000,9999.000,9999.000
202605280824,   3.067,   4.008,9999.000,9999.000,9999.000,9999.000,9999.000,9999.000,9999.000
202605280830,   3.177,   4.109,9999.000,9999.000,9999.000,9999.000,9999.000,9999.000,9999.000
202605280836,   3.286,   4.218,9999.000,9999.000,9999.000,9999.000,9999.000,9999.000,9999.000
202605280842,   3.394,   4.319,9999.000,9999.000,9999.000,9999.000,9999.000,9999.000,9999.000
202605280848,   3.499,   4.398,9999.000,9999.000,9999.000,9999.000,9999.000,9999.000,9999.000
202605280854,   3.602,   4.467,9999.000,9999.000,9999.000,9999.000,9999.000,9999.000,9999.000
202605280900,   3.703,   4.569,   0.500,   0.366,   4.569,   0.400,   4.469,   0.500,   4.569
202605280906,   3.802,   4.677,9999.000,9999.000,9999.000,9999.000,9999.000,9999.000,9999.000
202605280912,   3.898,   4.749,9999.000,9999.000,9999.000,9999.000,9999.000,9999.000,9999.000
202605280918,   3.992,   4.828,9999.000,9999.000,9999.000,9999.000,9999.000,9999.000,9999.000
202605280924,   4.082,   4.910,9999.000,9999.000,9999.000,9999.000,9999.000,9999.000,9999.000
202605280930,   4.169,   4.988,9999.000,9999.000,9999.000,9999.000,9999.000,9999.000,9999.000
202605280936,   4.252,   5.057,9999.000,9999.000,9999.000,9999.000,9999.000,9999.000,9999.000
202605280942,   4.331,   5.120,9999.000,9999.000,9999.000,9999.000,9999.000,9999.000,9999.000
202605280948,   4.406,   5.188,9999.000,9999.000,9999.000,9999.000,9999.000,9999.000,9999.000
202605280954,   4.477,   5.238,9999.000,9999.000,9999.000,9999.000,9999.000,9999.000,9999.000
202605281000,   4.542,   5.277,   0.500,   0.235,   5.277,   0.400,   5.177,   0.600,   5.377
202605281006,   4.602,   5.339,9999.000,9999.000,9999.000,9999.000,9999.000,9999.000,9999.000
202605281012,   4.657,   5.398,9999.000,9999.000,9999.000,9999.000,9999.000,9999.000,9999.000
202605281018,   4.706,   5.448,9999.000,9999.000,9999.000,9999.000,9999.000,9999.000,9999.000
202605281024,   4.749,   5.507,9999.000,9999.000,9999.000,9999.000,9999.000,9999.000,9999.000
202605281030,   4.785,   5.559,9999.000,9999.000,9999.000,9999.000,9999.000,9999.000,9999.000
202605281036,   4.815,   5.589,9999.000,9999.000,9999.000,9999.000,9999.000,9999.000,9999.000
202605281042,   4.838,   5.628,9999.000,9999.000,9999.000,9999.000,9999.000,9999.000,9999.000
202605281048,   4.854,   5.667,9999.000,9999.000,9999.000,9999.000,9999.000,9999.000,9999.000
202605281054,   4.863,   5.677,9999.000,9999.000,9999.000,9999.000,9999.000,9999.000,9999.000
202605281100,   4.865,   5.687,   0.600,   0.222,   5.687,   0.500,   5.587,   0.600,   5.687
202605281106,   4.859,   5.707,9999.000,9999.000,9999.000,9999.000,9999.000,9999.000,9999.000
202605281112,   4.847,   5.717,9999.000,9999.000,9999.000,9999.000,9999.000,9999.000,9999.000
202605281118,   4.828,   5.707,9999.000,9999.000,9999.000,9999.000,9999.000,9999.000,9999.000
202605281124,   4.802,   5.697,9999.000,9999.000,9999.000,9999.000,9999.000,9999.000,9999.000
202605281130,   4.769,   5.687,9999.000,9999.000,9999.000,9999.000,9999.000,9999.000,9999.000
202605281136,   4.730,   5.648,9999.000,9999.000,9999.000,9999.000,9999.000,9999.000,9999.000
202605281142,   4.685,   5.618,9999.000,9999.000,9999.000,9999.000,9999.000,9999.000,9999.000
202605281148,   4.633,   5.579,9999.000,9999.000,9999.000,9999.000,9999.000,9999.000,9999.000
202605281154,   4.576,   5.539,9999.000,9999.000,9999.000,9999.000,9999.000,9999.000,9999.000
202605281200,   4.514,   5.497,   0.700,   0.283,   5.497,   0.600,   5.397,   0.700,   5.497
202605281206,   4.447,   5.438,9999.000,9999.000,9999.000,9999.000,9999.000,9999.000,9999.000
202605281212,   4.375,   5.379,9999.000,9999.000,9999.000,9999.000,9999.000,9999.000,9999.000
202605281218,   4.300,   5.307,9999.000,9999.000,9999.000,9999.000,9999.000,9999.000,9999.000
202605281224,   4.220,   5.238,9999.000,9999.000,9999.000,9999.000,9999.000,9999.000,9999.000
202605281230,   4.137,   5.169,9999.000,9999.000,9999.000,9999.000,9999.000,9999.000,9999.000
202605281236,   4.051,   5.067,9999.000,9999.000,9999.000,9999.000,9999.000,9999.000,9999.000
202605281242,   3.963,   4.988,9999.000,9999.000,9999.000,9999.000,9999.000,9999.000,9999.000
202605281248,   3.873,   4.910,9999.000,9999.000,9999.000,9999.000,9999.000,9999.000,9999.000
202605281254,   3.780,   4.828,9999.000,9999.000,9999.000,9999.000,9999.000,9999.000,9999.000
202605281300,   3.687,   4.749,   0.700,   0.362,   4.749,   0.600,   4.649,   0.700,   4.749
202605281306,   3.592,   4.657,9999.000,9999.000,9999.000,9999.000,9999.000,9999.000,9999.000
202605281312,   3.496,   4.569,9999.000,9999.000,9999.000,9999.000,9999.000,9999.000,9999.000
202605281318,   3.401,   4.467,9999.000,9999.000,9999.000,9999.000,9999.000,9999.000,9999.000
202605281324,   3.305,   4.359,9999.000,9999.000,9999.000,9999.000,9999.000,9999.000,9999.000
202605281330,   3.209,   4.257,9999.000,9999.000,9999.000,9999.000,9999.000,9999.000,9999.000
202605281336,   3.113,   4.149,9999.000,9999.000,9999.000,9999.000,9999.000,9999.000,9999.000
202605281342,   3.018,   4.047,9999.000,9999.000,9999.000,9999.000,9999.000,9999.000,9999.000
202605281348,   2.923,   3.939,9999.000,9999.000,9999.000,9999.000,9999.000,9999.000,9999.000
202605281354,   2.829,   3.837,9999.000,9999.000,9999.000,9999.000,9999.000,9999.000,9999.000
202605281400,   2.737,   3.739,   0.700,   0.302,   3.739,   0.600,   3.639,   0.700,   3.739
202605281406,   2.645,   3.660,9999.000,9999.000,9999.000,9999.000,9999.000,9999.000,9999.000
202605281412,   2.554,   3.558,9999.000,9999.000,9999.000,9999.000,9999.000,9999.000,9999.000
202605281418,   2.464,   3.450,9999.000,9999.000,9999.000,9999.000,9999.000,9999.000,9999.000
202605281424,   2.375,   3.348,9999.000,9999.000,9999.000,9999.000,9999.000,9999.000,9999.000
202605281430,   2.287,   3.250,9999.000,9999.000,9999.000,9999.000,9999.000,9999.000,9999.000
202605281436,   2.200,   3.158,9999.000,9999.000,9999.000,9999.000,9999.000,9999.000,9999.000
202605281442,   2.114,   3.070,9999.000,9999.000,9999.000,9999.000,9999.000,9999.000,9999.000
202605281448,   2.029,   2.958,9999.000,9999.000,9999.000,9999.000,9999.000,9999.000,9999.000
202605281454,   1.944,   2.860,9999.000,9999.000,9999.000,9999.000,9999.000,9999.000,9999.000
202605281500,   1.861,   2.758,   0.700,   0.197,   2.758,   0.600,   2.658,   0.800,   2.858
202605281506,   1.778,   2.669,9999.000,9999.000,9999.000,9999.000,9999.000,9999.000,9999.000
202605281512,   1.697,   2.568,9999.000,9999.000,9999.000,9999.000,9999.000,9999.000,9999.000
202605281518,   1.616,   2.440,9999.000,9999.000,9999.000,9999.000,9999.000,9999.000,9999.000
202605281524,   1.536,   2.348,9999.000,9999.000,9999.000,9999.000,9999.000,9999.000,9999.000
202605281530,   1.457,   2.259,9999.000,9999.000,9999.000,9999.000,9999.000,9999.000,9999.000
202605281536,   1.380,   2.177,9999.000,9999.000,9999.000,9999.000,9999.000,9999.000,9999.000
202605281542,   1.303,   2.128,9999.000,9999.000,9999.000,9999.000,9999.000,9999.000,9999.000
202605281548,   1.228,   2.079,9999.000,9999.000,9999.000,9999.000,9999.000,9999.000,9999.000
202605281554,   1.155,   2.010,9999.000,9999.000,9999.000,9999.000,9999.000,9999.000,9999.000
202605281600,   1.083,   1.958,   0.700,   0.175,   1.958,   0.700,   1.958,   0.800,   2.058
202605281606,   1.014,   1.918,9999.000,9999.000,9999.000,9999.000,9999.000,9999.000,9999.000
202605281612,   0.947,   1.859,9999.000,9999.000,9999.000,9999.000,9999.000,9999.000,9999.000
202605281618,   0.883,   1.810,9999.000,9999.000,9999.000,9999.000,9999.000,9999.000,9999.000
202605281624,   0.822,   1.748,9999.000,9999.000,9999.000,9999.000,9999.000,9999.000,9999.000
202605281630,   0.764,   1.699,9999.000,9999.000,9999.000,9999.000,9999.000,9999.000,9999.000
202605281636,   0.710,   1.659,9999.000,9999.000,9999.000,9999.000,9999.000,9999.000,9999.000
202605281642,   0.661,   1.610,9999.000,9999.000,9999.000,9999.000,9999.000,9999.000,9999.000
202605281648,   0.617,   1.571,9999.000,9999.000,9999.000,9999.000,9999.000,9999.000,9999.000
202605281654,   0.577,   1.508,9999.000,9999.000,9999.000,9999.000,9999.000,9999.000,9999.000
202605281700,   0.543,   1.479,   0.700,   0.236,   1.479,   0.700,   1.479,   0.800,   1.579
202605281706,   0.516,   1.439,9999.000,9999.000,9999.000,9999.000,9999.000,9999.000,9999.000
202605281712,   0.494,   1.390,9999.000,9999.000,9999.000,9999.000,9999.000,9999.000,9999.000
202605281718,   0.480,   1.361,9999.000,9999.000,9999.000,9999.000,9999.000,9999.000,9999.000
202605281724,   0.473,   1.328,9999.000,9999.000,9999.000,9999.000,9999.000,9999.000,9999.000
202605281730,   0.475,   1.289,9999.000,9999.000,9999.000,9999.000,9999.000,9999.000,9999.000
202605281736,   0.484,   1.269,9999.000,9999.000,9999.000,9999.000,9999.000,9999.000,9999.000
202605281742,   0.501,   1.239,9999.000,9999.000,9999.000,9999.000,9999.000,9999.000,9999.000
202605281748,   0.528,   1.220,9999.000,9999.000,9999.000,9999.000,9999.000,9999.000,9999.000
202605281754,   0.563,   1.210,9999.000,9999.000,9999.000,9999.000,9999.000,9999.000,9999.000
202605281800,   0.607,   1.220,   0.700,  -0.087,   1.220,   0.700,   1.220,   0.700,   1.220
202605281806,   0.660,   1.220,9999.000,9999.000,9999.000,9999.000,9999.000,9999.000,9999.000
202605281812,   0.722,   1.249,9999.000,9999.000,9999.000,9999.000,9999.000,9999.000,9999.000
202605281818,   0.792,   1.289,9999.000,9999.000,9999.000,9999.000,9999.000,9999.000,9999.000
202605281824,   0.872,   1.348,9999.000,9999.000,9999.000,9999.000,9999.000,9999.000,9999.000
202605281830,   0.960,   1.400,9999.000,9999.000,9999.000,9999.000,9999.000,9999.000,9999.000
202605281836,   1.056,   1.449,9999.000,9999.000,9999.000,9999.000,9999.000,9999.000,9999.000
202605281842,   1.159,   1.528,9999.000,9999.000,9999.000,9999.000,9999.000,9999.000,9999.000
202605281848,   1.270,   1.620,9999.000,9999.000,9999.000,9999.000,9999.000,9999.000,9999.000
202605281854,   1.387,   1.758,9999.000,9999.000,9999.000,9999.000,9999.000,9999.000,9999.000
202605281900,   1.510,   1.879,   0.700,  -0.331,   1.879,   0.700,   1.879,   0.700,   1.879
202605281906,   1.639,   2.030,9999.000,9999.000,9999.000,9999.000,9999.000,9999.000,9999.000
202605281912,   1.772,   2.158,9999.000,9999.000,9999.000,9999.000,9999.000,9999.000,9999.000
202605281918,   1.909,   2.309,9999.000,9999.000,9999.000,9999.000,9999.000,9999.000,9999.000
202605281924,   2.049,   2.489,9999.000,9999.000,9999.000,9999.000,9999.000,9999.000,9999.000
202605281930,   2.192,   2.669,9999.000,9999.000,9999.000,9999.000,9999.000,9999.000,9999.000
202605281936,   2.338,   2.860,9999.000,9999.000,9999.000,9999.000,9999.000,9999.000,9999.000
202605281942,   2.484,   3.050,9999.000,9999.000,9999.000,9999.000,9999.000,9999.000,9999.000
202605281948,   2.632,   3.250,9999.000,9999.000,9999.000,9999.000,9999.000,9999.000,9999.000
202605281954,   2.780,   3.427,9999.000,9999.000,9999.000,9999.000,9999.000,9999.000,9999.000
202605282000,   2.928,   3.598,   0.700,  -0.030,   3.598,   0.700,   3.598,   0.800,   3.698
202605282006,   3.075,   3.749,9999.000,9999.000,9999.000,9999.000,9999.000,9999.000,9999.000
202605282012,   3.222,   3.909,9999.000,9999.000,9999.000,9999.000,9999.000,9999.000,9999.000
202605282018,   3.368,   4.047,9999.000,9999.000,9999.000,9999.000,9999.000,9999.000,9999.000
202605282024,   3.512,   4.188,9999.000,9999.000,9999.000,9999.000,9999.000,9999.000,9999.000
202605282030,   3.655,   4.319,9999.000,9999.000,9999.000,9999.000,9999.000,9999.000,9999.000
202605282036,   3.796,   4.447,9999.000,9999.000,9999.000,9999.000,9999.000,9999.000,9999.000
202605282042,   3.935,   4.598,9999.000,9999.000,9999.000,9999.000,9999.000,9999.000,9999.000
202605282048,   4.072,   4.729,9999.000,9999.000,9999.000,9999.000,9999.000,9999.000,9999.000
202605282054,   4.207,   4.877,9999.000,9999.000,9999.000,9999.000,9999.000,9999.000,9999.000
202605282100,   4.339,   5.018,   0.700,  -0.021,   5.018,   0.700,   5.018,   0.800,   5.118
202605282106,   4.468,   5.159,9999.000,9999.000,9999.000,9999.000,9999.000,9999.000,9999.000
202605282112,   4.595,   5.320,9999.000,9999.000,9999.000,9999.000,9999.000,9999.000,9999.000
202605282118,   4.718,   5.428,9999.000,9999.000,9999.000,9999.000,9999.000,9999.000,9999.000
202605282124,   4.838,   5.516,9999.000,9999.000,9999.000,9999.000,9999.000,9999.000,9999.000
202605282130,   4.955,   5.618,9999.000,9999.000,9999.000,9999.000,9999.000,9999.000,9999.000
202605282136,   5.068,   5.717,9999.000,9999.000,9999.000,9999.000,9999.000,9999.000,9999.000
202605282142,   5.177,   5.799,9999.000,9999.000,9999.000,9999.000,9999.000,9999.000,9999.000
202605282148,   5.282,   5.838,9999.000,9999.000,9999.000,9999.000,9999.000,9999.000,9999.000
202605282154,   5.382,   5.907,9999.000,9999.000,9999.000,9999.000,9999.000,9999.000,9999.000
202605282200,   5.477,   5.969,   0.700,  -0.208,   5.969,   0.700,   5.969,   0.800,   6.069
202605282206,   5.566,   6.018,9999.000,9999.000,9999.000,9999.000,9999.000,9999.000,9999.000
202605282212,   5.651,   6.048,9999.000,9999.000,9999.000,9999.000,9999.000,9999.000,9999.000
202605282218,   5.729,   6.067,9999.000,9999.000,9999.000,9999.000,9999.000,9999.000,9999.000
202605282224,   5.801,   6.097,9999.000,9999.000,9999.000,9999.000,9999.000,9999.000,9999.000
202605282230,   5.866,   6.136,9999.000,9999.000,9999.000,9999.000,9999.000,9999.000,9999.000
202605282236,   5.925,   6.179,9999.000,9999.000,9999.000,9999.000,9999.000,9999.000,9999.000
202605282242,   5.976,   6.179,9999.000,9999.000,9999.000,9999.000,9999.000,9999.000,9999.000
202605282248,   6.020,   6.218,9999.000,9999.000,9999.000,9999.000,9999.000,9999.000,9999.000
202605282254,   6.057,   6.277,9999.000,9999.000,9999.000,9999.000,9999.000,9999.000,9999.000
202605282300,   6.085,   6.307,   0.700,  -0.478,   6.307,   0.600,   6.207,   0.800,   6.407
202605282306,   6.106,   6.327,9999.000,9999.000,9999.000,9999.000,9999.000,9999.000,9999.000
202605282312,   6.119,   6.359,9999.000,9999.000,9999.000,9999.000,9999.000,9999.000,9999.000
202605282318,   6.123,   6.399,9999.000,9999.000,9999.000,9999.000,9999.000,9999.000,9999.000
202605282324,   6.119,   6.428,9999.000,9999.000,9999.000,9999.000,9999.000,9999.000,9999.000
202605282330,   6.107,   6.409,9999.000,9999.000,9999.000,9999.000,9999.000,9999.000,9999.000
202605282336,   6.087,   6.428,9999.000,9999.000,9999.000,9999.000,9999.000,9999.000,9999.000
202605282342,   6.059,   6.418,9999.000,9999.000,9999.000,9999.000,9999.000,9999.000,9999.000
202605282348,   6.023,   6.418,9999.000,9999.000,9999.000,9999.000,9999.000,9999.000,9999.000
202605282354,   5.979,   6.389,9999.000,9999.000,9999.000,9999.000,9999.000,9999.000,9999.000
202605290000,   5.928,   6.369,   0.500,  -0.059,   6.369,   0.500,   6.369,   0.600,   6.469
202605290006,   5.870,   6.359,9999.000,9999.000,9999.000,9999.000,9999.000,9999.000,9999.000
202605290012,   5.805,   6.327,9999.000,9999.000,9999.000,9999.000,9999.000,9999.000,9999.000
202605290018,   5.733,   6.287,9999.000,9999.000,9999.000,9999.000,9999.000,9999.000,9999.000
202605290024,   5.655,   6.228,9999.000,9999.000,9999.000,9999.000,9999.000,9999.000,9999.000
202605290030,   5.572,   6.199,9999.000,9999.000,9999.000,9999.000,9999.000,9999.000,9999.000
202605290036,   5.483,   6.136,9999.000,9999.000,9999.000,9999.000,9999.000,9999.000,9999.000
202605290042,   5.390,   6.058,9999.000,9999.000,9999.000,9999.000,9999.000,9999.000,9999.000
202605290048,   5.292,   5.989,9999.000,9999.000,9999.000,9999.000,9999.000,9999.000,9999.000
202605290054,   5.190,   5.907,9999.000,9999.000,9999.000,9999.000,9999.000,9999.000,9999.000
202605290100,   5.084,   5.818,   0.500,   0.234,   5.818,   0.500,   5.818,   0.500,   5.818
202605290106,   4.976,   5.717,9999.000,9999.000,9999.000,9999.000,9999.000,9999.000,9999.000
202605290112,   4.864,   5.628,9999.000,9999.000,9999.000,9999.000,9999.000,9999.000,9999.000
202605290118,   4.750,   5.549,9999.000,9999.000,9999.000,9999.000,9999.000,9999.000,9999.000
202605290124,   4.635,   5.438,9999.000,9999.000,9999.000,9999.000,9999.000,9999.000,9999.000
202605290130,   4.518,   5.329,9999.000,9999.000,9999.000,9999.000,9999.000,9999.000,9999.000
202605290136,   4.399,   5.228,9999.000,9999.000,9999.000,9999.000,9999.000,9999.000,9999.000
202605290142,   4.280,   5.129,9999.000,9999.000,9999.000,9999.000,9999.000,9999.000,9999.000
202605290148,   4.161,   5.018,9999.000,9999.000,9999.000,9999.000,9999.000,9999.000,9999.000
202605290154,   4.041,   4.910,9999.000,9999.000,9999.000,9999.000,9999.000,9999.000,9999.000
202605290200,   3.921,   4.798,   0.500,   0.377,   4.798,   0.500,   4.798,   0.500,   4.798
202605290206,   3.802,   4.700,9999.000,9999.000,9999.000,9999.000,9999.000,9999.000,9999.000
202605290212,   3.683,   4.559,9999.000,9999.000,9999.000,9999.000,9999.000,9999.000,9999.000
202605290218,   3.564,   4.447,9999.000,9999.000,9999.000,9999.000,9999.000,9999.000,9999.000
202605290224,   3.447,   4.329,9999.000,9999.000,9999.000,9999.000,9999.000,9999.000,9999.000
202605290230,   3.330,   4.208,9999.000,9999.000,9999.000,9999.000,9999.000,9999.000,9999.000
202605290236,   3.214,   4.090,9999.000,9999.000,9999.000,9999.000,9999.000,9999.000,9999.000
202605290242,   3.099,   3.968,9999.000,9999.000,9999.000,9999.000,9999.000,9999.000,9999.000
202605290248,   2.985,   3.837,9999.000,9999.000,9999.000,9999.000,9999.000,9999.000,9999.000
202605290254,   2.872,   3.709,9999.000,9999.000,9999.000,9999.000,9999.000,9999.000,9999.000
202605290300,   2.760,   3.588,   0.500,   0.328,   3.588,   0.400,   3.488,   0.500,   3.588
202605290306,   2.649,   3.450,9999.000,9999.000,9999.000,9999.000,9999.000,9999.000,9999.000
202605290312,   2.539,   3.319,9999.000,9999.000,9999.000,9999.000,9999.000,9999.000,9999.000
202605290318,   2.430,   3.188,9999.000,9999.000,9999.000,9999.000,9999.000,9999.000,9999.000
202605290324,   2.322,   3.060,9999.000,9999.000,9999.000,9999.000,9999.000,9999.000,9999.000
202605290330,   2.215,   2.919,9999.000,9999.000,9999.000,9999.000,9999.000,9999.000,9999.000
202605290336,   2.109,   2.797,9999.000,9999.000,9999.000,9999.000,9999.000,9999.000,9999.000
202605290342,   2.004,   2.689,9999.000,9999.000,9999.000,9999.000,9999.000,9999.000,9999.000
202605290348,   1.900,   2.597,9999.000,9999.000,9999.000,9999.000,9999.000,9999.000,9999.000
202605290354,   1.797,   2.509,9999.000,9999.000,9999.000,9999.000,9999.000,9999.000,9999.000
202605290400,   1.695,   2.420,   0.500,   0.225,   2.420,   0.400,   2.320,   0.500,   2.420
202605290406,   1.595,   2.338,9999.000,9999.000,9999.000,9999.000,9999.000,9999.000,9999.000
202605290412,   1.496,   2.259,9999.000,9999.000,9999.000,9999.000,9999.000,9999.000,9999.000
202605290418,   1.399,   2.177,9999.000,9999.000,9999.000,9999.000,9999.000,9999.000,9999.000
202605290424,   1.304,   2.118,9999.000,9999.000,9999.000,9999.000,9999.000,9999.000,9999.000
202605290430,   1.212,   2.059,9999.000,9999.000,9999.000,9999.000,9999.000,9999.000,9999.000
202605290436,   1.122,   1.981,9999.000,9999.000,9999.000,9999.000,9999.000,9999.000,9999.000
202605290442,   1.035,   1.908,9999.000,9999.000,9999.000,9999.000,9999.000,9999.000,9999.000
202605290448,   0.951,   1.859,9999.000,9999.000,9999.000,9999.000,9999.000,9999.000,9999.000
202605290454,   0.870,   1.800,9999.000,9999.000,9999.000,9999.000,9999.000,9999.000,9999.000
202605290500,   0.794,   1.728,   0.500,   0.434,   1.728,   0.400,   1.628,   0.500,   1.728
202605290506,   0.722,   1.679,9999.000,9999.000,9999.000,9999.000,9999.000,9999.000,9999.000
202605290512,   0.654,   1.630,9999.000,9999.000,9999.000,9999.000,9999.000,9999.000,9999.000
202605290518,   0.592,   1.590,9999.000,9999.000,9999.000,9999.000,9999.000,9999.000,9999.000
202605290524,   0.536,   1.548,9999.000,9999.000,9999.000,9999.000,9999.000,9999.000,9999.000
202605290530,   0.485,   1.498,9999.000,9999.000,9999.000,9999.000,9999.000,9999.000,9999.000
202605290536,   0.441,   1.449,9999.000,9999.000,9999.000,9999.000,9999.000,9999.000,9999.000
202605290542,   0.403,   1.410,9999.000,9999.000,9999.000,9999.000,9999.000,9999.000,9999.000
202605290548,   0.373,   1.390,9999.000,9999.000,9999.000,9999.000,9999.000,9999.000,9999.000
202605290554,   0.350,   1.361,9999.000,9999.000,9999.000,9999.000,9999.000,9999.000,9999.000
202605290600,   0.334,   1.328,   0.400,   0.594,   1.328,   0.400,   1.328,   0.400,   1.328
202605290606,   0.327,   1.308,9999.000,9999.000,9999.000,9999.000,9999.000,9999.000,9999.000
202605290612,   0.327,   1.279,9999.000,9999.000,9999.000,9999.000,9999.000,9999.000,9999.000
202605290618,   0.336,   1.259,9999.000,9999.000,9999.000,9999.000,9999.000,9999.000,9999.000
202605290624,   0.353,   1.239,9999.000,9999.000,9999.000,9999.000,9999.000,9999.000,9999.000
202605290630,   0.379,   1.229,9999.000,9999.000,9999.000,9999.000,9999.000,9999.000,9999.000
202605290636,   0.413,   1.229,9999.000,9999.000,9999.000,9999.000,9999.000,9999.000,9999.000
202605290642,   0.456,   1.239,9999.000,9999.000,9999.000,9999.000,9999.000,9999.000,9999.000
202605290648,   0.507,   1.259,9999.000,9999.000,9999.000,9999.000,9999.000,9999.000,9999.000
202605290654,   0.566,   1.298,9999.000,9999.000,9999.000,9999.000,9999.000,9999.000,9999.000
202605290700,   0.633,   1.348,   0.400,   0.315,   1.348,   0.300,   1.248,   0.400,   1.348
202605290706,   0.708,   1.400,9999.000,9999.000,9999.000,9999.000,9999.000,9999.000,9999.000
202605290712,   0.789,   1.469,9999.000,9999.000,9999.000,9999.000,9999.000,9999.000,9999.000
202605290718,   0.877,   1.538,9999.000,9999.000,9999.000,9999.000,9999.000,9999.000,9999.000
202605290724,   0.972,   1.630,9999.000,9999.000,9999.000,9999.000,9999.000,9999.000,9999.000
202605290730,   1.071,   1.738,9999.000,9999.000,9999.000,9999.000,9999.000,9999.000,9999.000
202605290736,   1.176,   1.849,9999.000,9999.000,9999.000,9999.000,9999.000,9999.000,9999.000
202605290742,   1.285,   1.981,9999.000,9999.000,9999.000,9999.000,9999.000,9999.000,9999.000
202605290748,   1.397,   2.109,9999.000,9999.000,9999.000,9999.000,9999.000,9999.000,9999.000
202605290754,   1.513,   2.259,9999.000,9999.000,9999.000,9999.000,9999.000,9999.000,9999.000
202605290800,   1.631,   2.400,   0.400,   0.369,   2.400,   0.300,   2.300,   0.400,   2.400
202605290806,   1.751,   2.558,9999.000,9999.000,9999.000,9999.000,9999.000,9999.000,9999.000
202605290812,   1.873,   2.719,9999.000,9999.000,9999.000,9999.000,9999.000,9999.000,9999.000
202605290818,   1.995,   2.889,9999.000,9999.000,9999.000,9999.000,9999.000,9999.000,9999.000
202605290824,   2.118,   3.050,9999.000,9999.000,9999.000,9999.000,9999.000,9999.000,9999.000
202605290830,   2.241,   3.217,9999.000,9999.000,9999.000,9999.000,9999.000,9999.000,9999.000
202605290836,   2.364,   3.358,9999.000,9999.000,9999.000,9999.000,9999.000,9999.000,9999.000
202605290842,   2.487,   3.489,9999.000,9999.000,9999.000,9999.000,9999.000,9999.000,9999.000
202605290848,   2.609,   3.637,9999.000,9999.000,9999.000,9999.000,9999.000,9999.000,9999.000
202605290854,   2.729,   3.768,9999.000,9999.000,9999.000,9999.000,9999.000,9999.000,9999.000
202605290900,   2.849,   3.880,   0.400,   0.631,   3.880,   0.300,   3.780,   0.400,   3.880
202605290906,   2.967,   3.968,9999.000,9999.000,9999.000,9999.000,9999.000,9999.000,9999.000
202605290912,   3.084,   4.090,9999.000,9999.000,9999.000,9999.000,9999.000,9999.000,9999.000
202605290918,   3.199,   4.208,9999.000,9999.000,9999.000,9999.000,9999.000,9999.000,9999.000
202605290924,   3.312,   4.309,9999.000,9999.000,9999.000,9999.000,9999.000,9999.000,9999.000
202605290930,   3.423,   4.398,9999.000,9999.000,9999.000,9999.000,9999.000,9999.000,9999.000
202605290936,   3.532,   4.509,9999.000,9999.000,9999.000,9999.000,9999.000,9999.000,9999.000
202605290942,   3.639,   4.598,9999.000,9999.000,9999.000,9999.000,9999.000,9999.000,9999.000
202605290948,   3.743,   4.700,9999.000,9999.000,9999.000,9999.000,9999.000,9999.000,9999.000
202605290954,   3.844,   4.769,9999.000,9999.000,9999.000,9999.000,9999.000,9999.000,9999.000
202605291000,   3.942,   4.818,   0.400,   0.476,   4.818,   0.400,   4.818,   0.400,   4.818
202605291006,   4.037,   4.877,9999.000,9999.000,9999.000,9999.000,9999.000,9999.000,9999.000
202605291012,   4.128,   4.939,9999.000,9999.000,9999.000,9999.000,9999.000,9999.000,9999.000
202605291018,   4.216,   5.008,9999.000,9999.000,9999.000,9999.000,9999.000,9999.000,9999.000
202605291024,   4.299,   5.057,9999.000,9999.000,9999.000,9999.000,9999.000,9999.000,9999.000
202605291030,   4.378,   5.110,9999.000,9999.000,9999.000,9999.000,9999.000,9999.000,9999.000
202605291036,   4.452,   5.149,9999.000,9999.000,9999.000,9999.000,9999.000,9999.000,9999.000
202605291042,   4.521,   5.169,9999.000,9999.000,9999.000,9999.000,9999.000,9999.000,9999.000
202605291048,   4.585,   5.188,9999.000,9999.000,9999.000,9999.000,9999.000,9999.000,9999.000
202605291054,   4.643,   5.218,9999.000,9999.000,9999.000,9999.000,9999.000,9999.000,9999.000
202605291100,   4.695,   5.247,   0.400,   0.152,   5.247,   0.400,   5.247,   0.500,   5.347
202605291106,   4.740,   5.287,9999.000,9999.000,9999.000,9999.000,9999.000,9999.000,9999.000
202605291112,   4.779,   5.349,9999.000,9999.000,9999.000,9999.000,9999.000,9999.000,9999.000
202605291118,   4.811,   5.379,9999.000,9999.000,9999.000,9999.000,9999.000,9999.000,9999.000
202605291124,   4.837,   5.408,9999.000,9999.000,9999.000,9999.000,9999.000,9999.000,9999.000
202605291130,   4.855,   5.438,9999.000,9999.000,9999.000,9999.000,9999.000,9999.000,9999.000
202605291136,   4.866,   5.467,9999.000,9999.000,9999.000,9999.000,9999.000,9999.000,9999.000
202605291142,   4.870,   5.497,9999.000,9999.000,9999.000,9999.000,9999.000,9999.000,9999.000
202605291148,   4.867,   5.507,9999.000,9999.000,9999.000,9999.000,9999.000,9999.000,9999.000
202605291154,   4.856,   5.516,9999.000,9999.000,9999.000,9999.000,9999.000,9999.000,9999.000
202605291200,   4.839,   5.569,   0.400,   0.330,   5.569,   0.400,   5.569,   0.500,   5.669
202605291206,   4.814,   5.569,9999.000,9999.000,9999.000,9999.000,9999.000,9999.000,9999.000
202605291212,   4.782,   5.589,9999.000,9999.000,9999.000,9999.000,9999.000,9999.000,9999.000
202605291218,   4.744,   5.569,9999.000,9999.000,9999.000,9999.000,9999.000,9999.000,9999.000
202605291224,   4.699,   5.569,9999.000,9999.000,9999.000,9999.000,9999.000,9999.000,9999.000
202605291230,   4.648,   5.579,9999.000,9999.000,9999.000,9999.000,9999.000,9999.000,9999.000
202605291236,   4.591,   5.589,9999.000,9999.000,9999.000,9999.000,9999.000,9999.000,9999.000
202605291242,   4.529,   5.559,9999.000,9999.000,9999.000,9999.000,9999.000,9999.000,9999.000
202605291248,   4.461,   5.516,9999.000,9999.000,9999.000,9999.000,9999.000,9999.000,9999.000
202605291254,   4.389,   5.497,9999.000,9999.000,9999.000,9999.000,9999.000,9999.000,9999.000
202605291300,   4.312,   5.448,   0.400,   0.736,   5.448,   0.400,   5.448,   0.500,   5.548
202605291306,   4.231,   5.389,9999.000,9999.000,9999.000,9999.000,9999.000,9999.000,9999.000
202605291312,   4.147,   5.329,9999.000,9999.000,9999.000,9999.000,9999.000,9999.000,9999.000
202605291318,   4.059,   5.277,9999.000,9999.000,9999.000,9999.000,9999.000,9999.000,9999.000
202605291324,   3.969,   5.179,9999.000,9999.000,9999.000,9999.000,9999.000,9999.000,9999.000
202605291330,   3.876,   5.097,9999.000,9999.000,9999.000,9999.000,9999.000,9999.000,9999.000
202605291336,   3.782,   5.018,9999.000,9999.000,9999.000,9999.000,9999.000,9999.000,9999.000
202605291342,   3.685,   4.929,9999.000,9999.000,9999.000,9999.000,9999.000,9999.000,9999.000
202605291348,   3.588,   4.818,9999.000,9999.000,9999.000,9999.000,9999.000,9999.000,9999.000
202605291354,   3.489,   4.719,9999.000,9999.000,9999.000,9999.000,9999.000,9999.000,9999.000
202605291400,   3.391,   4.608,   0.500,   0.717,   4.608,   0.400,   4.508,   0.500,   4.608
202605291406,   3.291,   4.490,9999.000,9999.000,9999.000,9999.000,9999.000,9999.000,9999.000
202605291412,   3.192,   4.359,9999.000,9999.000,9999.000,9999.000,9999.000,9999.000,9999.000
202605291418,   3.094,   4.218,9999.000,9999.000,9999.000,9999.000,9999.000,9999.000,9999.000
202605291424,   2.996,   4.099,9999.000,9999.000,9999.000,9999.000,9999.000,9999.000,9999.000
202605291430,   2.899,   3.958,9999.000,9999.000,9999.000,9999.000,9999.000,9999.000,9999.000
202605291436,   2.802,   3.847,9999.000,9999.000,9999.000,9999.000,9999.000,9999.000,9999.000
202605291442,   2.707,   3.719,9999.000,9999.000,9999.000,9999.000,9999.000,9999.000,9999.000
202605291448,   2.613,   3.598,9999.000,9999.000,9999.000,9999.000,9999.000,9999.000,9999.000
202605291454,   2.521,   3.489,9999.000,9999.000,9999.000,9999.000,9999.000,9999.000,9999.000
202605291500,   2.430,   3.388,   0.500,   0.458,   3.388,   0.400,   3.288,   0.500,   3.388
202605291506,   2.340,   3.279,9999.000,9999.000,9999.000,9999.000,9999.000,9999.000,9999.000
202605291512,   2.252,   3.158,9999.000,9999.000,9999.000,9999.000,9999.000,9999.000,9999.000
202605291518,   2.166,   3.050,9999.000,9999.000,9999.000,9999.000,9999.000,9999.000,9999.000
202605291524,   2.081,   2.938,9999.000,9999.000,9999.000,9999.000,9999.000,9999.000,9999.000
202605291530,   1.997,   2.830,9999.000,9999.000,9999.000,9999.000,9999.000,9999.000,9999.000
202605291536,   1.915,   2.728,9999.000,9999.000,9999.000,9999.000,9999.000,9999.000,9999.000
202605291542,   1.834,   2.650,9999.000,9999.000,9999.000,9999.000,9999.000,9999.000,9999.000
202605291548,   1.755,   2.538,9999.000,9999.000,9999.000,9999.000,9999.000,9999.000,9999.000
202605291554,   1.676,   2.469,9999.000,9999.000,9999.000,9999.000,9999.000,9999.000,9999.000
202605291600,   1.600,   2.400,   0.500,   0.300,   2.400,   0.400,   2.300,   0.500,   2.400
202605291606,   1.524,   2.309,9999.000,9999.000,9999.000,9999.000,9999.000,9999.000,9999.000
202605291612,   1.450,   2.240,9999.000,9999.000,9999.000,9999.000,9999.000,9999.000,9999.000
202605291618,   1.378,   2.177,9999.000,9999.000,9999.000,9999.000,9999.000,9999.000,9999.000
202605291624,   1.307,   2.099,9999.000,9999.000,9999.000,9999.000,9999.000,9999.000,9999.000
202605291630,   1.238,   2.049,9999.000,9999.000,9999.000,9999.000,9999.000,9999.000,9999.000
202605291636,   1.170,   1.990,9999.000,9999.000,9999.000,9999.000,9999.000,9999.000,9999.000
202605291642,   1.104,   1.938,9999.000,9999.000,9999.000,9999.000,9999.000,9999.000,9999.000
202605291648,   1.041,   1.879,9999.000,9999.000,9999.000,9999.000,9999.000,9999.000,9999.000
202605291654,   0.979,   1.849,9999.000,9999.000,9999.000,9999.000,9999.000,9999.000,9999.000
202605291700,   0.921,   1.810,   0.500,   0.389,   1.810,   0.500,   1.810,   0.600,   1.910
202605291706,   0.865,   1.767,9999.000,9999.000,9999.000,9999.000,9999.000,9999.000,9999.000
202605291712,   0.813,   1.728,9999.000,9999.000,9999.000,9999.000,9999.000,9999.000,9999.000
202605291718,   0.764,   1.679,9999.000,9999.000,9999.000,9999.000,9999.000,9999.000,9999.000
202605291724,   0.719,   1.630,9999.000,9999.000,9999.000,9999.000,9999.000,9999.000,9999.000
202605291730,   0.678,   1.590,9999.000,9999.000,9999.000,9999.000,9999.000,9999.000,9999.000
202605291736,   0.643,   1.571,9999.000,9999.000,9999.000,9999.000,9999.000,9999.000,9999.000
202605291742,   0.612,   1.528,9999.000,9999.000,9999.000,9999.000,9999.000,9999.000,9999.000
202605291748,   0.587,   1.518,9999.000,9999.000,9999.000,9999.000,9999.000,9999.000,9999.000
202605291754,   0.568,   1.479,9999.000,9999.000,9999.000,9999.000,9999.000,9999.000,9999.000
202605291800,   0.556,   1.449,   0.600,   0.293,   1.449,   0.600,   1.449,   0.600,   1.449
202605291806,   0.551,   1.439,9999.000,9999.000,9999.000,9999.000,9999.000,9999.000,9999.000
202605291812,   0.553,   1.420,9999.000,9999.000,9999.000,9999.000,9999.000,9999.000,9999.000
202605291818,   0.563,   1.410,9999.000,9999.000,9999.000,9999.000,9999.000,9999.000,9999.000
202605291824,   0.580,   1.410,9999.000,9999.000,9999.000,9999.000,9999.000,9999.000,9999.000
202605291830,   0.607,   1.410,9999.000,9999.000,9999.000,9999.000,9999.000,9999.000,9999.000
202605291836,   0.641,   1.420,9999.000,9999.000,9999.000,9999.000,9999.000,9999.000,9999.000
202605291842,   0.685,   1.439,9999.000,9999.000,9999.000,9999.000,9999.000,9999.000,9999.000
202605291848,   0.737,   1.449,9999.000,9999.000,9999.000,9999.000,9999.000,9999.000,9999.000
202605291854,   0.799,   1.508,9999.000,9999.000,9999.000,9999.000,9999.000,9999.000,9999.000
202605291900,   0.869,   1.600,   0.600,   0.131,   1.600,   0.600,   1.600,   0.700,   1.700
202605291906,   0.948,   1.679,9999.000,9999.000,9999.000,9999.000,9999.000,9999.000,9999.000
202605291912,   1.035,   1.767,9999.000,9999.000,9999.000,9999.000,9999.000,9999.000,9999.000
202605291918,   1.131,   1.879,9999.000,9999.000,9999.000,9999.000,9999.000,9999.000,9999.000
202605291924,   1.235,   1.981,9999.000,9999.000,9999.000,9999.000,9999.000,9999.000,9999.000
202605291930,   1.346,   2.069,9999.000,9999.000,9999.000,9999.000,9999.000,9999.000,9999.000
202605291936,   1.464,   2.210,9999.000,9999.000,9999.000,9999.000,9999.000,9999.000,9999.000
202605291942,   1.589,   2.338,9999.000,9999.000,9999.000,9999.000,9999.000,9999.000,9999.000
202605291948,   1.720,   2.469,9999.000,9999.000,9999.000,9999.000,9999.000,9999.000,9999.000
202605291954,   1.855,   2.620,9999.000,9999.000,9999.000,9999.000,9999.000,9999.000,9999.000
202605292000,   1.995,   2.778,   0.700,   0.083,   2.778,   0.700,   2.778,   0.700,   2.778
202605292006,   2.139,   2.958,9999.000,9999.000,9999.000,9999.000,9999.000,9999.000,9999.000
202605292012,   2.287,   3.138,9999.000,9999.000,9999.000,9999.000,9999.000,9999.000,9999.000
202605292018,   2.436,   3.309,9999.000,9999.000,9999.000,9999.000,9999.000,9999.000,9999.000
202605292024,   2.587,   3.489,9999.000,9999.000,9999.000,9999.000,9999.000,9999.000,9999.000
202605292030,   2.740,   3.660,9999.000,9999.000,9999.000,9999.000,9999.000,9999.000,9999.000
202605292036,   2.893,   3.817,9999.000,9999.000,9999.000,9999.000,9999.000,9999.000,9999.000
202605292042,   3.046,   3.978,9999.000,9999.000,9999.000,9999.000,9999.000,9999.000,9999.000
202605292048,   3.199,   4.149,9999.000,9999.000,9999.000,9999.000,9999.000,9999.000,9999.000
202605292054,   3.350,   4.300,9999.000,9999.000,9999.000,9999.000,9999.000,9999.000,9999.000
202605292100,   3.501,   4.457,   0.700,   0.256,   4.457,   0.700,   4.457,   0.700,   4.457
202605292106,   3.650,   4.618,9999.000,9999.000,9999.000,9999.000,9999.000,9999.000,9999.000
202605292112,   3.797,   4.769,9999.000,9999.000,9999.000,9999.000,9999.000,9999.000,9999.000
202605292118,   3.941,   4.900,9999.000,9999.000,9999.000,9999.000,9999.000,9999.000,9999.000
202605292124,   4.083,   5.057,9999.000,9999.000,9999.000,9999.000,9999.000,9999.000,9999.000
202605292130,   4.223,   5.198,9999.000,9999.000,9999.000,9999.000,9999.000,9999.000,9999.000
202605292136,   4.359,   5.329,9999.000,9999.000,9999.000,9999.000,9999.000,9999.000,9999.000
202605292142,   4.493,   5.477,9999.000,9999.000,9999.000,9999.000,9999.000,9999.000,9999.000
202605292148,   4.623,   5.598,9999.000,9999.000,9999.000,9999.000,9999.000,9999.000,9999.000
202605292154,   4.750,   5.730,9999.000,9999.000,9999.000,9999.000,9999.000,9999.000,9999.000
202605292200,   4.872,   5.858,   0.700,   0.286,   5.858,   0.700,   5.858,   0.800,   5.958
202605292206,   4.991,   5.969,9999.000,9999.000,9999.000,9999.000,9999.000,9999.000,9999.000
202605292212,   5.106,   6.067,9999.000,9999.000,9999.000,9999.000,9999.000,9999.000,9999.000
202605292218,   5.217,   6.159,9999.000,9999.000,9999.000,9999.000,9999.000,9999.000,9999.000
202605292224,   5.323,   6.248,9999.000,9999.000,9999.000,9999.000,9999.000,9999.000,9999.000
202605292230,   5.424,   6.336,9999.000,9999.000,9999.000,9999.000,9999.000,9999.000,9999.000
202605292236,   5.520,   6.389,9999.000,9999.000,9999.000,9999.000,9999.000,9999.000,9999.000
202605292242,   5.611,   6.438,9999.000,9999.000,9999.000,9999.000,9999.000,9999.000,9999.000
202605292248,   5.696,   6.487,9999.000,9999.000,9999.000,9999.000,9999.000,9999.000,9999.000
202605292254,   5.775,   6.546,9999.000,9999.000,9999.000,9999.000,9999.000,9999.000,9999.000
202605292300,   5.848,   6.589,   0.700,   0.041,   6.589,   0.700,   6.589,   0.800,   6.689
202605292306,   5.914,   6.619,9999.000,9999.000,9999.000,9999.000,9999.000,9999.000,9999.000
202605292312,   5.974,   6.638,9999.000,9999.000,9999.000,9999.000,9999.000,9999.000,9999.000
202605292318,   6.027,   6.668,9999.000,9999.000,9999.000,9999.000,9999.000,9999.000,9999.000
202605292324,   6.073,   6.687,9999.000,9999.000,9999.000,9999.000,9999.000,9999.000,9999.000
202605292330,   6.112,   6.687,9999.000,9999.000,9999.000,9999.000,9999.000,9999.000,9999.000
202605292336,   6.142,   6.697,9999.000,9999.000,9999.000,9999.000,9999.000,9999.000,9999.000
202605292342,   6.166,   6.727,9999.000,9999.000,9999.000,9999.000,9999.000,9999.000,9999.000
202605292348,   6.181,   6.717,9999.000,9999.000,9999.000,9999.000,9999.000,9999.000,9999.000
202605292354,   6.188,   6.717,9999.000,9999.000,9999.000,9999.000,9999.000,9999.000,9999.000
202605300000,   6.188,   6.746,   0.700,  -0.142,   6.746,   0.600,   6.646,   0.700,   6.746
202605300006,   6.179,   6.766,9999.000,9999.000,9999.000,9999.000,9999.000,9999.000,9999.000
202605300012,   6.163,   6.756,9999.000,9999.000,9999.000,9999.000,9999.000,9999.000,9999.000
202605300018,   6.138,   6.746,9999.000,9999.000,9999.000,9999.000,9999.000,9999.000,9999.000
202605300024,   6.106,   6.766,9999.000,9999.000,9999.000,9999.000,9999.000,9999.000,9999.000
202605300030,   6.066,   6.746,9999.000,9999.000,9999.000,9999.000,9999.000,9999.000,9999.000
202605300036,   6.018,   6.727,9999.000,9999.000,9999.000,9999.000,9999.000,9999.000,9999.000
202605300042,   5.963,   6.687,9999.000,9999.000,9999.000,9999.000,9999.000,9999.000,9999.000
202605300048,   5.901,   6.658,9999.000,9999.000,9999.000,9999.000,9999.000,9999.000,9999.000
202605300054,   5.833,   6.658,9999.000,9999.000,9999.000,9999.000,9999.000,9999.000,9999.000
202605300100,   5.757,   6.628,   0.700,   0.171,   6.628,   0.600,   6.528,   0.700,   6.628
202605300106,   5.676,   6.569,9999.000,9999.000,9999.000,9999.000,9999.000,9999.000,9999.000
202605300112,   5.589,   6.527,9999.000,9999.000,9999.000,9999.000,9999.000,9999.000,9999.000
202605300118,   5.496,   6.487,9999.000,9999.000,9999.000,9999.000,9999.000,9999.000,9999.000
202605300124,   5.399,   6.428,9999.000,9999.000,9999.000,9999.000,9999.000,9999.000,9999.000
202605300130,   5.296,   6.359,9999.000,9999.000,9999.000,9999.000,9999.000,9999.000,9999.000
202605300136,   5.190,   6.287,9999.000,9999.000,9999.000,9999.000,9999.000,9999.000,9999.000
202605300142,   5.080,   6.218,9999.000,9999.000,9999.000,9999.000,9999.000,9999.000,9999.000
202605300148,   4.967,   6.127,9999.000,9999.000,9999.000,9999.000,9999.000,9999.000,9999.000
202605300154,   4.850,   6.038,9999.000,9999.000,9999.000,9999.000,9999.000,9999.000,9999.000
202605300200,   4.732,   5.949,   0.700,   0.517,   5.949,   0.700,   5.949,   0.800,   6.049
202605300206,   4.611,   5.858,9999.000,9999.000,9999.000,9999.000,9999.000,9999.000,9999.000
202605300212,   4.489,   5.759,9999.000,9999.000,9999.000,9999.000,9999.000,9999.000,9999.000
202605300218,   4.365,   5.648,9999.000,9999.000,9999.000,9999.000,9999.000,9999.000,9999.000
202605300224,   4.241,   5.539,9999.000,9999.000,9999.000,9999.000,9999.000,9999.000,9999.000
202605300230,   4.116,   5.428,9999.000,9999.000,9999.000,9999.000,9999.000,9999.000,9999.000
202605300236,   3.991,   5.287,9999.000,9999.000,9999.000,9999.000,9999.000,9999.000,9999.000
202605300242,   3.866,   5.159,9999.000,9999.000,9999.000,9999.000,9999.000,9999.000,9999.000
202605300248,   3.741,   5.028,9999.000,9999.000,9999.000,9999.000,9999.000,9999.000,9999.000
202605300254,   3.617,   4.887,9999.000,9999.000,9999.000,9999.000,9999.000,9999.000,9999.000
202605300300,   3.494,   4.759,   0.700,   0.565,   4.759,   0.700,   4.759,   0.800,   4.859
202605300306,   3.371,   4.628,9999.000,9999.000,9999.000,9999.000,9999.000,9999.000,9999.000
202605300312,   3.250,   4.490,9999.000,9999.000,9999.000,9999.000,9999.000,9999.000,9999.000
202605300318,   3.131,   4.349,9999.000,9999.000,9999.000,9999.000,9999.000,9999.000,9999.000
202605300324,   3.012,   4.218,9999.000,9999.000,9999.000,9999.000,9999.000,9999.000,9999.000
202605300330,   2.895,   4.070,9999.000,9999.000,9999.000,9999.000,9999.000,9999.000,9999.000
202605300336,   2.780,   3.929,9999.000,9999.000,9999.000,9999.000,9999.000,9999.000,9999.000
202605300342,   2.665,   3.798,9999.000,9999.000,9999.000,9999.000,9999.000,9999.000,9999.000
202605300348,   2.553,   3.660,9999.000,9999.000,9999.000,9999.000,9999.000,9999.000,9999.000
202605300354,   2.442,   3.529,9999.000,9999.000,9999.000,9999.000,9999.000,9999.000,9999.000
202605300400,   2.332,   3.388,   0.700,   0.356,   3.388,   0.700,   3.388,   0.800,   3.488
202605300406,   2.224,   3.260,9999.000,9999.000,9999.000,9999.000,9999.000,9999.000,9999.000
202605300412,   2.117,   3.129,9999.000,9999.000,9999.000,9999.000,9999.000,9999.000,9999.000
202605300418,   2.012,   3.017,9999.000,9999.000,9999.000,9999.000,9999.000,9999.000,9999.000
202605300424,   1.908,   2.889,9999.000,9999.000,9999.000,9999.000,9999.000,9999.000,9999.000
202605300430,   1.805,   2.778,9999.000,9999.000,9999.000,9999.000,9999.000,9999.000,9999.000
202605300436,   1.704,   2.679,9999.000,9999.000,9999.000,9999.000,9999.000,9999.000,9999.000
202605300442,   1.605,   2.587,9999.000,9999.000,9999.000,9999.000,9999.000,9999.000,9999.000
202605300448,   1.507,   2.499,9999.000,9999.000,9999.000,9999.000,9999.000,9999.000,9999.000
202605300454,   1.411,   2.420,9999.000,9999.000,9999.000,9999.000,9999.000,9999.000,9999.000
202605300500,   1.317,   2.338,   0.700,   0.321,   2.338,   0.600,   2.238,   0.700,   2.338
202605300506,   1.225,   2.259,9999.000,9999.000,9999.000,9999.000,9999.000,9999.000,9999.000
202605300512,   1.135,   2.191,9999.000,9999.000,9999.000,9999.000,9999.000,9999.000,9999.000
202605300518,   1.047,   2.118,9999.000,9999.000,9999.000,9999.000,9999.000,9999.000,9999.000
202605300524,   0.962,   2.040,9999.000,9999.000,9999.000,9999.000,9999.000,9999.000,9999.000
202605300530,   0.880,   1.981,9999.000,9999.000,9999.000,9999.000,9999.000,9999.000,9999.000
202605300536,   0.802,   1.908,9999.000,9999.000,9999.000,9999.000,9999.000,9999.000,9999.000
202605300542,   0.727,   1.840,9999.000,9999.000,9999.000,9999.000,9999.000,9999.000,9999.000
202605300548,   0.656,   1.790,9999.000,9999.000,9999.000,9999.000,9999.000,9999.000,9999.000
202605300554,   0.589,   1.728,9999.000,9999.000,9999.000,9999.000,9999.000,9999.000,9999.000
202605300600,   0.528,   1.669,   0.600,   0.541,   1.669,   0.600,   1.669,   0.600,   1.669
202605300606,   0.471,   1.620,9999.000,9999.000,9999.000,9999.000,9999.000,9999.000,9999.000
202605300612,   0.420,   1.557,9999.000,9999.000,9999.000,9999.000,9999.000,9999.000,9999.000
202605300618,   0.375,   1.498,9999.000,9999.000,9999.000,9999.000,9999.000,9999.000,9999.000
202605300624,   0.336,   1.449,9999.000,9999.000,9999.000,9999.000,9999.000,9999.000,9999.000
202605300630,   0.304,   1.410,9999.000,9999.000,9999.000,9999.000,9999.000,9999.000,9999.000
202605300636,   0.278,   1.348,9999.000,9999.000,9999.000,9999.000,9999.000,9999.000,9999.000
202605300642,   0.261,   1.298,9999.000,9999.000,9999.000,9999.000,9999.000,9999.000,9999.000
202605300648,   0.250,   1.279,9999.000,9999.000,9999.000,9999.000,9999.000,9999.000,9999.000
202605300654,   0.248,   1.269,9999.000,9999.000,9999.000,9999.000,9999.000,9999.000,9999.000
202605300700,   0.254,   1.249,   0.500,   0.495,   1.249,   0.500,   1.249,   0.600,   1.349
202605300706,   0.268,   1.220,9999.000,9999.000,9999.000,9999.000,9999.000,9999.000,9999.000
202605300712,   0.291,   1.229,9999.000,9999.000,9999.000,9999.000,9999.000,9999.000,9999.000
202605300718,   0.323,   1.239,9999.000,9999.000,9999.000,9999.000,9999.000,9999.000,9999.000
202605300724,   0.363,   1.259,9999.000,9999.000,9999.000,9999.000,9999.000,9999.000,9999.000
202605300730,   0.411,   1.279,9999.000,9999.000,9999.000,9999.000,9999.000,9999.000,9999.000
202605300736,   0.469,   1.348,9999.000,9999.000,9999.000,9999.000,9999.000,9999.000,9999.000
202605300742,   0.534,   1.420,9999.000,9999.000,9999.000,9999.000,9999.000,9999.000,9999.000
202605300748,   0.608,   1.489,9999.000,9999.000,9999.000,9999.000,9999.000,9999.000,9999.000
202605300754,   0.689,   1.580,9999.000,9999.000,9999.000,9999.000,9999.000,9999.000,9999.000
202605300800,   0.777,   1.679,   0.500,   0.402,   1.679,   0.400,   1.579,   0.500,   1.679
202605300806,   0.873,   1.781,9999.000,9999.000,9999.000,9999.000,9999.000,9999.000,9999.000
202605300812,   0.974,   1.849,9999.000,9999.000,9999.000,9999.000,9999.000,9999.000,9999.000
202605300818,   1.082,   1.948,9999.000,9999.000,9999.000,9999.000,9999.000,9999.000,9999.000
202605300824,   1.194,   2.040,9999.000,9999.000,9999.000,9999.000,9999.000,9999.000,9999.000
202605300830,   1.311,   2.158,9999.000,9999.000,9999.000,9999.000,9999.000,9999.000,9999.000
202605300836,   1.432,   2.279,9999.000,9999.000,9999.000,9999.000,9999.000,9999.000,9999.000
202605300842,   1.556,   2.377,9999.000,9999.000,9999.000,9999.000,9999.000,9999.000,9999.000
202605300848,   1.682,   2.509,9999.000,9999.000,9999.000,9999.000,9999.000,9999.000,9999.000
202605300854,   1.811,   2.650,9999.000,9999.000,9999.000,9999.000,9999.000,9999.000,9999.000
202605300900,   1.940,   2.778,   0.400,   0.438,   2.778,   0.300,   2.678,   0.500,   2.878
202605300906,   2.071,   2.909,9999.000,9999.000,9999.000,9999.000,9999.000,9999.000,9999.000
202605300912,   2.201,   3.040,9999.000,9999.000,9999.000,9999.000,9999.000,9999.000,9999.000
202605300918,   2.332,   3.148,9999.000,9999.000,9999.000,9999.000,9999.000,9999.000,9999.000
202605300924,   2.461,   3.260,9999.000,9999.000,9999.000,9999.000,9999.000,9999.000,9999.000
202605300930,   2.590,   3.378,9999.000,9999.000,9999.000,9999.000,9999.000,9999.000,9999.000
202605300936,   2.718,   3.509,9999.000,9999.000,9999.000,9999.000,9999.000,9999.000,9999.000
202605300942,   2.844,   3.568,9999.000,9999.000,9999.000,9999.000,9999.000,9999.000,9999.000
202605300948,   2.968,   3.637,9999.000,9999.000,9999.000,9999.000,9999.000,9999.000,9999.000
202605300954,   3.090,   3.739,9999.000,9999.000,9999.000,9999.000,9999.000,9999.000,9999.000
202605301000,   3.209,   3.837,   0.300,   0.328,   3.837,   0.300,   3.837,   0.400,   3.937
202605301006,   3.326,   3.939,9999.000,9999.000,9999.000,9999.000,9999.000,9999.000,9999.000
202605301012,   3.441,   4.008,9999.000,9999.000,9999.000,9999.000,9999.000,9999.000,9999.000
202605301018,   3.552,   4.070,9999.000,9999.000,9999.000,9999.000,9999.000,9999.000,9999.000
202605301024,   3.661,   4.129,9999.000,9999.000,9999.000,9999.000,9999.000,9999.000,9999.000
202605301030,   3.766,   4.188,9999.000,9999.000,9999.000,9999.000,9999.000,9999.000,9999.000
202605301036,   3.868,   4.227,9999.000,9999.000,9999.000,9999.000,9999.000,9999.000,9999.000
202605301042,   3.966,   4.290,9999.000,9999.000,9999.000,9999.000,9999.000,9999.000,9999.000
202605301048,   4.060,   4.339,9999.000,9999.000,9999.000,9999.000,9999.000,9999.000,9999.000
202605301054,   4.150,   4.398,9999.000,9999.000,9999.000,9999.000,9999.000,9999.000,9999.000
202605301100,   4.236,   4.447,   0.300,  -0.089,   4.447,   0.200,   4.347,   0.400,   4.547
202605301106,   4.318,   4.500,9999.000,9999.000,9999.000,9999.000,9999.000,9999.000,9999.000
202605301112,   4.394,   4.549,9999.000,9999.000,9999.000,9999.000,9999.000,9999.000,9999.000
202605301118,   4.466,   4.598,9999.000,9999.000,9999.000,9999.000,9999.000,9999.000,9999.000
202605301124,   4.532,   4.618,9999.000,9999.000,9999.000,9999.000,9999.000,9999.000,9999.000
202605301130,   4.593,   4.637,9999.000,9999.000,9999.000,9999.000,9999.000,9999.000,9999.000
202605301136,   4.648,   4.647,9999.000,9999.000,9999.000,9999.000,9999.000,9999.000,9999.000
202605301142,   4.697,   4.667,9999.000,9999.000,9999.000,9999.000,9999.000,9999.000,9999.000
202605301148,   4.740,   4.700,9999.000,9999.000,9999.000,9999.000,9999.000,9999.000,9999.000
202605301154,   4.776,   4.759,9999.000,9999.000,9999.000,9999.000,9999.000,9999.000,9999.000
202605301200,   4.807,   4.788,   0.500,  -0.519,   4.788,   0.400,   4.688,   0.600,   4.888
202605301206,   4.830,   4.818,9999.000,9999.000,9999.000,9999.000,9999.000,9999.000,9999.000
202605301212,   4.846,   4.847,9999.000,9999.000,9999.000,9999.000,9999.000,9999.000,9999.000
202605301218,   4.856,   4.847,9999.000,9999.000,9999.000,9999.000,9999.000,9999.000,9999.000
202605301224,   4.859,   4.877,9999.000,9999.000,9999.000,9999.000,9999.000,9999.000,9999.000
202605301230,   4.854,   4.900,9999.000,9999.000,9999.000,9999.000,9999.000,9999.000,9999.000
202605301236,   4.843,   4.900,9999.000,9999.000,9999.000,9999.000,9999.000,9999.000,9999.000
202605301242,   4.825,   4.900,9999.000,9999.000,9999.000,9999.000,9999.000,9999.000,9999.000
202605301248,   4.800,   4.910,9999.000,9999.000,9999.000,9999.000,9999.000,9999.000,9999.000
202605301254,   4.768,   4.910,9999.000,9999.000,9999.000,9999.000,9999.000,9999.000,9999.000
202605301300,   4.729,   4.900,   0.400,  -0.229,   4.900,   0.300,   4.800,   0.500,   5.000
202605301306,   4.685,   4.877,9999.000,9999.000,9999.000,9999.000,9999.000,9999.000,9999.000
202605301312,   4.634,   4.887,9999.000,9999.000,9999.000,9999.000,9999.000,9999.000,9999.000
202605301318,   4.577,   4.867,9999.000,9999.000,9999.000,9999.000,9999.000,9999.000,9999.000
202605301324,   4.515,   4.847,9999.000,9999.000,9999.000,9999.000,9999.000,9999.000,9999.000
202605301330,   4.448,   4.818,9999.000,9999.000,9999.000,9999.000,9999.000,9999.000,9999.000
202605301336,   4.375,   4.778,9999.000,9999.000,9999.000,9999.000,9999.000,9999.000,9999.000
202605301342,   4.298,   4.729,9999.000,9999.000,9999.000,9999.000,9999.000,9999.000,9999.000
202605301348,   4.218,   4.677,9999.000,9999.000,9999.000,9999.000,9999.000,9999.000,9999.000
202605301354,   4.133,   4.637,9999.000,9999.000,9999.000,9999.000,9999.000,9999.000,9999.000
202605301400,   4.045,   4.578,   0.300,   0.233,   4.578,   0.200,   4.478,   0.400,   4.678
202605301406,   3.954,   4.529,9999.000,9999.000,9999.000,9999.000,9999.000,9999.000,9999.000
202605301412,   3.860,   4.467,9999.000,9999.000,9999.000,9999.000,9999.000,9999.000,9999.000
202605301418,   3.765,   4.388,9999.000,9999.000,9999.000,9999.000,9999.000,9999.000,9999.000
202605301424,   3.667,   4.300,9999.000,9999.000,9999.000,9999.000,9999.000,9999.000,9999.000
202605301430,   3.569,   4.208,9999.000,9999.000,9999.000,9999.000,9999.000,9999.000,9999.000
202605301436,   3.469,   4.139,9999.000,9999.000,9999.000,9999.000,9999.000,9999.000,9999.000
202605301442,   3.368,   4.017,9999.000,9999.000,9999.000,9999.000,9999.000,9999.000,9999.000
202605301448,   3.268,   3.929,9999.000,9999.000,9999.000,9999.000,9999.000,9999.000,9999.000
202605301454,   3.167,   3.847,9999.000,9999.000,9999.000,9999.000,9999.000,9999.000,9999.000
202605301500,   3.067,   3.778,   0.200,   0.511,   3.778,   0.100,   3.678,   0.300,   3.878
202605301506,   2.967,   3.670,9999.000,9999.000,9999.000,9999.000,9999.000,9999.000,9999.000
202605301512,   2.869,   3.578,9999.000,9999.000,9999.000,9999.000,9999.000,9999.000,9999.000
202605301518,   2.771,   3.460,9999.000,9999.000,9999.000,9999.000,9999.000,9999.000,9999.000
202605301524,   2.675,   3.368,9999.000,9999.000,9999.000,9999.000,9999.000,9999.000,9999.000
202605301530,   2.580,   3.279,9999.000,9999.000,9999.000,9999.000,9999.000,9999.000,9999.000
202605301536,   2.487,   3.207,9999.000,9999.000,9999.000,9999.000,9999.000,9999.000,9999.000
202605301542,   2.395,   3.148,9999.000,9999.000,9999.000,9999.000,9999.000,9999.000,9999.000
202605301548,   2.306,   3.109,9999.000,9999.000,9999.000,9999.000,9999.000,9999.000,9999.000
202605301554,   2.218,   3.050,9999.000,9999.000,9999.000,9999.000,9999.000,9999.000,9999.000
202605301600,   2.132,   2.968,   0.100,   0.736,   2.968,   0.000,   2.868,   0.300,   3.168
202605301606,   2.048,   2.899,9999.000,9999.000,9999.000,9999.000,9999.000,9999.000,9999.000
202605301612,   1.966,   2.820,9999.000,9999.000,9999.000,9999.000,9999.000,9999.000,9999.000
202605301618,   1.886,   2.748,9999.000,9999.000,9999.000,9999.000,9999.000,9999.000,9999.000
202605301624,   1.808,   2.669,9999.000,9999.000,9999.000,9999.000,9999.000,9999.000,9999.000
202605301630,   1.732,   2.630,9999.000,9999.000,9999.000,9999.000,9999.000,9999.000,9999.000
202605301636,   1.657,   2.587,9999.000,9999.000,9999.000,9999.000,9999.000,9999.000,9999.000
202605301642,   1.585,   2.538,9999.000,9999.000,9999.000,9999.000,9999.000,9999.000,9999.000
202605301648,   1.514,   2.499,9999.000,9999.000,9999.000,9999.000,9999.000,9999.000,9999.000
202605301654,   1.444,   2.420,9999.000,9999.000,9999.000,9999.000,9999.000,9999.000,9999.000
202605301700,   1.377,   2.377,   0.100,   0.900,   2.377,   0.000,   2.277,   0.300,   2.577
202605301706,   1.311,   2.309,9999.000,9999.000,9999.000,9999.000,9999.000,9999.000,9999.000
202605301712,   1.248,   2.269,9999.000,9999.000,9999.000,9999.000,9999.000,9999.000,9999.000
202605301718,   1.186,   2.177,9999.000,9999.000,9999.000,9999.000,9999.000,9999.000,9999.000
202605301724,   1.126,   2.138,9999.000,9999.000,9999.000,9999.000,9999.000,9999.000,9999.000
202605301730,   1.068,   2.059,9999.000,9999.000,9999.000,9999.000,9999.000,9999.000,9999.000
202605301736,   1.012,   2.030,9999.000,9999.000,9999.000,9999.000,9999.000,9999.000,9999.000
202605301742,   0.959,   1.981,9999.000,9999.000,9999.000,9999.000,9999.000,9999.000,9999.000
202605301748,   0.909,   1.918,9999.000,9999.000,9999.000,9999.000,9999.000,9999.000,9999.000
202605301754,   0.861,   1.849,9999.000,9999.000,9999.000,9999.000,9999.000,9999.000,9999.000
202605301800,   0.817,   1.800,   0.400,   0.583,   1.800,   0.200,   1.600,   0.500,   1.900
202605301806,   0.777,   1.748,9999.000,9999.000,9999.000,9999.000,9999.000,9999.000,9999.000
202605301812,   0.740,   1.699,9999.000,9999.000,9999.000,9999.000,9999.000,9999.000,9999.000
202605301818,   0.708,   1.639,9999.000,9999.000,9999.000,9999.000,9999.000,9999.000,9999.000
202605301824,   0.681,   1.538,9999.000,9999.000,9999.000,9999.000,9999.000,9999.000,9999.000
202605301830,   0.659,   1.489,9999.000,9999.000,9999.000,9999.000,9999.000,9999.000,9999.000
202605301836,   0.642,   1.439,9999.000,9999.000,9999.000,9999.000,9999.000,9999.000,9999.000
202605301842,   0.632,   1.410,9999.000,9999.000,9999.000,9999.000,9999.000,9999.000,9999.000
202605301848,   0.628,   1.338,9999.000,9999.000,9999.000,9999.000,9999.000,9999.000,9999.000
202605301854,   0.631,   1.318,9999.000,9999.000,9999.000,9999.000,9999.000,9999.000,9999.000
202605301900,   0.641,   1.298,   0.500,   0.157,   1.298,   0.300,   1.098,   0.600,   1.398
202605301906,   0.659,   1.298,9999.000,9999.000,9999.000,9999.000,9999.000,9999.000,9999.000
202605301912,   0.685,   1.289,9999.000,9999.000,9999.000,9999.000,9999.000,9999.000,9999.000
202605301918,   0.720,   1.289,9999.000,9999.000,9999.000,9999.000,9999.000,9999.000,9999.000
202605301924,   0.763,   1.298,9999.000,9999.000,9999.000,9999.000,9999.000,9999.000,9999.000
202605301930,   0.815,   1.328,9999.000,9999.000,9999.000,9999.000,9999.000,9999.000,9999.000
202605301936,   0.876,   1.338,9999.000,9999.000,9999.000,9999.000,9999.000,9999.000,9999.000
202605301942,   0.946,   1.361,9999.000,9999.000,9999.000,9999.000,9999.000,9999.000,9999.000
202605301948,   1.025,   1.390,9999.000,9999.000,9999.000,9999.000,9999.000,9999.000,9999.000
202605301954,   1.113,   1.430,9999.000,9999.000,9999.000,9999.000,9999.000,9999.000,9999.000
202605302000,   1.209,   1.498,   0.500,  -0.211,   1.498,   0.400,   1.398,   0.600,   1.598
202605302006,   1.315,   1.571,9999.000,9999.000,9999.000,9999.000,9999.000,9999.000,9999.000
202605302012,   1.428,   1.669,9999.000,9999.000,9999.000,9999.000,9999.000,9999.000,9999.000
202605302018,   1.549,   1.820,9999.000,9999.000,9999.000,9999.000,9999.000,9999.000,9999.000
202605302024,   1.677,   1.928,9999.000,9999.000,9999.000,9999.000,9999.000,9999.000,9999.000
202605302030,   1.811,   2.079,9999.000,9999.000,9999.000,9999.000,9999.000,9999.000,9999.000
202605302036,   1.951,   2.210,9999.000,9999.000,9999.000,9999.000,9999.000,9999.000,9999.000
202605302042,   2.096,   2.348,9999.000,9999.000,9999.000,9999.000,9999.000,9999.000,9999.000
202605302048,   2.246,   2.519,9999.000,9999.000,9999.000,9999.000,9999.000,9999.000,9999.000
202605302054,   2.399,   2.689,9999.000,9999.000,9999.000,9999.000,9999.000,9999.000,9999.000
202605302100,   2.555,   2.879,   0.600,  -0.276,   2.879,   0.400,   2.679,   0.700,   2.979
202605302106,   2.713,   3.070,9999.000,9999.000,9999.000,9999.000,9999.000,9999.000,9999.000
202605302112,   2.872,   3.260,9999.000,9999.000,9999.000,9999.000,9999.000,9999.000,9999.000
202605302118,   3.031,   3.440,9999.000,9999.000,9999.000,9999.000,9999.000,9999.000,9999.000
202605302124,   3.190,   3.627,9999.000,9999.000,9999.000,9999.000,9999.000,9999.000,9999.000
202605302130,   3.349,   3.817,9999.000,9999.000,9999.000,9999.000,9999.000,9999.000,9999.000
202605302136,   3.506,   3.998,9999.000,9999.000,9999.000,9999.000,9999.000,9999.000,9999.000
202605302142,   3.661,   4.188,9999.000,9999.000,9999.000,9999.000,9999.000,9999.000,9999.000
202605302148,   3.813,   4.349,9999.000,9999.000,9999.000,9999.000,9999.000,9999.000,9999.000
202605302154,   3.963,   4.519,9999.000,9999.000,9999.000,9999.000,9999.000,9999.000,9999.000
202605302200,   4.110,   4.690,   0.700,  -0.120,   4.690,   0.600,   4.590,   0.800,   4.790
202605302206,   4.253,   4.857,9999.000,9999.000,9999.000,9999.000,9999.000,9999.000,9999.000
202605302212,   4.393,   5.047,9999.000,9999.000,9999.000,9999.000,9999.000,9999.000,9999.000
202605302218,   4.528,   5.228,9999.000,9999.000,9999.000,9999.000,9999.000,9999.000,9999.000
202605302224,   4.659,   5.418,9999.000,9999.000,9999.000,9999.000,9999.000,9999.000,9999.000
202605302230,   4.786,   5.569,9999.000,9999.000,9999.000,9999.000,9999.000,9999.000,9999.000
202605302236,   4.909,   5.707,9999.000,9999.000,9999.000,9999.000,9999.000,9999.000,9999.000
202605302242,   5.026,   5.838,9999.000,9999.000,9999.000,9999.000,9999.000,9999.000,9999.000
202605302248,   5.139,   5.979,9999.000,9999.000,9999.000,9999.000,9999.000,9999.000,9999.000
202605302254,   5.247,   6.117,9999.000,9999.000,9999.000,9999.000,9999.000,9999.000,9999.000
202605302300,   5.349,   6.228,   0.700,   0.179,   6.228,   0.600,   6.128,   0.900,   6.428
202605302306,   5.447,   6.336,9999.000,9999.000,9999.000,9999.000,9999.000,9999.000,9999.000
202605302312,   5.539,   6.448,9999.000,9999.000,9999.000,9999.000,9999.000,9999.000,9999.000
202605302318,   5.625,   6.517,9999.000,9999.000,9999.000,9999.000,9999.000,9999.000,9999.000
202605302324,   5.706,   6.569,9999.000,9999.000,9999.000,9999.000,9999.000,9999.000,9999.000
202605302330,   5.781,   6.589,9999.000,9999.000,9999.000,9999.000,9999.000,9999.000,9999.000
202605302336,   5.849,   6.638,9999.000,9999.000,9999.000,9999.000,9999.000,9999.000,9999.000
202605302342,   5.912,   6.678,9999.000,9999.000,9999.000,9999.000,9999.000,9999.000,9999.000
202605302348,   5.968,   6.687,9999.000,9999.000,9999.000,9999.000,9999.000,9999.000,9999.000
202605302354,   6.018,   6.727,9999.000,9999.000,9999.000,9999.000,9999.000,9999.000,9999.000
202605310000,   6.061,   6.746,   0.800,  -0.115,   6.746,   0.700,   6.646,   0.900,   6.846
202605310006,   6.097,   6.779,9999.000,9999.000,9999.000,9999.000,9999.000,9999.000,9999.000
202605310012,   6.127,   6.799,9999.000,9999.000,9999.000,9999.000,9999.000,9999.000,9999.000
202605310018,   6.149,   6.809,9999.000,9999.000,9999.000,9999.000,9999.000,9999.000,9999.000
202605310024,   6.164,   6.848,9999.000,9999.000,9999.000,9999.000,9999.000,9999.000,9999.000
202605310030,   6.172,   6.848,9999.000,9999.000,9999.000,9999.000,9999.000,9999.000,9999.000
202605310036,   6.172,   6.878,9999.000,9999.000,9999.000,9999.000,9999.000,9999.000,9999.000
202605310042,   6.165,   6.887,9999.000,9999.000,9999.000,9999.000,9999.000,9999.000,9999.000
202605310048,   6.151,   6.907,9999.000,9999.000,9999.000,9999.000,9999.000,9999.000,9999.000
202605310054,   6.129,   6.937,9999.000,9999.000,9999.000,9999.000,9999.000,9999.000,9999.000
202605310100,   6.100,   6.947,   0.900,  -0.053,   6.947,   0.800,   6.847,   1.000,   7.047
202605310106,   6.064,   6.956,9999.000,9999.000,9999.000,9999.000,9999.000,9999.000,9999.000
202605310112,   6.020,   6.966,9999.000,9999.000,9999.000,9999.000,9999.000,9999.000,9999.000
202605310118,   5.969,   6.979,9999.000,9999.000,9999.000,9999.000,9999.000,9999.000,9999.000
202605310124,   5.912,   6.989,9999.000,9999.000,9999.000,9999.000,9999.000,9999.000,9999.000
202605310130,   5.848,   6.989,9999.000,9999.000,9999.000,9999.000,9999.000,9999.000,9999.000
202605310136,   5.777,   7.009,9999.000,9999.000,9999.000,9999.000,9999.000,9999.000,9999.000
202605310142,   5.700,   6.999,9999.000,9999.000,9999.000,9999.000,9999.000,9999.000,9999.000
202605310148,   5.617,   6.989,9999.000,9999.000,9999.000,9999.000,9999.000,9999.000,9999.000
202605310154,   5.528,   6.956,9999.000,9999.000,9999.000,9999.000,9999.000,9999.000,9999.000
202605310200,   5.434,   6.927,   1.000,   0.493,   6.927,   0.800,   6.727,   1.100,   7.027
202605310206,   5.335,   6.897,9999.000,9999.000,9999.000,9999.000,9999.000,9999.000,9999.000
202605310212,   5.232,   6.868,9999.000,9999.000,9999.000,9999.000,9999.000,9999.000,9999.000
202605310218,   5.124,   6.838,9999.000,9999.000,9999.000,9999.000,9999.000,9999.000,9999.000
202605310224,   5.013,   6.799,9999.000,9999.000,9999.000,9999.000,9999.000,9999.000,9999.000
202605310230,   4.898,   6.746,9999.000,9999.000,9999.000,9999.000,9999.000,9999.000,9999.000
202605310236,   4.780,   6.678,9999.000,9999.000,9999.000,9999.000,9999.000,9999.000,9999.000
202605310242,   4.660,   6.609,9999.000,9999.000,9999.000,9999.000,9999.000,9999.000,9999.000
202605310248,   4.537,   6.517,9999.000,9999.000,9999.000,9999.000,9999.000,9999.000,9999.000
202605310254,   4.413,   6.418,9999.000,9999.000,9999.000,9999.000,9999.000,9999.000,9999.000
202605310300,   4.287,   6.317,   1.100,   0.930,   6.317,   0.900,   6.117,   1.300,   6.517
202605310306,   4.161,   6.228,9999.000,9999.000,9999.000,9999.000,9999.000,9999.000,9999.000
202605310312,   4.034,   6.117,9999.000,9999.000,9999.000,9999.000,9999.000,9999.000,9999.000
202605310318,   3.906,   6.008,9999.000,9999.000,9999.000,9999.000,9999.000,9999.000,9999.000
202605310324,   3.779,   5.897,9999.000,9999.000,9999.000,9999.000,9999.000,9999.000,9999.000
202605310330,   3.652,   5.769,9999.000,9999.000,9999.000,9999.000,9999.000,9999.000,9999.000
202605310336,   3.526,   5.628,9999.000,9999.000,9999.000,9999.000,9999.000,9999.000,9999.000
202605310342,   3.401,   5.477,9999.000,9999.000,9999.000,9999.000,9999.000,9999.000,9999.000
202605310348,   3.277,   5.329,9999.000,9999.000,9999.000,9999.000,9999.000,9999.000,9999.000
202605310354,   3.154,   5.179,9999.000,9999.000,9999.000,9999.000,9999.000,9999.000,9999.000
202605310400,   3.032,   5.018,   1.200,   0.786,   5.018,   1.000,   4.818,   1.400,   5.218
202605310406,   2.913,   4.867,9999.000,9999.000,9999.000,9999.000,9999.000,9999.000,9999.000
202605310412,   2.795,   4.710,9999.000,9999.000,9999.000,9999.000,9999.000,9999.000,9999.000
202605310418,   2.679,   4.549,9999.000,9999.000,9999.000,9999.000,9999.000,9999.000,9999.000
202605310424,   2.564,   4.388,9999.000,9999.000,9999.000,9999.000,9999.000,9999.000,9999.000
202605310430,   2.452,   4.218,9999.000,9999.000,9999.000,9999.000,9999.000,9999.000,9999.000
202605310436,   2.341,   4.037,9999.000,9999.000,9999.000,9999.000,9999.000,9999.000,9999.000
202605310442,   2.233,   3.870,9999.000,9999.000,9999.000,9999.000,9999.000,9999.000,9999.000
202605310448,   2.126,   3.689,9999.000,9999.000,9999.000,9999.000,9999.000,9999.000,9999.000
202605310454,   2.021,   3.529,9999.000,9999.000,9999.000,9999.000,9999.000,9999.000,9999.000
202605310500,   1.918,   3.358,   1.200,   0.240,   3.358,   1.100,   3.258,   1.300,   3.458
202605310506,   1.816,   3.207,9999.000,9999.000,9999.000,9999.000,9999.000,9999.000,9999.000
202605310512,   1.717,   3.079,9999.000,9999.000,9999.000,9999.000,9999.000,9999.000,9999.000
202605310518,   1.619,   2.938,9999.000,9999.000,9999.000,9999.000,9999.000,9999.000,9999.000
202605310524,   1.523,   2.807,9999.000,9999.000,9999.000,9999.000,9999.000,9999.000,9999.000
202605310530,   1.429,   2.699,9999.000,9999.000,9999.000,9999.000,9999.000,9999.000,9999.000
202605310536,   1.336,   2.597,9999.000,9999.000,9999.000,9999.000,9999.000,9999.000,9999.000
202605310542,   1.246,   2.499,9999.000,9999.000,9999.000,9999.000,9999.000,9999.000,9999.000
202605310548,   1.157,   2.420,9999.000,9999.000,9999.000,9999.000,9999.000,9999.000,9999.000
202605310554,   1.071,   2.338,9999.000,9999.000,9999.000,9999.000,9999.000,9999.000,9999.000
202605310600,   0.987,   2.259,   1.100,   0.172,   2.259,   1.000,   2.159,   1.200,   2.359
202605310606,   0.906,   2.191,9999.000,9999.000,9999.000,9999.000,9999.000,9999.000,9999.000
202605310612,   0.827,   2.128,9999.000,9999.000,9999.000,9999.000,9999.000,9999.000,9999.000
202605310618,   0.752,   2.069,9999.000,9999.000,9999.000,9999.000,9999.000,9999.000,9999.000
202605310624,   0.680,   2.010,9999.000,9999.000,9999.000,9999.000,9999.000,9999.000,9999.000
202605310630,   0.611,   1.948,9999.000,9999.000,9999.000,9999.000,9999.000,9999.000,9999.000
202605310636,   0.547,   1.899,9999.000,9999.000,9999.000,9999.000,9999.000,9999.000,9999.000
202605310642,   0.487,   1.849,9999.000,9999.000,9999.000,9999.000,9999.000,9999.000,9999.000
202605310648,   0.431,   1.810,9999.000,9999.000,9999.000,9999.000,9999.000,9999.000,9999.000
202605310654,   0.381,   1.758,9999.000,9999.000,9999.000,9999.000,9999.000,9999.000,9999.000
202605310700,   0.336,   1.718,   1.100,   0.282,   1.718,   1.000,   1.618,   1.300,   1.918
202605310706,   0.298,   1.689,9999.000,9999.000,9999.000,9999.000,9999.000,9999.000,9999.000
202605310712,   0.266,   1.649,9999.000,9999.000,9999.000,9999.000,9999.000,9999.000,9999.000
202605310718,   0.240,   1.620,9999.000,9999.000,9999.000,9999.000,9999.000,9999.000,9999.000
202605310724,   0.222,   1.590,9999.000,9999.000,9999.000,9999.000,9999.000,9999.000,9999.000
202605310730,   0.211,   1.571,9999.000,9999.000,9999.000,9999.000,9999.000,9999.000,9999.000
202605310736,   0.208,   1.548,9999.000,9999.000,9999.000,9999.000,9999.000,9999.000,9999.000
202605310742,   0.213,   1.548,9999.000,9999.000,9999.000,9999.000,9999.000,9999.000,9999.000
202605310748,   0.226,   1.571,9999.000,9999.000,9999.000,9999.000,9999.000,9999.000,9999.000
202605310754,   0.248,   1.580,9999.000,9999.000,9999.000,9999.000,9999.000,9999.000,9999.000
202605310800,   0.279,   1.590,   1.100,   0.211,   1.590,   1.000,   1.490,   1.300,   1.790
202605310806,   0.319,   1.630,9999.000,9999.000,9999.000,9999.000,9999.000,9999.000,9999.000
202605310812,   0.368,   1.669,9999.000,9999.000,9999.000,9999.000,9999.000,9999.000,9999.000
202605310818,   0.425,   1.708,9999.000,9999.000,9999.000,9999.000,9999.000,9999.000,9999.000
202605310824,   0.492,   1.781,9999.000,9999.000,9999.000,9999.000,9999.000,9999.000,9999.000
202605310830,   0.567,   1.859,9999.000,9999.000,9999.000,9999.000,9999.000,9999.000,9999.000
202605310836,   0.651,   1.948,9999.000,9999.000,9999.000,9999.000,9999.000,9999.000,9999.000
202605310842,   0.743,   2.069,9999.000,9999.000,9999.000,9999.000,9999.000,9999.000,9999.000
202605310848,   0.842,   2.191,9999.000,9999.000,9999.000,9999.000,9999.000,9999.000,9999.000
202605310854,   0.948,   2.309,9999.000,9999.000,9999.000,9999.000,9999.000,9999.000,9999.000
202605310900,   1.061,   2.430,   1.100,   0.269,   2.430,   1.000,   2.330,   1.300,   2.630
202605310906,   1.180,   2.568,9999.000,9999.000,9999.000,9999.000,9999.000,9999.000,9999.000
202605310912,   1.303,   2.689,9999.000,9999.000,9999.000,9999.000,9999.000,9999.000,9999.000
202605310918,   1.431,   2.820,9999.000,9999.000,9999.000,9999.000,9999.000,9999.000,9999.000
202605310924,   1.563,   2.929,9999.000,9999.000,9999.000,9999.000,9999.000,9999.000,9999.000
202605310930,   1.697,   3.070,9999.000,9999.000,9999.000,9999.000,9999.000,9999.000,9999.000
202605310936,   1.833,   3.197,9999.000,9999.000,9999.000,9999.000,9999.000,9999.000,9999.000
202605310942,   1.970,   3.339,9999.000,9999.000,9999.000,9999.000,9999.000,9999.000,9999.000
202605310948,   2.108,   3.470,9999.000,9999.000,9999.000,9999.000,9999.000,9999.000,9999.000
202605310954,   2.246,   3.588,9999.000,9999.000,9999.000,9999.000,9999.000,9999.000,9999.000
202605311000,   2.383,   3.709,   1.100,   0.226,   3.709,   1.000,   3.609,   1.200,   3.809
202605311006,   2.519,   3.827,9999.000,9999.000,9999.000,9999.000,9999.000,9999.000,9999.000
202605311012,   2.653,   3.939,9999.000,9999.000,9999.000,9999.000,9999.000,9999.000,9999.000
202605311018,   2.785,   4.037,9999.000,9999.000,9999.000,9999.000,9999.000,9999.000,9999.000
202605311024,   2.914,   4.129,9999.000,9999.000,9999.000,9999.000,9999.000,9999.000,9999.000
202605311030,   3.041,   4.218,9999.000,9999.000,9999.000,9999.000,9999.000,9999.000,9999.000
202605311036,   3.164,   4.309,9999.000,9999.000,9999.000,9999.000,9999.000,9999.000,9999.000
202605311042,   3.284,   4.398,9999.000,9999.000,9999.000,9999.000,9999.000,9999.000,9999.000
202605311048,   3.400,   4.480,9999.000,9999.000,9999.000,9999.000,9999.000,9999.000,9999.000
202605311054,   3.513,   4.559,9999.000,9999.000,9999.000,9999.000,9999.000,9999.000,9999.000
202605311100,   3.622,   4.647,   1.100,  -0.075,   4.647,   1.000,   4.547,   1.100,   4.647
202605311106,   3.727,   4.759,9999.000,9999.000,9999.000,9999.000,9999.000,9999.000,9999.000
202605311112,   3.828,   4.847,9999.000,9999.000,9999.000,9999.000,9999.000,9999.000,9999.000
202605311118,   3.924,   4.919,9999.000,9999.000,9999.000,9999.000,9999.000,9999.000,9999.000
202605311124,   4.017,   4.988,9999.000,9999.000,9999.000,9999.000,9999.000,9999.000,9999.000
202605311130,   4.105,   5.047,9999.000,9999.000,9999.000,9999.000,9999.000,9999.000,9999.000
202605311136,   4.188,9999.000,9999.000,9999.000,9999.000,9999.000,9999.000,9999.000,9999.000
202605311142,   4.267,9999.000,9999.000,9999.000,9999.000,9999.000,9999.000,9999.000,9999.000
202605311148,   4.341,9999.000,9999.000,9999.000,9999.000,9999.000,9999.000,9999.000,9999.000
202605311154,   4.410,9999.000,9999.000,9999.000,9999.000,9999.000,9999.000,9999.000,9999.000
202605311200,   4.475,9999.000,   1.000,  -0.045,   5.430,   0.900,   5.330,   1.100,   5.530
202605311206,   4.534,9999.000,9999.000,9999.000,9999.000,9999.000,9999.000,9999.000,9999.000
202605311212,   4.588,9999.000,9999.000,9999.000,9999.000,9999.000,9999.000,9999.000,9999.000
202605311218,   4.636,9999.000,9999.000,9999.000,9999.000,9999.000,9999.000,9999.000,9999.000
202605311224,   4.679,9999.000,9999.000,9999.000,9999.000,9999.000,9999.000,9999.000,9999.000
202605311230,   4.716,9999.000,9999.000,9999.000,9999.000,9999.000,9999.000,9999.000,9999.000
202605311236,   4.748,9999.000,9999.000,9999.000,9999.000,9999.000,9999.000,9999.000,9999.000
202605311242,   4.773,9999.000,9999.000,9999.000,9999.000,9999.000,9999.000,9999.000,9999.000
202605311248,   4.793,9999.000,9999.000,9999.000,9999.000,9999.000,9999.000,9999.000,9999.000
202605311254,   4.806,9999.000,9999.000,9999.000,9999.000,9999.000,9999.000,9999.000,9999.000
202605311300,   4.813,9999.000,   1.000,  -0.014,   5.799,   0.900,   5.699,   1.100,   5.899
202605311306,   4.814,9999.000,9999.000,9999.000,9999.000,9999.000,9999.000,9999.000,9999.000
202605311312,   4.808,9999.000,9999.000,9999.000,9999.000,9999.000,9999.000,9999.000,9999.000
202605311318,   4.796,9999.000,9999.000,9999.000,9999.000,9999.000,9999.000,9999.000,9999.000
202605311324,   4.777,9999.000,9999.000,9999.000,9999.000,9999.000,9999.000,9999.000,9999.000
202605311330,   4.752,9999.000,9999.000,9999.000,9999.000,9999.000,9999.000,9999.000,9999.000
202605311336,   4.721,9999.000,9999.000,9999.000,9999.000,9999.000,9999.000,9999.000,9999.000
202605311342,   4.684,9999.000,9999.000,9999.000,9999.000,9999.000,9999.000,9999.000,9999.000
202605311348,   4.640,9999.000,9999.000,9999.000,9999.000,9999.000,9999.000,9999.000,9999.000
202605311354,   4.591,9999.000,9999.000,9999.000,9999.000,9999.000,9999.000,9999.000,9999.000
202605311400,   4.536,9999.000,   0.900,   0.016,   5.452,   0.800,   5.352,   1.000,   5.552
202605311406,   4.476,9999.000,9999.000,9999.000,9999.000,9999.000,9999.000,9999.000,9999.000
202605311412,   4.411,9999.000,9999.000,9999.000,9999.000,9999.000,9999.000,9999.000,9999.000
202605311418,   4.341,9999.000,9999.000,9999.000,9999.000,9999.000,9999.000,9999.000,9999.000
202605311424,   4.266,9999.000,9999.000,9999.000,9999.000,9999.000,9999.000,9999.000,9999.000
202605311430,   4.187,9999.000,9999.000,9999.000,9999.000,9999.000,9999.000,9999.000,9999.000
202605311436,   4.105,9999.000,9999.000,9999.000,9999.000,9999.000,9999.000,9999.000,9999.000
202605311442,   4.018,9999.000,9999.000,9999.000,9999.000,9999.000,9999.000,9999.000,9999.000
202605311448,   3.929,9999.000,9999.000,9999.000,9999.000,9999.000,9999.000,9999.000,9999.000
202605311454,   3.837,9999.000,9999.000,9999.000,9999.000,9999.000,9999.000,9999.000,9999.000
202605311500,   3.743,9999.000,   0.900,   0.047,   4.690,   0.800,   4.590,   1.000,   4.790
202605311506,   3.647,9999.000,9999.000,9999.000,9999.000,9999.000,9999.000,9999.000,9999.000
202605311512,   3.549,9999.000,9999.000,9999.000,9999.000,9999.000,9999.000,9999.000,9999.000
202605311518,   3.451,9999.000,9999.000,9999.000,9999.000,9999.000,9999.000,9999.000,9999.000
202605311524,   3.351,9999.000,9999.000,9999.000,9999.000,9999.000,9999.000,9999.000,9999.000
202605311530,   3.251,9999.000,9999.000,9999.000,9999.000,9999.000,9999.000,9999.000,9999.000
202605311536,   3.151,9999.000,9999.000,9999.000,9999.000,9999.000,9999.000,9999.000,9999.000
202605311542,   3.051,9999.000,9999.000,9999.000,9999.000,9999.000,9999.000,9999.000,9999.000
202605311548,   2.951,9999.000,9999.000,9999.000,9999.000,9999.000,9999.000,9999.000,9999.000
202605311554,   2.853,9999.000,9999.000,9999.000,9999.000,9999.000,9999.000,9999.000,9999.000
202605311600,   2.755,9999.000,   0.800,   0.077,   3.632,   0.700,   3.532,   0.900,   3.732
202605311606,   2.659,9999.000,9999.000,9999.000,9999.000,9999.000,9999.000,9999.000,9999.000
202605311612,   2.565,9999.000,9999.000,9999.000,9999.000,9999.000,9999.000,9999.000,9999.000
202605311618,   2.472,9999.000,9999.000,9999.000,9999.000,9999.000,9999.000,9999.000,9999.000
202605311624,   2.380,9999.000,9999.000,9999.000,9999.000,9999.000,9999.000,9999.000,9999.000
202605311630,   2.291,9999.000,9999.000,9999.000,9999.000,9999.000,9999.000,9999.000,9999.000
202605311636,   2.204,9999.000,9999.000,9999.000,9999.000,9999.000,9999.000,9999.000,9999.000
202605311642,   2.119,9999.000,9999.000,9999.000,9999.000,9999.000,9999.000,9999.000,9999.000
202605311648,   2.037,9999.000,9999.000,9999.000,9999.000,9999.000,9999.000,9999.000,9999.000
202605311654,   1.956,9999.000,9999.000,9999.000,9999.000,9999.000,9999.000,9999.000,9999.000
202605311700,   1.878,9999.000,   0.800,   0.108,   2.786,   0.700,   2.686,   0.900,   2.886
202605311706,   1.802,9999.000,9999.000,9999.000,9999.000,9999.000,9999.000,9999.000,9999.000
202605311712,   1.729,9999.000,9999.000,9999.000,9999.000,9999.000,9999.000,9999.000,9999.000
202605311718,   1.657,9999.000,9999.000,9999.000,9999.000,9999.000,9999.000,9999.000,9999.000
202605311724,   1.587,9999.000,9999.000,9999.000,9999.000,9999.000,9999.000,9999.000,9999.000
202605311730,   1.520,9999.000,9999.000,9999.000,9999.000,9999.000,9999.000,9999.000,9999.000
202605311736,   1.455,9999.000,9999.000,9999.000,9999.000,9999.000,9999.000,9999.000,9999.000
202605311742,   1.391,9999.000,9999.000,9999.000,9999.000,9999.000,9999.000,9999.000,9999.000
202605311748,   1.330,9999.000,9999.000,9999.000,9999.000,9999.000,9999.000,9999.000,9999.000
202605311754,   1.270,9999.000,9999.000,9999.000,9999.000,9999.000,9999.000,9999.000,9999.000
202605311800,   1.213,9999.000,   0.800,   0.138,   2.151,   0.700,   2.051,   0.900,   2.251
202605311806,   1.158,9999.000,9999.000,9999.000,9999.000,9999.000,9999.000,9999.000,9999.000
202605311812,   1.105,9999.000,9999.000,9999.000,9999.000,9999.000,9999.000,9999.000,9999.000
202605311818,   1.054,9999.000,9999.000,9999.000,9999.000,9999.000,9999.000,9999.000,9999.000
202605311824,   1.005,9999.000,9999.000,9999.000,9999.000,9999.000,9999.000,9999.000,9999.000
202605311830,   0.959,9999.000,9999.000,9999.000,9999.000,9999.000,9999.000,9999.000,9999.000
202605311836,   0.916,9999.000,9999.000,9999.000,9999.000,9999.000,9999.000,9999.000,9999.000
202605311842,   0.876,9999.000,9999.000,9999.000,9999.000,9999.000,9999.000,9999.000,9999.000
202605311848,   0.839,9999.000,9999.000,9999.000,9999.000,9999.000,9999.000,9999.000,9999.000
202605311854,   0.807,9999.000,9999.000,9999.000,9999.000,9999.000,9999.000,9999.000,9999.000
202605311900,   0.778,9999.000,   0.800,   0.169,   1.747,   0.700,   1.647,   0.900,   1.847
202605311906,   0.753,9999.000,9999.000,9999.000,9999.000,9999.000,9999.000,9999.000,9999.000
202605311912,   0.733,9999.000,9999.000,9999.000,9999.000,9999.000,9999.000,9999.000,9999.000
202605311918,   0.719,9999.000,9999.000,9999.000,9999.000,9999.000,9999.000,9999.000,9999.000
202605311924,   0.710,9999.000,9999.000,9999.000,9999.000,9999.000,9999.000,9999.000,9999.000
202605311930,   0.708,9999.000,9999.000,9999.000,9999.000,9999.000,9999.000,9999.000,9999.000
202605311936,   0.712,9999.000,9999.000,9999.000,9999.000,9999.000,9999.000,9999.000,9999.000
202605311942,   0.724,9999.000,9999.000,9999.000,9999.000,9999.000,9999.000,9999.000,9999.000
202605311948,   0.742,9999.000,9999.000,9999.000,9999.000,9999.000,9999.000,9999.000,9999.000
202605311954,   0.769,9999.000,9999.000,9999.000,9999.000,9999.000,9999.000,9999.000,9999.000
202605312000,   0.804,9999.000,   0.800,   0.199,   1.803,   0.700,   1.703,   0.800,   1.803
202605312006,   0.848,9999.000,9999.000,9999.000,9999.000,9999.000,9999.000,9999.000,9999.000
202605312012,   0.901,9999.000,9999.000,9999.000,9999.000,9999.000,9999.000,9999.000,9999.000
202605312018,   0.963,9999.000,9999.000,9999.000,9999.000,9999.000,9999.000,9999.000,9999.000
202605312024,   1.034,9999.000,9999.000,9999.000,9999.000,9999.000,9999.000,9999.000,9999.000
202605312030,   1.114,9999.000,9999.000,9999.000,9999.000,9999.000,9999.000,9999.000,9999.000
202605312036,   1.204,9999.000,9999.000,9999.000,9999.000,9999.000,9999.000,9999.000,9999.000
202605312042,   1.303,9999.000,9999.000,9999.000,9999.000,9999.000,9999.000,9999.000,9999.000
202605312048,   1.410,9999.000,9999.000,9999.000,9999.000,9999.000,9999.000,9999.000,9999.000
202605312054,   1.527,9999.000,9999.000,9999.000,9999.000,9999.000,9999.000,9999.000,9999.000
202605312100,   1.651,9999.000,   0.700,   0.230,   2.581,   0.700,   2.581,   0.800,   2.681
202605312106,   1.784,9999.000,9999.000,9999.000,9999.000,9999.000,9999.000,9999.000,9999.000
202605312112,   1.923,9999.000,9999.000,9999.000,9999.000,9999.000,9999.000,9999.000,9999.000
202605312118,   2.068,9999.000,9999.000,9999.000,9999.000,9999.000,9999.000,9999.000,9999.000
202605312124,   2.219,9999.000,9999.000,9999.000,9999.000,9999.000,9999.000,9999.000,9999.000
202605312130,   2.374,9999.000,9999.000,9999.000,9999.000,9999.000,9999.000,9999.000,9999.000
202605312136,   2.533,9999.000,9999.000,9999.000,9999.000,9999.000,9999.000,9999.000,9999.000
202605312142,   2.695,9999.000,9999.000,9999.000,9999.000,9999.000,9999.000,9999.000,9999.000
202605312148,   2.859,9999.000,9999.000,9999.000,9999.000,9999.000,9999.000,9999.000,9999.000
202605312154,   3.023,9999.000,9999.000,9999.000,9999.000,9999.000,9999.000,9999.000,9999.000
202605312200,   3.187,9999.000,   0.700,   0.260,   4.147,   0.600,   4.047,   0.800,   4.247
202605312206,   3.351,9999.000,9999.000,9999.000,9999.000,9999.000,9999.000,9999.000,9999.000
202605312212,   3.513,9999.000,9999.000,9999.000,9999.000,9999.000,9999.000,9999.000,9999.000
202605312218,   3.672,9999.000,9999.000,9999.000,9999.000,9999.000,9999.000,9999.000,9999.000
202605312224,   3.828,9999.000,9999.000,9999.000,9999.000,9999.000,9999.000,9999.000,9999.000
202605312230,   3.981,9999.000,9999.000,9999.000,9999.000,9999.000,9999.000,9999.000,9999.000
202605312236,   4.130,9999.000,9999.000,9999.000,9999.000,9999.000,9999.000,9999.000,9999.000
202605312242,   4.274,9999.000,9999.000,9999.000,9999.000,9999.000,9999.000,9999.000,9999.000
202605312248,   4.414,9999.000,9999.000,9999.000,9999.000,9999.000,9999.000,9999.000,9999.000
202605312254,   4.549,9999.000,9999.000,9999.000,9999.000,9999.000,9999.000,9999.000,9999.000
202605312300,   4.678,9999.000,   0.700,   0.291,   5.669,   0.600,   5.569,   0.700,   5.669
202605312306,   4.802,9999.000,9999.000,9999.000,9999.000,9999.000,9999.000,9999.000,9999.000
202605312312,   4.920,9999.000,9999.000,9999.000,9999.000,9999.000,9999.000,9999.000,9999.000
202605312318,   5.033,9999.000,9999.000,9999.000,9999.000,9999.000,9999.000,9999.000,9999.000
202605312324,   5.140,9999.000,9999.000,9999.000,9999.000,9999.000,9999.000,9999.000,9999.000
202605312330,   5.242,9999.000,9999.000,9999.000,9999.000,9999.000,9999.000,9999.000,9999.000
202605312336,   5.337,9999.000,9999.000,9999.000,9999.000,9999.000,9999.000,9999.000,9999.000
202605312342,   5.427,9999.000,9999.000,9999.000,9999.000,9999.000,9999.000,9999.000,9999.000
202605312348,   5.512,9999.000,9999.000,9999.000,9999.000,9999.000,9999.000,9999.000,9999.000
202605312354,   5.590,9999.000,9999.000,9999.000,9999.000,9999.000,9999.000,9999.000,9999.000
202606010000,   5.663,9999.000,   0.600,   0.291,   6.554,   0.500,   6.454,   0.700,   6.654
202606010006,   5.730,9999.000,9999.000,9999.000,9999.000,9999.000,9999.000,9999.000,9999.000
202606010012,   5.791,9999.000,9999.000,9999.000,9999.000,9999.000,9999.000,9999.000,9999.000
202606010018,   5.847,9999.000,9999.000,9999.000,9999.000,9999.000,9999.000,9999.000,9999.000
202606010024,   5.897,9999.000,9999.000,9999.000,9999.000,9999.000,9999.000,9999.000,9999.000
202606010030,   5.940,9999.000,9999.000,9999.000,9999.000,9999.000,9999.000,9999.000,9999.000
202606010036,   5.978,9999.000,9999.000,9999.000,9999.000,9999.000,9999.000,9999.000,9999.000
202606010042,   6.010,9999.000,9999.000,9999.000,9999.000,9999.000,9999.000,9999.000,9999.000
202606010048,   6.036,9999.000,9999.000,9999.000,9999.000,9999.000,9999.000,9999.000,9999.000
202606010054,   6.055,9999.000,9999.000,9999.000,9999.000,9999.000,9999.000,9999.000,9999.000
202606010100,   6.068,9999.000,   0.500,   0.291,   6.859,   0.400,   6.759,   0.600,   6.959
202606010106,   6.075,9999.000,9999.000,9999.000,9999.000,9999.000,9999.000,9999.000,9999.000
202606010112,   6.076,9999.000,9999.000,9999.000,9999.000,9999.000,9999.000,9999.000,9999.000
202606010118,   6.070,9999.000,9999.000,9999.000,9999.000,9999.000,9999.000,9999.000,9999.000
202606010124,   6.057,9999.000,9999.000,9999.000,9999.000,9999.000,9999.000,9999.000,9999.000
202606010130,   6.038,9999.000,9999.000,9999.000,9999.000,9999.000,9999.000,9999.000,9999.000
202606010136,   6.013,9999.000,9999.000,9999.000,9999.000,9999.000,9999.000,9999.000,9999.000
202606010142,   5.981,9999.000,9999.000,9999.000,9999.000,9999.000,9999.000,9999.000,9999.000
202606010148,   5.942,9999.000,9999.000,9999.000,9999.000,9999.000,9999.000,9999.000,9999.000
202606010154,   5.897,9999.000,9999.000,9999.000,9999.000,9999.000,9999.000,9999.000,9999.000
202606010200,   5.846,9999.000,   0.500,   0.291,   6.637,   0.400,   6.537,   0.600,   6.737
202606010206,   5.788,9999.000,9999.000,9999.000,9999.000,9999.000,9999.000,9999.000,9999.000
202606010212,   5.724,9999.000,9999.000,9999.000,9999.000,9999.000,9999.000,9999.000,9999.000
202606010218,   5.654,9999.000,9999.000,9999.000,9999.000,9999.000,9999.000,9999.000,9999.000
202606010224,   5.578,9999.000,9999.000,9999.000,9999.000,9999.000,9999.000,9999.000,9999.000
202606010230,   5.497,9999.000,9999.000,9999.000,9999.000,9999.000,9999.000,9999.000,9999.000
202606010236,   5.410,9999.000,9999.000,9999.000,9999.000,9999.000,9999.000,9999.000,9999.000
202606010242,   5.318,9999.000,9999.000,9999.000,9999.000,9999.000,9999.000,9999.000,9999.000
202606010248,   5.221,9999.000,9999.000,9999.000,9999.000,9999.000,9999.000,9999.000,9999.000
202606010254,   5.120,9999.000,9999.000,9999.000,9999.000,9999.000,9999.000,9999.000,9999.000
202606010300,   5.014,9999.000,   0.500,   0.291,   5.805,   0.400,   5.705,   0.600,   5.905
202606010306,   4.905,9999.000,9999.000,9999.000,9999.000,9999.000,9999.000,9999.000,9999.000
202606010312,   4.792,9999.000,9999.000,9999.000,9999.000,9999.000,9999.000,9999.000,9999.000
202606010318,   4.676,9999.000,9999.000,9999.000,9999.000,9999.000,9999.000,9999.000,9999.000
202606010324,   4.558,9999.000,9999.000,9999.000,9999.000,9999.000,9999.000,9999.000,9999.000
202606010330,   4.437,9999.000,9999.000,9999.000,9999.000,9999.000,9999.000,9999.000,9999.000
202606010336,   4.314,9999.000,9999.000,9999.000,9999.000,9999.000,9999.000,9999.000,9999.000
202606010342,   4.190,9999.000,9999.000,9999.000,9999.000,9999.000,9999.000,9999.000,9999.000
202606010348,   4.064,9999.000,9999.000,9999.000,9999.000,9999.000,9999.000,9999.000,9999.000
202606010354,   3.938,9999.000,9999.000,9999.000,9999.000,9999.000,9999.000,9999.000,9999.000
202606010400,   3.812,9999.000,   0.500,   0.291,   4.603,   0.400,   4.503,   0.600,   4.703
202606010406,   3.685,9999.000,9999.000,9999.000,9999.000,9999.000,9999.000,9999.000,9999.000
202606010412,   3.559,9999.000,9999.000,9999.000,9999.000,9999.000,9999.000,9999.000,9999.000
202606010418,   3.433,9999.000,9999.000,9999.000,9999.000,9999.000,9999.000,9999.000,9999.000
202606010424,   3.308,9999.000,9999.000,9999.000,9999.000,9999.000,9999.000,9999.000,9999.000
202606010430,   3.184,9999.000,9999.000,9999.000,9999.000,9999.000,9999.000,9999.000,9999.000
202606010436,   3.062,9999.000,9999.000,9999.000,9999.000,9999.000,9999.000,9999.000,9999.000
202606010442,   2.941,9999.000,9999.000,9999.000,9999.000,9999.000,9999.000,9999.000,9999.000
202606010448,   2.822,9999.000,9999.000,9999.000,9999.000,9999.000,9999.000,9999.000,9999.000
202606010454,   2.705,9999.000,9999.000,9999.000,9999.000,9999.000,9999.000,9999.000,9999.000
202606010500,   2.589,9999.000,   0.500,   0.291,   3.380,   0.400,   3.280,   0.600,   3.480
202606010506,   2.476,9999.000,9999.000,9999.000,9999.000,9999.000,9999.000,9999.000,9999.000
202606010512,   2.364,9999.000,9999.000,9999.000,9999.000,9999.000,9999.000,9999.000,9999.000
202606010518,   2.255,9999.000,9999.000,9999.000,9999.000,9999.000,9999.000,9999.000,9999.000
202606010524,   2.148,9999.000,9999.000,9999.000,9999.000,9999.000,9999.000,9999.000,9999.000
202606010530,   2.043,9999.000,9999.000,9999.000,9999.000,9999.000,9999.000,9999.000,9999.000
202606010536,   1.941,9999.000,9999.000,9999.000,9999.000,9999.000,9999.000,9999.000,9999.000
202606010542,   1.840,9999.000,9999.000,9999.000,9999.000,9999.000,9999.000,9999.000,9999.000
202606010548,   1.741,9999.000,9999.000,9999.000,9999.000,9999.000,9999.000,9999.000,9999.000
202606010554,   1.645,9999.000,9999.000,9999.000,9999.000,9999.000,9999.000,9999.000,9999.000
202606010600,   1.550,9999.000,   0.500,   0.291,   2.341,   0.300,   2.141,   0.500,   2.341
202606010606,   1.457,9999.000,9999.000,9999.000,9999.000,9999.000,9999.000,9999.000,9999.000
202606010612,   1.367,9999.000,9999.000,9999.000,9999.000,9999.000,9999.000,9999.000,9999.000
202606010618,   1.278,9999.000,9999.000,9999.000,9999.000,9999.000,9999.000,9999.000,9999.000
202606010624,   1.192,9999.000,9999.000,9999.000,9999.000,9999.000,9999.000,9999.000,9999.000
202606010630,   1.107,9999.000,9999.000,9999.000,9999.000,9999.000,9999.000,9999.000,9999.000
202606010636,   1.025,9999.000,9999.000,9999.000,9999.000,9999.000,9999.000,9999.000,9999.000
202606010642,   0.945,9999.000,9999.000,9999.000,9999.000,9999.000,9999.000,9999.000,9999.000
202606010648,   0.868,9999.000,9999.000,9999.000,9999.000,9999.000,9999.000,9999.000,9999.000
202606010654,   0.794,9999.000,9999.000,9999.000,9999.000,9999.000,9999.000,9999.000,9999.000
202606010700,   0.722,9999.000,   0.400,   0.291,   1.413,   0.300,   1.313,   0.500,   1.513
202606010706,   0.654,9999.000,9999.000,9999.000,9999.000,9999.000,9999.000,9999.000,9999.000
202606010712,   0.589,9999.000,9999.000,9999.000,9999.000,9999.000,9999.000,9999.000,9999.000
202606010718,   0.528,9999.000,9999.000,9999.000,9999.000,9999.000,9999.000,9999.000,9999.000
202606010724,   0.471,9999.000,9999.000,9999.000,9999.000,9999.000,9999.000,9999.000,9999.000
202606010730,   0.418,9999.000,9999.000,9999.000,9999.000,9999.000,9999.000,9999.000,9999.000
202606010736,   0.371,9999.000,9999.000,9999.000,9999.000,9999.000,9999.000,9999.000,9999.000
202606010742,   0.329,9999.000,9999.000,9999.000,9999.000,9999.000,9999.000,9999.000,9999.000
202606010748,   0.292,9999.000,9999.000,9999.000,9999.000,9999.000,9999.000,9999.000,9999.000
202606010754,   0.262,9999.000,9999.000,9999.000,9999.000,9999.000,9999.000,9999.000,9999.000
202606010800,   0.239,9999.000,   0.400,   0.291,   0.930,   0.300,   0.830,   0.500,   1.030
202606010806,   0.222,9999.000,9999.000,9999.000,9999.000,9999.000,9999.000,9999.000,9999.000
202606010812,   0.213,9999.000,9999.000,9999.000,9999.000,9999.000,9999.000,9999.000,9999.000
202606010818,   0.212,9999.000,9999.000,9999.000,9999.000,9999.000,9999.000,9999.000,9999.000
202606010824,   0.218,9999.000,9999.000,9999.000,9999.000,9999.000,9999.000,9999.000,9999.000
202606010830,   0.233,9999.000,9999.000,9999.000,9999.000,9999.000,9999.000,9999.000,9999.000
202606010836,   0.257,9999.000,9999.000,9999.000,9999.000,9999.000,9999.000,9999.000,9999.000
202606010842,   0.290,9999.000,9999.000,9999.000,9999.000,9999.000,9999.000,9999.000,9999.000
202606010848,   0.332,9999.000,9999.000,9999.000,9999.000,9999.000,9999.000,9999.000,9999.000
202606010854,   0.383,9999.000,9999.000,9999.000,9999.000,9999.000,9999.000,9999.000,9999.000
202606010900,   0.444,9999.000,   0.500,   0.291,   1.235,   0.300,   1.035,   0.600,   1.335
202606010906,   0.514,9999.000,9999.000,9999.000,9999.000,9999.000,9999.000,9999.000,9999.000
202606010912,   0.593,9999.000,9999.000,9999.000,9999.000,9999.000,9999.000,9999.000,9999.000
202606010918,   0.681,9999.000,9999.000,9999.000,9999.000,9999.000,9999.000,9999.000,9999.000
202606010924,   0.777,9999.000,9999.000,9999.000,9999.000,9999.000,9999.000,9999.000,9999.000
202606010930,   0.882,9999.000,9999.000,9999.000,9999.000,9999.000,9999.000,9999.000,9999.000
202606010936,   0.994,9999.000,9999.000,9999.000,9999.000,9999.000,9999.000,9999.000,9999.000
202606010942,   1.112,9999.000,9999.000,9999.000,9999.000,9999.000,9999.000,9999.000,9999.000
202606010948,   1.237,9999.000,9999.000,9999.000,9999.000,9999.000,9999.000,9999.000,9999.000
202606010954,   1.367,9999.000,9999.000,9999.000,9999.000,9999.000,9999.000,9999.000,9999.000
202606011000,   1.501,9999.000,   0.500,   0.291,   2.292,   0.400,   2.192,   0.600,   2.392
202606011006,   1.639,9999.000,9999.000,9999.000,9999.000,9999.000,9999.000,9999.000,9999.000
202606011012,   1.779,9999.000,9999.000,9999.000,9999.000,9999.000,9999.000,9999.000,9999.000
202606011018,   1.921,9999.000,9999.000,9999.000,9999.000,9999.000,9999.000,9999.000,9999.000
202606011024,   2.064,9999.000,9999.000,9999.000,9999.000,9999.000,9999.000,9999.000,9999.000
202606011030,   2.206,9999.000,9999.000,9999.000,9999.000,9999.000,9999.000,9999.000,9999.000
202606011036,   2.348,9999.000,9999.000,9999.000,9999.000,9999.000,9999.000,9999.000,9999.000
202606011042,   2.487,9999.000,9999.000,9999.000,9999.000,9999.000,9999.000,9999.000,9999.000
202606011048,   2.625,9999.000,9999.000,9999.000,9999.000,9999.000,9999.000,9999.000,9999.000
202606011054,   2.760,9999.000,9999.000,9999.000,9999.000,9999.000,9999.000,9999.000,9999.000
202606011100,   2.891,9999.000,   0.500,   0.291,   3.682,   0.400,   3.582,   0.600,   3.782
202606011106,   3.019,9999.000,9999.000,9999.000,9999.000,9999.000,9999.000,9999.000,9999.000
202606011112,   3.143,9999.000,9999.000,9999.000,9999.000,9999.000,9999.000,9999.000,9999.000
202606011118,   3.262,9999.000,9999.000,9999.000,9999.000,9999.000,9999.000,9999.000,9999.000
202606011124,   3.377,9999.000,9999.000,9999.000,9999.000,9999.000,9999.000,9999.000,9999.000
202606011130,   3.488,9999.000,9999.000,9999.000,9999.000,9999.000,9999.000,9999.000,9999.000
202606011136,   3.594,9999.000,9999.000,9999.000,9999.000,9999.000,9999.000,9999.000,9999.000
202606011142,   3.695,9999.000,9999.000,9999.000,9999.000,9999.000,9999.000,9999.000,9999.000
202606011148,   3.792,9999.000,9999.000,9999.000,9999.000,9999.000,9999.000,9999.000,9999.000
202606011154,   3.883,9999.000,9999.000,9999.000,9999.000,9999.000,9999.000,9999.000,9999.000
202606011200,   3.971,9999.000,   0.600,   0.291,   4.862,   0.500,   4.762,   0.700,   4.962
202606011206,   4.053,9999.000,9999.000,9999.000,9999.000,9999.000,9999.000,9999.000,9999.000
202606011212,   4.131,9999.000,9999.000,9999.000,9999.000,9999.000,9999.000,9999.000,9999.000
202606011218,   4.204,9999.000,9999.000,9999.000,9999.000,9999.000,9999.000,9999.000,9999.000
202606011224,   4.273,9999.000,9999.000,9999.000,9999.000,9999.000,9999.000,9999.000,9999.000
202606011230,   4.337,9999.000,9999.000,9999.000,9999.000,9999.000,9999.000,9999.000,9999.000
202606011236,   4.397,9999.000,9999.000,9999.000,9999.000,9999.000,9999.000,9999.000,9999.000
202606011242,   4.452,9999.000,9999.000,9999.000,9999.000,9999.000,9999.000,9999.000,9999.000
202606011248,   4.502,9999.000,9999.000,9999.000,9999.000,9999.000,9999.000,9999.000,9999.000
202606011254,   4.548,9999.000,9999.000,9999.000,9999.000,9999.000,9999.000,9999.000,9999.000
202606011300,   4.589,9999.000,   0.600,   0.291,   5.480,   0.500,   5.380,   0.700,   5.580
202606011306,   4.625,9999.000,9999.000,9999.000,9999.000,9999.000,9999.000,9999.000,9999.000
202606011312,   4.656,9999.000,9999.000,9999.000,9999.000,9999.000,9999.000,9999.000,9999.000
202606011318,   4.682,9999.000,9999.000,9999.000,9999.000,9999.000,9999.000,9999.000,9999.000
202606011324,   4.703,9999.000,9999.000,9999.000,9999.000,9999.000,9999.000,9999.000,9999.000
202606011330,   4.719,9999.000,9999.000,9999.000,9999.000,9999.000,9999.000,9999.000,9999.000
202606011336,   4.730,9999.000,9999.000,9999.000,9999.000,9999.000,9999.000,9999.000,9999.000
202606011342,   4.735,9999.000,9999.000,9999.000,9999.000,9999.000,9999.000,9999.000,9999.000
202606011348,   4.735,9999.000,9999.000,9999.000,9999.000,9999.000,9999.000,9999.000,9999.000
202606011354,   4.729,9999.000,9999.000,9999.000,9999.000,9999.000,9999.000,9999.000,9999.000
202606011400,   4.717,9999.000,   0.600,   0.291,   5.608,   0.500,   5.508,   0.700,   5.708
202606011406,   4.699,9999.000,9999.000,9999.000,9999.000,9999.000,9999.000,9999.000,9999.000
202606011412,   4.676,9999.000,9999.000,9999.000,9999.000,9999.000,9999.000,9999.000,9999.000
202606011418,   4.648,9999.000,9999.000,9999.000,9999.000,9999.000,9999.000,9999.000,9999.000
202606011424,   4.613,9999.000,9999.000,9999.000,9999.000,9999.000,9999.000,9999.000,9999.000
202606011430,   4.573,9999.000,9999.000,9999.000,9999.000,9999.000,9999.000,9999.000,9999.000
202606011436,   4.528,9999.000,9999.000,9999.000,9999.000,9999.000,9999.000,9999.000,9999.000
202606011442,   4.477,9999.000,9999.000,9999.000,9999.000,9999.000,9999.000,9999.000,9999.000
202606011448,   4.421,9999.000,9999.000,9999.000,9999.000,9999.000,9999.000,9999.000,9999.000
202606011454,   4.360,9999.000,9999.000,9999.000,9999.000,9999.000,9999.000,9999.000,9999.000
202606011500,   4.295,9999.000,   0.600,   0.291,   5.186,   0.600,   5.186,   0.700,   5.286
202606011506,   4.225,9999.000,9999.000,9999.000,9999.000,9999.000,9999.000,9999.000,9999.000
202606011512,   4.151,9999.000,9999.000,9999.000,9999.000,9999.000,9999.000,9999.000,9999.000
202606011518,   4.072,9999.000,9999.000,9999.000,9999.000,9999.000,9999.000,9999.000,9999.000
202606011524,   3.991,9999.000,9999.000,9999.000,9999.000,9999.000,9999.000,9999.000,9999.000
202606011530,   3.906,9999.000,9999.000,9999.000,9999.000,9999.000,9999.000,9999.000,9999.000
202606011536,   3.818,9999.000,9999.000,9999.000,9999.000,9999.000,9999.000,9999.000,9999.000
202606011542,   3.728,9999.000,9999.000,9999.000,9999.000,9999.000,9999.000,9999.000,9999.000
202606011548,   3.636,9999.000,9999.000,9999.000,9999.000,9999.000,9999.000,9999.000,9999.000
202606011554,   3.542,9999.000,9999.000,9999.000,9999.000,9999.000,9999.000,9999.000,9999.000
202606011600,   3.446,9999.000,   0.600,   0.291,   4.337,   0.600,   4.337,   0.700,   4.437
202606011606,   3.349,9999.000,9999.000,9999.000,9999.000,9999.000,9999.000,9999.000,9999.000
202606011612,   3.252,9999.000,9999.000,9999.000,9999.000,9999.000,9999.000,9999.000,9999.000
202606011618,   3.154,9999.000,9999.000,9999.000,9999.000,9999.000,9999.000,9999.000,9999.000
202606011624,   3.056,9999.000,9999.000,9999.000,9999.000,9999.000,9999.000,9999.000,9999.000
202606011630,   2.958,9999.000,9999.000,9999.000,9999.000,9999.000,9999.000,9999.000,9999.000
202606011636,   2.861,9999.000,9999.000,9999.000,9999.000,9999.000,9999.000,9999.000,9999.000
202606011642,   2.765,9999.000,9999.000,9999.000,9999.000,9999.000,9999.000,9999.000,9999.000
202606011648,   2.670,9999.000,9999.000,9999.000,9999.000,9999.000,9999.000,9999.000,9999.000
202606011654,   2.577,9999.000,9999.000,9999.000,9999.000,9999.000,9999.000,9999.000,9999.000
202606011700,   2.484,9999.000,   0.600,   0.291,   3.375,   0.600,   3.375,   0.700,   3.475
202606011706,   2.394,9999.000,9999.000,9999.000,9999.000,9999.000,9999.000,9999.000,9999.000
202606011712,   2.306,9999.000,9999.000,9999.000,9999.000,9999.000,9999.000,9999.000,9999.000
202606011718,   2.220,9999.000,9999.000,9999.000,9999.000,9999.000,9999.000,9999.000,9999.000
202606011724,   2.135,9999.000,9999.000,9999.000,9999.000,9999.000,9999.000,9999.000,9999.000
202606011730,   2.054,9999.000,9999.000,9999.000,9999.000,9999.000,9999.000,9999.000,9999.000
202606011736,   1.974,9999.000,9999.000,9999.000,9999.000,9999.000,9999.000,9999.000,9999.000
202606011742,   1.897,9999.000,9999.000,9999.000,9999.000,9999.000,9999.000,9999.000,9999.000
202606011748,   1.822,9999.000,9999.000,9999.000,9999.000,9999.000,9999.000,9999.000,9999.000
202606011754,   1.750,9999.000,9999.000,9999.000,9999.000,9999.000,9999.000,9999.000,9999.000
202606011800,   1.680,9999.000,   0.700,   0.291,   2.671,   0.600,   2.571,   0.700,   2.671
202606011806,   1.612,9999.000,9999.000,9999.000,9999.000,9999.000,9999.000,9999.000,9999.000
202606011812,   1.547,9999.000,9999.000,9999.000,9999.000,9999.000,9999.000,9999.000,9999.000
202606011818,   1.484,9999.000,9999.000,9999.000,9999.000,9999.000,9999.000,9999.000,9999.000
202606011824,   1.423,9999.000,9999.000,9999.000,9999.000,9999.000,9999.000,9999.000,9999.000
202606011830,   1.365,9999.000,9999.000,9999.000,9999.000,9999.000,9999.000,9999.000,9999.000
202606011836,   1.308,9999.000,9999.000,9999.000,9999.000,9999.000,9999.000,9999.000,9999.000
202606011842,   1.254,9999.000,9999.000,9999.000,9999.000,9999.000,9999.000,9999.000,9999.000
202606011848,   1.202,9999.000,9999.000,9999.000,9999.000,9999.000,9999.000,9999.000,9999.000
202606011854,   1.153,9999.000,9999.000,9999.000,9999.000,9999.000,9999.000,9999.000,9999.000
202606011900,   1.106,9999.000,   0.700,   0.291,   2.097,   0.600,   1.997,   0.700,   2.097
202606011906,   1.061,9999.000,9999.000,9999.000,9999.000,9999.000,9999.000,9999.000,9999.000
202606011912,   1.019,9999.000,9999.000,9999.000,9999.000,9999.000,9999.000,9999.000,9999.000
202606011918,   0.980,9999.000,9999.000,9999.000,9999.000,9999.000,9999.000,9999.000,9999.000
202606011924,   0.943,9999.000,9999.000,9999.000,9999.000,9999.000,9999.000,9999.000,9999.000
202606011930,   0.911,9999.000,9999.000,9999.000,9999.000,9999.000,9999.000,9999.000,9999.000
202606011936,   0.881,9999.000,9999.000,9999.000,9999.000,9999.000,9999.000,9999.000,9999.000
202606011942,   0.856,9999.000,9999.000,9999.000,9999.000,9999.000,9999.000,9999.000,9999.000
202606011948,   0.835,9999.000,9999.000,9999.000,9999.000,9999.000,9999.000,9999.000,9999.000
202606011954,   0.819,9999.000,9999.000,9999.000,9999.000,9999.000,9999.000,9999.000,9999.000
202606012000,   0.807,9999.000,   0.700,   0.291,   1.798,   0.600,   1.698,   0.800,   1.898
202606012006,   0.802,9999.000,9999.000,9999.000,9999.000,9999.000,9999.000,9999.000,9999.000
202606012012,   0.802,9999.000,9999.000,9999.000,9999.000,9999.000,9999.000,9999.000,9999.000
202606012018,   0.809,9999.000,9999.000,9999.000,9999.000,9999.000,9999.000,9999.000,9999.000
202606012024,   0.823,9999.000,9999.000,9999.000,9999.000,9999.000,9999.000,9999.000,9999.000
202606012030,   0.844,9999.000,9999.000,9999.000,9999.000,9999.000,9999.000,9999.000,9999.000
202606012036,   0.873,9999.000,9999.000,9999.000,9999.000,9999.000,9999.000,9999.000,9999.000
202606012042,   0.910,9999.000,9999.000,9999.000,9999.000,9999.000,9999.000,9999.000,9999.000
202606012048,   0.956,9999.000,9999.000,9999.000,9999.000,9999.000,9999.000,9999.000,9999.000
202606012054,   1.011,9999.000,9999.000,9999.000,9999.000,9999.000,9999.000,9999.000,9999.000
202606012100,   1.075,9999.000,   0.700,   0.291,   2.066,   0.600,   1.966,   0.900,   2.266
202606012106,   1.148,9999.000,9999.000,9999.000,9999.000,9999.000,9999.000,9999.000,9999.000
202606012112,   1.231,9999.000,9999.000,9999.000,9999.000,9999.000,9999.000,9999.000,9999.000
202606012118,   1.323,9999.000,9999.000,9999.000,9999.000,9999.000,9999.000,9999.000,9999.000
202606012124,   1.424,9999.000,9999.000,9999.000,9999.000,9999.000,9999.000,9999.000,9999.000
202606012130,   1.535,9999.000,9999.000,9999.000,9999.000,9999.000,9999.000,9999.000,9999.000
202606012136,   1.655,9999.000,9999.000,9999.000,9999.000,9999.000,9999.000,9999.000,9999.000
202606012142,   1.783,9999.000,9999.000,9999.000,9999.000,9999.000,9999.000,9999.000,9999.000
202606012148,   1.918,9999.000,9999.000,9999.000,9999.000,9999.000,9999.000,9999.000,9999.000
202606012154,   2.061,9999.000,9999.000,9999.000,9999.000,9999.000,9999.000,9999.000,9999.000
202606012200,   2.210,9999.000,   0.800,   0.291,   3.301,   0.600,   3.101,   1.000,   3.501
202606012206,   2.364,9999.000,9999.000,9999.000,9999.000,9999.000,9999.000,9999.000,9999.000
202606012212,   2.523,9999.000,9999.000,9999.000,9999.000,9999.000,9999.000,9999.000,9999.000
202606012218,   2.685,9999.000,9999.000,9999.000,9999.000,9999.000,9999.000,9999.000,9999.000
202606012224,   2.849,9999.000,9999.000,9999.000,9999.000,9999.000,9999.000,9999.000,9999.000
202606012230,   3.015,9999.000,9999.000,9999.000,9999.000,9999.000,9999.000,9999.000,9999.000
202606012236,   3.180,9999.000,9999.000,9999.000,9999.000,9999.000,9999.000,9999.000,9999.000
202606012242,   3.345,9999.000,9999.000,9999.000,9999.000,9999.000,9999.000,9999.000,9999.000
202606012248,   3.508,9999.000,9999.000,9999.000,9999.000,9999.000,9999.000,9999.000,9999.000
202606012254,   3.668,9999.000,9999.000,9999.000,9999.000,9999.000,9999.000,9999.000,9999.000
202606012300,   3.825,9999.000,   0.800,   0.291,   4.916,   0.700,   4.816,   1.000,   5.116
202606012306,   3.977,9999.000,9999.000,9999.000,9999.000,9999.000,9999.000,9999.000,9999.000
202606012312,   4.125,9999.000,9999.000,9999.000,9999.000,9999.000,9999.000,9999.000,9999.000
202606012318,   4.268,9999.000,9999.000,9999.000,9999.000,9999.000,9999.000,9999.000,9999.000
202606012324,   4.405,9999.000,9999.000,9999.000,9999.000,9999.000,9999.000,9999.000,9999.000
202606012330,   4.536,9999.000,9999.000,9999.000,9999.000,9999.000,9999.000,9999.000,9999.000
202606012336,   4.660,9999.000,9999.000,9999.000,9999.000,9999.000,9999.000,9999.000,9999.000
202606012342,   4.779,9999.000,9999.000,9999.000,9999.000,9999.000,9999.000,9999.000,9999.000
202606012348,   4.891,9999.000,9999.000,9999.000,9999.000,9999.000,9999.000,9999.000,9999.000
202606012354,   4.997,9999.000,9999.000,9999.000,9999.000,9999.000,9999.000,9999.000,9999.000
202606020000,   5.097,9999.000,   0.900,   0.291,   6.288,   0.700,   6.088,   1.000,   6.388
202606020006,   5.190,9999.000,9999.000,9999.000,9999.000,9999.000,9999.000,9999.000,9999.000
202606020012,   5.277,9999.000,9999.000,9999.000,9999.000,9999.000,9999.000,9999.000,9999.000
202606020018,   5.359,9999.000,9999.000,9999.000,9999.000,9999.000,9999.000,9999.000,9999.000
202606020024,   5.434,9999.000,9999.000,9999.000,9999.000,9999.000,9999.000,9999.000,9999.000
202606020030,   5.503,9999.000,9999.000,9999.000,9999.000,9999.000,9999.000,9999.000,9999.000
202606020036,   5.567,9999.000,9999.000,9999.000,9999.000,9999.000,9999.000,9999.000,9999.000
202606020042,   5.625,9999.000,9999.000,9999.000,9999.000,9999.000,9999.000,9999.000,9999.000
202606020048,   5.678,9999.000,9999.000,9999.000,9999.000,9999.000,9999.000,9999.000,9999.000
202606020054,   5.726,9999.000,9999.000,9999.000,9999.000,9999.000,9999.000,9999.000,9999.000
202606020100,   5.768,9999.000,   0.900,   0.291,   6.959,   0.700,   6.759,   1.000,   7.059
202606020106,   5.805,9999.000,9999.000,9999.000,9999.000,9999.000,9999.000,9999.000,9999.000
202606020112,   5.837,9999.000,9999.000,9999.000,9999.000,9999.000,9999.000,9999.000,9999.000
202606020118,   5.863,9999.000,9999.000,9999.000,9999.000,9999.000,9999.000,9999.000,9999.000
202606020124,   5.885,9999.000,9999.000,9999.000,9999.000,9999.000,9999.000,9999.000,9999.000
202606020130,   5.901,9999.000,9999.000,9999.000,9999.000,9999.000,9999.000,9999.000,9999.000
202606020136,   5.912,9999.000,9999.000,9999.000,9999.000,9999.000,9999.000,9999.000,9999.000
202606020142,   5.918,9999.000,9999.000,9999.000,9999.000,9999.000,9999.000,9999.000,9999.000
202606020148,   5.918,9999.000,9999.000,9999.000,9999.000,9999.000,9999.000,9999.000,9999.000
202606020154,   5.913,9999.000,9999.000,9999.000,9999.000,9999.000,9999.000,9999.000,9999.000
202606020200,   5.903,9999.000,   0.900,   0.291,   7.094,   0.700,   6.894,   1.000,   7.194
202606020206,   5.887,9999.000,9999.000,9999.000,9999.000,9999.000,9999.000,9999.000,9999.000
202606020212,   5.865,9999.000,9999.000,9999.000,9999.000,9999.000,9999.000,9999.000,9999.000
202606020218,   5.838,9999.000,9999.000,9999.000,9999.000,9999.000,9999.000,9999.000,9999.000
202606020224,   5.806,9999.000,9999.000,9999.000,9999.000,9999.000,9999.000,9999.000,9999.000
202606020230,   5.767,9999.000,9999.000,9999.000,9999.000,9999.000,9999.000,9999.000,9999.000
202606020236,   5.723,9999.000,9999.000,9999.000,9999.000,9999.000,9999.000,9999.000,9999.000
202606020242,   5.673,9999.000,9999.000,9999.000,9999.000,9999.000,9999.000,9999.000,9999.000
202606020248,   5.618,9999.000,9999.000,9999.000,9999.000,9999.000,9999.000,9999.000,9999.000
202606020254,   5.557,9999.000,9999.000,9999.000,9999.000,9999.000,9999.000,9999.000,9999.000
202606020300,   5.490,9999.000,   0.900,   0.291,   6.681,   0.700,   6.481,   1.000,   6.781
202606020306,   5.418,9999.000,9999.000,9999.000,9999.000,9999.000,9999.000,9999.000,9999.000
202606020312,   5.341,9999.000,9999.000,9999.000,9999.000,9999.000,9999.000,9999.000,9999.000
202606020318,   5.259,9999.000,9999.000,9999.000,9999.000,9999.000,9999.000,9999.000,9999.000
202606020324,   5.172,9999.000,9999.000,9999.000,9999.000,9999.000,9999.000,9999.000,9999.000
202606020330,   5.080,9999.000,9999.000,9999.000,9999.000,9999.000,9999.000,9999.000,9999.000
202606020336,   4.983,9999.000,9999.000,9999.000,9999.000,9999.000,9999.000,9999.000,9999.000
202606020342,   4.883,9999.000,9999.000,9999.000,9999.000,9999.000,9999.000,9999.000,9999.000
202606020348,   4.778,9999.000,9999.000,9999.000,9999.000,9999.000,9999.000,9999.000,9999.000
202606020354,   4.670,9999.000,9999.000,9999.000,9999.000,9999.000,9999.000,9999.000,9999.000
202606020400,   4.559,9999.000,   0.800,   0.291,   5.650,   0.700,   5.550,   1.000,   5.850
202606020406,   4.445,9999.000,9999.000,9999.000,9999.000,9999.000,9999.000,9999.000,9999.000
202606020412,   4.329,9999.000,9999.000,9999.000,9999.000,9999.000,9999.000,9999.000,9999.000
202606020418,   4.210,9999.000,9999.000,9999.000,9999.000,9999.000,9999.000,9999.000,9999.000
202606020424,   4.089,9999.000,9999.000,9999.000,9999.000,9999.000,9999.000,9999.000,9999.000
202606020430,   3.968,9999.000,9999.000,9999.000,9999.000,9999.000,9999.000,9999.000,9999.000
202606020436,   3.845,9999.000,9999.000,9999.000,9999.000,9999.000,9999.000,9999.000,9999.000
202606020442,   3.721,9999.000,9999.000,9999.000,9999.000,9999.000,9999.000,9999.000,9999.000
202606020448,   3.597,9999.000,9999.000,9999.000,9999.000,9999.000,9999.000,9999.000,9999.000
202606020454,   3.473,9999.000,9999.000,9999.000,9999.000,9999.000,9999.000,9999.000,9999.000
202606020500,   3.349,9999.000,   0.800,   0.291,   4.440,   0.700,   4.340,   0.900,   4.540
202606020506,   3.226,9999.000,9999.000,9999.000,9999.000,9999.000,9999.000,9999.000,9999.000
202606020512,   3.104,9999.000,9999.000,9999.000,9999.000,9999.000,9999.000,9999.000,9999.000
202606020518,   2.983,9999.000,9999.000,9999.000,9999.000,9999.000,9999.000,9999.000,9999.000
202606020524,   2.863,9999.000,9999.000,9999.000,9999.000,9999.000,9999.000,9999.000,9999.000
202606020530,   2.745,9999.000,9999.000,9999.000,9999.000,9999.000,9999.000,9999.000,9999.000
202606020536,   2.629,9999.000,9999.000,9999.000,9999.000,9999.000,9999.000,9999.000,9999.000
202606020542,   2.515,9999.000,9999.000,9999.000,9999.000,9999.000,9999.000,9999.000,9999.000
202606020548,   2.402,9999.000,9999.000,9999.000,9999.000,9999.000,9999.000,9999.000,9999.000
202606020554,   2.292,9999.000,9999.000,9999.000,9999.000,9999.000,9999.000,9999.000,9999.000
202606020600,   2.184,9999.000,   0.700,   0.291,   3.175,   0.600,   3.075,   0.900,   3.375
202606020606,   2.079,9999.000,9999.000,9999.000,9999.000,9999.000,9999.000,9999.000,9999.000
202606020612,   1.975,9999.000,9999.000,9999.000,9999.000,9999.000,9999.000,9999.000,9999.000
202606020618,   1.874,9999.000,9999.000,9999.000,9999.000,9999.000,9999.000,9999.000,9999.000
202606020624,   1.776,9999.000,9999.000,9999.000,9999.000,9999.000,9999.000,9999.000,9999.000
202606020630,   1.679,9999.000,9999.000,9999.000,9999.000,9999.000,9999.000,9999.000,9999.000
202606020636,   1.585,9999.000,9999.000,9999.000,9999.000,9999.000,9999.000,9999.000,9999.000
202606020642,   1.494,9999.000,9999.000,9999.000,9999.000,9999.000,9999.000,9999.000,9999.000
202606020648,   1.404,9999.000,9999.000,9999.000,9999.000,9999.000,9999.000,9999.000,9999.000
202606020654,   1.317,9999.000,9999.000,9999.000,9999.000,9999.000,9999.000,9999.000,9999.000
202606020700,   1.232,9999.000,   0.700,   0.291,   2.223,   0.600,   2.123,   0.900,   2.423
202606020706,   1.150,9999.000,9999.000,9999.000,9999.000,9999.000,9999.000,9999.000,9999.000
202606020712,   1.070,9999.000,9999.000,9999.000,9999.000,9999.000,9999.000,9999.000,9999.000
202606020718,   0.992,9999.000,9999.000,9999.000,9999.000,9999.000,9999.000,9999.000,9999.000
202606020724,   0.917,9999.000,9999.000,9999.000,9999.000,9999.000,9999.000,9999.000,9999.000
202606020730,   0.845,9999.000,9999.000,9999.000,9999.000,9999.000,9999.000,9999.000,9999.000
202606020736,   0.776,9999.000,9999.000,9999.000,9999.000,9999.000,9999.000,9999.000,9999.000
202606020742,   0.709,9999.000,9999.000,9999.000,9999.000,9999.000,9999.000,9999.000,9999.000
202606020748,   0.646,9999.000,9999.000,9999.000,9999.000,9999.000,9999.000,9999.000,9999.000
202606020754,   0.587,9999.000,9999.000,9999.000,9999.000,9999.000,9999.000,9999.000,9999.000
202606020800,   0.531,9999.000,   0.600,   0.291,   1.422,   0.500,   1.322,   0.800,   1.622
202606020806,   0.479,9999.000,9999.000,9999.000,9999.000,9999.000,9999.000,9999.000,9999.000
202606020812,   0.432,9999.000,9999.000,9999.000,9999.000,9999.000,9999.000,9999.000,9999.000
202606020818,   0.390,9999.000,9999.000,9999.000,9999.000,9999.000,9999.000,9999.000,9999.000
202606020824,   0.353,9999.000,9999.000,9999.000,9999.000,9999.000,9999.000,9999.000,9999.000
202606020830,   0.322,9999.000,9999.000,9999.000,9999.000,9999.000,9999.000,9999.000,9999.000
202606020836,   0.296,9999.000,9999.000,9999.000,9999.000,9999.000,9999.000,9999.000,9999.000
202606020842,   0.277,9999.000,9999.000,9999.000,9999.000,9999.000,9999.000,9999.000,9999.000
202606020848,   0.265,9999.000,9999.000,9999.000,9999.000,9999.000,9999.000,9999.000,9999.000
202606020854,   0.260,9999.000,9999.000,9999.000,9999.000,9999.000,9999.000,9999.000,9999.000
202606020900,   0.263,9999.000,   0.600,   0.291,   1.154,   0.400,   0.954,   0.700,   1.254
202606020906,   0.273,9999.000,9999.000,9999.000,9999.000,9999.000,9999.000,9999.000,9999.000
202606020912,   0.292,9999.000,9999.000,9999.000,9999.000,9999.000,9999.000,9999.000,9999.000
202606020918,   0.320,9999.000,9999.000,9999.000,9999.000,9999.000,9999.000,9999.000,9999.000
202606020924,   0.356,9999.000,9999.000,9999.000,9999.000,9999.000,9999.000,9999.000,9999.000
202606020930,   0.402,9999.000,9999.000,9999.000,9999.000,9999.000,9999.000,9999.000,9999.000
202606020936,   0.457,9999.000,9999.000,9999.000,9999.000,9999.000,9999.000,9999.000,9999.000
202606020942,   0.521,9999.000,9999.000,9999.000,9999.000,9999.000,9999.000,9999.000,9999.000
202606020948,   0.595,9999.000,9999.000,9999.000,9999.000,9999.000,9999.000,9999.000,9999.000
202606020954,   0.678,9999.000,9999.000,9999.000,9999.000,9999.000,9999.000,9999.000,9999.000
202606021000,   0.769,9999.000,   0.600,   0.291,   1.660,   0.400,   1.460,   0.700,   1.760
202606021006,   0.870,9999.000,9999.000,9999.000,9999.000,9999.000,9999.000,9999.000,9999.000
202606021012,   0.978,9999.000,9999.000,9999.000,9999.000,9999.000,9999.000,9999.000,9999.000
202606021018,   1.093,9999.000,9999.000,9999.000,9999.000,9999.000,9999.000,9999.000,9999.000
202606021024,   1.216,9999.000,9999.000,9999.000,9999.000,9999.000,9999.000,9999.000,9999.000
202606021030,   1.344,9999.000,9999.000,9999.000,9999.000,9999.000,9999.000,9999.000,9999.000
202606021036,   1.477,9999.000,9999.000,9999.000,9999.000,9999.000,9999.000,9999.000,9999.000
202606021042,   1.614,9999.000,9999.000,9999.000,9999.000,9999.000,9999.000,9999.000,9999.000
202606021048,   1.754,9999.000,9999.000,9999.000,9999.000,9999.000,9999.000,9999.000,9999.000
202606021054,   1.896,9999.000,9999.000,9999.000,9999.000,9999.000,9999.000,9999.000,9999.000
202606021100,   2.039,9999.000,   0.500,   0.291,   2.830,   0.400,   2.730,   0.700,   3.030
202606021106,   2.182,9999.000,9999.000,9999.000,9999.000,9999.000,9999.000,9999.000,9999.000
202606021112,   2.324,9999.000,9999.000,9999.000,9999.000,9999.000,9999.000,9999.000,9999.000
202606021118,   2.464,9999.000,9999.000,9999.000,9999.000,9999.000,9999.000,9999.000,9999.000
202606021124,   2.601,9999.000,9999.000,9999.000,9999.000,9999.000,9999.000,9999.000,9999.000
202606021130,   2.736,9999.000,9999.000,9999.000,9999.000,9999.000,9999.000,9999.000,9999.000
202606021136,   2.866,9999.000,9999.000,9999.000,9999.000,9999.000,9999.000,9999.000,9999.000
202606021142,   2.993,9999.000,9999.000,9999.000,9999.000,9999.000,9999.000,9999.000,9999.000
202606021148,   3.115,9999.000,9999.000,9999.000,9999.000,9999.000,9999.000,9999.000,9999.000
202606021154,   3.232,9999.000,9999.000,9999.000,9999.000,9999.000,9999.000,9999.000,9999.000
202606021200,   3.344,9999.000,   0.500,   0.291,   4.135,   0.400,   4.035,   0.600,   4.235
202606021206,   3.450,9999.000,9999.000,9999.000,9999.000,9999.000,9999.000,9999.000,9999.000
202606021212,   3.552,9999.000,9999.000,9999.000,9999.000,9999.000,9999.000,9999.000,9999.000
202606021218,   3.648,9999.000,9999.000,9999.000,9999.000,9999.000,9999.000,9999.000,9999.000
202606021224,   3.740,9999.000,9999.000,9999.000,9999.000,9999.000,9999.000,9999.000,9999.000
202606021230,   3.826,9999.000,9999.000,9999.000,9999.000,9999.000,9999.000,9999.000,9999.000
202606021236,   3.907,9999.000,9999.000,9999.000,9999.000,9999.000,9999.000,9999.000,9999.000
202606021242,   3.984,9999.000,9999.000,9999.000,9999.000,9999.000,9999.000,9999.000,9999.000
202606021248,   4.055,9999.000,9999.000,9999.000,9999.000,9999.000,9999.000,9999.000,9999.000
202606021254,   4.123,9999.000,9999.000,9999.000,9999.000,9999.000,9999.000,9999.000,9999.000
202606021300,   4.186,9999.000,   0.500,   0.291,   4.977,   0.300,   4.777,   0.600,   5.077
202606021306,   4.244,9999.000,9999.000,9999.000,9999.000,9999.000,9999.000,9999.000,9999.000
202606021312,   4.299,9999.000,9999.000,9999.000,9999.000,9999.000,9999.000,9999.000,9999.000
202606021318,   4.349,9999.000,9999.000,9999.000,9999.000,9999.000,9999.000,9999.000,9999.000
202606021324,   4.395,9999.000,9999.000,9999.000,9999.000,9999.000,9999.000,9999.000,9999.000
202606021330,   4.438,9999.000,9999.000,9999.000,9999.000,9999.000,9999.000,9999.000,9999.000
202606021336,   4.476,9999.000,9999.000,9999.000,9999.000,9999.000,9999.000,9999.000,9999.000
202606021342,   4.510,9999.000,9999.000,9999.000,9999.000,9999.000,9999.000,9999.000,9999.000
202606021348,   4.541,9999.000,9999.000,9999.000,9999.000,9999.000,9999.000,9999.000,9999.000
202606021354,   4.567,9999.000,9999.000,9999.000,9999.000,9999.000,9999.000,9999.000,9999.000
202606021400,   4.589,9999.000,   0.400,   0.291,   5.280,   0.300,   5.180,   0.600,   5.480
202606021406,   4.607,9999.000,9999.000,9999.000,9999.000,9999.000,9999.000,9999.000,9999.000
202606021412,   4.621,9999.000,9999.000,9999.000,9999.000,9999.000,9999.000,9999.000,9999.000
202606021418,   4.630,9999.000,9999.000,9999.000,9999.000,9999.000,9999.000,9999.000,9999.000
202606021424,   4.635,9999.000,9999.000,9999.000,9999.000,9999.000,9999.000,9999.000,9999.000
202606021430,   4.635,9999.000,9999.000,9999.000,9999.000,9999.000,9999.000,9999.000,9999.000
202606021436,   4.631,9999.000,9999.000,9999.000,9999.000,9999.000,9999.000,9999.000,9999.000
202606021442,   4.621,9999.000,9999.000,9999.000,9999.000,9999.000,9999.000,9999.000,9999.000
202606021448,   4.607,9999.000,9999.000,9999.000,9999.000,9999.000,9999.000,9999.000,9999.000
202606021454,   4.587,9999.000,9999.000,9999.000,9999.000,9999.000,9999.000,9999.000,9999.000
202606021500,   4.563,9999.000,   0.400,   0.291,   5.254,   0.300,   5.154,   0.500,   5.354
202606021506,   4.533,9999.000,9999.000,9999.000,9999.000,9999.000,9999.000,9999.000,9999.000
202606021512,   4.498,9999.000,9999.000,9999.000,9999.000,9999.000,9999.000,9999.000,9999.000
202606021518,   4.458,9999.000,9999.000,9999.000,9999.000,9999.000,9999.000,9999.000,9999.000
202606021524,   4.414,9999.000,9999.000,9999.000,9999.000,9999.000,9999.000,9999.000,9999.000
202606021530,   4.364,9999.000,9999.000,9999.000,9999.000,9999.000,9999.000,9999.000,9999.000
202606021536,   4.309,9999.000,9999.000,9999.000,9999.000,9999.000,9999.000,9999.000,9999.000
202606021542,   4.250,9999.000,9999.000,9999.000,9999.000,9999.000,9999.000,9999.000,9999.000
202606021548,   4.187,9999.000,9999.000,9999.000,9999.000,9999.000,9999.000,9999.000,9999.000
202606021554,   4.119,9999.000,9999.000,9999.000,9999.000,9999.000,9999.000,9999.000,9999.000
202606021600,   4.048,9999.000,   0.400,   0.291,   4.739,   0.200,   4.539,   0.500,   4.839
202606021606,   3.972,9999.000,9999.000,9999.000,9999.000,9999.000,9999.000,9999.000,9999.000
202606021612,   3.894,9999.000,9999.000,9999.000,9999.000,9999.000,9999.000,9999.000,9999.000
202606021618,   3.812,9999.000,9999.000,9999.000,9999.000,9999.000,9999.000,9999.000,9999.000
202606021624,   3.727,9999.000,9999.000,9999.000,9999.000,9999.000,9999.000,9999.000,9999.000
202606021630,   3.640,9999.000,9999.000,9999.000,9999.000,9999.000,9999.000,9999.000,9999.000
202606021636,   3.551,9999.000,9999.000,9999.000,9999.000,9999.000,9999.000,9999.000,9999.000
202606021642,   3.459,9999.000,9999.000,9999.000,9999.000,9999.000,9999.000,9999.000,9999.000
202606021648,   3.367,9999.000,9999.000,9999.000,9999.000,9999.000,9999.000,9999.000,9999.000
202606021654,   3.273,9999.000,9999.000,9999.000,9999.000,9999.000,9999.000,9999.000,9999.000
202606021700,   3.178,9999.000,   0.400,   0.291,   3.869,   0.200,   3.669,   0.500,   3.969
202606021706,   3.083,9999.000,9999.000,9999.000,9999.000,9999.000,9999.000,9999.000,9999.000
202606021712,   2.988,9999.000,9999.000,9999.000,9999.000,9999.000,9999.000,9999.000,9999.000
202606021718,   2.893,9999.000,9999.000,9999.000,9999.000,9999.000,9999.000,9999.000,9999.000
202606021724,   2.799,9999.000,9999.000,9999.000,9999.000,9999.000,9999.000,9999.000,9999.000
202606021730,   2.705,9999.000,9999.000,9999.000,9999.000,9999.000,9999.000,9999.000,9999.000
202606021736,   2.612,9999.000,9999.000,9999.000,9999.000,9999.000,9999.000,9999.000,9999.000
202606021742,   2.521,9999.000,9999.000,9999.000,9999.000,9999.000,9999.000,9999.000,9999.000
202606021748,   2.431,9999.000,9999.000,9999.000,9999.000,9999.000,9999.000,9999.000,9999.000
202606021754,   2.343,9999.000,9999.000,9999.000,9999.000,9999.000,9999.000,9999.000,9999.000
202606021800,   2.257,9999.000,   0.400,   0.291,   2.948,   0.200,   2.748,   0.500,   3.048
202606021806,   2.173,9999.000,9999.000,9999.000,9999.000,9999.000,9999.000,9999.000,9999.000
202606021812,   2.091,9999.000,9999.000,9999.000,9999.000,9999.000,9999.000,9999.000,9999.000
202606021818,   2.012,9999.000,9999.000,9999.000,9999.000,9999.000,9999.000,9999.000,9999.000
202606021824,   1.935,9999.000,9999.000,9999.000,9999.000,9999.000,9999.000,9999.000,9999.000
202606021830,   1.860,9999.000,9999.000,9999.000,9999.000,9999.000,9999.000,9999.000,9999.000
202606021836,   1.788,9999.000,9999.000,9999.000,9999.000,9999.000,9999.000,9999.000,9999.000
202606021842,   1.719,9999.000,9999.000,9999.000,9999.000,9999.000,9999.000,9999.000,9999.000
202606021848,   1.652,9999.000,9999.000,9999.000,9999.000,9999.000,9999.000,9999.000,9999.000
202606021854,   1.588,9999.000,9999.000,9999.000,9999.000,9999.000,9999.000,9999.000,9999.000
202606021900,   1.526,9999.000,   0.400,   0.291,   2.217,   0.200,   2.017,   0.500,   2.317
202606021906,   1.467,9999.000,9999.000,9999.000,9999.000,9999.000,9999.000,9999.000,9999.000
202606021912,   1.410,9999.000,9999.000,9999.000,9999.000,9999.000,9999.000,9999.000,9999.000
202606021918,   1.356,9999.000,9999.000,9999.000,9999.000,9999.000,9999.000,9999.000,9999.000
202606021924,   1.305,9999.000,9999.000,9999.000,9999.000,9999.000,9999.000,9999.000,9999.000
202606021930,   1.256,9999.000,9999.000,9999.000,9999.000,9999.000,9999.000,9999.000,9999.000
202606021936,   1.210,9999.000,9999.000,9999.000,9999.000,9999.000,9999.000,9999.000,9999.000
202606021942,   1.167,9999.000,9999.000,9999.000,9999.000,9999.000,9999.000,9999.000,9999.000
202606021948,   1.126,9999.000,9999.000,9999.000,9999.000,9999.000,9999.000,9999.000,9999.000
202606021954,   1.089,9999.000,9999.000,9999.000,9999.000,9999.000,9999.000,9999.000,9999.000
202606022000,   1.054,9999.000,   0.400,   0.291,   1.745,   0.200,   1.545,   0.500,   1.845
202606022006,   1.023,9999.000,9999.000,9999.000,9999.000,9999.000,9999.000,9999.000,9999.000
202606022012,   0.995,9999.000,9999.000,9999.000,9999.000,9999.000,9999.000,9999.000,9999.000
202606022018,   0.970,9999.000,9999.000,9999.000,9999.000,9999.000,9999.000,9999.000,9999.000
202606022024,   0.950,9999.000,9999.000,9999.000,9999.000,9999.000,9999.000,9999.000,9999.000
202606022030,   0.934,9999.000,9999.000,9999.000,9999.000,9999.000,9999.000,9999.000,9999.000
202606022036,   0.923,9999.000,9999.000,9999.000,9999.000,9999.000,9999.000,9999.000,9999.000
202606022042,   0.917,9999.000,9999.000,9999.000,9999.000,9999.000,9999.000,9999.000,9999.000
202606022048,   0.916,9999.000,9999.000,9999.000,9999.000,9999.000,9999.000,9999.000,9999.000
202606022054,   0.921,9999.000,9999.000,9999.000,9999.000,9999.000,9999.000,9999.000,9999.000
202606022100,   0.932,9999.000,   0.400,   0.291,   1.623,   0.200,   1.423,   0.500,   1.723
202606022106,   0.950,9999.000,9999.000,9999.000,9999.000,9999.000,9999.000,9999.000,9999.000
202606022112,   0.975,9999.000,9999.000,9999.000,9999.000,9999.000,9999.000,9999.000,9999.000
202606022118,   1.007,9999.000,9999.000,9999.000,9999.000,9999.000,9999.000,9999.000,9999.000
202606022124,   1.048,9999.000,9999.000,9999.000,9999.000,9999.000,9999.000,9999.000,9999.000
202606022130,   1.097,9999.000,9999.000,9999.000,9999.000,9999.000,9999.000,9999.000,9999.000
202606022136,   1.154,9999.000,9999.000,9999.000,9999.000,9999.000,9999.000,9999.000,9999.000
202606022142,   1.220,9999.000,9999.000,9999.000,9999.000,9999.000,9999.000,9999.000,9999.000
202606022148,   1.295,9999.000,9999.000,9999.000,9999.000,9999.000,9999.000,9999.000,9999.000
202606022154,   1.380,9999.000,9999.000,9999.000,9999.000,9999.000,9999.000,9999.000,9999.000
202606022200,   1.474,9999.000,   0.400,   0.291,   2.165,   0.200,   1.965,   0.500,   2.265
202606022206,   1.576,9999.000,9999.000,9999.000,9999.000,9999.000,9999.000,9999.000,9999.000
202606022212,   1.688,9999.000,9999.000,9999.000,9999.000,9999.000,9999.000,9999.000,9999.000
202606022218,   1.808,9999.000,9999.000,9999.000,9999.000,9999.000,9999.000,9999.000,9999.000
202606022224,   1.936,9999.000,9999.000,9999.000,9999.000,9999.000,9999.000,9999.000,9999.000
202606022230,   2.071,9999.000,9999.000,9999.000,9999.000,9999.000,9999.000,9999.000,9999.000
202606022236,   2.214,9999.000,9999.000,9999.000,9999.000,9999.000,9999.000,9999.000,9999.000
202606022242,   2.362,9999.000,9999.000,9999.000,9999.000,9999.000,9999.000,9999.000,9999.000
202606022248,   2.515,9999.000,9999.000,9999.000,9999.000,9999.000,9999.000,9999.000,9999.000
202606022254,   2.672,9999.000,9999.000,9999.000,9999.000,9999.000,9999.000,9999.000,9999.000
202606022300,   2.831,9999.000,   0.400,   0.291,   3.522,   0.200,   3.322,   0.500,   3.622
202606022306,   2.993,9999.000,9999.000,9999.000,9999.000,9999.000,9999.000,9999.000,9999.000
202606022312,   3.154,9999.000,9999.000,9999.000,9999.000,9999.000,9999.000,9999.000,9999.000
202606022318,   3.316,9999.000,9999.000,9999.000,9999.000,9999.000,9999.000,9999.000,9999.000
202606022324,   3.475,9999.000,9999.000,9999.000,9999.000,9999.000,9999.000,9999.000,9999.000
202606022330,   3.632,9999.000,9999.000,9999.000,9999.000,9999.000,9999.000,9999.000,9999.000
202606022336,   3.786,9999.000,9999.000,9999.000,9999.000,9999.000,9999.000,9999.000,9999.000
202606022342,   3.935,9999.000,9999.000,9999.000,9999.000,9999.000,9999.000,9999.000,9999.000
202606022348,   4.079,9999.000,9999.000,9999.000,9999.000,9999.000,9999.000,9999.000,9999.000
202606022354,   4.218,9999.000,9999.000,9999.000,9999.000,9999.000,9999.000,9999.000,9999.000
202606030000,   4.350,9999.000,   0.300,   0.291,   4.941,   0.200,   4.841,   0.500,   5.141
202606030006,   4.477,9999.000,9999.000,9999.000,9999.000,9999.000,9999.000,9999.000,9999.000
202606030012,   4.596,9999.000,9999.000,9999.000,9999.000,9999.000,9999.000,9999.000,9999.000
202606030018,   4.709,9999.000,9999.000,9999.000,9999.000,9999.000,9999.000,9999.000,9999.000
202606030024,   4.815,9999.000,9999.000,9999.000,9999.000,9999.000,9999.000,9999.000,9999.000
202606030030,   4.915,9999.000,9999.000,9999.000,9999.000,9999.000,9999.000,9999.000,9999.000
202606030036,   5.007,9999.000,9999.000,9999.000,9999.000,9999.000,9999.000,9999.000,9999.000
202606030042,   5.094,9999.000,9999.000,9999.000,9999.000,9999.000,9999.000,9999.000,9999.000
202606030048,   5.173,9999.000,9999.000,9999.000,9999.000,9999.000,9999.000,9999.000,9999.000
202606030054,   5.247,9999.000,9999.000,9999.000,9999.000,9999.000,9999.000,9999.000,9999.000
202606030100,   5.314,9999.000,   0.300,   0.291,   5.905,   0.200,   5.805,   0.500,   6.105
202606030106,   5.376,9999.000,9999.000,9999.000,9999.000,9999.000,9999.000,9999.000,9999.000
202606030112,   5.432,9999.000,9999.000,9999.000,9999.000,9999.000,9999.000,9999.000,9999.000
202606030118,   5.483,9999.000,9999.000,9999.000,9999.000,9999.000,9999.000,9999.000,9999.000
202606030124,   5.528,9999.000,9999.000,9999.000,9999.000,9999.000,9999.000,9999.000,9999.000
202606030130,   5.569,9999.000,9999.000,9999.000,9999.000,9999.000,9999.000,9999.000,9999.000
202606030136,   5.605,9999.000,9999.000,9999.000,9999.000,9999.000,9999.000,9999.000,9999.000
202606030142,   5.636,9999.000,9999.000,9999.000,9999.000,9999.000,9999.000,9999.000,9999.000
202606030148,   5.662,9999.000,9999.000,9999.000,9999.000,9999.000,9999.000,9999.000,9999.000
202606030154,   5.685,9999.000,9999.000,9999.000,9999.000,9999.000,9999.000,9999.000,9999.000
202606030200,   5.702,9999.000,   0.300,   0.291,   6.293,   0.100,   6.093,   0.500,   6.493
202606030206,   5.716,9999.000,9999.000,9999.000,9999.000,9999.000,9999.000,9999.000,9999.000
202606030212,   5.725,9999.000,9999.000,9999.000,9999.000,9999.000,9999.000,9999.000,9999.000
202606030218,   5.730,9999.000,9999.000,9999.000,9999.000,9999.000,9999.000,9999.000,9999.000
202606030224,   5.730,9999.000,9999.000,9999.000,9999.000,9999.000,9999.000,9999.000,9999.000
202606030230,   5.726,9999.000,9999.000,9999.000,9999.000,9999.000,9999.000,9999.000,9999.000
202606030236,   5.718,9999.000,9999.000,9999.000,9999.000,9999.000,9999.000,9999.000,9999.000
202606030242,   5.705,9999.000,9999.000,9999.000,9999.000,9999.000,9999.000,9999.000,9999.000
202606030248,   5.688,9999.000,9999.000,9999.000,9999.000,9999.000,9999.000,9999.000,9999.000
202606030254,   5.666,9999.000,9999.000,9999.000,9999.000,9999.000,9999.000,9999.000,9999.000
202606030300,   5.640,9999.000,   0.300,   0.291,   6.231,   0.100,   6.031,   0.400,   6.331
202606030306,   5.608,9999.000,9999.000,9999.000,9999.000,9999.000,9999.000,9999.000,9999.000
202606030312,   5.572,9999.000,9999.000,9999.000,9999.000,9999.000,9999.000,9999.000,9999.000
202606030318,   5.531,9999.000,9999.000,9999.000,9999.000,9999.000,9999.000,9999.000,9999.000
202606030324,   5.484,9999.000,9999.000,9999.000,9999.000,9999.000,9999.000,9999.000,9999.000
202606030330,   5.433,9999.000,9999.000,9999.000,9999.000,9999.000,9999.000,9999.000,9999.000
202606030336,   5.376,9999.000,9999.000,9999.000,9999.000,9999.000,9999.000,9999.000,9999.000
202606030342,   5.315,9999.000,9999.000,9999.000,9999.000,9999.000,9999.000,9999.000,9999.000
202606030348,   5.249,9999.000,9999.000,9999.000,9999.000,9999.000,9999.000,9999.000,9999.000
202606030354,   5.177,9999.000,9999.000,9999.000,9999.000,9999.000,9999.000,9999.000,9999.000
202606030400,   5.101,9999.000,   0.300,   0.291,   5.692,   0.100,   5.492,   0.400,   5.792
202606030406,   5.020,9999.000,9999.000,9999.000,9999.000,9999.000,9999.000,9999.000,9999.000
202606030412,   4.934,9999.000,9999.000,9999.000,9999.000,9999.000,9999.000,9999.000,9999.000
202606030418,   4.844,9999.000,9999.000,9999.000,9999.000,9999.000,9999.000,9999.000,9999.000
202606030424,   4.750,9999.000,9999.000,9999.000,9999.000,9999.000,9999.000,9999.000,9999.000
202606030430,   4.652,9999.000,9999.000,9999.000,9999.000,9999.000,9999.000,9999.000,9999.000
202606030436,   4.550,9999.000,9999.000,9999.000,9999.000,9999.000,9999.000,9999.000,9999.000
202606030442,   4.445,9999.000,9999.000,9999.000,9999.000,9999.000,9999.000,9999.000,9999.000
202606030448,   4.336,9999.000,9999.000,9999.000,9999.000,9999.000,9999.000,9999.000,9999.000
202606030454,   4.225,9999.000,9999.000,9999.000,9999.000,9999.000,9999.000,9999.000,9999.000
202606030500,   4.111,9999.000,   0.200,   0.291,   4.602,   0.100,   4.502,   0.400,   4.802
202606030506,   3.996,9999.000,9999.000,9999.000,9999.000,9999.000,9999.000,9999.000,9999.000
202606030512,   3.878,9999.000,9999.000,9999.000,9999.000,9999.000,9999.000,9999.000,9999.000
202606030518,   3.759,9999.000,9999.000,9999.000,9999.000,9999.000,9999.000,9999.000,9999.000
202606030524,   3.638,9999.000,9999.000,9999.000,9999.000,9999.000,9999.000,9999.000,9999.000
202606030530,   3.517,9999.000,9999.000,9999.000,9999.000,9999.000,9999.000,9999.000,9999.000
202606030536,   3.396,9999.000,9999.000,9999.000,9999.000,9999.000,9999.000,9999.000,9999.000
202606030542,   3.275,9999.000,9999.000,9999.000,9999.000,9999.000,9999.000,9999.000,9999.000
202606030548,   3.153,9999.000,9999.000,9999.000,9999.000,9999.000,9999.000,9999.000,9999.000
202606030554,   3.033,9999.000,9999.000,9999.000,9999.000,9999.000,9999.000,9999.000,9999.000
202606030600,   2.913,9999.000,   0.200,   0.291,   3.404,   0.100,   3.304,   0.400,   3.604
202606030606,   2.794,9999.000,9999.000,9999.000,9999.000,9999.000,9999.000,9999.000,9999.000
202606030612,   2.677,9999.000,9999.000,9999.000,9999.000,9999.000,9999.000,9999.000,9999.000
202606030618,   2.561,9999.000,9999.000,9999.000,9999.000,9999.000,9999.000,9999.000,9999.000
202606030624,   2.448,9999.000,9999.000,9999.000,9999.000,9999.000,9999.000,9999.000,9999.000
202606030630,   2.336,9999.000,9999.000,9999.000,9999.000,9999.000,9999.000,9999.000,9999.000
202606030636,   2.226,9999.000,9999.000,9999.000,9999.000,9999.000,9999.000,9999.000,9999.000
202606030642,   2.119,9999.000,9999.000,9999.000,9999.000,9999.000,9999.000,9999.000,9999.000
202606030648,   2.014,9999.000,9999.000,9999.000,9999.000,9999.000,9999.000,9999.000,9999.000
202606030654,   1.912,9999.000,9999.000,9999.000,9999.000,9999.000,9999.000,9999.000,9999.000
202606030700,   1.813,9999.000,   0.200,   0.291,   2.304,   0.000,   2.104,   0.400,   2.504
202606030706,   1.716,9999.000,9999.000,9999.000,9999.000,9999.000,9999.000,9999.000,9999.000
202606030712,   1.622,9999.000,9999.000,9999.000,9999.000,9999.000,9999.000,9999.000,9999.000
202606030718,   1.530,9999.000,9999.000,9999.000,9999.000,9999.000,9999.000,9999.000,9999.000
202606030724,   1.441,9999.000,9999.000,9999.000,9999.000,9999.000,9999.000,9999.000,9999.000
202606030730,   1.355,9999.000,9999.000,9999.000,9999.000,9999.000,9999.000,9999.000,9999.000
202606030736,   1.272,9999.000,9999.000,9999.000,9999.000,9999.000,9999.000,9999.000,9999.000
202606030742,   1.192,9999.000,9999.000,9999.000,9999.000,9999.000,9999.000,9999.000,9999.000
202606030748,   1.115,9999.000,9999.000,9999.000,9999.000,9999.000,9999.000,9999.000,9999.000
202606030754,   1.040,9999.000,9999.000,9999.000,9999.000,9999.000,9999.000,9999.000,9999.000
202606030800,   0.968,9999.000,   0.200,   0.291,   1.459,   0.000,   1.259,   0.400,   1.659
202606030806,   0.899,9999.000,9999.000,9999.000,9999.000,9999.000,9999.000,9999.000,9999.000
202606030812,   0.834,9999.000,9999.000,9999.000,9999.000,9999.000,9999.000,9999.000,9999.000
202606030818,   0.771,9999.000,9999.000,9999.000,9999.000,9999.000,9999.000,9999.000,9999.000
202606030824,   0.712,9999.000,9999.000,9999.000,9999.000,9999.000,9999.000,9999.000,9999.000
202606030830,   0.656,9999.000,9999.000,9999.000,9999.000,9999.000,9999.000,9999.000,9999.000
202606030836,   0.604,9999.000,9999.000,9999.000,9999.000,9999.000,9999.000,9999.000,9999.000
202606030842,   0.556,9999.000,9999.000,9999.000,9999.000,9999.000,9999.000,9999.000,9999.000
202606030848,   0.512,9999.000,9999.000,9999.000,9999.000,9999.000,9999.000,9999.000,9999.000
202606030854,   0.473,9999.000,9999.000,9999.000,9999.000,9999.000,9999.000,9999.000,9999.000
202606030900,   0.438,9999.000,   0.200,   0.291,   0.929,   0.000,   0.729,   0.400,   1.129
202606030906,   0.409,9999.000,9999.000,9999.000,9999.000,9999.000,9999.000,9999.000,9999.000
202606030912,   0.384,9999.000,9999.000,9999.000,9999.000,9999.000,9999.000,9999.000,9999.000
202606030918,   0.366,9999.000,9999.000,9999.000,9999.000,9999.000,9999.000,9999.000,9999.000
202606030924,   0.353,9999.000,9999.000,9999.000,9999.000,9999.000,9999.000,9999.000,9999.000
202606030930,   0.347,9999.000,9999.000,9999.000,9999.000,9999.000,9999.000,9999.000,9999.000
202606030936,   0.348,9999.000,9999.000,9999.000,9999.000,9999.000,9999.000,9999.000,9999.000
202606030942,   0.356,9999.000,9999.000,9999.000,9999.000,9999.000,9999.000,9999.000,9999.000
202606030948,   0.372,9999.000,9999.000,9999.000,9999.000,9999.000,9999.000,9999.000,9999.000
202606030954,   0.395,9999.000,9999.000,9999.000,9999.000,9999.000,9999.000,9999.000,9999.000
202606031000,   0.427,9999.000,   0.200,   0.291,   0.918,   0.000,   0.718,   0.400,   1.118
202606031006,   0.467,9999.000,9999.000,9999.000,9999.000,9999.000,9999.000,9999.000,9999.000
202606031012,   0.516,9999.000,9999.000,9999.000,9999.000,9999.000,9999.000,9999.000,9999.000
202606031018,   0.573,9999.000,9999.000,9999.000,9999.000,9999.000,9999.000,9999.000,9999.000
202606031024,   0.640,9999.000,9999.000,9999.000,9999.000,9999.000,9999.000,9999.000,9999.000
202606031030,   0.715,9999.000,9999.000,9999.000,9999.000,9999.000,9999.000,9999.000,9999.000
202606031036,   0.799,9999.000,9999.000,9999.000,9999.000,9999.000,9999.000,9999.000,9999.000
202606031042,   0.891,9999.000,9999.000,9999.000,9999.000,9999.000,9999.000,9999.000,9999.000
202606031048,   0.992,9999.000,9999.000,9999.000,9999.000,9999.000,9999.000,9999.000,9999.000
202606031054,   1.100,9999.000,9999.000,9999.000,9999.000,9999.000,9999.000,9999.000,9999.000
202606031100,   1.215,9999.000,   0.200,   0.291,   1.706,   0.000,   1.506,   0.400,   1.906
202606031106,   1.336,9999.000,9999.000,9999.000,9999.000,9999.000,9999.000,9999.000,9999.000
202606031112,   1.463,9999.000,9999.000,9999.000,9999.000,9999.000,9999.000,9999.000,9999.000
202606031118,   1.594,9999.000,9999.000,9999.000,9999.000,9999.000,9999.000,9999.000,9999.000
202606031124,   1.729,9999.000,9999.000,9999.000,9999.000,9999.000,9999.000,9999.000,9999.000
202606031130,   1.866,9999.000,9999.000,9999.000,9999.000,9999.000,9999.000,9999.000,9999.000
202606031136,   2.005,9999.000,9999.000,9999.000,9999.000,9999.000,9999.000,9999.000,9999.000
202606031142,   2.144,9999.000,9999.000,9999.000,9999.000,9999.000,9999.000,9999.000,9999.000
202606031148,   2.283,9999.000,9999.000,9999.000,9999.000,9999.000,9999.000,9999.000,9999.000
202606031154,   2.420,9999.000,9999.000,9999.000,9999.000,9999.000,9999.000,9999.000,9999.000
202606031200,   2.556,9999.000,   0.200,   0.291,   3.047,   0.000,   2.847,   0.400,   3.247
202606031206,   2.688,9999.000,9999.000,9999.000,9999.000,9999.000,9999.000,9999.000,9999.000
202606031212,   2.816,9999.000,9999.000,9999.000,9999.000,9999.000,9999.000,9999.000,9999.000
202606031218,   2.940,9999.000,9999.000,9999.000,9999.000,9999.000,9999.000,9999.000,9999.000
202606031224,   3.060,9999.000,9999.000,9999.000,9999.000,9999.000,9999.000,9999.000,9999.000
202606031230,   3.174,9999.000,9999.000,9999.000,9999.000,9999.000,9999.000,9999.000,9999.000
202606031236,   3.284,9999.000,9999.000,9999.000,9999.000,9999.000,9999.000,9999.000,9999.000
202606031242,   3.388,9999.000,9999.000,9999.000,9999.000,9999.000,9999.000,9999.000,9999.000
202606031248,   3.486,9999.000,9999.000,9999.000,9999.000,9999.000,9999.000,9999.000,9999.000
202606031254,   3.579,9999.000,9999.000,9999.000,9999.000,9999.000,9999.000,9999.000,9999.000
202606031300,   3.667,9999.000,   0.200,   0.291,   4.158,   0.000,   3.958,   0.400,   4.358
202606031306,   3.749,9999.000,9999.000,9999.000,9999.000,9999.000,9999.000,9999.000,9999.000
202606031312,   3.827,9999.000,9999.000,9999.000,9999.000,9999.000,9999.000,9999.000,9999.000
202606031318,   3.899,9999.000,9999.000,9999.000,9999.000,9999.000,9999.000,9999.000,9999.000
202606031324,   3.967,9999.000,9999.000,9999.000,9999.000,9999.000,9999.000,9999.000,9999.000
202606031330,   4.030,9999.000,9999.000,9999.000,9999.000,9999.000,9999.000,9999.000,9999.000
202606031336,   4.089,9999.000,9999.000,9999.000,9999.000,9999.000,9999.000,9999.000,9999.000
202606031342,   4.144,9999.000,9999.000,9999.000,9999.000,9999.000,9999.000,9999.000,9999.000
202606031348,   4.195,9999.000,9999.000,9999.000,9999.000,9999.000,9999.000,9999.000,9999.000
202606031354,   4.242,9999.000,9999.000,9999.000,9999.000,9999.000,9999.000,9999.000,9999.000
202606031400,   4.285,9999.000,   0.200,   0.291,   4.776,   0.000,   4.576,   0.400,   4.976
202606031406,   4.325,9999.000,9999.000,9999.000,9999.000,9999.000,9999.000,9999.000,9999.000
202606031412,   4.362,9999.000,9999.000,9999.000,9999.000,9999.000,9999.000,9999.000,9999.000
202606031418,   4.395,9999.000,9999.000,9999.000,9999.000,9999.000,9999.000,9999.000,9999.000
202606031424,   4.425,9999.000,9999.000,9999.000,9999.000,9999.000,9999.000,9999.000,9999.000
202606031430,   4.452,9999.000,9999.000,9999.000,9999.000,9999.000,9999.000,9999.000,9999.000
202606031436,   4.476,9999.000,9999.000,9999.000,9999.000,9999.000,9999.000,9999.000,9999.000
202606031442,   4.496,9999.000,9999.000,9999.000,9999.000,9999.000,9999.000,9999.000,9999.000
202606031448,   4.512,9999.000,9999.000,9999.000,9999.000,9999.000,9999.000,9999.000,9999.000
202606031454,   4.526,9999.000,9999.000,9999.000,9999.000,9999.000,9999.000,9999.000,9999.000
202606031500,   4.535,9999.000,   0.200,   0.291,   5.026,   0.000,   4.826,   0.400,   5.226
202606031506,   4.541,9999.000,9999.000,9999.000,9999.000,9999.000,9999.000,9999.000,9999.000
202606031512,   4.543,9999.000,9999.000,9999.000,9999.000,9999.000,9999.000,9999.000,9999.000
202606031518,   4.541,9999.000,9999.000,9999.000,9999.000,9999.000,9999.000,9999.000,9999.000
202606031524,   4.535,9999.000,9999.000,9999.000,9999.000,9999.000,9999.000,9999.000,9999.000
202606031530,   4.524,9999.000,9999.000,9999.000,9999.000,9999.000,9999.000,9999.000,9999.000
202606031536,   4.510,9999.000,9999.000,9999.000,9999.000,9999.000,9999.000,9999.000,9999.000
202606031542,   4.490,9999.000,9999.000,9999.000,9999.000,9999.000,9999.000,9999.000,9999.000
202606031548,   4.466,9999.000,9999.000,9999.000,9999.000,9999.000,9999.000,9999.000,9999.000
202606031554,   4.437,9999.000,9999.000,9999.000,9999.000,9999.000,9999.000,9999.000,9999.000
202606031600,   4.404,9999.000,   0.200,   0.291,   4.895,   0.000,   4.695,   0.400,   5.095
202606031606,   4.366,9999.000,9999.000,9999.000,9999.000,9999.000,9999.000,9999.000,9999.000
202606031612,   4.323,9999.000,9999.000,9999.000,9999.000,9999.000,9999.000,9999.000,9999.000
202606031618,   4.275,9999.000,9999.000,9999.000,9999.000,9999.000,9999.000,9999.000,9999.000
202606031624,   4.223,9999.000,9999.000,9999.000,9999.000,9999.000,9999.000,9999.000,9999.000
202606031630,   4.167,9999.000,9999.000,9999.000,9999.000,9999.000,9999.000,9999.000,9999.000
202606031636,   4.106,9999.000,9999.000,9999.000,9999.000,9999.000,9999.000,9999.000,9999.000
202606031642,   4.041,9999.000,9999.000,9999.000,9999.000,9999.000,9999.000,9999.000,9999.000
202606031648,   3.972,9999.000,9999.000,9999.000,9999.000,9999.000,9999.000,9999.000,9999.000
202606031654,   3.899,9999.000,9999.000,9999.000,9999.000,9999.000,9999.000,9999.000,9999.000
202606031700,   3.823,9999.000,   0.200,   0.291,   4.314,   0.000,   4.114,   0.500,   4.614
202606031706,   3.744,9999.000,9999.000,9999.000,9999.000,9999.000,9999.000,9999.000,9999.000
202606031712,   3.662,9999.000,9999.000,9999.000,9999.000,9999.000,9999.000,9999.000,9999.000
202606031718,   3.577,9999.000,9999.000,9999.000,9999.000,9999.000,9999.000,9999.000,9999.000
202606031724,   3.490,9999.000,9999.000,9999.000,9999.000,9999.000,9999.000,9999.000,9999.000
202606031730,   3.401,9999.000,9999.000,9999.000,9999.000,9999.000,9999.000,9999.000,9999.000
202606031736,   3.311,9999.000,9999.000,9999.000,9999.000,9999.000,9999.000,9999.000,9999.000
202606031742,   3.219,9999.000,9999.000,9999.000,9999.000,9999.000,9999.000,9999.000,9999.000
202606031748,   3.126,9999.000,9999.000,9999.000,9999.000,9999.000,9999.000,9999.000,9999.000
202606031754,   3.033,9999.000,9999.000,9999.000,9999.000,9999.000,9999.000,9999.000,9999.000
202606031800,   2.939,9999.000,   0.300,   0.291,   3.530,   0.000,   3.230,   0.500,   3.730
202606031806,   2.846,9999.000,9999.000,9999.000,9999.000,9999.000,9999.000,9999.000,9999.000
202606031812,   2.753,9999.000,9999.000,9999.000,9999.000,9999.000,9999.000,9999.000,9999.000
202606031818,   2.661,9999.000,9999.000,9999.000,9999.000,9999.000,9999.000,9999.000,9999.000
202606031824,   2.569,9999.000,9999.000,9999.000,9999.000,9999.000,9999.000,9999.000,9999.000
202606031830,   2.479,9999.000,9999.000,9999.000,9999.000,9999.000,9999.000,9999.000,9999.000
202606031836,   2.391,9999.000,9999.000,9999.000,9999.000,9999.000,9999.000,9999.000,9999.000
202606031842,   2.304,9999.000,9999.000,9999.000,9999.000,9999.000,9999.000,9999.000,9999.000
202606031848,   2.220,9999.000,9999.000,9999.000,9999.000,9999.000,9999.000,9999.000,9999.000
202606031854,   2.137,9999.000,9999.000,9999.000,9999.000,9999.000,9999.000,9999.000,9999.000
202606031900,   2.057,9999.000,   0.300,   0.291,   2.648,   0.000,   2.348,   0.500,   2.848
202606031906,   1.979,9999.000,9999.000,9999.000,9999.000,9999.000,9999.000,9999.000,9999.000
202606031912,   1.904,9999.000,9999.000,9999.000,9999.000,9999.000,9999.000,9999.000,9999.000
202606031918,   1.832,9999.000,9999.000,9999.000,9999.000,9999.000,9999.000,9999.000,9999.000
202606031924,   1.763,9999.000,9999.000,9999.000,9999.000,9999.000,9999.000,9999.000,9999.000
202606031930,   1.697,9999.000,9999.000,9999.000,9999.000,9999.000,9999.000,9999.000,9999.000
202606031936,   1.633,9999.000,9999.000,9999.000,9999.000,9999.000,9999.000,9999.000,9999.000
202606031942,   1.573,9999.000,9999.000,9999.000,9999.000,9999.000,9999.000,9999.000,9999.000
202606031948,   1.516,9999.000,9999.000,9999.000,9999.000,9999.000,9999.000,9999.000,9999.000
202606031954,   1.461,9999.000,9999.000,9999.000,9999.000,9999.000,9999.000,9999.000,9999.000
202606032000,   1.410,9999.000,   0.300,   0.291,   2.001,   0.000,   1.701,   0.600,   2.301
202606032006,   1.362,9999.000,9999.000,9999.000,9999.000,9999.000,9999.000,9999.000,9999.000
202606032012,   1.317,9999.000,9999.000,9999.000,9999.000,9999.000,9999.000,9999.000,9999.000
202606032018,   1.276,9999.000,9999.000,9999.000,9999.000,9999.000,9999.000,9999.000,9999.000
202606032024,   1.237,9999.000,9999.000,9999.000,9999.000,9999.000,9999.000,9999.000,9999.000
202606032030,   1.202,9999.000,9999.000,9999.000,9999.000,9999.000,9999.000,9999.000,9999.000
202606032036,   1.170,9999.000,9999.000,9999.000,9999.000,9999.000,9999.000,9999.000,9999.000
202606032042,   1.141,9999.000,9999.000,9999.000,9999.000,9999.000,9999.000,9999.000,9999.000
202606032048,   1.116,9999.000,9999.000,9999.000,9999.000,9999.000,9999.000,9999.000,9999.000
202606032054,   1.095,9999.000,9999.000,9999.000,9999.000,9999.000,9999.000,9999.000,9999.000
202606032100,   1.077,9999.000,   0.300,   0.291,   1.668,   0.000,   1.368,   0.600,   1.968
202606032106,   1.063,9999.000,9999.000,9999.000,9999.000,9999.000,9999.000,9999.000,9999.000
202606032112,   1.054,9999.000,9999.000,9999.000,9999.000,9999.000,9999.000,9999.000,9999.000
202606032118,   1.049,9999.000,9999.000,9999.000,9999.000,9999.000,9999.000,9999.000,9999.000
202606032124,   1.049,9999.000,9999.000,9999.000,9999.000,9999.000,9999.000,9999.000,9999.000
202606032130,   1.054,9999.000,9999.000,9999.000,9999.000,9999.000,9999.000,9999.000,9999.000
202606032136,   1.064,9999.000,9999.000,9999.000,9999.000,9999.000,9999.000,9999.000,9999.000
202606032142,   1.081,9999.000,9999.000,9999.000,9999.000,9999.000,9999.000,9999.000,9999.000
202606032148,   1.103,9999.000,9999.000,9999.000,9999.000,9999.000,9999.000,9999.000,9999.000
202606032154,   1.132,9999.000,9999.000,9999.000,9999.000,9999.000,9999.000,9999.000,9999.000
202606032200,   1.168,9999.000,   0.300,   0.291,   1.759,   0.100,   1.559,   0.600,   2.059
202606032206,   1.211,9999.000,9999.000,9999.000,9999.000,9999.000,9999.000,9999.000,9999.000
202606032212,   1.261,9999.000,9999.000,9999.000,9999.000,9999.000,9999.000,9999.000,9999.000
202606032218,   1.320,9999.000,9999.000,9999.000,9999.000,9999.000,9999.000,9999.000,9999.000
202606032224,   1.386,9999.000,9999.000,9999.000,9999.000,9999.000,9999.000,9999.000,9999.000
202606032230,   1.461,9999.000,9999.000,9999.000,9999.000,9999.000,9999.000,9999.000,9999.000
202606032236,   1.544,9999.000,9999.000,9999.000,9999.000,9999.000,9999.000,9999.000,9999.000
202606032242,   1.635,9999.000,9999.000,9999.000,9999.000,9999.000,9999.000,9999.000,9999.000
202606032248,   1.735,9999.000,9999.000,9999.000,9999.000,9999.000,9999.000,9999.000,9999.000
202606032254,   1.843,9999.000,9999.000,9999.000,9999.000,9999.000,9999.000,9999.000,9999.000
202606032300,   1.958,9999.000,   0.300,   0.291,   2.549,   0.100,   2.349,   0.600,   2.849
202606032306,   2.081,9999.000,9999.000,9999.000,9999.000,9999.000,9999.000,9999.000,9999.000
202606032312,   2.211,9999.000,9999.000,9999.000,9999.000,9999.000,9999.000,9999.000,9999.000
202606032318,   2.347,9999.000,9999.000,9999.000,9999.000,9999.000,9999.000,9999.000,9999.000
202606032324,   2.489,9999.000,9999.000,9999.000,9999.000,9999.000,9999.000,9999.000,9999.000
202606032330,   2.635,9999.000,9999.000,9999.000,9999.000,9999.000,9999.000,9999.000,9999.000
202606032336,   2.784,9999.000,9999.000,9999.000,9999.000,9999.000,9999.000,9999.000,9999.000
202606032342,   2.936,9999.000,9999.000,9999.000,9999.000,9999.000,9999.000,9999.000,9999.000
202606032348,   3.089,9999.000,9999.000,9999.000,9999.000,9999.000,9999.000,9999.000,9999.000
202606032354,   3.242,9999.000,9999.000,9999.000,9999.000,9999.000,9999.000,9999.000,9999.000
202606040000,   3.394,9999.000,   0.400,   0.291,   4.085,   0.100,   3.785,   0.600,   4.285
202606040006,   3.545,9999.000,9999.000,9999.000,9999.000,9999.000,9999.000,9999.000,9999.000
202606040012,   3.693,9999.000,9999.000,9999.000,9999.000,9999.000,9999.000,9999.000,9999.000
202606040018,   3.837,9999.000,9999.000,9999.000,9999.000,9999.000,9999.000,9999.000,9999.000
202606040024,   3.976,9999.000,9999.000,9999.000,9999.000,9999.000,9999.000,9999.000,9999.000
202606040030,   4.111,9999.000,9999.000,9999.000,9999.000,9999.000,9999.000,9999.000,9999.000
202606040036,   4.239,9999.000,9999.000,9999.000,9999.000,9999.000,9999.000,9999.000,9999.000
202606040042,   4.362,9999.000,9999.000,9999.000,9999.000,9999.000,9999.000,9999.000,9999.000
202606040048,   4.478,9999.000,9999.000,9999.000,9999.000,9999.000,9999.000,9999.000,9999.000
202606040054,   4.587,9999.000,9999.000,9999.000,9999.000,9999.000,9999.000,9999.000,9999.000
202606040100,   4.690,9999.000,   0.400,   0.291,   5.381,   0.100,   5.081,   0.700,   5.681
202606040106,   4.785,9999.000,9999.000,9999.000,9999.000,9999.000,9999.000,9999.000,9999.000
202606040112,   4.874,9999.000,9999.000,9999.000,9999.000,9999.000,9999.000,9999.000,9999.000
202606040118,   4.956,9999.000,9999.000,9999.000,9999.000,9999.000,9999.000,9999.000,9999.000
202606040124,   5.032,9999.000,9999.000,9999.000,9999.000,9999.000,9999.000,9999.000,9999.000
202606040130,   5.101,9999.000,9999.000,9999.000,9999.000,9999.000,9999.000,9999.000,9999.000
202606040136,   5.165,9999.000,9999.000,9999.000,9999.000,9999.000,9999.000,9999.000,9999.000
202606040142,   5.222,9999.000,9999.000,9999.000,9999.000,9999.000,9999.000,9999.000,9999.000
202606040148,   5.274,9999.000,9999.000,9999.000,9999.000,9999.000,9999.000,9999.000,9999.000
202606040154,   5.321,9999.000,9999.000,9999.000,9999.000,9999.000,9999.000,9999.000,9999.000
202606040200,   5.362,9999.000,   0.400,   0.291,   6.053,   0.100,   5.753,   0.700,   6.353
202606040206,   5.399,9999.000,9999.000,9999.000,9999.000,9999.000,9999.000,9999.000,9999.000
202606040212,   5.431,9999.000,9999.000,9999.000,9999.000,9999.000,9999.000,9999.000,9999.000
202606040218,   5.459,9999.000,9999.000,9999.000,9999.000,9999.000,9999.000,9999.000,9999.000
202606040224,   5.483,9999.000,9999.000,9999.000,9999.000,9999.000,9999.000,9999.000,9999.000
202606040230,   5.503,9999.000,9999.000,9999.000,9999.000,9999.000,9999.000,9999.000,9999.000
202606040236,   5.518,9999.000,9999.000,9999.000,9999.000,9999.000,9999.000,9999.000,9999.000
202606040242,   5.531,9999.000,9999.000,9999.000,9999.000,9999.000,9999.000,9999.000,9999.000
202606040248,   5.539,9999.000,9999.000,9999.000,9999.000,9999.000,9999.000,9999.000,9999.000
202606040254,   5.544,9999.000,9999.000,9999.000,9999.000,9999.000,9999.000,9999.000,9999.000
202606040300,   5.545,9999.000,   0.400,   0.291,   6.236,   0.100,   5.936,   0.700,   6.536
202606040306,   5.543,9999.000,9999.000,9999.000,9999.000,9999.000,9999.000,9999.000,9999.000
202606040312,   5.537,9999.000,9999.000,9999.000,9999.000,9999.000,9999.000,9999.000,9999.000
202606040318,   5.528,9999.000,9999.000,9999.000,9999.000,9999.000,9999.000,9999.000,9999.000
202606040324,   5.514,9999.000,9999.000,9999.000,9999.000,9999.000,9999.000,9999.000,9999.000
202606040330,   5.497,9999.000,9999.000,9999.000,9999.000,9999.000,9999.000,9999.000,9999.000
202606040336,   5.476,9999.000,9999.000,9999.000,9999.000,9999.000,9999.000,9999.000,9999.000
202606040342,   5.451,9999.000,9999.000,9999.000,9999.000,9999.000,9999.000,9999.000,9999.000
202606040348,   5.422,9999.000,9999.000,9999.000,9999.000,9999.000,9999.000,9999.000,9999.000
202606040354,   5.389,9999.000,9999.000,9999.000,9999.000,9999.000,9999.000,9999.000,9999.000
202606040400,   5.351,9999.000,   0.400,   0.291,   6.042,   0.000,   5.642,   0.800,   6.442
202606040406,   5.309,9999.000,9999.000,9999.000,9999.000,9999.000,9999.000,9999.000,9999.000
202606040412,   5.262,9999.000,9999.000,9999.000,9999.000,9999.000,9999.000,9999.000,9999.000
202606040418,   5.210,9999.000,9999.000,9999.000,9999.000,9999.000,9999.000,9999.000,9999.000
202606040424,   5.154,9999.000,9999.000,9999.000,9999.000,9999.000,9999.000,9999.000,9999.000
202606040430,   5.093,9999.000,9999.000,9999.000,9999.000,9999.000,9999.000,9999.000,9999.000
202606040436,   5.027,9999.000,9999.000,9999.000,9999.000,9999.000,9999.000,9999.000,9999.000
202606040442,   4.957,9999.000,9999.000,9999.000,9999.000,9999.000,9999.000,9999.000,9999.000
202606040448,   4.882,9999.000,9999.000,9999.000,9999.000,9999.000,9999.000,9999.000,9999.000
202606040454,   4.802,9999.000,9999.000,9999.000,9999.000,9999.000,9999.000,9999.000,9999.000
202606040500,   4.718,9999.000,   0.300,   0.291,   5.309,   0.000,   5.009,   0.700,   5.709
202606040506,   4.630,9999.000,9999.000,9999.000,9999.000,9999.000,9999.000,9999.000,9999.000
202606040512,   4.537,9999.000,9999.000,9999.000,9999.000,9999.000,9999.000,9999.000,9999.000
202606040518,   4.440,9999.000,9999.000,9999.000,9999.000,9999.000,9999.000,9999.000,9999.000
202606040524,   4.340,9999.000,9999.000,9999.000,9999.000,9999.000,9999.000,9999.000,9999.000
202606040530,   4.237,9999.000,9999.000,9999.000,9999.000,9999.000,9999.000,9999.000,9999.000
202606040536,   4.130,9999.000,9999.000,9999.000,9999.000,9999.000,9999.000,9999.000,9999.000
202606040542,   4.020,9999.000,9999.000,9999.000,9999.000,9999.000,9999.000,9999.000,9999.000
202606040548,   3.908,9999.000,9999.000,9999.000,9999.000,9999.000,9999.000,9999.000,9999.000
202606040554,   3.794,9999.000,9999.000,9999.000,9999.000,9999.000,9999.000,9999.000,9999.000
202606040600,   3.677,9999.000,   0.300,   0.291,   4.268,   0.000,   3.968,   0.600,   4.568
202606040606,   3.560,9999.000,9999.000,9999.000,9999.000,9999.000,9999.000,9999.000,9999.000
202606040612,   3.441,9999.000,9999.000,9999.000,9999.000,9999.000,9999.000,9999.000,9999.000
202606040618,   3.321,9999.000,9999.000,9999.000,9999.000,9999.000,9999.000,9999.000,9999.000
202606040624,   3.201,9999.000,9999.000,9999.000,9999.000,9999.000,9999.000,9999.000,9999.000
202606040630,   3.081,9999.000,9999.000,9999.000,9999.000,9999.000,9999.000,9999.000,9999.000
202606040636,   2.961,9999.000,9999.000,9999.000,9999.000,9999.000,9999.000,9999.000,9999.000
202606040642,   2.842,9999.000,9999.000,9999.000,9999.000,9999.000,9999.000,9999.000,9999.000
202606040648,   2.724,9999.000,9999.000,9999.000,9999.000,9999.000,9999.000,9999.000,9999.000
202606040654,   2.607,9999.000,9999.000,9999.000,9999.000,9999.000,9999.000,9999.000,9999.000
202606040700,   2.492,9999.000,   0.300,   0.291,   3.083,   0.000,   2.783,   0.600,   3.383
202606040706,   2.379,9999.000,9999.000,9999.000,9999.000,9999.000,9999.000,9999.000,9999.000
202606040712,   2.267,9999.000,9999.000,9999.000,9999.000,9999.000,9999.000,9999.000,9999.000
202606040718,   2.158,9999.000,9999.000,9999.000,9999.000,9999.000,9999.000,9999.000,9999.000
202606040724,   2.052,9999.000,9999.000,9999.000,9999.000,9999.000,9999.000,9999.000,9999.000
202606040730,   1.948,9999.000,9999.000,9999.000,9999.000,9999.000,9999.000,9999.000,9999.000
202606040736,   1.848,9999.000,9999.000,9999.000,9999.000,9999.000,9999.000,9999.000,9999.000
202606040742,   1.750,9999.000,9999.000,9999.000,9999.000,9999.000,9999.000,9999.000,9999.000
202606040748,   1.655,9999.000,9999.000,9999.000,9999.000,9999.000,9999.000,9999.000,9999.000
202606040754,   1.564,9999.000,9999.000,9999.000,9999.000,9999.000,9999.000,9999.000,9999.000
202606040800,   1.475,9999.000,   0.300,   0.291,   2.066,   0.000,   1.766,   0.600,   2.366
202606040806,   1.391,9999.000,9999.000,9999.000,9999.000,9999.000,9999.000,9999.000,9999.000
202606040812,   1.309,9999.000,9999.000,9999.000,9999.000,9999.000,9999.000,9999.000,9999.000
202606040818,   1.231,9999.000,9999.000,9999.000,9999.000,9999.000,9999.000,9999.000,9999.000
202606040824,   1.156,9999.000,9999.000,9999.000,9999.000,9999.000,9999.000,9999.000,9999.000
202606040830,   1.085,9999.000,9999.000,9999.000,9999.000,9999.000,9999.000,9999.000,9999.000
202606040836,   1.017,9999.000,9999.000,9999.000,9999.000,9999.000,9999.000,9999.000,9999.000
202606040842,   0.953,9999.000,9999.000,9999.000,9999.000,9999.000,9999.000,9999.000,9999.000
202606040848,   0.892,9999.000,9999.000,9999.000,9999.000,9999.000,9999.000,9999.000,9999.000
202606040854,   0.835,9999.000,9999.000,9999.000,9999.000,9999.000,9999.000,9999.000,9999.000
202606040900,   0.781,9999.000,   0.300,   0.291,   1.372,   0.000,   1.072,   0.500,   1.572
202606040906,   0.730,9999.000,9999.000,9999.000,9999.000,9999.000,9999.000,9999.000,9999.000
202606040912,   0.684,9999.000,9999.000,9999.000,9999.000,9999.000,9999.000,9999.000,9999.000
202606040918,   0.641,9999.000,9999.000,9999.000,9999.000,9999.000,9999.000,9999.000,9999.000
202606040924,   0.602,9999.000,9999.000,9999.000,9999.000,9999.000,9999.000,9999.000,9999.000
202606040930,   0.567,9999.000,9999.000,9999.000,9999.000,9999.000,9999.000,9999.000,9999.000
202606040936,   0.537,9999.000,9999.000,9999.000,9999.000,9999.000,9999.000,9999.000,9999.000
202606040942,   0.511,9999.000,9999.000,9999.000,9999.000,9999.000,9999.000,9999.000,9999.000
202606040948,   0.489,9999.000,9999.000,9999.000,9999.000,9999.000,9999.000,9999.000,9999.000
202606040954,   0.473,9999.000,9999.000,9999.000,9999.000,9999.000,9999.000,9999.000,9999.000
202606041000,   0.462,9999.000,   0.300,   0.291,   1.053,   0.000,   0.753,   0.500,   1.253
202606041006,   0.456,9999.000,9999.000,9999.000,9999.000,9999.000,9999.000,9999.000,9999.000
202606041012,   0.456,9999.000,9999.000,9999.000,9999.000,9999.000,9999.000,9999.000,9999.000
202606041018,   0.463,9999.000,9999.000,9999.000,9999.000,9999.000,9999.000,9999.000,9999.000
202606041024,   0.475,9999.000,9999.000,9999.000,9999.000,9999.000,9999.000,9999.000,9999.000
202606041030,   0.495,9999.000,9999.000,9999.000,9999.000,9999.000,9999.000,9999.000,9999.000
202606041036,   0.521,9999.000,9999.000,9999.000,9999.000,9999.000,9999.000,9999.000,9999.000
202606041042,   0.555,9999.000,9999.000,9999.000,9999.000,9999.000,9999.000,9999.000,9999.000
202606041048,   0.596,9999.000,9999.000,9999.000,9999.000,9999.000,9999.000,9999.000,9999.000
202606041054,   0.646,9999.000,9999.000,9999.000,9999.000,9999.000,9999.000,9999.000,9999.000
202606041100,   0.703,9999.000,   0.300,   0.291,   1.294,   0.000,   0.994,   0.500,   1.494
202606041106,   0.768,9999.000,9999.000,9999.000,9999.000,9999.000,9999.000,9999.000,9999.000
202606041112,   0.841,9999.000,9999.000,9999.000,9999.000,9999.000,9999.000,9999.000,9999.000
202606041118,   0.922,9999.000,9999.000,9999.000,9999.000,9999.000,9999.000,9999.000,9999.000
202606041124,   1.011,9999.000,9999.000,9999.000,9999.000,9999.000,9999.000,9999.000,9999.000
202606041130,   1.107,9999.000,9999.000,9999.000,9999.000,9999.000,9999.000,9999.000,9999.000
202606041136,   1.210,9999.000,9999.000,9999.000,9999.000,9999.000,9999.000,9999.000,9999.000
202606041142,   1.320,9999.000,9999.000,9999.000,9999.000,9999.000,9999.000,9999.000,9999.000
202606041148,   1.435,9999.000,9999.000,9999.000,9999.000,9999.000,9999.000,9999.000,9999.000
202606041154,   1.556,9999.000,9999.000,9999.000,9999.000,9999.000,9999.000,9999.000,9999.000
202606041200,   1.681,9999.000,   0.300,   0.291,   2.272,   0.000,   1.972,   0.500,   2.472
