        TIME,    TIDE,      OB,   SURGE,    BIAS,     TWL,SURGE90p,  TWL90p,SURGE10p,   TWL10p
202607251200,   1.410,9999.000,   0.800,9999.000,   2.210,   0.700,   2.110,   0.800,   2.210
202607251206,   1.386,9999.000,9999.000,9999.000,9999.000,9999.000,9999.000,9999.000,9999.000
202607251212,   1.361,9999.000,9999.000,9999.000,9999.000,9999.000,9999.000,9999.000,9999.000
202607251218,   1.334,9999.000,9999.000,9999.000,9999.000,9999.000,9999.000,9999.000,9999.000
202607251224,   1.307,9999.000,9999.000,9999.000,9999.000,9999.000,9999.000,9999.000,9999.000
202607251230,   1.279,9999.000,9999.000,9999.000,9999.000,9999.000,9999.000,9999.000,9999.000
202607251236,   1.250,9999.000,9999.000,9999.000,9999.000,9999.000,9999.000,9999.000,9999.000
202607251242,   1.221,9999.000,9999.000,9999.000,9999.000,9999.000,9999.000,9999.000,9999.000
202607251248,   1.191,9999.000,9999.000,9999.000,9999.000,9999.000,9999.000,9999.000,9999.000
202607251254,   1.160,9999.000,9999.000,9999.000,9999.000,9999.000,9999.000,9999.000,9999.000
202607251300,   1.129,   2.400,   0.800,   0.471,   2.400,   0.700,   2.300,   0.800,   2.400
202607251306,   1.098,   2.377,9999.000,9999.000,9999.000,9999.000,9999.000,9999.000,9999.000
202607251312,   1.066,   2.358,9999.000,9999.000,9999.000,9999.000,9999.000,9999.000,9999.000
202607251318,   1.035,   2.338,9999.000,9999.000,9999.000,9999.000,9999.000,9999.000,9999.000
202607251324,   1.003,   2.318,9999.000,9999.000,9999.000,9999.000,9999.000,9999.000,9999.000
202607251330,   0.972,   2.269,9999.000,9999.000,9999.000,9999.000,9999.000,9999.000,9999.000
202607251336,   0.940,   2.230,9999.000,9999.000,9999.000,9999.000,9999.000,9999.000,9999.000
202607251342,   0.909,   2.200,9999.000,9999.000,9999.000,9999.000,9999.000,9999.000,9999.000
202607251348,   0.879,   2.177,9999.000,9999.000,9999.000,9999.000,9999.000,9999.000,9999.000
202607251354,   0.848,   2.128,9999.000,9999.000,9999.000,9999.000,9999.000,9999.000,9999.000
202607251400,   0.819,   2.079,   0.800,   0.460,   2.079,   0.700,   1.979,   0.800,   2.079
202607251406,   0.790,   2.040,9999.000,9999.000,9999.000,9999.000,9999.000,9999.000,9999.000
202607251412,   0.761,   2.020,9999.000,9999.000,9999.000,9999.000,9999.000,9999.000,9999.000
202607251418,   0.734,   1.981,9999.000,9999.000,9999.000,9999.000,9999.000,9999.000,9999.000
202607251424,   0.708,   1.958,9999.000,9999.000,9999.000,9999.000,9999.000,9999.000,9999.000
202607251430,   0.683,   1.938,9999.000,9999.000,9999.000,9999.000,9999.000,9999.000,9999.000
202607251436,   0.659,   1.918,9999.000,9999.000,9999.000,9999.000,9999.000,9999.000,9999.000
202607251442,   0.636,   1.918,9999.000,9999.000,9999.000,9999.000,9999.000,9999.000,9999.000
202607251448,   0.615,   1.918,9999.000,9999.000,9999.000,9999.000,9999.000,9999.000,9999.000
202607251454,   0.596,   1.889,9999.000,9999.000,9999.000,9999.000,9999.000,9999.000,9999.000
202607251500,   0.579,   1.840,   0.800,   0.461,   1.840,   0.700,   1.740,   0.800,   1.840
202607251506,   0.563,   1.790,9999.000,9999.000,9999.000,9999.000,9999.000,9999.000,9999.000
202607251512,   0.550,   1.781,9999.000,9999.000,9999.000,9999.000,9999.000,9999.000,9999.000
202607251518,   0.538,   1.758,9999.000,9999.000,9999.000,9999.000,9999.000,9999.000,9999.000
202607251524,   0.529,   1.748,9999.000,9999.000,9999.000,9999.000,9999.000,9999.000,9999.000
202607251530,   0.522,   1.718,9999.000,9999.000,9999.000,9999.000,9999.000,9999.000,9999.000
202607251536,   0.517,   1.708,9999.000,9999.000,9999.000,9999.000,9999.000,9999.000,9999.000
202607251542,   0.514,   1.679,9999.000,9999.000,9999.000,9999.000,9999.000,9999.000,9999.000
202607251548,   0.513,   1.649,9999.000,9999.000,9999.000,9999.000,9999.000,9999.000,9999.000
202607251554,   0.515,   1.630,9999.000,9999.000,9999.000,9999.000,9999.000,9999.000,9999.000
202607251600,   0.519,   1.600,   0.800,   0.281,   1.600,   0.700,   1.500,   0.800,   1.600
202607251606,   0.525,   1.590,9999.000,9999.000,9999.000,9999.000,9999.000,9999.000,9999.000
202607251612,   0.532,   1.571,9999.000,9999.000,9999.000,9999.000,9999.000,9999.000,9999.000
202607251618,   0.542,   1.538,9999.000,9999.000,9999.000,9999.000,9999.000,9999.000,9999.000
202607251624,   0.554,   1.498,9999.000,9999.000,9999.000,9999.000,9999.000,9999.000,9999.000
202607251630,   0.567,   1.459,9999.000,9999.000,9999.000,9999.000,9999.000,9999.000,9999.000
202607251636,   0.582,   1.439,9999.000,9999.000,9999.000,9999.000,9999.000,9999.000,9999.000
202607251642,   0.599,   1.430,9999.000,9999.000,9999.000,9999.000,9999.000,9999.000,9999.000
202607251648,   0.617,   1.430,9999.000,9999.000,9999.000,9999.000,9999.000,9999.000,9999.000
202607251654,   0.636,   1.420,9999.000,9999.000,9999.000,9999.000,9999.000,9999.000,9999.000
202607251700,   0.657,   1.420,   0.800,  -0.037,   1.420,   0.700,   1.320,   0.800,   1.420
202607251706,   0.679,   1.410,9999.000,9999.000,9999.000,9999.000,9999.000,9999.000,9999.000
202607251712,   0.701,9999.000,9999.000,9999.000,9999.000,9999.000,9999.000,9999.000,9999.000
202607251718,   0.725,   1.410,9999.000,9999.000,9999.000,9999.000,9999.000,9999.000,9999.000
202607251724,   0.750,   1.410,9999.000,9999.000,9999.000,9999.000,9999.000,9999.000,9999.000
202607251730,   0.776,   1.420,9999.000,9999.000,9999.000,9999.000,9999.000,9999.000,9999.000
202607251736,   0.804,   1.430,9999.000,9999.000,9999.000,9999.000,9999.000,9999.000,9999.000
202607251742,   0.832,   1.430,9999.000,9999.000,9999.000,9999.000,9999.000,9999.000,9999.000
202607251748,   0.861,   1.430,9999.000,9999.000,9999.000,9999.000,9999.000,9999.000,9999.000
202607251754,   0.892,   1.420,9999.000,9999.000,9999.000,9999.000,9999.000,9999.000,9999.000
202607251800,   0.923,   1.430,   0.800,  -0.293,   1.430,   0.700,   1.330,   0.800,   1.430
202607251806,   0.956,   1.469,9999.000,9999.000,9999.000,9999.000,9999.000,9999.000,9999.000
202607251812,   0.990,   1.518,9999.000,9999.000,9999.000,9999.000,9999.000,9999.000,9999.000
202607251818,   1.026,   1.571,9999.000,9999.000,9999.000,9999.000,9999.000,9999.000,9999.000
202607251824,   1.062,   1.630,9999.000,9999.000,9999.000,9999.000,9999.000,9999.000,9999.000
202607251830,   1.101,   1.679,9999.000,9999.000,9999.000,9999.000,9999.000,9999.000,9999.000
202607251836,   1.140,   1.728,9999.000,9999.000,9999.000,9999.000,9999.000,9999.000,9999.000
202607251842,   1.181,   1.790,9999.000,9999.000,9999.000,9999.000,9999.000,9999.000,9999.000
202607251848,   1.223,   1.830,9999.000,9999.000,9999.000,9999.000,9999.000,9999.000,9999.000
202607251854,   1.267,   1.859,9999.000,9999.000,9999.000,9999.000,9999.000,9999.000,9999.000
202607251900,   1.311,   1.899,   0.800,  -0.212,   1.899,   0.700,   1.799,   0.800,   1.899
202607251906,   1.356,   1.948,9999.000,9999.000,9999.000,9999.000,9999.000,9999.000,9999.000
202607251912,   1.403,   1.990,9999.000,9999.000,9999.000,9999.000,9999.000,9999.000,9999.000
202607251918,   1.449,   2.030,9999.000,9999.000,9999.000,9999.000,9999.000,9999.000,9999.000
202607251924,   1.497,   2.059,9999.000,9999.000,9999.000,9999.000,9999.000,9999.000,9999.000
202607251930,   1.544,   2.089,9999.000,9999.000,9999.000,9999.000,9999.000,9999.000,9999.000
202607251936,   1.592,   2.138,9999.000,9999.000,9999.000,9999.000,9999.000,9999.000,9999.000
202607251942,   1.639,   2.191,9999.000,9999.000,9999.000,9999.000,9999.000,9999.000,9999.000
202607251948,   1.685,   2.240,9999.000,9999.000,9999.000,9999.000,9999.000,9999.000,9999.000
202607251954,   1.731,   2.269,9999.000,9999.000,9999.000,9999.000,9999.000,9999.000,9999.000
202607252000,   1.775,   2.309,   0.700,  -0.166,   2.309,   0.700,   2.309,   0.800,   2.409
202607252006,   1.818,   2.358,9999.000,9999.000,9999.000,9999.000,9999.000,9999.000,9999.000
202607252012,   1.860,   2.410,9999.000,9999.000,9999.000,9999.000,9999.000,9999.000,9999.000
202607252018,   1.900,   2.469,9999.000,9999.000,9999.000,9999.000,9999.000,9999.000,9999.000
202607252024,   1.937,   2.519,9999.000,9999.000,9999.000,9999.000,9999.000,9999.000,9999.000
202607252030,   1.973,   2.568,9999.000,9999.000,9999.000,9999.000,9999.000,9999.000,9999.000
202607252036,   2.006,   2.630,9999.000,9999.000,9999.000,9999.000,9999.000,9999.000,9999.000
202607252042,   2.037,   2.689,9999.000,9999.000,9999.000,9999.000,9999.000,9999.000,9999.000
202607252048,   2.065,   2.748,9999.000,9999.000,9999.000,9999.000,9999.000,9999.000,9999.000
202607252054,   2.091,   2.787,9999.000,9999.000,9999.000,9999.000,9999.000,9999.000,9999.000
202607252100,   2.114,   2.830,   0.700,   0.016,   2.830,   0.700,   2.830,   0.800,   2.930
202607252106,   2.134,   2.869,9999.000,9999.000,9999.000,9999.000,9999.000,9999.000,9999.000
202607252112,   2.153,   2.919,9999.000,9999.000,9999.000,9999.000,9999.000,9999.000,9999.000
202607252118,   2.168,   2.958,9999.000,9999.000,9999.000,9999.000,9999.000,9999.000,9999.000
202607252124,   2.182,   2.997,9999.000,9999.000,9999.000,9999.000,9999.000,9999.000,9999.000
202607252130,   2.193,   3.030,9999.000,9999.000,9999.000,9999.000,9999.000,9999.000,9999.000
202607252136,   2.203,   3.060,9999.000,9999.000,9999.000,9999.000,9999.000,9999.000,9999.000
202607252142,   2.210,   3.089,9999.000,9999.000,9999.000,9999.000,9999.000,9999.000,9999.000
202607252148,   2.216,   3.119,9999.000,9999.000,9999.000,9999.000,9999.000,9999.000,9999.000
202607252154,   2.220,   3.129,9999.000,9999.000,9999.000,9999.000,9999.000,9999.000,9999.000
202607252200,   2.223,   3.138,   0.700,   0.215,   3.138,   0.700,   3.138,   0.800,   3.238
202607252206,   2.225,   3.158,9999.000,9999.000,9999.000,9999.000,9999.000,9999.000,9999.000
202607252212,   2.225,   3.178,9999.000,9999.000,9999.000,9999.000,9999.000,9999.000,9999.000
202607252218,   2.224,   3.207,9999.000,9999.000,9999.000,9999.000,9999.000,9999.000,9999.000
202607252224,   2.223,   3.217,9999.000,9999.000,9999.000,9999.000,9999.000,9999.000,9999.000
202607252230,   2.220,   3.240,9999.000,9999.000,9999.000,9999.000,9999.000,9999.000,9999.000
202607252236,   2.217,   3.250,9999.000,9999.000,9999.000,9999.000,9999.000,9999.000,9999.000
202607252242,   2.213,   3.260,9999.000,9999.000,9999.000,9999.000,9999.000,9999.000,9999.000
202607252248,   2.208,   3.260,9999.000,9999.000,9999.000,9999.000,9999.000,9999.000,9999.000
202607252254,   2.203,   3.279,9999.000,9999.000,9999.000,9999.000,9999.000,9999.000,9999.000
202607252300,   2.196,   3.289,   0.700,   0.393,   3.289,   0.700,   3.289,   0.800,   3.389
202607252306,   2.189,   3.289,9999.000,9999.000,9999.000,9999.000,9999.000,9999.000,9999.000
202607252312,   2.181,   3.279,9999.000,9999.000,9999.000,9999.000,9999.000,9999.000,9999.000
202607252318,   2.172,   3.279,9999.000,9999.000,9999.000,9999.000,9999.000,9999.000,9999.000
202607252324,   2.162,   3.279,9999.000,9999.000,9999.000,9999.000,9999.000,9999.000,9999.000
202607252330,   2.151,   3.279,9999.000,9999.000,9999.000,9999.000,9999.000,9999.000,9999.000
202607252336,   2.138,   3.279,9999.000,9999.000,9999.000,9999.000,9999.000,9999.000,9999.000
202607252342,   2.125,   3.270,9999.000,9999.000,9999.000,9999.000,9999.000,9999.000,9999.000
202607252348,   2.110,   3.260,9999.000,9999.000,9999.000,9999.000,9999.000,9999.000,9999.000
202607252354,   2.094,   3.250,9999.000,9999.000,9999.000,9999.000,9999.000,9999.000,9999.000
202607260000,   2.077,   3.240,   0.700,   0.463,   3.240,   0.700,   3.240,   0.800,   3.340
202607260006,   2.058,   3.207,9999.000,9999.000,9999.000,9999.000,9999.000,9999.000,9999.000
202607260012,   2.038,   3.188,9999.000,9999.000,9999.000,9999.000,9999.000,9999.000,9999.000
202607260018,   2.017,   3.158,9999.000,9999.000,9999.000,9999.000,9999.000,9999.000,9999.000
202607260024,   1.994,   3.138,9999.000,9999.000,9999.000,9999.000,9999.000,9999.000,9999.000
202607260030,   1.970,   3.109,9999.000,9999.000,9999.000,9999.000,9999.000,9999.000,9999.000
202607260036,   1.944,   3.070,9999.000,9999.000,9999.000,9999.000,9999.000,9999.000,9999.000
202607260042,   1.918,   3.030,9999.000,9999.000,9999.000,9999.000,9999.000,9999.000,9999.000
202607260048,   1.890,   2.988,9999.000,9999.000,9999.000,9999.000,9999.000,9999.000,9999.000
202607260054,   1.861,   2.958,9999.000,9999.000,9999.000,9999.000,9999.000,9999.000,9999.000
202607260100,   1.831,   2.938,   0.700,   0.407,   2.938,   0.700,   2.938,   0.800,   3.038
202607260106,   1.800,   2.919,9999.000,9999.000,9999.000,9999.000,9999.000,9999.000,9999.000
202607260112,   1.768,   2.879,9999.000,9999.000,9999.000,9999.000,9999.000,9999.000,9999.000
202607260118,   1.735,   2.840,9999.000,9999.000,9999.000,9999.000,9999.000,9999.000,9999.000
202607260124,   1.701,   2.807,9999.000,9999.000,9999.000,9999.000,9999.000,9999.000,9999.000
202607260130,   1.667,   2.768,9999.000,9999.000,9999.000,9999.000,9999.000,9999.000,9999.000
202607260136,   1.632,   2.728,9999.000,9999.000,9999.000,9999.000,9999.000,9999.000,9999.000
202607260142,   1.596,   2.679,9999.000,9999.000,9999.000,9999.000,9999.000,9999.000,9999.000
202607260148,   1.560,   2.640,9999.000,9999.000,9999.000,9999.000,9999.000,9999.000,9999.000
202607260154,   1.524,   2.587,9999.000,9999.000,9999.000,9999.000,9999.000,9999.000,9999.000
202607260200,   1.487,   2.538,   0.700,   0.351,   2.538,   0.700,   2.538,   0.800,   2.638
202607260206,   1.450,   2.479,9999.000,9999.000,9999.000,9999.000,9999.000,9999.000,9999.000
202607260212,   1.412,   2.440,9999.000,9999.000,9999.000,9999.000,9999.000,9999.000,9999.000
202607260218,   1.375,   2.410,9999.000,9999.000,9999.000,9999.000,9999.000,9999.000,9999.000
202607260224,   1.338,   2.377,9999.000,9999.000,9999.000,9999.000,9999.000,9999.000,9999.000
202607260230,   1.301,   2.368,9999.000,9999.000,9999.000,9999.000,9999.000,9999.000,9999.000
202607260236,   1.264,   2.338,9999.000,9999.000,9999.000,9999.000,9999.000,9999.000,9999.000
202607260242,   1.228,   2.299,9999.000,9999.000,9999.000,9999.000,9999.000,9999.000,9999.000
202607260248,   1.192,   2.259,9999.000,9999.000,9999.000,9999.000,9999.000,9999.000,9999.000
202607260254,   1.157,   2.220,9999.000,9999.000,9999.000,9999.000,9999.000,9999.000,9999.000
202607260300,   1.122,   2.200,   0.700,   0.378,   2.200,   0.700,   2.200,   0.800,   2.300
202607260306,   1.088,   2.177,9999.000,9999.000,9999.000,9999.000,9999.000,9999.000,9999.000
202607260312,   1.056,   2.148,9999.000,9999.000,9999.000,9999.000,9999.000,9999.000,9999.000
202607260318,   1.024,   2.099,9999.000,9999.000,9999.000,9999.000,9999.000,9999.000,9999.000
202607260324,   0.994,   2.040,9999.000,9999.000,9999.000,9999.000,9999.000,9999.000,9999.000
202607260330,   0.965,   1.967,9999.000,9999.000,9999.000,9999.000,9999.000,9999.000,9999.000
202607260336,   0.938,   1.899,9999.000,9999.000,9999.000,9999.000,9999.000,9999.000,9999.000
202607260342,   0.912,   1.840,9999.000,9999.000,9999.000,9999.000,9999.000,9999.000,9999.000
202607260348,   0.888,   1.790,9999.000,9999.000,9999.000,9999.000,9999.000,9999.000,9999.000
202607260354,   0.865,   1.767,9999.000,9999.000,9999.000,9999.000,9999.000,9999.000,9999.000
202607260400,   0.845,   1.767,   0.700,   0.222,   1.767,   0.700,   1.767,   0.800,   1.867
202607260406,   0.826,   1.781,9999.000,9999.000,9999.000,9999.000,9999.000,9999.000,9999.000
202607260412,   0.809,   1.781,9999.000,9999.000,9999.000,9999.000,9999.000,9999.000,9999.000
202607260418,   0.794,   1.758,9999.000,9999.000,9999.000,9999.000,9999.000,9999.000,9999.000
202607260424,   0.781,   1.718,9999.000,9999.000,9999.000,9999.000,9999.000,9999.000,9999.000
202607260430,   0.770,   1.689,9999.000,9999.000,9999.000,9999.000,9999.000,9999.000,9999.000
202607260436,   0.760,   1.669,9999.000,9999.000,9999.000,9999.000,9999.000,9999.000,9999.000
202607260442,   0.752,   1.659,9999.000,9999.000,9999.000,9999.000,9999.000,9999.000,9999.000
202607260448,   0.746,   1.630,9999.000,9999.000,9999.000,9999.000,9999.000,9999.000,9999.000
202607260454,   0.741,   1.580,9999.000,9999.000,9999.000,9999.000,9999.000,9999.000,9999.000
202607260500,   0.738,   1.518,   0.800,  -0.020,   1.518,   0.700,   1.418,   0.800,   1.518
202607260506,   0.736,   1.479,9999.000,9999.000,9999.000,9999.000,9999.000,9999.000,9999.000
202607260512,   0.736,   1.449,9999.000,9999.000,9999.000,9999.000,9999.000,9999.000,9999.000
202607260518,   0.737,   1.459,9999.000,9999.000,9999.000,9999.000,9999.000,9999.000,9999.000
202607260524,   0.739,   1.498,9999.000,9999.000,9999.000,9999.000,9999.000,9999.000,9999.000
202607260530,   0.742,   1.557,9999.000,9999.000,9999.000,9999.000,9999.000,9999.000,9999.000
202607260536,   0.747,   1.590,9999.000,9999.000,9999.000,9999.000,9999.000,9999.000,9999.000
202607260542,   0.752,   1.580,9999.000,9999.000,9999.000,9999.000,9999.000,9999.000,9999.000
202607260548,   0.759,   1.548,9999.000,9999.000,9999.000,9999.000,9999.000,9999.000,9999.000
202607260554,   0.767,   1.528,9999.000,9999.000,9999.000,9999.000,9999.000,9999.000,9999.000
202607260600,   0.776,   1.528,   0.800,  -0.048,   1.528,   0.700,   1.428,   0.800,   1.528
202607260606,   0.786,   1.548,9999.000,9999.000,9999.000,9999.000,9999.000,9999.000,9999.000
202607260612,   0.797,   1.571,9999.000,9999.000,9999.000,9999.000,9999.000,9999.000,9999.000
202607260618,   0.810,   1.571,9999.000,9999.000,9999.000,9999.000,9999.000,9999.000,9999.000
202607260624,   0.824,   1.548,9999.000,9999.000,9999.000,9999.000,9999.000,9999.000,9999.000
202607260630,   0.840,   1.528,9999.000,9999.000,9999.000,9999.000,9999.000,9999.000,9999.000
202607260636,   0.857,   1.557,9999.000,9999.000,9999.000,9999.000,9999.000,9999.000,9999.000
202607260642,   0.876,   1.610,9999.000,9999.000,9999.000,9999.000,9999.000,9999.000,9999.000
202607260648,   0.896,   1.649,9999.000,9999.000,9999.000,9999.000,9999.000,9999.000,9999.000
202607260654,   0.918,   1.689,9999.000,9999.000,9999.000,9999.000,9999.000,9999.000,9999.000
202607260700,   0.942,   1.699,   0.800,  -0.043,   1.699,   0.700,   1.599,   0.800,   1.699
202607260706,   0.968,   1.679,9999.000,9999.000,9999.000,9999.000,9999.000,9999.000,9999.000
202607260712,   0.995,   1.679,9999.000,9999.000,9999.000,9999.000,9999.000,9999.000,9999.000
202607260718,   1.024,   1.699,9999.000,9999.000,9999.000,9999.000,9999.000,9999.000,9999.000
202607260724,   1.054,   1.758,9999.000,9999.000,9999.000,9999.000,9999.000,9999.000,9999.000
202607260730,   1.085,   1.820,9999.000,9999.000,9999.000,9999.000,9999.000,9999.000,9999.000
202607260736,   1.118,   1.859,9999.000,9999.000,9999.000,9999.000,9999.000,9999.000,9999.000
202607260742,   1.152,   1.879,9999.000,9999.000,9999.000,9999.000,9999.000,9999.000,9999.000
202607260748,   1.187,   1.879,9999.000,9999.000,9999.000,9999.000,9999.000,9999.000,9999.000
202607260754,   1.223,   1.889,9999.000,9999.000,9999.000,9999.000,9999.000,9999.000,9999.000
202607260800,   1.258,   1.918,   0.800,  -0.140,   1.918,   0.700,   1.818,   0.800,   1.918
202607260806,   1.294,   1.967,9999.000,9999.000,9999.000,9999.000,9999.000,9999.000,9999.000
202607260812,   1.330,   2.030,9999.000,9999.000,9999.000,9999.000,9999.000,9999.000,9999.000
202607260818,   1.366,   2.079,9999.000,9999.000,9999.000,9999.000,9999.000,9999.000,9999.000
202607260824,   1.401,   2.128,9999.000,9999.000,9999.000,9999.000,9999.000,9999.000,9999.000
202607260830,   1.435,   2.177,9999.000,9999.000,9999.000,9999.000,9999.000,9999.000,9999.000
202607260836,   1.467,   2.230,9999.000,9999.000,9999.000,9999.000,9999.000,9999.000,9999.000
202607260842,   1.499,   2.299,9999.000,9999.000,9999.000,9999.000,9999.000,9999.000,9999.000
202607260848,   1.529,   2.368,9999.000,9999.000,9999.000,9999.000,9999.000,9999.000,9999.000
202607260854,   1.557,   2.430,9999.000,9999.000,9999.000,9999.000,9999.000,9999.000,9999.000
202607260900,   1.583,   2.459,   0.800,   0.076,   2.459,   0.700,   2.359,   0.800,   2.459
202607260906,   1.607,   2.469,9999.000,9999.000,9999.000,9999.000,9999.000,9999.000,9999.000
202607260912,   1.628,   2.489,9999.000,9999.000,9999.000,9999.000,9999.000,9999.000,9999.000
202607260918,   1.648,   2.519,9999.000,9999.000,9999.000,9999.000,9999.000,9999.000,9999.000
202607260924,   1.665,   2.558,9999.000,9999.000,9999.000,9999.000,9999.000,9999.000,9999.000
202607260930,   1.680,   2.610,9999.000,9999.000,9999.000,9999.000,9999.000,9999.000,9999.000
202607260936,   1.693,   2.650,9999.000,9999.000,9999.000,9999.000,9999.000,9999.000,9999.000
202607260942,   1.704,   2.689,9999.000,9999.000,9999.000,9999.000,9999.000,9999.000,9999.000
202607260948,   1.713,   2.728,9999.000,9999.000,9999.000,9999.000,9999.000,9999.000,9999.000
202607260954,   1.720,   2.758,9999.000,9999.000,9999.000,9999.000,9999.000,9999.000,9999.000
202607261000,   1.725,   2.778,   0.800,   0.253,   2.778,   0.700,   2.678,   0.800,   2.778
202607261006,   1.728,   2.797,9999.000,9999.000,9999.000,9999.000,9999.000,9999.000,9999.000
202607261012,   1.730,   2.820,9999.000,9999.000,9999.000,9999.000,9999.000,9999.000,9999.000
202607261018,   1.730,   2.840,9999.000,9999.000,9999.000,9999.000,9999.000,9999.000,9999.000
202607261024,   1.729,   2.850,9999.000,9999.000,9999.000,9999.000,9999.000,9999.000,9999.000
202607261030,   1.727,   2.850,9999.000,9999.000,9999.000,9999.000,9999.000,9999.000,9999.000
202607261036,   1.724,   2.860,9999.000,9999.000,9999.000,9999.000,9999.000,9999.000,9999.000
202607261042,   1.720,   2.869,9999.000,9999.000,9999.000,9999.000,9999.000,9999.000,9999.000
202607261048,   1.715,   2.889,9999.000,9999.000,9999.000,9999.000,9999.000,9999.000,9999.000
202607261054,   1.710,   2.919,9999.000,9999.000,9999.000,9999.000,9999.000,9999.000,9999.000
202607261100,   1.703,   2.948,   0.800,   0.445,   2.948,   0.700,   2.848,   0.800,   2.948
202607261106,   1.696,   2.968,9999.000,9999.000,9999.000,9999.000,9999.000,9999.000,9999.000
202607261112,   1.689,   2.988,9999.000,9999.000,9999.000,9999.000,9999.000,9999.000,9999.000
202607261118,   1.681,   2.997,9999.000,9999.000,9999.000,9999.000,9999.000,9999.000,9999.000
202607261124,   1.672,   3.007,9999.000,9999.000,9999.000,9999.000,9999.000,9999.000,9999.000
202607261130,   1.662,   3.017,9999.000,9999.000,9999.000,9999.000,9999.000,9999.000,9999.000
202607261136,   1.651,   3.017,9999.000,9999.000,9999.000,9999.000,9999.000,9999.000,9999.000
202607261142,   1.640,   3.030,9999.000,9999.000,9999.000,9999.000,9999.000,9999.000,9999.000
202607261148,   1.628,   3.017,9999.000,9999.000,9999.000,9999.000,9999.000,9999.000,9999.000
202607261154,   1.614,   3.017,9999.000,9999.000,9999.000,9999.000,9999.000,9999.000,9999.000
202607261200,   1.600,   3.017,   0.800,   0.617,   3.017,   0.700,   2.917,   0.800,   3.017
202607261206,   1.585,   3.007,9999.000,9999.000,9999.000,9999.000,9999.000,9999.000,9999.000
202607261212,   1.569,   2.988,9999.000,9999.000,9999.000,9999.000,9999.000,9999.000,9999.000
202607261218,   1.551,   2.978,9999.000,9999.000,9999.000,9999.000,9999.000,9999.000,9999.000
202607261224,   1.532,   2.958,9999.000,9999.000,9999.000,9999.000,9999.000,9999.000,9999.000
202607261230,   1.512,   2.948,9999.000,9999.000,9999.000,9999.000,9999.000,9999.000,9999.000
202607261236,   1.491,   2.929,9999.000,9999.000,9999.000,9999.000,9999.000,9999.000,9999.000
202607261242,   1.469,   2.929,9999.000,9999.000,9999.000,9999.000,9999.000,9999.000,9999.000
202607261248,   1.445,   2.909,9999.000,9999.000,9999.000,9999.000,9999.000,9999.000,9999.000
202607261254,   1.421,   2.889,9999.000,9999.000,9999.000,9999.000,9999.000,9999.000,9999.000
202607261300,   1.395,   2.850,   0.800,   0.655,   2.850,   0.700,   2.750,   0.800,   2.850
202607261306,   1.368,   2.807,9999.000,9999.000,9999.000,9999.000,9999.000,9999.000,9999.000
202607261312,   1.341,   2.768,9999.000,9999.000,9999.000,9999.000,9999.000,9999.000,9999.000
202607261318,   1.312,   2.738,9999.000,9999.000,9999.000,9999.000,9999.000,9999.000,9999.000
202607261324,   1.283,   2.719,9999.000,9999.000,9999.000,9999.000,9999.000,9999.000,9999.000
202607261330,   1.253,   2.699,9999.000,9999.000,9999.000,9999.000,9999.000,9999.000,9999.000
202607261336,   1.222,   2.650,9999.000,9999.000,9999.000,9999.000,9999.000,9999.000,9999.000
202607261342,   1.191,   2.610,9999.000,9999.000,9999.000,9999.000,9999.000,9999.000,9999.000
202607261348,   1.159,   2.587,9999.000,9999.000,9999.000,9999.000,9999.000,9999.000,9999.000
202607261354,   1.127,   2.548,9999.000,9999.000,9999.000,9999.000,9999.000,9999.000,9999.000
202607261400,   1.095,   2.509,   0.800,   0.614,   2.509,   0.800,   2.509,   0.800,   2.509
202607261406,   1.062,   2.479,9999.000,9999.000,9999.000,9999.000,9999.000,9999.000,9999.000
202607261412,   1.030,   2.430,9999.000,9999.000,9999.000,9999.000,9999.000,9999.000,9999.000
202607261418,   0.997,   2.387,9999.000,9999.000,9999.000,9999.000,9999.000,9999.000,9999.000
202607261424,   0.965,   2.338,9999.000,9999.000,9999.000,9999.000,9999.000,9999.000,9999.000
202607261430,   0.933,   2.279,9999.000,9999.000,9999.000,9999.000,9999.000,9999.000,9999.000
202607261436,   0.901,   2.230,9999.000,9999.000,9999.000,9999.000,9999.000,9999.000,9999.000
202607261442,   0.870,   2.177,9999.000,9999.000,9999.000,9999.000,9999.000,9999.000,9999.000
202607261448,   0.839,   2.148,9999.000,9999.000,9999.000,9999.000,9999.000,9999.000,9999.000
202607261454,   0.809,   2.118,9999.000,9999.000,9999.000,9999.000,9999.000,9999.000,9999.000
202607261500,   0.780,   2.079,   0.800,   0.499,   2.079,   0.800,   2.079,   0.800,   2.079
202607261506,   0.752,   2.059,9999.000,9999.000,9999.000,9999.000,9999.000,9999.000,9999.000
202607261512,   0.724,   2.030,9999.000,9999.000,9999.000,9999.000,9999.000,9999.000,9999.000
202607261518,   0.698,   1.981,9999.000,9999.000,9999.000,9999.000,9999.000,9999.000,9999.000
202607261524,   0.673,   1.948,9999.000,9999.000,9999.000,9999.000,9999.000,9999.000,9999.000
202607261530,   0.650,   1.918,9999.000,9999.000,9999.000,9999.000,9999.000,9999.000,9999.000
202607261536,   0.628,   1.899,9999.000,9999.000,9999.000,9999.000,9999.000,9999.000,9999.000
202607261542,   0.607,   1.859,9999.000,9999.000,9999.000,9999.000,9999.000,9999.000,9999.000
202607261548,   0.589,   1.820,9999.000,9999.000,9999.000,9999.000,9999.000,9999.000,9999.000
202607261554,   0.572,   1.790,9999.000,9999.000,9999.000,9999.000,9999.000,9999.000,9999.000
202607261600,   0.558,   1.748,   0.800,   0.390,   1.748,   0.800,   1.748,   0.900,   1.848
202607261606,   0.545,   1.699,9999.000,9999.000,9999.000,9999.000,9999.000,9999.000,9999.000
202607261612,   0.535,   1.659,9999.000,9999.000,9999.000,9999.000,9999.000,9999.000,9999.000
202607261618,   0.527,   1.639,9999.000,9999.000,9999.000,9999.000,9999.000,9999.000,9999.000
202607261624,   0.521,   1.620,9999.000,9999.000,9999.000,9999.000,9999.000,9999.000,9999.000
202607261630,   0.518,   1.600,9999.000,9999.000,9999.000,9999.000,9999.000,9999.000,9999.000
202607261636,   0.517,   1.571,9999.000,9999.000,9999.000,9999.000,9999.000,9999.000,9999.000
202607261642,   0.518,   1.557,9999.000,9999.000,9999.000,9999.000,9999.000,9999.000,9999.000
202607261648,   0.521,   1.557,9999.000,9999.000,9999.000,9999.000,9999.000,9999.000,9999.000
202607261654,   0.527,   1.518,9999.000,9999.000,9999.000,9999.000,9999.000,9999.000,9999.000
202607261700,   0.535,   1.498,   0.800,   0.163,   1.498,   0.800,   1.498,   0.900,   1.598
202607261706,   0.545,   1.498,9999.000,9999.000,9999.000,9999.000,9999.000,9999.000,9999.000
202607261712,   0.557,   1.489,9999.000,9999.000,9999.000,9999.000,9999.000,9999.000,9999.000
202607261718,   0.570,   1.489,9999.000,9999.000,9999.000,9999.000,9999.000,9999.000,9999.000
202607261724,   0.586,   1.489,9999.000,9999.000,9999.000,9999.000,9999.000,9999.000,9999.000
202607261730,   0.603,   1.469,9999.000,9999.000,9999.000,9999.000,9999.000,9999.000,9999.000
202607261736,   0.622,   1.469,9999.000,9999.000,9999.000,9999.000,9999.000,9999.000,9999.000
202607261742,   0.642,   1.469,9999.000,9999.000,9999.000,9999.000,9999.000,9999.000,9999.000
202607261748,   0.663,   1.489,9999.000,9999.000,9999.000,9999.000,9999.000,9999.000,9999.000
202607261754,   0.686,   1.489,9999.000,9999.000,9999.000,9999.000,9999.000,9999.000,9999.000
202607261800,   0.710,   1.528,   0.900,  -0.082,   1.528,   0.800,   1.428,   0.900,   1.528
202607261806,   0.735,   1.538,9999.000,9999.000,9999.000,9999.000,9999.000,9999.000,9999.000
202607261812,   0.761,   1.548,9999.000,9999.000,9999.000,9999.000,9999.000,9999.000,9999.000
202607261818,   0.789,   1.580,9999.000,9999.000,9999.000,9999.000,9999.000,9999.000,9999.000
202607261824,   0.817,   1.600,9999.000,9999.000,9999.000,9999.000,9999.000,9999.000,9999.000
202607261830,   0.847,   1.630,9999.000,9999.000,9999.000,9999.000,9999.000,9999.000,9999.000
202607261836,   0.877,   1.659,9999.000,9999.000,9999.000,9999.000,9999.000,9999.000,9999.000
202607261842,   0.909,   1.708,9999.000,9999.000,9999.000,9999.000,9999.000,9999.000,9999.000
202607261848,   0.942,   1.748,9999.000,9999.000,9999.000,9999.000,9999.000,9999.000,9999.000
202607261854,   0.976,   1.800,9999.000,9999.000,9999.000,9999.000,9999.000,9999.000,9999.000
202607261900,   1.012,   1.840,   0.900,  -0.072,   1.840,   0.800,   1.740,   0.900,   1.840
202607261906,   1.048,   1.869,9999.000,9999.000,9999.000,9999.000,9999.000,9999.000,9999.000
202607261912,   1.086,   1.899,9999.000,9999.000,9999.000,9999.000,9999.000,9999.000,9999.000
202607261918,   1.126,   1.928,9999.000,9999.000,9999.000,9999.000,9999.000,9999.000,9999.000
202607261924,   1.167,   1.981,9999.000,9999.000,9999.000,9999.000,9999.000,9999.000,9999.000
202607261930,   1.209,   2.020,9999.000,9999.000,9999.000,9999.000,9999.000,9999.000,9999.000
202607261936,   1.252,   2.069,9999.000,9999.000,9999.000,9999.000,9999.000,9999.000,9999.000
202607261942,   1.296,   2.109,9999.000,9999.000,9999.000,9999.000,9999.000,9999.000,9999.000
202607261948,   1.342,   2.138,9999.000,9999.000,9999.000,9999.000,9999.000,9999.000,9999.000
202607261954,   1.388,   2.168,9999.000,9999.000,9999.000,9999.000,9999.000,9999.000,9999.000
202607262000,   1.436,   2.220,   0.900,  -0.116,   2.220,   0.800,   2.120,   0.900,   2.220
202607262006,   1.484,   2.259,9999.000,9999.000,9999.000,9999.000,9999.000,9999.000,9999.000
202607262012,   1.532,   2.299,9999.000,9999.000,9999.000,9999.000,9999.000,9999.000,9999.000
202607262018,   1.580,   2.328,9999.000,9999.000,9999.000,9999.000,9999.000,9999.000,9999.000
202607262024,   1.629,   2.368,9999.000,9999.000,9999.000,9999.000,9999.000,9999.000,9999.000
202607262030,   1.677,   2.430,9999.000,9999.000,9999.000,9999.000,9999.000,9999.000,9999.000
202607262036,   1.725,   2.489,9999.000,9999.000,9999.000,9999.000,9999.000,9999.000,9999.000
202607262042,   1.771,   2.538,9999.000,9999.000,9999.000,9999.000,9999.000,9999.000,9999.000
202607262048,   1.817,   2.578,9999.000,9999.000,9999.000,9999.000,9999.000,9999.000,9999.000
202607262054,   1.861,   2.640,9999.000,9999.000,9999.000,9999.000,9999.000,9999.000,9999.000
202607262100,   1.904,   2.689,   0.900,  -0.115,   2.689,   0.900,   2.689,   0.900,   2.689
202607262106,   1.945,   2.748,9999.000,9999.000,9999.000,9999.000,9999.000,9999.000,9999.000
202607262112,   1.984,   2.787,9999.000,9999.000,9999.000,9999.000,9999.000,9999.000,9999.000
202607262118,   2.020,   2.830,9999.000,9999.000,9999.000,9999.000,9999.000,9999.000,9999.000
202607262124,   2.054,   2.869,9999.000,9999.000,9999.000,9999.000,9999.000,9999.000,9999.000
202607262130,   2.086,   2.919,9999.000,9999.000,9999.000,9999.000,9999.000,9999.000,9999.000
202607262136,   2.115,   2.958,9999.000,9999.000,9999.000,9999.000,9999.000,9999.000,9999.000
202607262142,   2.141,   3.007,9999.000,9999.000,9999.000,9999.000,9999.000,9999.000,9999.000
202607262148,   2.165,   3.050,9999.000,9999.000,9999.000,9999.000,9999.000,9999.000,9999.000
202607262154,   2.186,   3.089,9999.000,9999.000,9999.000,9999.000,9999.000,9999.000,9999.000
202607262200,   2.204,   3.129,   0.900,   0.025,   3.129,   0.900,   3.129,   0.900,   3.129
202607262206,   2.220,   3.168,9999.000,9999.000,9999.000,9999.000,9999.000,9999.000,9999.000
202607262212,   2.233,   3.197,9999.000,9999.000,9999.000,9999.000,9999.000,9999.000,9999.000
202607262218,   2.245,   3.230,9999.000,9999.000,9999.000,9999.000,9999.000,9999.000,9999.000
202607262224,   2.254,   3.260,9999.000,9999.000,9999.000,9999.000,9999.000,9999.000,9999.000
202607262230,   2.261,   3.279,9999.000,9999.000,9999.000,9999.000,9999.000,9999.000,9999.000
202607262236,   2.266,   3.309,9999.000,9999.000,9999.000,9999.000,9999.000,9999.000,9999.000
202607262242,   2.269,   3.329,9999.000,9999.000,9999.000,9999.000,9999.000,9999.000,9999.000
202607262248,   2.271,   3.348,9999.000,9999.000,9999.000,9999.000,9999.000,9999.000,9999.000
202607262254,   2.271,   3.368,9999.000,9999.000,9999.000,9999.000,9999.000,9999.000,9999.000
202607262300,   2.271,   3.388,   0.900,   0.217,   3.388,   0.900,   3.388,   0.900,   3.388
202607262306,   2.269,   3.407,9999.000,9999.000,9999.000,9999.000,9999.000,9999.000,9999.000
202607262312,   2.266,   3.427,9999.000,9999.000,9999.000,9999.000,9999.000,9999.000,9999.000
202607262318,   2.262,   3.450,9999.000,9999.000,9999.000,9999.000,9999.000,9999.000,9999.000
202607262324,   2.257,   3.470,9999.000,9999.000,9999.000,9999.000,9999.000,9999.000,9999.000
202607262330,   2.251,   3.480,9999.000,9999.000,9999.000,9999.000,9999.000,9999.000,9999.000
202607262336,   2.244,   3.489,9999.000,9999.000,9999.000,9999.000,9999.000,9999.000,9999.000
202607262342,   2.237,   3.499,9999.000,9999.000,9999.000,9999.000,9999.000,9999.000,9999.000
202607262348,   2.229,   3.509,9999.000,9999.000,9999.000,9999.000,9999.000,9999.000,9999.000
202607262354,   2.219,   3.509,9999.000,9999.000,9999.000,9999.000,9999.000,9999.000,9999.000
202607270000,   2.209,   3.509,   0.900,   0.400,   3.509,   0.800,   3.409,   0.900,   3.509
202607270006,   2.198,   3.509,9999.000,9999.000,9999.000,9999.000,9999.000,9999.000,9999.000
202607270012,   2.186,   3.509,9999.000,9999.000,9999.000,9999.000,9999.000,9999.000,9999.000
202607270018,   2.173,   3.519,9999.000,9999.000,9999.000,9999.000,9999.000,9999.000,9999.000
202607270024,   2.159,   3.529,9999.000,9999.000,9999.000,9999.000,9999.000,9999.000,9999.000
202607270030,   2.143,   3.529,9999.000,9999.000,9999.000,9999.000,9999.000,9999.000,9999.000
202607270036,   2.127,   3.529,9999.000,9999.000,9999.000,9999.000,9999.000,9999.000,9999.000
202607270042,   2.109,   3.529,9999.000,9999.000,9999.000,9999.000,9999.000,9999.000,9999.000
202607270048,   2.089,   3.519,9999.000,9999.000,9999.000,9999.000,9999.000,9999.000,9999.000
202607270054,   2.069,   3.509,9999.000,9999.000,9999.000,9999.000,9999.000,9999.000,9999.000
202607270100,   2.047,   3.489,   0.900,   0.542,   3.489,   0.900,   3.489,   0.900,   3.489
202607270106,   2.023,   3.460,9999.000,9999.000,9999.000,9999.000,9999.000,9999.000,9999.000
202607270112,   1.998,   3.440,9999.000,9999.000,9999.000,9999.000,9999.000,9999.000,9999.000
202607270118,   1.972,   3.407,9999.000,9999.000,9999.000,9999.000,9999.000,9999.000,9999.000
202607270124,   1.945,   3.378,9999.000,9999.000,9999.000,9999.000,9999.000,9999.000,9999.000
202607270130,   1.916,   3.339,9999.000,9999.000,9999.000,9999.000,9999.000,9999.000,9999.000
202607270136,   1.886,   3.299,9999.000,9999.000,9999.000,9999.000,9999.000,9999.000,9999.000
202607270142,   1.855,   3.250,9999.000,9999.000,9999.000,9999.000,9999.000,9999.000,9999.000
202607270148,   1.823,   3.207,9999.000,9999.000,9999.000,9999.000,9999.000,9999.000,9999.000
202607270154,   1.790,   3.168,9999.000,9999.000,9999.000,9999.000,9999.000,9999.000,9999.000
202607270200,   1.756,   3.119,   0.900,   0.463,   3.119,   0.900,   3.119,   0.900,   3.119
202607270206,   1.721,   3.079,9999.000,9999.000,9999.000,9999.000,9999.000,9999.000,9999.000
202607270212,   1.685,   3.040,9999.000,9999.000,9999.000,9999.000,9999.000,9999.000,9999.000
202607270218,   1.649,   2.997,9999.000,9999.000,9999.000,9999.000,9999.000,9999.000,9999.000
202607270224,   1.612,   2.958,9999.000,9999.000,9999.000,9999.000,9999.000,9999.000,9999.000
202607270230,   1.574,   2.919,9999.000,9999.000,9999.000,9999.000,9999.000,9999.000,9999.000
202607270236,   1.536,   2.879,9999.000,9999.000,9999.000,9999.000,9999.000,9999.000,9999.000
202607270242,   1.498,   2.850,9999.000,9999.000,9999.000,9999.000,9999.000,9999.000,9999.000
202607270248,   1.459,   2.797,9999.000,9999.000,9999.000,9999.000,9999.000,9999.000,9999.000
202607270254,   1.420,   2.748,9999.000,9999.000,9999.000,9999.000,9999.000,9999.000,9999.000
202607270300,   1.381,   2.689,   0.900,   0.408,   2.689,   0.900,   2.689,   0.900,   2.689
202607270306,   1.342,   2.630,9999.000,9999.000,9999.000,9999.000,9999.000,9999.000,9999.000
202607270312,   1.303,   2.578,9999.000,9999.000,9999.000,9999.000,9999.000,9999.000,9999.000
202607270318,   1.264,   2.528,9999.000,9999.000,9999.000,9999.000,9999.000,9999.000,9999.000
202607270324,   1.226,   2.479,9999.000,9999.000,9999.000,9999.000,9999.000,9999.000,9999.000
202607270330,   1.188,   2.440,9999.000,9999.000,9999.000,9999.000,9999.000,9999.000,9999.000
202607270336,   1.151,   2.387,9999.000,9999.000,9999.000,9999.000,9999.000,9999.000,9999.000
202607270342,   1.114,   2.338,9999.000,9999.000,9999.000,9999.000,9999.000,9999.000,9999.000
202607270348,   1.078,   2.289,9999.000,9999.000,9999.000,9999.000,9999.000,9999.000,9999.000
202607270354,   1.043,   2.259,9999.000,9999.000,9999.000,9999.000,9999.000,9999.000,9999.000
202607270400,   1.009,   2.210,   0.900,   0.301,   2.210,   0.900,   2.210,   0.900,   2.210
202607270406,   0.977,   2.177,9999.000,9999.000,9999.000,9999.000,9999.000,9999.000,9999.000
202607270412,   0.945,   2.138,9999.000,9999.000,9999.000,9999.000,9999.000,9999.000,9999.000
202607270418,   0.915,   2.099,9999.000,9999.000,9999.000,9999.000,9999.000,9999.000,9999.000
202607270424,   0.887,   2.049,9999.000,9999.000,9999.000,9999.000,9999.000,9999.000,9999.000
202607270430,   0.861,   2.000,9999.000,9999.000,9999.000,9999.000,9999.000,9999.000,9999.000
202607270436,   0.836,   1.938,9999.000,9999.000,9999.000,9999.000,9999.000,9999.000,9999.000
202607270442,   0.813,   1.879,9999.000,9999.000,9999.000,9999.000,9999.000,9999.000,9999.000
202607270448,   0.792,   1.830,9999.000,9999.000,9999.000,9999.000,9999.000,9999.000,9999.000
202607270454,   0.773,   1.781,9999.000,9999.000,9999.000,9999.000,9999.000,9999.000,9999.000
202607270500,   0.756,   1.738,   0.900,   0.082,   1.738,   0.900,   1.738,   0.900,   1.738
202607270506,   0.741,   1.699,9999.000,9999.000,9999.000,9999.000,9999.000,9999.000,9999.000
202607270512,   0.728,   1.669,9999.000,9999.000,9999.000,9999.000,9999.000,9999.000,9999.000
202607270518,   0.717,   1.649,9999.000,9999.000,9999.000,9999.000,9999.000,9999.000,9999.000
202607270524,   0.708,   1.620,9999.000,9999.000,9999.000,9999.000,9999.000,9999.000,9999.000
202607270530,   0.701,   1.600,9999.000,9999.000,9999.000,9999.000,9999.000,9999.000,9999.000
202607270536,   0.696,   1.580,9999.000,9999.000,9999.000,9999.000,9999.000,9999.000,9999.000
202607270542,   0.692,   1.557,9999.000,9999.000,9999.000,9999.000,9999.000,9999.000,9999.000
202607270548,   0.690,   1.538,9999.000,9999.000,9999.000,9999.000,9999.000,9999.000,9999.000
202607270554,   0.690,   1.508,9999.000,9999.000,9999.000,9999.000,9999.000,9999.000,9999.000
202607270600,   0.691,   1.479,   0.900,  -0.112,   1.479,   0.900,   1.479,   0.900,   1.479
202607270606,   0.694,   1.449,9999.000,9999.000,9999.000,9999.000,9999.000,9999.000,9999.000
202607270612,   0.698,   1.410,9999.000,9999.000,9999.000,9999.000,9999.000,9999.000,9999.000
202607270618,   0.703,   1.390,9999.000,9999.000,9999.000,9999.000,9999.000,9999.000,9999.000
202607270624,   0.710,   1.371,9999.000,9999.000,9999.000,9999.000,9999.000,9999.000,9999.000
202607270630,   0.718,   1.361,9999.000,9999.000,9999.000,9999.000,9999.000,9999.000,9999.000
202607270636,   0.727,   1.348,9999.000,9999.000,9999.000,9999.000,9999.000,9999.000,9999.000
202607270642,   0.737,   1.338,9999.000,9999.000,9999.000,9999.000,9999.000,9999.000,9999.000
202607270648,   0.749,   1.348,9999.000,9999.000,9999.000,9999.000,9999.000,9999.000,9999.000
202607270654,   0.762,   1.361,9999.000,9999.000,9999.000,9999.000,9999.000,9999.000,9999.000
202607270700,   0.776,   1.371,   0.900,  -0.305,   1.371,   0.900,   1.371,   0.900,   1.371
202607270706,   0.792,   1.390,9999.000,9999.000,9999.000,9999.000,9999.000,9999.000,9999.000
202607270712,   0.809,   1.430,9999.000,9999.000,9999.000,9999.000,9999.000,9999.000,9999.000
202607270718,   0.827,   1.479,9999.000,9999.000,9999.000,9999.000,9999.000,9999.000,9999.000
202607270724,   0.847,   1.528,9999.000,9999.000,9999.000,9999.000,9999.000,9999.000,9999.000
202607270730,   0.869,   1.580,9999.000,9999.000,9999.000,9999.000,9999.000,9999.000,9999.000
202607270736,   0.892,   1.610,9999.000,9999.000,9999.000,9999.000,9999.000,9999.000,9999.000
202607270742,   0.917,   1.630,9999.000,9999.000,9999.000,9999.000,9999.000,9999.000,9999.000
202607270748,   0.944,   1.649,9999.000,9999.000,9999.000,9999.000,9999.000,9999.000,9999.000
202607270754,   0.972,   1.669,9999.000,9999.000,9999.000,9999.000,9999.000,9999.000,9999.000
202607270800,   1.002,   1.699,   0.900,  -0.203,   1.699,   0.900,   1.699,   0.900,   1.699
202607270806,   1.034,   1.718,9999.000,9999.000,9999.000,9999.000,9999.000,9999.000,9999.000
202607270812,   1.067,   1.728,9999.000,9999.000,9999.000,9999.000,9999.000,9999.000,9999.000
202607270818,   1.102,   1.728,9999.000,9999.000,9999.000,9999.000,9999.000,9999.000,9999.000
202607270824,   1.138,   1.728,9999.000,9999.000,9999.000,9999.000,9999.000,9999.000,9999.000
202607270830,   1.174,   1.738,9999.000,9999.000,9999.000,9999.000,9999.000,9999.000,9999.000
202607270836,   1.212,   1.781,9999.000,9999.000,9999.000,9999.000,9999.000,9999.000,9999.000
202607270842,   1.251,   1.830,9999.000,9999.000,9999.000,9999.000,9999.000,9999.000,9999.000
202607270848,   1.290,   1.879,9999.000,9999.000,9999.000,9999.000,9999.000,9999.000,9999.000
202607270854,   1.329,   1.928,9999.000,9999.000,9999.000,9999.000,9999.000,9999.000,9999.000
202607270900,   1.368,   1.967,   0.900,  -0.301,   1.967,   0.900,   1.967,   0.900,   1.967
202607270906,   1.406,   2.020,9999.000,9999.000,9999.000,9999.000,9999.000,9999.000,9999.000
202607270912,   1.444,   2.069,9999.000,9999.000,9999.000,9999.000,9999.000,9999.000,9999.000
202607270918,   1.481,   2.118,9999.000,9999.000,9999.000,9999.000,9999.000,9999.000,9999.000
202607270924,   1.517,   2.168,9999.000,9999.000,9999.000,9999.000,9999.000,9999.000,9999.000
202607270930,   1.551,   2.220,9999.000,9999.000,9999.000,9999.000,9999.000,9999.000,9999.000
202607270936,   1.584,   2.269,9999.000,9999.000,9999.000,9999.000,9999.000,9999.000,9999.000
202607270942,   1.615,   2.318,9999.000,9999.000,9999.000,9999.000,9999.000,9999.000,9999.000
202607270948,   1.644,   2.358,9999.000,9999.000,9999.000,9999.000,9999.000,9999.000,9999.000
202607270954,   1.670,   2.387,9999.000,9999.000,9999.000,9999.000,9999.000,9999.000,9999.000
202607271000,   1.695,   2.430,   0.900,  -0.165,   2.430,   0.900,   2.430,   0.900,   2.430
202607271006,   1.717,   2.479,9999.000,9999.000,9999.000,9999.000,9999.000,9999.000,9999.000
202607271012,   1.736,   2.519,9999.000,9999.000,9999.000,9999.000,9999.000,9999.000,9999.000
202607271018,   1.754,   2.568,9999.000,9999.000,9999.000,9999.000,9999.000,9999.000,9999.000
202607271024,   1.768,   2.597,9999.000,9999.000,9999.000,9999.000,9999.000,9999.000,9999.000
202607271030,   1.781,   2.630,9999.000,9999.000,9999.000,9999.000,9999.000,9999.000,9999.000
202607271036,   1.791,   2.640,9999.000,9999.000,9999.000,9999.000,9999.000,9999.000,9999.000
202607271042,   1.799,   2.669,9999.000,9999.000,9999.000,9999.000,9999.000,9999.000,9999.000
202607271048,   1.806,   2.709,9999.000,9999.000,9999.000,9999.000,9999.000,9999.000,9999.000
202607271054,   1.810,   2.738,9999.000,9999.000,9999.000,9999.000,9999.000,9999.000,9999.000
202607271100,   1.812,   2.768,   0.900,   0.056,   2.768,   0.900,   2.768,   0.900,   2.768
202607271106,   1.813,   2.787,9999.000,9999.000,9999.000,9999.000,9999.000,9999.000,9999.000
202607271112,   1.813,   2.797,9999.000,9999.000,9999.000,9999.000,9999.000,9999.000,9999.000
202607271118,   1.811,   2.820,9999.000,9999.000,9999.000,9999.000,9999.000,9999.000,9999.000
202607271124,   1.808,   2.840,9999.000,9999.000,9999.000,9999.000,9999.000,9999.000,9999.000
202607271130,   1.804,   2.860,9999.000,9999.000,9999.000,9999.000,9999.000,9999.000,9999.000
202607271136,   1.798,   2.899,9999.000,9999.000,9999.000,9999.000,9999.000,9999.000,9999.000
202607271142,   1.792,   2.938,9999.000,9999.000,9999.000,9999.000,9999.000,9999.000,9999.000
202607271148,   1.785,   2.968,9999.000,9999.000,9999.000,9999.000,9999.000,9999.000,9999.000
202607271154,   1.778,   2.988,9999.000,9999.000,9999.000,9999.000,9999.000,9999.000,9999.000
202607271200,   1.769,   3.007,   0.900,   0.338,   3.007,   0.800,   2.907,   0.900,   3.007
202607271206,   1.760,   3.030,9999.000,9999.000,9999.000,9999.000,9999.000,9999.000,9999.000
202607271212,   1.750,   3.040,9999.000,9999.000,9999.000,9999.000,9999.000,9999.000,9999.000
202607271218,   1.739,   3.070,9999.000,9999.000,9999.000,9999.000,9999.000,9999.000,9999.000
202607271224,   1.727,   3.070,9999.000,9999.000,9999.000,9999.000,9999.000,9999.000,9999.000
202607271230,   1.714,   3.060,9999.000,9999.000,9999.000,9999.000,9999.000,9999.000,9999.000
202607271236,   1.701,   3.030,9999.000,9999.000,9999.000,9999.000,9999.000,9999.000,9999.000
202607271242,   1.686,   3.007,9999.000,9999.000,9999.000,9999.000,9999.000,9999.000,9999.000
202607271248,   1.670,   2.988,9999.000,9999.000,9999.000,9999.000,9999.000,9999.000,9999.000
202607271254,   1.653,   2.968,9999.000,9999.000,9999.000,9999.000,9999.000,9999.000,9999.000
202607271300,   1.635,   2.948,   0.900,   0.413,   2.948,   0.800,   2.848,   0.900,   2.948
202607271306,   1.616,   2.938,9999.000,9999.000,9999.000,9999.000,9999.000,9999.000,9999.000
202607271312,   1.596,   2.919,9999.000,9999.000,9999.000,9999.000,9999.000,9999.000,9999.000
202607271318,   1.574,   2.899,9999.000,9999.000,9999.000,9999.000,9999.000,9999.000,9999.000
202607271324,   1.551,   2.879,9999.000,9999.000,9999.000,9999.000,9999.000,9999.000,9999.000
202607271330,   1.527,   2.850,9999.000,9999.000,9999.000,9999.000,9999.000,9999.000,9999.000
202607271336,   1.502,   2.840,9999.000,9999.000,9999.000,9999.000,9999.000,9999.000,9999.000
202607271342,   1.475,   2.820,9999.000,9999.000,9999.000,9999.000,9999.000,9999.000,9999.000
202607271348,   1.448,   2.787,9999.000,9999.000,9999.000,9999.000,9999.000,9999.000,9999.000
202607271354,   1.419,   2.748,9999.000,9999.000,9999.000,9999.000,9999.000,9999.000,9999.000
202607271400,   1.389,   2.709,   0.900,   0.420,   2.709,   0.800,   2.609,   0.900,   2.709
202607271406,   1.359,   2.679,9999.000,9999.000,9999.000,9999.000,9999.000,9999.000,9999.000
202607271412,   1.328,   2.650,9999.000,9999.000,9999.000,9999.000,9999.000,9999.000,9999.000
202607271418,   1.295,   2.610,9999.000,9999.000,9999.000,9999.000,9999.000,9999.000,9999.000
202607271424,   1.263,   2.568,9999.000,9999.000,9999.000,9999.000,9999.000,9999.000,9999.000
202607271430,   1.229,   2.538,9999.000,9999.000,9999.000,9999.000,9999.000,9999.000,9999.000
202607271436,   1.195,   2.519,9999.000,9999.000,9999.000,9999.000,9999.000,9999.000,9999.000
202607271442,   1.161,   2.499,9999.000,9999.000,9999.000,9999.000,9999.000,9999.000,9999.000
202607271448,   1.127,   2.469,9999.000,9999.000,9999.000,9999.000,9999.000,9999.000,9999.000
202607271454,   1.092,   2.450,9999.000,9999.000,9999.000,9999.000,9999.000,9999.000,9999.000
202607271500,   1.058,   2.420,   0.900,   0.462,   2.420,   0.900,   2.420,   0.900,   2.420
202607271506,   1.023,   2.400,9999.000,9999.000,9999.000,9999.000,9999.000,9999.000,9999.000
202607271512,   0.988,   2.387,9999.000,9999.000,9999.000,9999.000,9999.000,9999.000,9999.000
202607271518,   0.954,   2.368,9999.000,9999.000,9999.000,9999.000,9999.000,9999.000,9999.000
202607271524,   0.920,   2.338,9999.000,9999.000,9999.000,9999.000,9999.000,9999.000,9999.000
202607271530,   0.887,   2.299,9999.000,9999.000,9999.000,9999.000,9999.000,9999.000,9999.000
202607271536,   0.854,   2.240,9999.000,9999.000,9999.000,9999.000,9999.000,9999.000,9999.000
202607271542,   0.822,   2.200,9999.000,9999.000,9999.000,9999.000,9999.000,9999.000,9999.000
202607271548,   0.791,   2.158,9999.000,9999.000,9999.000,9999.000,9999.000,9999.000,9999.000
202607271554,   0.760,   2.128,9999.000,9999.000,9999.000,9999.000,9999.000,9999.000,9999.000
202607271600,   0.731,   2.118,   0.900,   0.487,   2.118,   0.900,   2.118,   0.900,   2.118
202607271606,   0.703,   2.079,9999.000,9999.000,9999.000,9999.000,9999.000,9999.000,9999.000
202607271612,   0.676,   2.049,9999.000,9999.000,9999.000,9999.000,9999.000,9999.000,9999.000
202607271618,   0.650,   2.000,9999.000,9999.000,9999.000,9999.000,9999.000,9999.000,9999.000
202607271624,   0.626,   1.948,9999.000,9999.000,9999.000,9999.000,9999.000,9999.000,9999.000
202607271630,   0.604,   1.889,9999.000,9999.000,9999.000,9999.000,9999.000,9999.000,9999.000
202607271636,   0.584,   1.849,9999.000,9999.000,9999.000,9999.000,9999.000,9999.000,9999.000
202607271642,   0.566,   1.820,9999.000,9999.000,9999.000,9999.000,9999.000,9999.000,9999.000
202607271648,   0.550,   1.767,9999.000,9999.000,9999.000,9999.000,9999.000,9999.000,9999.000
202607271654,   0.536,   1.728,9999.000,9999.000,9999.000,9999.000,9999.000,9999.000,9999.000
202607271700,   0.524,   1.679,   0.900,   0.255,   1.679,   0.900,   1.679,   0.900,   1.679
202607271706,   0.514,   1.630,9999.000,9999.000,9999.000,9999.000,9999.000,9999.000,9999.000
202607271712,   0.507,   1.590,9999.000,9999.000,9999.000,9999.000,9999.000,9999.000,9999.000
202607271718,   0.503,   1.548,9999.000,9999.000,9999.000,9999.000,9999.000,9999.000,9999.000
202607271724,   0.501,   1.518,9999.000,9999.000,9999.000,9999.000,9999.000,9999.000,9999.000
202607271730,   0.501,   1.479,9999.000,9999.000,9999.000,9999.000,9999.000,9999.000,9999.000
202607271736,   0.504,   1.459,9999.000,9999.000,9999.000,9999.000,9999.000,9999.000,9999.000
202607271742,   0.509,   1.449,9999.000,9999.000,9999.000,9999.000,9999.000,9999.000,9999.000
202607271748,   0.516,   1.430,9999.000,9999.000,9999.000,9999.000,9999.000,9999.000,9999.000
202607271754,   0.525,   1.439,9999.000,9999.000,9999.000,9999.000,9999.000,9999.000,9999.000
202607271800,   0.537,   1.449,   0.900,   0.012,   1.449,   0.900,   1.449,   0.900,   1.449
202607271806,   0.551,   1.459,9999.000,9999.000,9999.000,9999.000,9999.000,9999.000,9999.000
202607271812,   0.567,   1.479,9999.000,9999.000,9999.000,9999.000,9999.000,9999.000,9999.000
202607271818,   0.584,   1.508,9999.000,9999.000,9999.000,9999.000,9999.000,9999.000,9999.000
202607271824,   0.603,   1.528,9999.000,9999.000,9999.000,9999.000,9999.000,9999.000,9999.000
202607271830,   0.624,   1.557,9999.000,9999.000,9999.000,9999.000,9999.000,9999.000,9999.000
202607271836,   0.646,   1.590,9999.000,9999.000,9999.000,9999.000,9999.000,9999.000,9999.000
202607271842,   0.670,   1.590,9999.000,9999.000,9999.000,9999.000,9999.000,9999.000,9999.000
202607271848,   0.695,   1.590,9999.000,9999.000,9999.000,9999.000,9999.000,9999.000,9999.000
202607271854,   0.722,   1.571,9999.000,9999.000,9999.000,9999.000,9999.000,9999.000,9999.000
202607271900,   0.749,   1.557,   0.900,  -0.092,   1.557,   0.900,   1.557,   0.900,   1.557
202607271906,   0.778,   1.557,9999.000,9999.000,9999.000,9999.000,9999.000,9999.000,9999.000
202607271912,   0.808,   1.571,9999.000,9999.000,9999.000,9999.000,9999.000,9999.000,9999.000
202607271918,   0.839,   1.580,9999.000,9999.000,9999.000,9999.000,9999.000,9999.000,9999.000
202607271924,   0.872,   1.580,9999.000,9999.000,9999.000,9999.000,9999.000,9999.000,9999.000
202607271930,   0.905,   1.580,9999.000,9999.000,9999.000,9999.000,9999.000,9999.000,9999.000
202607271936,   0.940,   1.600,9999.000,9999.000,9999.000,9999.000,9999.000,9999.000,9999.000
202607271942,   0.976,   1.639,9999.000,9999.000,9999.000,9999.000,9999.000,9999.000,9999.000
202607271948,   1.014,   1.679,9999.000,9999.000,9999.000,9999.000,9999.000,9999.000,9999.000
202607271954,   1.053,   1.728,9999.000,9999.000,9999.000,9999.000,9999.000,9999.000,9999.000
202607272000,   1.093,   1.781,   0.900,  -0.212,   1.781,   0.900,   1.781,   0.900,   1.781
202607272006,   1.134,   1.820,9999.000,9999.000,9999.000,9999.000,9999.000,9999.000,9999.000
202607272012,   1.177,   1.849,9999.000,9999.000,9999.000,9999.000,9999.000,9999.000,9999.000
202607272018,   1.221,   1.869,9999.000,9999.000,9999.000,9999.000,9999.000,9999.000,9999.000
202607272024,   1.267,   1.879,9999.000,9999.000,9999.000,9999.000,9999.000,9999.000,9999.000
202607272030,   1.313,   1.879,9999.000,9999.000,9999.000,9999.000,9999.000,9999.000,9999.000
202607272036,   1.361,   1.908,9999.000,9999.000,9999.000,9999.000,9999.000,9999.000,9999.000
202607272042,   1.410,   1.948,9999.000,9999.000,9999.000,9999.000,9999.000,9999.000,9999.000
202607272048,   1.459,   2.000,9999.000,9999.000,9999.000,9999.000,9999.000,9999.000,9999.000
202607272054,   1.510,   2.049,9999.000,9999.000,9999.000,9999.000,9999.000,9999.000,9999.000
202607272100,   1.560,   2.079,   0.900,  -0.381,   2.079,   0.900,   2.079,   0.900,   2.079
202607272106,   1.611,   2.138,9999.000,9999.000,9999.000,9999.000,9999.000,9999.000,9999.000
202607272112,   1.662,   2.177,9999.000,9999.000,9999.000,9999.000,9999.000,9999.000,9999.000
202607272118,   1.713,   2.230,9999.000,9999.000,9999.000,9999.000,9999.000,9999.000,9999.000
202607272124,   1.763,   2.279,9999.000,9999.000,9999.000,9999.000,9999.000,9999.000,9999.000
202607272130,   1.812,   2.338,9999.000,9999.000,9999.000,9999.000,9999.000,9999.000,9999.000
202607272136,   1.860,   2.400,9999.000,9999.000,9999.000,9999.000,9999.000,9999.000,9999.000
202607272142,   1.907,   2.459,9999.000,9999.000,9999.000,9999.000,9999.000,9999.000,9999.000
202607272148,   1.952,   2.519,9999.000,9999.000,9999.000,9999.000,9999.000,9999.000,9999.000
202607272154,   1.995,   2.568,9999.000,9999.000,9999.000,9999.000,9999.000,9999.000,9999.000
202607272200,   2.036,   2.630,   0.900,  -0.306,   2.630,   0.900,   2.630,   0.900,   2.630
202607272206,   2.075,   2.689,9999.000,9999.000,9999.000,9999.000,9999.000,9999.000,9999.000
202607272212,   2.111,   2.738,9999.000,9999.000,9999.000,9999.000,9999.000,9999.000,9999.000
202607272218,   2.145,   2.768,9999.000,9999.000,9999.000,9999.000,9999.000,9999.000,9999.000
202607272224,   2.176,   2.807,9999.000,9999.000,9999.000,9999.000,9999.000,9999.000,9999.000
202607272230,   2.204,   2.869,9999.000,9999.000,9999.000,9999.000,9999.000,9999.000,9999.000
202607272236,   2.229,   2.929,9999.000,9999.000,9999.000,9999.000,9999.000,9999.000,9999.000
202607272242,   2.251,   2.968,9999.000,9999.000,9999.000,9999.000,9999.000,9999.000,9999.000
202607272248,   2.271,   3.017,9999.000,9999.000,9999.000,9999.000,9999.000,9999.000,9999.000
202607272254,   2.287,   3.050,9999.000,9999.000,9999.000,9999.000,9999.000,9999.000,9999.000
202607272300,   2.302,   3.079,   0.900,  -0.123,   3.079,   0.900,   3.079,   0.900,   3.079
202607272306,   2.313,   3.109,9999.000,9999.000,9999.000,9999.000,9999.000,9999.000,9999.000
202607272312,   2.322,   3.138,9999.000,9999.000,9999.000,9999.000,9999.000,9999.000,9999.000
202607272318,   2.329,   3.168,9999.000,9999.000,9999.000,9999.000,9999.000,9999.000,9999.000
202607272324,   2.334,   3.188,9999.000,9999.000,9999.000,9999.000,9999.000,9999.000,9999.000
202607272330,   2.337,   3.217,9999.000,9999.000,9999.000,9999.000,9999.000,9999.000,9999.000
202607272336,   2.338,   3.240,9999.000,9999.000,9999.000,9999.000,9999.000,9999.000,9999.000
202607272342,   2.337,   3.260,9999.000,9999.000,9999.000,9999.000,9999.000,9999.000,9999.000
202607272348,   2.335,   3.279,9999.000,9999.000,9999.000,9999.000,9999.000,9999.000,9999.000
202607272354,   2.331,   3.289,9999.000,9999.000,9999.000,9999.000,9999.000,9999.000,9999.000
202607280000,   2.326,   3.319,   0.900,   0.093,   3.319,   0.800,   3.219,   0.900,   3.319
202607280006,   2.320,   3.348,9999.000,9999.000,9999.000,9999.000,9999.000,9999.000,9999.000
202607280012,   2.313,   3.358,9999.000,9999.000,9999.000,9999.000,9999.000,9999.000,9999.000
202607280018,   2.305,   3.368,9999.000,9999.000,9999.000,9999.000,9999.000,9999.000,9999.000
202607280024,   2.296,   3.368,9999.000,9999.000,9999.000,9999.000,9999.000,9999.000,9999.000
202607280030,   2.286,   3.368,9999.000,9999.000,9999.000,9999.000,9999.000,9999.000,9999.000
202607280036,   2.275,   3.368,9999.000,9999.000,9999.000,9999.000,9999.000,9999.000,9999.000
202607280042,   2.263,   3.368,9999.000,9999.000,9999.000,9999.000,9999.000,9999.000,9999.000
202607280048,   2.250,   3.368,9999.000,9999.000,9999.000,9999.000,9999.000,9999.000,9999.000
202607280054,   2.236,   3.378,9999.000,9999.000,9999.000,9999.000,9999.000,9999.000,9999.000
202607280100,   2.220,   3.378,   0.900,   0.258,   3.378,   0.800,   3.278,   0.900,   3.378
202607280106,   2.204,   3.368,9999.000,9999.000,9999.000,9999.000,9999.000,9999.000,9999.000
202607280112,   2.186,   3.358,9999.000,9999.000,9999.000,9999.000,9999.000,9999.000,9999.000
202607280118,   2.168,   3.348,9999.000,9999.000,9999.000,9999.000,9999.000,9999.000,9999.000
202607280124,   2.148,   3.339,9999.000,9999.000,9999.000,9999.000,9999.000,9999.000,9999.000
202607280130,   2.126,   3.329,9999.000,9999.000,9999.000,9999.000,9999.000,9999.000,9999.000
202607280136,   2.103,   3.309,9999.000,9999.000,9999.000,9999.000,9999.000,9999.000,9999.000
202607280142,   2.079,   3.289,9999.000,9999.000,9999.000,9999.000,9999.000,9999.000,9999.000
202607280148,   2.054,   3.250,9999.000,9999.000,9999.000,9999.000,9999.000,9999.000,9999.000
202607280154,   2.027,   3.217,9999.000,9999.000,9999.000,9999.000,9999.000,9999.000,9999.000
202607280200,   1.999,   3.188,   0.900,   0.289,   3.188,   0.800,   3.088,   0.900,   3.188
202607280206,   1.969,   3.168,9999.000,9999.000,9999.000,9999.000,9999.000,9999.000,9999.000
202607280212,   1.938,   3.138,9999.000,9999.000,9999.000,9999.000,9999.000,9999.000,9999.000
202607280218,   1.906,   3.119,9999.000,9999.000,9999.000,9999.000,9999.000,9999.000,9999.000
202607280224,   1.873,   3.070,9999.000,9999.000,9999.000,9999.000,9999.000,9999.000,9999.000
202607280230,   1.838,   3.017,9999.000,9999.000,9999.000,9999.000,9999.000,9999.000,9999.000
202607280236,   1.803,   2.968,9999.000,9999.000,9999.000,9999.000,9999.000,9999.000,9999.000
202607280242,   1.767,   2.929,9999.000,9999.000,9999.000,9999.000,9999.000,9999.000,9999.000
202607280248,   1.729,   2.889,9999.000,9999.000,9999.000,9999.000,9999.000,9999.000,9999.000
202607280254,   1.691,   2.860,9999.000,9999.000,9999.000,9999.000,9999.000,9999.000,9999.000
202607280300,   1.652,   2.840,   0.900,   0.288,   2.840,   0.800,   2.740,   0.900,   2.840
202607280306,   1.613,   2.787,9999.000,9999.000,9999.000,9999.000,9999.000,9999.000,9999.000
202607280312,   1.573,   2.738,9999.000,9999.000,9999.000,9999.000,9999.000,9999.000,9999.000
202607280318,   1.532,   2.689,9999.000,9999.000,9999.000,9999.000,9999.000,9999.000,9999.000
202607280324,   1.491,   2.640,9999.000,9999.000,9999.000,9999.000,9999.000,9999.000,9999.000
202607280330,   1.450,   2.597,9999.000,9999.000,9999.000,9999.000,9999.000,9999.000,9999.000
202607280336,   1.409,   2.558,9999.000,9999.000,9999.000,9999.000,9999.000,9999.000,9999.000
202607280342,   1.367,   2.509,9999.000,9999.000,9999.000,9999.000,9999.000,9999.000,9999.000
202607280348,   1.326,   2.479,9999.000,9999.000,9999.000,9999.000,9999.000,9999.000,9999.000
202607280354,   1.285,   2.440,9999.000,9999.000,9999.000,9999.000,9999.000,9999.000,9999.000
202607280400,   1.244,   2.377,   0.900,   0.233,   2.377,   0.800,   2.277,   0.900,   2.377
202607280406,   1.203,   2.318,9999.000,9999.000,9999.000,9999.000,9999.000,9999.000,9999.000
202607280412,   1.162,   2.269,9999.000,9999.000,9999.000,9999.000,9999.000,9999.000,9999.000
202607280418,   1.122,   2.220,9999.000,9999.000,9999.000,9999.000,9999.000,9999.000,9999.000
202607280424,   1.083,   2.168,9999.000,9999.000,9999.000,9999.000,9999.000,9999.000,9999.000
202607280430,   1.045,   2.109,9999.000,9999.000,9999.000,9999.000,9999.000,9999.000,9999.000
202607280436,   1.008,   2.049,9999.000,9999.000,9999.000,9999.000,9999.000,9999.000,9999.000
202607280442,   0.971,   1.990,9999.000,9999.000,9999.000,9999.000,9999.000,9999.000,9999.000
202607280448,   0.936,   1.938,9999.000,9999.000,9999.000,9999.000,9999.000,9999.000,9999.000
202607280454,   0.902,   1.889,9999.000,9999.000,9999.000,9999.000,9999.000,9999.000,9999.000
202607280500,   0.870,   1.849,   0.900,   0.079,   1.849,   0.800,   1.749,   0.900,   1.849
202607280506,   0.839,   1.800,9999.000,9999.000,9999.000,9999.000,9999.000,9999.000,9999.000
202607280512,   0.810,   1.748,9999.000,9999.000,9999.000,9999.000,9999.000,9999.000,9999.000
202607280518,   0.783,   1.708,9999.000,9999.000,9999.000,9999.000,9999.000,9999.000,9999.000
202607280524,   0.758,   1.659,9999.000,9999.000,9999.000,9999.000,9999.000,9999.000,9999.000
202607280530,   0.735,   1.610,9999.000,9999.000,9999.000,9999.000,9999.000,9999.000,9999.000
202607280536,   0.714,   1.548,9999.000,9999.000,9999.000,9999.000,9999.000,9999.000,9999.000
202607280542,   0.695,   1.508,9999.000,9999.000,9999.000,9999.000,9999.000,9999.000,9999.000
202607280548,   0.678,   1.459,9999.000,9999.000,9999.000,9999.000,9999.000,9999.000,9999.000
202607280554,   0.664,   1.420,9999.000,9999.000,9999.000,9999.000,9999.000,9999.000,9999.000
202607280600,   0.651,   1.371,   0.800,  -0.080,   1.371,   0.800,   1.371,   0.800,   1.371
202607280606,   0.641,   1.338,9999.000,9999.000,9999.000,9999.000,9999.000,9999.000,9999.000
202607280612,   0.633,   1.308,9999.000,9999.000,9999.000,9999.000,9999.000,9999.000,9999.000
202607280618,   0.627,   1.289,9999.000,9999.000,9999.000,9999.000,9999.000,9999.000,9999.000
202607280624,   0.623,   1.269,9999.000,9999.000,9999.000,9999.000,9999.000,9999.000,9999.000
202607280630,   0.621,   1.239,9999.000,9999.000,9999.000,9999.000,9999.000,9999.000,9999.000
202607280636,   0.621,   1.229,9999.000,9999.000,9999.000,9999.000,9999.000,9999.000,9999.000
202607280642,   0.623,   1.220,9999.000,9999.000,9999.000,9999.000,9999.000,9999.000,9999.000
202607280648,   0.627,   1.210,9999.000,9999.000,9999.000,9999.000,9999.000,9999.000,9999.000
202607280654,   0.632,   1.210,9999.000,9999.000,9999.000,9999.000,9999.000,9999.000,9999.000
202607280700,   0.638,   1.200,   0.800,  -0.238,   1.200,   0.800,   1.200,   0.800,   1.200
202607280706,   0.647,   1.190,9999.000,9999.000,9999.000,9999.000,9999.000,9999.000,9999.000
202607280712,   0.656,   1.180,9999.000,9999.000,9999.000,9999.000,9999.000,9999.000,9999.000
202607280718,   0.667,   1.170,9999.000,9999.000,9999.000,9999.000,9999.000,9999.000,9999.000
202607280724,   0.680,   1.170,9999.000,9999.000,9999.000,9999.000,9999.000,9999.000,9999.000
202607280730,   0.694,   1.170,9999.000,9999.000,9999.000,9999.000,9999.000,9999.000,9999.000
202607280736,   0.709,   1.180,9999.000,9999.000,9999.000,9999.000,9999.000,9999.000,9999.000
202607280742,   0.726,   1.220,9999.000,9999.000,9999.000,9999.000,9999.000,9999.000,9999.000
202607280748,   0.744,   1.259,9999.000,9999.000,9999.000,9999.000,9999.000,9999.000,9999.000
202607280754,   0.763,   1.289,9999.000,9999.000,9999.000,9999.000,9999.000,9999.000,9999.000
202607280800,   0.784,   1.328,   0.800,  -0.256,   1.328,   0.800,   1.328,   0.800,   1.328
202607280806,   0.807,   1.361,9999.000,9999.000,9999.000,9999.000,9999.000,9999.000,9999.000
202607280812,   0.831,   1.400,9999.000,9999.000,9999.000,9999.000,9999.000,9999.000,9999.000
202607280818,   0.857,   1.430,9999.000,9999.000,9999.000,9999.000,9999.000,9999.000,9999.000
202607280824,   0.884,   1.469,9999.000,9999.000,9999.000,9999.000,9999.000,9999.000,9999.000
202607280830,   0.913,   1.498,9999.000,9999.000,9999.000,9999.000,9999.000,9999.000,9999.000
202607280836,   0.944,   1.518,9999.000,9999.000,9999.000,9999.000,9999.000,9999.000,9999.000
202607280842,   0.977,   1.528,9999.000,9999.000,9999.000,9999.000,9999.000,9999.000,9999.000
202607280848,   1.011,   1.548,9999.000,9999.000,9999.000,9999.000,9999.000,9999.000,9999.000
202607280854,   1.047,   1.571,9999.000,9999.000,9999.000,9999.000,9999.000,9999.000,9999.000
202607280900,   1.085,   1.610,   0.800,  -0.275,   1.610,   0.800,   1.610,   0.800,   1.610
202607280906,   1.124,   1.639,9999.000,9999.000,9999.000,9999.000,9999.000,9999.000,9999.000
202607280912,   1.164,   1.669,9999.000,9999.000,9999.000,9999.000,9999.000,9999.000,9999.000
202607280918,   1.206,   1.699,9999.000,9999.000,9999.000,9999.000,9999.000,9999.000,9999.000
202607280924,   1.248,   1.738,9999.000,9999.000,9999.000,9999.000,9999.000,9999.000,9999.000
202607280930,   1.291,   1.781,9999.000,9999.000,9999.000,9999.000,9999.000,9999.000,9999.000
202607280936,   1.334,   1.820,9999.000,9999.000,9999.000,9999.000,9999.000,9999.000,9999.000
202607280942,   1.378,   1.869,9999.000,9999.000,9999.000,9999.000,9999.000,9999.000,9999.000
202607280948,   1.421,   1.918,9999.000,9999.000,9999.000,9999.000,9999.000,9999.000,9999.000
202607280954,   1.464,   1.967,9999.000,9999.000,9999.000,9999.000,9999.000,9999.000,9999.000
202607281000,   1.507,   2.010,   0.800,  -0.297,   2.010,   0.800,   2.010,   0.800,   2.010
202607281006,   1.548,   2.040,9999.000,9999.000,9999.000,9999.000,9999.000,9999.000,9999.000
202607281012,   1.588,   2.069,9999.000,9999.000,9999.000,9999.000,9999.000,9999.000,9999.000
202607281018,   1.627,   2.109,9999.000,9999.000,9999.000,9999.000,9999.000,9999.000,9999.000
202607281024,   1.664,   2.158,9999.000,9999.000,9999.000,9999.000,9999.000,9999.000,9999.000
202607281030,   1.699,   2.230,9999.000,9999.000,9999.000,9999.000,9999.000,9999.000,9999.000
202607281036,   1.732,   2.289,9999.000,9999.000,9999.000,9999.000,9999.000,9999.000,9999.000
202607281042,   1.762,   2.348,9999.000,9999.000,9999.000,9999.000,9999.000,9999.000,9999.000
202607281048,   1.790,   2.400,9999.000,9999.000,9999.000,9999.000,9999.000,9999.000,9999.000
202607281054,   1.815,   2.440,9999.000,9999.000,9999.000,9999.000,9999.000,9999.000,9999.000
202607281100,   1.838,   2.489,   0.800,  -0.149,   2.489,   0.700,   2.389,   0.800,   2.489
202607281106,   1.858,   2.528,9999.000,9999.000,9999.000,9999.000,9999.000,9999.000,9999.000
202607281112,   1.876,   2.587,9999.000,9999.000,9999.000,9999.000,9999.000,9999.000,9999.000
202607281118,   1.891,   2.640,9999.000,9999.000,9999.000,9999.000,9999.000,9999.000,9999.000
202607281124,   1.903,   2.679,9999.000,9999.000,9999.000,9999.000,9999.000,9999.000,9999.000
202607281130,   1.913,   2.709,9999.000,9999.000,9999.000,9999.000,9999.000,9999.000,9999.000
202607281136,   1.921,   2.728,9999.000,9999.000,9999.000,9999.000,9999.000,9999.000,9999.000
202607281142,   1.927,   2.758,9999.000,9999.000,9999.000,9999.000,9999.000,9999.000,9999.000
202607281148,   1.930,   2.787,9999.000,9999.000,9999.000,9999.000,9999.000,9999.000,9999.000
202607281154,   1.932,   2.840,9999.000,9999.000,9999.000,9999.000,9999.000,9999.000,9999.000
202607281200,   1.931,   2.869,   0.700,   0.238,   2.869,   0.700,   2.869,   0.700,   2.869
202607281206,   1.930,   2.889,9999.000,9999.000,9999.000,9999.000,9999.000,9999.000,9999.000
202607281212,   1.926,   2.899,9999.000,9999.000,9999.000,9999.000,9999.000,9999.000,9999.000
202607281218,   1.921,   2.919,9999.000,9999.000,9999.000,9999.000,9999.000,9999.000,9999.000
202607281224,   1.915,   2.929,9999.000,9999.000,9999.000,9999.000,9999.000,9999.000,9999.000
202607281230,   1.908,   2.948,9999.000,9999.000,9999.000,9999.000,9999.000,9999.000,9999.000
202607281236,   1.900,   2.968,9999.000,9999.000,9999.000,9999.000,9999.000,9999.000,9999.000
202607281242,   1.891,   2.968,9999.000,9999.000,9999.000,9999.000,9999.000,9999.000,9999.000
202607281248,   1.881,   2.968,9999.000,9999.000,9999.000,9999.000,9999.000,9999.000,9999.000
202607281254,   1.869,   2.958,9999.000,9999.000,9999.000,9999.000,9999.000,9999.000,9999.000
202607281300,   1.857,   2.958,   0.700,   0.401,   2.958,   0.700,   2.958,   0.700,   2.958
202607281306,   1.844,   2.958,9999.000,9999.000,9999.000,9999.000,9999.000,9999.000,9999.000
202607281312,   1.830,   2.958,9999.000,9999.000,9999.000,9999.000,9999.000,9999.000,9999.000
202607281318,   1.814,   2.948,9999.000,9999.000,9999.000,9999.000,9999.000,9999.000,9999.000
202607281324,   1.798,   2.948,9999.000,9999.000,9999.000,9999.000,9999.000,9999.000,9999.000
202607281330,   1.781,   2.948,9999.000,9999.000,9999.000,9999.000,9999.000,9999.000,9999.000
202607281336,   1.762,   2.938,9999.000,9999.000,9999.000,9999.000,9999.000,9999.000,9999.000
202607281342,   1.743,   2.929,9999.000,9999.000,9999.000,9999.000,9999.000,9999.000,9999.000
202607281348,   1.722,   2.909,9999.000,9999.000,9999.000,9999.000,9999.000,9999.000,9999.000
202607281354,   1.699,   2.909,9999.000,9999.000,9999.000,9999.000,9999.000,9999.000,9999.000
202607281400,   1.676,   2.909,   0.700,   0.533,   2.909,   0.700,   2.909,   0.700,   2.909
202607281406,   1.651,   2.879,9999.000,9999.000,9999.000,9999.000,9999.000,9999.000,9999.000
202607281412,   1.625,   2.850,9999.000,9999.000,9999.000,9999.000,9999.000,9999.000,9999.000
202607281418,   1.598,   2.797,9999.000,9999.000,9999.000,9999.000,9999.000,9999.000,9999.000
202607281424,   1.569,   2.748,9999.000,9999.000,9999.000,9999.000,9999.000,9999.000,9999.000
202607281430,   1.539,   2.709,9999.000,9999.000,9999.000,9999.000,9999.000,9999.000,9999.000
202607281436,   1.508,   2.669,9999.000,9999.000,9999.000,9999.000,9999.000,9999.000,9999.000
202607281442,   1.476,   2.640,9999.000,9999.000,9999.000,9999.000,9999.000,9999.000,9999.000
202607281448,   1.443,   2.597,9999.000,9999.000,9999.000,9999.000,9999.000,9999.000,9999.000
202607281454,   1.409,   2.558,9999.000,9999.000,9999.000,9999.000,9999.000,9999.000,9999.000
202607281500,   1.375,   2.509,   0.700,   0.434,   2.509,   0.700,   2.509,   0.700,   2.509
202607281506,   1.339,   2.469,9999.000,9999.000,9999.000,9999.000,9999.000,9999.000,9999.000
202607281512,   1.303,   2.440,9999.000,9999.000,9999.000,9999.000,9999.000,9999.000,9999.000
202607281518,   1.266,   2.387,9999.000,9999.000,9999.000,9999.000,9999.000,9999.000,9999.000
202607281524,   1.229,   2.348,9999.000,9999.000,9999.000,9999.000,9999.000,9999.000,9999.000
202607281530,   1.192,   2.299,9999.000,9999.000,9999.000,9999.000,9999.000,9999.000,9999.000
202607281536,   1.154,   2.250,9999.000,9999.000,9999.000,9999.000,9999.000,9999.000,9999.000
202607281542,   1.116,   2.200,9999.000,9999.000,9999.000,9999.000,9999.000,9999.000,9999.000
202607281548,   1.078,   2.148,9999.000,9999.000,9999.000,9999.000,9999.000,9999.000,9999.000
202607281554,   1.041,   2.109,9999.000,9999.000,9999.000,9999.000,9999.000,9999.000,9999.000
202607281600,   1.003,   2.069,   0.700,   0.366,   2.069,   0.700,   2.069,   0.700,   2.069
202607281606,   0.966,   2.040,9999.000,9999.000,9999.000,9999.000,9999.000,9999.000,9999.000
202607281612,   0.929,   1.990,9999.000,9999.000,9999.000,9999.000,9999.000,9999.000,9999.000
202607281618,   0.893,   1.948,9999.000,9999.000,9999.000,9999.000,9999.000,9999.000,9999.000
202607281624,   0.857,   1.899,9999.000,9999.000,9999.000,9999.000,9999.000,9999.000,9999.000
202607281630,   0.822,   1.840,9999.000,9999.000,9999.000,9999.000,9999.000,9999.000,9999.000
202607281636,   0.788,   1.790,9999.000,9999.000,9999.000,9999.000,9999.000,9999.000,9999.000
202607281642,   0.755,   1.738,9999.000,9999.000,9999.000,9999.000,9999.000,9999.000,9999.000
202607281648,   0.723,   1.689,9999.000,9999.000,9999.000,9999.000,9999.000,9999.000,9999.000
202607281654,   0.692,   1.630,9999.000,9999.000,9999.000,9999.000,9999.000,9999.000,9999.000
202607281700,   0.663,   1.590,   0.700,   0.227,   1.590,   0.700,   1.590,   0.700,   1.590
202607281706,   0.635,   1.528,9999.000,9999.000,9999.000,9999.000,9999.000,9999.000,9999.000
202607281712,   0.609,   1.489,9999.000,9999.000,9999.000,9999.000,9999.000,9999.000,9999.000
202607281718,   0.584,   1.439,9999.000,9999.000,9999.000,9999.000,9999.000,9999.000,9999.000
202607281724,   0.562,   1.400,9999.000,9999.000,9999.000,9999.000,9999.000,9999.000,9999.000
202607281730,   0.541,   1.371,9999.000,9999.000,9999.000,9999.000,9999.000,9999.000,9999.000
202607281736,   0.523,   1.328,9999.000,9999.000,9999.000,9999.000,9999.000,9999.000,9999.000
202607281742,   0.507,   1.279,9999.000,9999.000,9999.000,9999.000,9999.000,9999.000,9999.000
202607281748,   0.494,   1.229,9999.000,9999.000,9999.000,9999.000,9999.000,9999.000,9999.000
202607281754,   0.483,   1.180,9999.000,9999.000,9999.000,9999.000,9999.000,9999.000,9999.000
202607281800,   0.474,   1.151,   0.700,  -0.023,   1.151,   0.700,   1.151,   0.700,   1.151
202607281806,   0.468,   1.118,9999.000,9999.000,9999.000,9999.000,9999.000,9999.000,9999.000
202607281812,   0.464,   1.098,9999.000,9999.000,9999.000,9999.000,9999.000,9999.000,9999.000
202607281818,   0.463,   1.079,9999.000,9999.000,9999.000,9999.000,9999.000,9999.000,9999.000
202607281824,   0.465,   1.049,9999.000,9999.000,9999.000,9999.000,9999.000,9999.000,9999.000
202607281830,   0.469,   1.029,9999.000,9999.000,9999.000,9999.000,9999.000,9999.000,9999.000
202607281836,   0.476,   1.000,9999.000,9999.000,9999.000,9999.000,9999.000,9999.000,9999.000
202607281842,   0.485,   0.970,9999.000,9999.000,9999.000,9999.000,9999.000,9999.000,9999.000
202607281848,   0.496,   0.951,9999.000,9999.000,9999.000,9999.000,9999.000,9999.000,9999.000
202607281854,   0.510,   0.918,9999.000,9999.000,9999.000,9999.000,9999.000,9999.000,9999.000
202607281900,   0.525,   0.928,   0.700,  -0.297,   0.928,   0.600,   0.828,   0.700,   0.928
202607281906,   0.543,   0.928,9999.000,9999.000,9999.000,9999.000,9999.000,9999.000,9999.000
202607281912,   0.563,   0.918,9999.000,9999.000,9999.000,9999.000,9999.000,9999.000,9999.000
202607281918,   0.584,   0.928,9999.000,9999.000,9999.000,9999.000,9999.000,9999.000,9999.000
202607281924,   0.607,   0.928,9999.000,9999.000,9999.000,9999.000,9999.000,9999.000,9999.000
202607281930,   0.632,   0.951,9999.000,9999.000,9999.000,9999.000,9999.000,9999.000,9999.000
202607281936,   0.659,   0.961,9999.000,9999.000,9999.000,9999.000,9999.000,9999.000,9999.000
202607281942,   0.686,   0.951,9999.000,9999.000,9999.000,9999.000,9999.000,9999.000,9999.000
202607281948,   0.715,   0.951,9999.000,9999.000,9999.000,9999.000,9999.000,9999.000,9999.000
202607281954,   0.746,   0.980,9999.000,9999.000,9999.000,9999.000,9999.000,9999.000,9999.000
202607282000,   0.778,   0.990,   0.700,  -0.488,   0.990,   0.600,   0.890,   0.700,   0.990
202607282006,   0.811,   1.020,9999.000,9999.000,9999.000,9999.000,9999.000,9999.000,9999.000
202607282012,   0.846,   1.049,9999.000,9999.000,9999.000,9999.000,9999.000,9999.000,9999.000
202607282018,   0.882,   1.069,9999.000,9999.000,9999.000,9999.000,9999.000,9999.000,9999.000
202607282024,   0.919,   1.098,9999.000,9999.000,9999.000,9999.000,9999.000,9999.000,9999.000
202607282030,   0.957,   1.108,9999.000,9999.000,9999.000,9999.000,9999.000,9999.000,9999.000
202607282036,   0.997,   1.151,9999.000,9999.000,9999.000,9999.000,9999.000,9999.000,9999.000
202607282042,   1.039,   1.200,9999.000,9999.000,9999.000,9999.000,9999.000,9999.000,9999.000
202607282048,   1.081,   1.239,9999.000,9999.000,9999.000,9999.000,9999.000,9999.000,9999.000
202607282054,   1.126,   1.289,9999.000,9999.000,9999.000,9999.000,9999.000,9999.000,9999.000
202607282100,   1.171,   1.338,   0.700,  -0.533,   1.338,   0.600,   1.238,   0.700,   1.338
202607282106,   1.218,   1.380,9999.000,9999.000,9999.000,9999.000,9999.000,9999.000,9999.000
202607282112,   1.267,   1.430,9999.000,9999.000,9999.000,9999.000,9999.000,9999.000,9999.000
202607282118,   1.317,   1.469,9999.000,9999.000,9999.000,9999.000,9999.000,9999.000,9999.000
202607282124,   1.368,   1.498,9999.000,9999.000,9999.000,9999.000,9999.000,9999.000,9999.000
202607282130,   1.420,   1.538,9999.000,9999.000,9999.000,9999.000,9999.000,9999.000,9999.000
202607282136,   1.472,   1.580,9999.000,9999.000,9999.000,9999.000,9999.000,9999.000,9999.000
202607282142,   1.526,   1.639,9999.000,9999.000,9999.000,9999.000,9999.000,9999.000,9999.000
202607282148,   1.580,   1.679,9999.000,9999.000,9999.000,9999.000,9999.000,9999.000,9999.000
202607282154,   1.634,   1.738,9999.000,9999.000,9999.000,9999.000,9999.000,9999.000,9999.000
202607282200,   1.689,   1.790,   0.600,  -0.499,   1.790,   0.600,   1.790,   0.700,   1.890
202607282206,   1.743,   1.849,9999.000,9999.000,9999.000,9999.000,9999.000,9999.000,9999.000
202607282212,   1.796,   1.918,9999.000,9999.000,9999.000,9999.000,9999.000,9999.000,9999.000
202607282218,   1.849,   1.990,9999.000,9999.000,9999.000,9999.000,9999.000,9999.000,9999.000
202607282224,   1.901,   2.069,9999.000,9999.000,9999.000,9999.000,9999.000,9999.000,9999.000
202607282230,   1.951,   2.148,9999.000,9999.000,9999.000,9999.000,9999.000,9999.000,9999.000
202607282236,   2.000,   2.210,9999.000,9999.000,9999.000,9999.000,9999.000,9999.000,9999.000
202607282242,   2.046,   2.250,9999.000,9999.000,9999.000,9999.000,9999.000,9999.000,9999.000
202607282248,   2.090,   2.309,9999.000,9999.000,9999.000,9999.000,9999.000,9999.000,9999.000
202607282254,   2.132,   2.358,9999.000,9999.000,9999.000,9999.000,9999.000,9999.000,9999.000
202607282300,   2.172,   2.410,   0.600,  -0.362,   2.410,   0.600,   2.410,   0.700,   2.510
202607282306,   2.208,   2.469,9999.000,9999.000,9999.000,9999.000,9999.000,9999.000,9999.000
202607282312,   2.242,   2.528,9999.000,9999.000,9999.000,9999.000,9999.000,9999.000,9999.000
202607282318,   2.272,   2.578,9999.000,9999.000,9999.000,9999.000,9999.000,9999.000,9999.000
202607282324,   2.300,   2.630,9999.000,9999.000,9999.000,9999.000,9999.000,9999.000,9999.000
202607282330,   2.324,   2.679,9999.000,9999.000,9999.000,9999.000,9999.000,9999.000,9999.000
202607282336,   2.345,   2.728,9999.000,9999.000,9999.000,9999.000,9999.000,9999.000,9999.000
202607282342,   2.363,   2.768,9999.000,9999.000,9999.000,9999.000,9999.000,9999.000,9999.000
202607282348,   2.379,   2.820,9999.000,9999.000,9999.000,9999.000,9999.000,9999.000,9999.000
202607282354,   2.391,   2.860,9999.000,9999.000,9999.000,9999.000,9999.000,9999.000,9999.000
202607290000,   2.401,   2.919,   0.600,  -0.082,   2.919,   0.600,   2.919,   0.700,   3.019
202607290006,   2.408,   2.948,9999.000,9999.000,9999.000,9999.000,9999.000,9999.000,9999.000
202607290012,   2.412,   3.007,9999.000,9999.000,9999.000,9999.000,9999.000,9999.000,9999.000
202607290018,   2.414,   3.060,9999.000,9999.000,9999.000,9999.000,9999.000,9999.000,9999.000
202607290024,   2.414,   3.079,9999.000,9999.000,9999.000,9999.000,9999.000,9999.000,9999.000
202607290030,   2.413,   3.089,9999.000,9999.000,9999.000,9999.000,9999.000,9999.000,9999.000
202607290036,   2.409,   3.119,9999.000,9999.000,9999.000,9999.000,9999.000,9999.000,9999.000
202607290042,   2.403,   3.129,9999.000,9999.000,9999.000,9999.000,9999.000,9999.000,9999.000
202607290048,   2.396,   3.158,9999.000,9999.000,9999.000,9999.000,9999.000,9999.000,9999.000
202607290054,   2.388,   3.188,9999.000,9999.000,9999.000,9999.000,9999.000,9999.000,9999.000
202607290100,   2.378,   3.217,   0.600,   0.239,   3.217,   0.600,   3.217,   0.700,   3.317
202607290106,   2.367,   3.250,9999.000,9999.000,9999.000,9999.000,9999.000,9999.000,9999.000
202607290112,   2.355,   3.279,9999.000,9999.000,9999.000,9999.000,9999.000,9999.000,9999.000
202607290118,   2.341,   3.299,9999.000,9999.000,9999.000,9999.000,9999.000,9999.000,9999.000
202607290124,   2.326,   3.319,9999.000,9999.000,9999.000,9999.000,9999.000,9999.000,9999.000
202607290130,   2.310,   3.329,9999.000,9999.000,9999.000,9999.000,9999.000,9999.000,9999.000
202607290136,   2.293,   3.339,9999.000,9999.000,9999.000,9999.000,9999.000,9999.000,9999.000
202607290142,   2.275,   3.339,9999.000,9999.000,9999.000,9999.000,9999.000,9999.000,9999.000
202607290148,   2.256,   3.329,9999.000,9999.000,9999.000,9999.000,9999.000,9999.000,9999.000
202607290154,   2.235,9999.000,9999.000,9999.000,9999.000,9999.000,9999.000,9999.000,9999.000
202607290200,   2.213,9999.000,   0.600,9999.000,   2.813,   0.600,   2.813,   0.700,   2.913
202607290206,   2.190,9999.000,9999.000,9999.000,9999.000,9999.000,9999.000,9999.000,9999.000
202607290212,   2.166,9999.000,9999.000,9999.000,9999.000,9999.000,9999.000,9999.000,9999.000
202607290218,   2.140,9999.000,9999.000,9999.000,9999.000,9999.000,9999.000,9999.000,9999.000
202607290224,   2.112,9999.000,9999.000,9999.000,9999.000,9999.000,9999.000,9999.000,9999.000
202607290230,   2.084,9999.000,9999.000,9999.000,9999.000,9999.000,9999.000,9999.000,9999.000
202607290236,   2.054,9999.000,9999.000,9999.000,9999.000,9999.000,9999.000,9999.000,9999.000
202607290242,   2.022,9999.000,9999.000,9999.000,9999.000,9999.000,9999.000,9999.000,9999.000
202607290248,   1.989,9999.000,9999.000,9999.000,9999.000,9999.000,9999.000,9999.000,9999.000
202607290254,   1.955,9999.000,9999.000,9999.000,9999.000,9999.000,9999.000,9999.000,9999.000
202607290300,   1.920,9999.000,   0.700,9999.000,   2.620,   0.600,   2.520,   0.700,   2.620
202607290306,   1.883,9999.000,9999.000,9999.000,9999.000,9999.000,9999.000,9999.000,9999.000
202607290312,   1.846,9999.000,9999.000,9999.000,9999.000,9999.000,9999.000,9999.000,9999.000
202607290318,   1.807,9999.000,9999.000,9999.000,9999.000,9999.000,9999.000,9999.000,9999.000
202607290324,   1.767,9999.000,9999.000,9999.000,9999.000,9999.000,9999.000,9999.000,9999.000
202607290330,   1.727,9999.000,9999.000,9999.000,9999.000,9999.000,9999.000,9999.000,9999.000
202607290336,   1.685,9999.000,9999.000,9999.000,9999.000,9999.000,9999.000,9999.000,9999.000
202607290342,   1.643,9999.000,9999.000,9999.000,9999.000,9999.000,9999.000,9999.000,9999.000
202607290348,   1.600,9999.000,9999.000,9999.000,9999.000,9999.000,9999.000,9999.000,9999.000
202607290354,   1.557,9999.000,9999.000,9999.000,9999.000,9999.000,9999.000,9999.000,9999.000
202607290400,   1.514,9999.000,   0.600,9999.000,   2.114,   0.600,   2.114,   0.700,   2.214
202607290406,   1.470,9999.000,9999.000,9999.000,9999.000,9999.000,9999.000,9999.000,9999.000
202607290412,   1.425,9999.000,9999.000,9999.000,9999.000,9999.000,9999.000,9999.000,9999.000
202607290418,   1.381,9999.000,9999.000,9999.000,9999.000,9999.000,9999.000,9999.000,9999.000
202607290424,   1.337,9999.000,9999.000,9999.000,9999.000,9999.000,9999.000,9999.000,9999.000
202607290430,   1.293,9999.000,9999.000,9999.000,9999.000,9999.000,9999.000,9999.000,9999.000
202607290436,   1.248,9999.000,9999.000,9999.000,9999.000,9999.000,9999.000,9999.000,9999.000
202607290442,   1.205,9999.000,9999.000,9999.000,9999.000,9999.000,9999.000,9999.000,9999.000
202607290448,   1.161,9999.000,9999.000,9999.000,9999.000,9999.000,9999.000,9999.000,9999.000
202607290454,   1.118,9999.000,9999.000,9999.000,9999.000,9999.000,9999.000,9999.000,9999.000
202607290500,   1.076,9999.000,   0.600,9999.000,   1.676,   0.600,   1.676,   0.700,   1.776
202607290506,   1.034,9999.000,9999.000,9999.000,9999.000,9999.000,9999.000,9999.000,9999.000
202607290512,   0.993,9999.000,9999.000,9999.000,9999.000,9999.000,9999.000,9999.000,9999.000
202607290518,   0.953,9999.000,9999.000,9999.000,9999.000,9999.000,9999.000,9999.000,9999.000
202607290524,   0.915,9999.000,9999.000,9999.000,9999.000,9999.000,9999.000,9999.000,9999.000
202607290530,   0.877,9999.000,9999.000,9999.000,9999.000,9999.000,9999.000,9999.000,9999.000
202607290536,   0.841,9999.000,9999.000,9999.000,9999.000,9999.000,9999.000,9999.000,9999.000
202607290542,   0.806,   2.220,9999.000,9999.000,9999.000,9999.000,9999.000,9999.000,9999.000
202607290548,   0.773,9999.000,9999.000,9999.000,9999.000,9999.000,9999.000,9999.000,9999.000
202607290554,   0.742,9999.000,9999.000,9999.000,9999.000,9999.000,9999.000,9999.000,9999.000
202607290600,   0.712,9999.000,   0.700,9999.000,   1.412,   0.600,   1.312,   0.700,   1.412
202607290606,   0.685,9999.000,9999.000,9999.000,9999.000,9999.000,9999.000,9999.000,9999.000
202607290612,   0.660,9999.000,9999.000,9999.000,9999.000,9999.000,9999.000,9999.000,9999.000
202607290618,   0.637,9999.000,9999.000,9999.000,9999.000,9999.000,9999.000,9999.000,9999.000
202607290624,   0.616,9999.000,9999.000,9999.000,9999.000,9999.000,9999.000,9999.000,9999.000
202607290630,   0.598,9999.000,9999.000,9999.000,9999.000,9999.000,9999.000,9999.000,9999.000
202607290636,   0.582,9999.000,9999.000,9999.000,9999.000,9999.000,9999.000,9999.000,9999.000
202607290642,   0.568,9999.000,9999.000,9999.000,9999.000,9999.000,9999.000,9999.000,9999.000
202607290648,   0.557,9999.000,9999.000,9999.000,9999.000,9999.000,9999.000,9999.000,9999.000
202607290654,   0.548,9999.000,9999.000,9999.000,9999.000,9999.000,9999.000,9999.000,9999.000
202607290700,   0.541,9999.000,   0.700,9999.000,   1.241,   0.600,   1.141,   0.700,   1.241
202607290706,   0.537,9999.000,9999.000,9999.000,9999.000,9999.000,9999.000,9999.000,9999.000
202607290712,   0.535,9999.000,9999.000,9999.000,9999.000,9999.000,9999.000,9999.000,9999.000
202607290718,   0.536,9999.000,9999.000,9999.000,9999.000,9999.000,9999.000,9999.000,9999.000
202607290724,   0.538,9999.000,9999.000,9999.000,9999.000,9999.000,9999.000,9999.000,9999.000
202607290730,   0.543,9999.000,9999.000,9999.000,9999.000,9999.000,9999.000,9999.000,9999.000
202607290736,   0.549,9999.000,9999.000,9999.000,9999.000,9999.000,9999.000,9999.000,9999.000
202607290742,   0.557,9999.000,9999.000,9999.000,9999.000,9999.000,9999.000,9999.000,9999.000
202607290748,   0.567,9999.000,9999.000,9999.000,9999.000,9999.000,9999.000,9999.000,9999.000
202607290754,   0.579,9999.000,9999.000,9999.000,9999.000,9999.000,9999.000,9999.000,9999.000
202607290800,   0.592,9999.000,   0.700,9999.000,   1.292,   0.600,   1.192,   0.700,   1.292
202607290806,   0.607,9999.000,9999.000,9999.000,9999.000,9999.000,9999.000,9999.000,9999.000
202607290812,   0.624,9999.000,9999.000,9999.000,9999.000,9999.000,9999.000,9999.000,9999.000
202607290818,   0.642,9999.000,9999.000,9999.000,9999.000,9999.000,9999.000,9999.000,9999.000
202607290824,   0.662,9999.000,9999.000,9999.000,9999.000,9999.000,9999.000,9999.000,9999.000
202607290830,   0.683,9999.000,9999.000,9999.000,9999.000,9999.000,9999.000,9999.000,9999.000
202607290836,   0.705,9999.000,9999.000,9999.000,9999.000,9999.000,9999.000,9999.000,9999.000
202607290842,   0.730,9999.000,9999.000,9999.000,9999.000,9999.000,9999.000,9999.000,9999.000
202607290848,   0.756,9999.000,9999.000,9999.000,9999.000,9999.000,9999.000,9999.000,9999.000
202607290854,   0.783,9999.000,9999.000,9999.000,9999.000,9999.000,9999.000,9999.000,9999.000
202607290900,   0.812,9999.000,   0.700,9999.000,   1.512,   0.600,   1.412,   0.700,   1.512
202607290906,   0.843,9999.000,9999.000,9999.000,9999.000,9999.000,9999.000,9999.000,9999.000
202607290912,   0.876,9999.000,9999.000,9999.000,9999.000,9999.000,9999.000,9999.000,9999.000
202607290918,   0.910,9999.000,9999.000,9999.000,9999.000,9999.000,9999.000,9999.000,9999.000
202607290924,   0.946,9999.000,9999.000,9999.000,9999.000,9999.000,9999.000,9999.000,9999.000
202607290930,   0.984,9999.000,9999.000,9999.000,9999.000,9999.000,9999.000,9999.000,9999.000
202607290936,   1.024,9999.000,9999.000,9999.000,9999.000,9999.000,9999.000,9999.000,9999.000
202607290942,   1.065,9999.000,9999.000,9999.000,9999.000,9999.000,9999.000,9999.000,9999.000
202607290948,   1.108,9999.000,9999.000,9999.000,9999.000,9999.000,9999.000,9999.000,9999.000
202607290954,   1.153,9999.000,9999.000,9999.000,9999.000,9999.000,9999.000,9999.000,9999.000
202607291000,   1.198,9999.000,   0.700,9999.000,   1.898,   0.600,   1.798,   0.700,   1.898
202607291006,   1.245,9999.000,9999.000,9999.000,9999.000,9999.000,9999.000,9999.000,9999.000
202607291012,   1.293,9999.000,9999.000,9999.000,9999.000,9999.000,9999.000,9999.000,9999.000
202607291018,   1.342,9999.000,9999.000,9999.000,9999.000,9999.000,9999.000,9999.000,9999.000
202607291024,   1.390,9999.000,9999.000,9999.000,9999.000,9999.000,9999.000,9999.000,9999.000
202607291030,   1.439,9999.000,9999.000,9999.000,9999.000,9999.000,9999.000,9999.000,9999.000
202607291036,   1.488,9999.000,9999.000,9999.000,9999.000,9999.000,9999.000,9999.000,9999.000
202607291042,   1.537,9999.000,9999.000,9999.000,9999.000,9999.000,9999.000,9999.000,9999.000
202607291048,   1.585,9999.000,9999.000,9999.000,9999.000,9999.000,9999.000,9999.000,9999.000
202607291054,   1.631,9999.000,9999.000,9999.000,9999.000,9999.000,9999.000,9999.000,9999.000
202607291100,   1.677,9999.000,   0.700,9999.000,   2.377,   0.600,   2.277,   0.700,   2.377
202607291106,   1.721,9999.000,9999.000,9999.000,9999.000,9999.000,9999.000,9999.000,9999.000
202607291112,   1.762,9999.000,9999.000,9999.000,9999.000,9999.000,9999.000,9999.000,9999.000
202607291118,   1.802,9999.000,9999.000,9999.000,9999.000,9999.000,9999.000,9999.000,9999.000
202607291124,   1.840,9999.000,9999.000,9999.000,9999.000,9999.000,9999.000,9999.000,9999.000
202607291130,   1.874,9999.000,9999.000,9999.000,9999.000,9999.000,9999.000,9999.000,9999.000
202607291136,   1.907,9999.000,9999.000,9999.000,9999.000,9999.000,9999.000,9999.000,9999.000
202607291142,   1.936,   2.758,9999.000,9999.000,9999.000,9999.000,9999.000,9999.000,9999.000
202607291148,   1.962,9999.000,9999.000,9999.000,9999.000,9999.000,9999.000,9999.000,9999.000
202607291154,   1.986,   2.869,9999.000,9999.000,9999.000,9999.000,9999.000,9999.000,9999.000
202607291200,   2.007,   2.869,   0.800,   0.062,   2.869,   0.700,   2.769,   0.800,   2.869
202607291206,   2.024,   2.869,9999.000,9999.000,9999.000,9999.000,9999.000,9999.000,9999.000
202607291212,   2.039,9999.000,9999.000,9999.000,9999.000,9999.000,9999.000,9999.000,9999.000
202607291218,   2.051,9999.000,9999.000,9999.000,9999.000,9999.000,9999.000,9999.000,9999.000
202607291224,   2.060,9999.000,9999.000,9999.000,9999.000,9999.000,9999.000,9999.000,9999.000
202607291230,   2.067,9999.000,9999.000,9999.000,9999.000,9999.000,9999.000,9999.000,9999.000
202607291236,   2.071,9999.000,9999.000,9999.000,9999.000,9999.000,9999.000,9999.000,9999.000
202607291242,   2.073,9999.000,9999.000,9999.000,9999.000,9999.000,9999.000,9999.000,9999.000
202607291248,   2.073,9999.000,9999.000,9999.000,9999.000,9999.000,9999.000,9999.000,9999.000
202607291254,   2.071,9999.000,9999.000,9999.000,9999.000,9999.000,9999.000,9999.000,9999.000
202607291300,   2.067,9999.000,   0.800,9999.000,   2.867,   0.700,   2.767,   0.800,   2.867
202607291306,   2.061,9999.000,9999.000,9999.000,9999.000,9999.000,9999.000,9999.000,9999.000
202607291312,   2.054,9999.000,9999.000,9999.000,9999.000,9999.000,9999.000,9999.000,9999.000
202607291318,   2.045,9999.000,9999.000,9999.000,9999.000,9999.000,9999.000,9999.000,9999.000
202607291324,   2.035,9999.000,9999.000,9999.000,9999.000,9999.000,9999.000,9999.000,9999.000
202607291330,   2.023,   3.279,9999.000,9999.000,9999.000,9999.000,9999.000,9999.000,9999.000
202607291336,   2.011,   3.309,9999.000,9999.000,9999.000,9999.000,9999.000,9999.000,9999.000
202607291342,   1.997,   3.309,9999.000,9999.000,9999.000,9999.000,9999.000,9999.000,9999.000
202607291348,   1.981,   3.319,9999.000,9999.000,9999.000,9999.000,9999.000,9999.000,9999.000
202607291354,   1.965,9999.000,9999.000,9999.000,9999.000,9999.000,9999.000,9999.000,9999.000
202607291400,   1.947,   3.309,   0.800,   0.562,   3.309,   0.700,   3.209,   0.800,   3.309
202607291406,   1.929,   3.279,9999.000,9999.000,9999.000,9999.000,9999.000,9999.000,9999.000
202607291412,   1.909,9999.000,9999.000,9999.000,9999.000,9999.000,9999.000,9999.000,9999.000
202607291418,   1.887,   3.250,9999.000,9999.000,9999.000,9999.000,9999.000,9999.000,9999.000
202607291424,   1.865,   3.260,9999.000,9999.000,9999.000,9999.000,9999.000,9999.000,9999.000
202607291430,   1.841,   3.240,9999.000,9999.000,9999.000,9999.000,9999.000,9999.000,9999.000
202607291436,   1.816,   3.188,9999.000,9999.000,9999.000,9999.000,9999.000,9999.000,9999.000
202607291442,   1.789,   3.129,9999.000,9999.000,9999.000,9999.000,9999.000,9999.000,9999.000
202607291448,   1.762,   3.089,9999.000,9999.000,9999.000,9999.000,9999.000,9999.000,9999.000
202607291454,   1.733,   3.079,9999.000,9999.000,9999.000,9999.000,9999.000,9999.000,9999.000
202607291500,   1.702,   3.050,   0.800,   0.548,   3.050,   0.800,   3.050,   0.800,   3.050
202607291506,   1.670,   3.017,9999.000,9999.000,9999.000,9999.000,9999.000,9999.000,9999.000
202607291512,   1.637,   2.997,9999.000,9999.000,9999.000,9999.000,9999.000,9999.000,9999.000
202607291518,   1.603,   2.958,9999.000,9999.000,9999.000,9999.000,9999.000,9999.000,9999.000
202607291524,   1.568,   2.879,9999.000,9999.000,9999.000,9999.000,9999.000,9999.000,9999.000
202607291530,   1.531,   2.807,9999.000,9999.000,9999.000,9999.000,9999.000,9999.000,9999.000
202607291536,   1.494,   2.768,9999.000,9999.000,9999.000,9999.000,9999.000,9999.000,9999.000
202607291542,   1.456,   2.758,9999.000,9999.000,9999.000,9999.000,9999.000,9999.000,9999.000
202607291548,   1.417,   2.738,9999.000,9999.000,9999.000,9999.000,9999.000,9999.000,9999.000
202607291554,   1.377,   2.728,9999.000,9999.000,9999.000,9999.000,9999.000,9999.000,9999.000
202607291600,   1.337,   2.699,   0.800,   0.562,   2.699,   0.800,   2.699,   0.900,   2.799
202607291606,   1.296,   2.660,9999.000,9999.000,9999.000,9999.000,9999.000,9999.000,9999.000
202607291612,   1.255,   2.650,9999.000,9999.000,9999.000,9999.000,9999.000,9999.000,9999.000
202607291618,   1.213,   2.630,9999.000,9999.000,9999.000,9999.000,9999.000,9999.000,9999.000
202607291624,   1.171,   2.610,9999.000,9999.000,9999.000,9999.000,9999.000,9999.000,9999.000
202607291630,   1.130,   2.558,9999.000,9999.000,9999.000,9999.000,9999.000,9999.000,9999.000
202607291636,   1.088,   2.489,9999.000,9999.000,9999.000,9999.000,9999.000,9999.000,9999.000
202607291642,   1.047,   2.410,9999.000,9999.000,9999.000,9999.000,9999.000,9999.000,9999.000
202607291648,   1.006,   2.338,9999.000,9999.000,9999.000,9999.000,9999.000,9999.000,9999.000
202607291654,   0.965,   2.279,9999.000,9999.000,9999.000,9999.000,9999.000,9999.000,9999.000
202607291700,   0.925,   2.220,   0.800,   0.495,   2.220,   0.800,   2.220,   0.900,   2.320
202607291706,   0.885,   2.177,9999.000,9999.000,9999.000,9999.000,9999.000,9999.000,9999.000
202607291712,   0.846,   2.148,9999.000,9999.000,9999.000,9999.000,9999.000,9999.000,9999.000
202607291718,   0.808,   2.109,9999.000,9999.000,9999.000,9999.000,9999.000,9999.000,9999.000
202607291724,   0.771,   2.059,9999.000,9999.000,9999.000,9999.000,9999.000,9999.000,9999.000
202607291730,   0.735,   2.000,9999.000,9999.000,9999.000,9999.000,9999.000,9999.000,9999.000
202607291736,   0.700,   1.928,9999.000,9999.000,9999.000,9999.000,9999.000,9999.000,9999.000
202607291742,   0.667,   1.899,9999.000,9999.000,9999.000,9999.000,9999.000,9999.000,9999.000
202607291748,   0.635,   1.869,9999.000,9999.000,9999.000,9999.000,9999.000,9999.000,9999.000
202607291754,   0.604,   1.830,9999.000,9999.000,9999.000,9999.000,9999.000,9999.000,9999.000
202607291800,   0.575,   1.781,   0.800,   0.406,   1.781,   0.800,   1.781,   0.900,   1.881
202607291806,   0.549,   1.718,9999.000,9999.000,9999.000,9999.000,9999.000,9999.000,9999.000
202607291812,   0.524,   1.669,9999.000,9999.000,9999.000,9999.000,9999.000,9999.000,9999.000
202607291818,   0.501,   1.620,9999.000,9999.000,9999.000,9999.000,9999.000,9999.000,9999.000
202607291824,   0.481,   1.580,9999.000,9999.000,9999.000,9999.000,9999.000,9999.000,9999.000
202607291830,   0.463,   1.557,9999.000,9999.000,9999.000,9999.000,9999.000,9999.000,9999.000
202607291836,   0.447,   1.548,9999.000,9999.000,9999.000,9999.000,9999.000,9999.000,9999.000
202607291842,   0.434,   1.498,9999.000,9999.000,9999.000,9999.000,9999.000,9999.000,9999.000
202607291848,   0.424,   1.449,9999.000,9999.000,9999.000,9999.000,9999.000,9999.000,9999.000
202607291854,   0.416,   1.400,9999.000,9999.000,9999.000,9999.000,9999.000,9999.000,9999.000
202607291900,   0.411,   1.348,   0.800,   0.137,   1.348,   0.800,   1.348,   0.900,   1.448
202607291906,   0.409,   1.308,9999.000,9999.000,9999.000,9999.000,9999.000,9999.000,9999.000
202607291912,   0.410,   1.289,9999.000,9999.000,9999.000,9999.000,9999.000,9999.000,9999.000
202607291918,   0.413,   1.269,9999.000,9999.000,9999.000,9999.000,9999.000,9999.000,9999.000
202607291924,   0.419,   1.239,9999.000,9999.000,9999.000,9999.000,9999.000,9999.000,9999.000
202607291930,   0.427,   1.200,9999.000,9999.000,9999.000,9999.000,9999.000,9999.000,9999.000
202607291936,   0.438,   1.161,9999.000,9999.000,9999.000,9999.000,9999.000,9999.000,9999.000
202607291942,   0.451,   1.108,9999.000,9999.000,9999.000,9999.000,9999.000,9999.000,9999.000
202607291948,   0.467,   1.098,9999.000,9999.000,9999.000,9999.000,9999.000,9999.000,9999.000
202607291954,   0.485,   1.108,9999.000,9999.000,9999.000,9999.000,9999.000,9999.000,9999.000
202607292000,   0.505,   1.128,   0.800,  -0.177,   1.128,   0.800,   1.128,   0.900,   1.228
202607292006,   0.527,   1.161,9999.000,9999.000,9999.000,9999.000,9999.000,9999.000,9999.000
202607292012,   0.551,   1.180,9999.000,9999.000,9999.000,9999.000,9999.000,9999.000,9999.000
202607292018,   0.577,   1.200,9999.000,9999.000,9999.000,9999.000,9999.000,9999.000,9999.000
202607292024,   0.604,   1.210,9999.000,9999.000,9999.000,9999.000,9999.000,9999.000,9999.000
202607292030,   0.633,   1.229,9999.000,9999.000,9999.000,9999.000,9999.000,9999.000,9999.000
202607292036,   0.664,   1.259,9999.000,9999.000,9999.000,9999.000,9999.000,9999.000,9999.000
202607292042,   0.697,   1.308,9999.000,9999.000,9999.000,9999.000,9999.000,9999.000,9999.000
202607292048,   0.730,   1.361,9999.000,9999.000,9999.000,9999.000,9999.000,9999.000,9999.000
202607292054,   0.766,   1.410,9999.000,9999.000,9999.000,9999.000,9999.000,9999.000,9999.000
202607292100,   0.802,   1.469,   0.800,  -0.133,   1.469,   0.800,   1.469,   0.900,   1.569
202607292106,   0.841,   1.518,9999.000,9999.000,9999.000,9999.000,9999.000,9999.000,9999.000
202607292112,   0.880,   1.571,9999.000,9999.000,9999.000,9999.000,9999.000,9999.000,9999.000
202607292118,   0.922,   1.610,9999.000,9999.000,9999.000,9999.000,9999.000,9999.000,9999.000
202607292124,   0.964,   1.659,9999.000,9999.000,9999.000,9999.000,9999.000,9999.000,9999.000
202607292130,   1.009,   1.689,9999.000,9999.000,9999.000,9999.000,9999.000,9999.000,9999.000
202607292136,   1.055,   1.718,9999.000,9999.000,9999.000,9999.000,9999.000,9999.000,9999.000
202607292142,   1.102,   1.738,9999.000,9999.000,9999.000,9999.000,9999.000,9999.000,9999.000
202607292148,   1.151,   1.767,9999.000,9999.000,9999.000,9999.000,9999.000,9999.000,9999.000
202607292154,   1.201,   1.820,9999.000,9999.000,9999.000,9999.000,9999.000,9999.000,9999.000
202607292200,   1.253,   1.889,   0.800,  -0.164,   1.889,   0.800,   1.889,   0.900,   1.989
202607292206,   1.307,   1.958,9999.000,9999.000,9999.000,9999.000,9999.000,9999.000,9999.000
202607292212,   1.361,   2.030,9999.000,9999.000,9999.000,9999.000,9999.000,9999.000,9999.000
202607292218,   1.417,   2.099,9999.000,9999.000,9999.000,9999.000,9999.000,9999.000,9999.000
202607292224,   1.473,   2.168,9999.000,9999.000,9999.000,9999.000,9999.000,9999.000,9999.000
202607292230,   1.531,   2.230,9999.000,9999.000,9999.000,9999.000,9999.000,9999.000,9999.000
202607292236,   1.589,   2.279,9999.000,9999.000,9999.000,9999.000,9999.000,9999.000,9999.000
202607292242,   1.647,   2.318,9999.000,9999.000,9999.000,9999.000,9999.000,9999.000,9999.000
202607292248,   1.706,   2.348,9999.000,9999.000,9999.000,9999.000,9999.000,9999.000,9999.000
202607292254,   1.764,   2.387,9999.000,9999.000,9999.000,9999.000,9999.000,9999.000,9999.000
202607292300,   1.821,   2.440,   0.800,  -0.181,   2.440,   0.800,   2.440,   0.900,   2.540
202607292306,   1.878,   2.509,9999.000,9999.000,9999.000,9999.000,9999.000,9999.000,9999.000
202607292312,   1.934,9999.000,9999.000,9999.000,9999.000,9999.000,9999.000,9999.000,9999.000
202607292318,   1.988,   2.650,9999.000,9999.000,9999.000,9999.000,9999.000,9999.000,9999.000
202607292324,   2.041,   2.709,9999.000,9999.000,9999.000,9999.000,9999.000,9999.000,9999.000
202607292330,   2.091,   2.758,9999.000,9999.000,9999.000,9999.000,9999.000,9999.000,9999.000
202607292336,   2.139,   2.820,9999.000,9999.000,9999.000,9999.000,9999.000,9999.000,9999.000
202607292342,   2.185,   2.879,9999.000,9999.000,9999.000,9999.000,9999.000,9999.000,9999.000
202607292348,   2.228,   2.929,9999.000,9999.000,9999.000,9999.000,9999.000,9999.000,9999.000
202607292354,   2.268,   2.978,9999.000,9999.000,9999.000,9999.000,9999.000,9999.000,9999.000
202607300000,   2.304,   3.030,   0.800,  -0.074,   3.030,   0.700,   2.930,   0.800,   3.030
202607300006,   2.338,   3.079,9999.000,9999.000,9999.000,9999.000,9999.000,9999.000,9999.000
202607300012,   2.368,   3.138,9999.000,9999.000,9999.000,9999.000,9999.000,9999.000,9999.000
202607300018,   2.395,   3.188,9999.000,9999.000,9999.000,9999.000,9999.000,9999.000,9999.000
202607300024,   2.418,   3.240,9999.000,9999.000,9999.000,9999.000,9999.000,9999.000,9999.000
202607300030,   2.438,   3.289,9999.000,9999.000,9999.000,9999.000,9999.000,9999.000,9999.000
202607300036,   2.454,   3.329,9999.000,9999.000,9999.000,9999.000,9999.000,9999.000,9999.000
202607300042,   2.468,   3.368,9999.000,9999.000,9999.000,9999.000,9999.000,9999.000,9999.000
202607300048,   2.478,   3.388,9999.000,9999.000,9999.000,9999.000,9999.000,9999.000,9999.000
202607300054,   2.485,   3.407,9999.000,9999.000,9999.000,9999.000,9999.000,9999.000,9999.000
202607300100,   2.490,   3.440,   0.800,   0.150,   3.440,   0.700,   3.340,   0.800,   3.440
202607300106,   2.491,   3.460,9999.000,9999.000,9999.000,9999.000,9999.000,9999.000,9999.000
202607300112,   2.490,   3.480,9999.000,9999.000,9999.000,9999.000,9999.000,9999.000,9999.000
202607300118,   2.487,   3.489,9999.000,9999.000,9999.000,9999.000,9999.000,9999.000,9999.000
202607300124,   2.481,   3.499,9999.000,9999.000,9999.000,9999.000,9999.000,9999.000,9999.000
202607300130,   2.474,   3.519,9999.000,9999.000,9999.000,9999.000,9999.000,9999.000,9999.000
202607300136,   2.464,   3.529,9999.000,9999.000,9999.000,9999.000,9999.000,9999.000,9999.000
202607300142,   2.453,   3.539,9999.000,9999.000,9999.000,9999.000,9999.000,9999.000,9999.000
202607300148,   2.440,   3.539,9999.000,9999.000,9999.000,9999.000,9999.000,9999.000,9999.000
202607300154,   2.425,   3.539,9999.000,9999.000,9999.000,9999.000,9999.000,9999.000,9999.000
202607300200,   2.409,   3.539,   0.800,   0.330,   3.539,   0.700,   3.439,   0.800,   3.539
202607300206,   2.392,   3.548,9999.000,9999.000,9999.000,9999.000,9999.000,9999.000,9999.000
202607300212,   2.373,   3.548,9999.000,9999.000,9999.000,9999.000,9999.000,9999.000,9999.000
202607300218,   2.353,   3.548,9999.000,9999.000,9999.000,9999.000,9999.000,9999.000,9999.000
202607300224,   2.331,   3.548,9999.000,9999.000,9999.000,9999.000,9999.000,9999.000,9999.000
202607300230,   2.308,   3.548,9999.000,9999.000,9999.000,9999.000,9999.000,9999.000,9999.000
202607300236,   2.284,   3.548,9999.000,9999.000,9999.000,9999.000,9999.000,9999.000,9999.000
202607300242,   2.258,   3.529,9999.000,9999.000,9999.000,9999.000,9999.000,9999.000,9999.000
202607300248,   2.231,   3.519,9999.000,9999.000,9999.000,9999.000,9999.000,9999.000,9999.000
202607300254,   2.203,   3.499,9999.000,9999.000,9999.000,9999.000,9999.000,9999.000,9999.000
202607300300,   2.173,   3.480,   0.800,   0.507,   3.480,   0.700,   3.380,   0.800,   3.480
202607300306,   2.142,   3.450,9999.000,9999.000,9999.000,9999.000,9999.000,9999.000,9999.000
202607300312,   2.110,   3.417,9999.000,9999.000,9999.000,9999.000,9999.000,9999.000,9999.000
202607300318,   2.076,   3.378,9999.000,9999.000,9999.000,9999.000,9999.000,9999.000,9999.000
202607300324,   2.040,   3.339,9999.000,9999.000,9999.000,9999.000,9999.000,9999.000,9999.000
202607300330,   2.004,   3.309,9999.000,9999.000,9999.000,9999.000,9999.000,9999.000,9999.000
202607300336,   1.966,   3.270,9999.000,9999.000,9999.000,9999.000,9999.000,9999.000,9999.000
202607300342,   1.927,   3.240,9999.000,9999.000,9999.000,9999.000,9999.000,9999.000,9999.000
202607300348,   1.886,   3.188,9999.000,9999.000,9999.000,9999.000,9999.000,9999.000,9999.000
202607300354,   1.845,   3.148,9999.000,9999.000,9999.000,9999.000,9999.000,9999.000,9999.000
202607300400,   1.802,   3.099,   0.800,   0.497,   3.099,   0.700,   2.999,   0.800,   3.099
202607300406,   1.759,   3.040,9999.000,9999.000,9999.000,9999.000,9999.000,9999.000,9999.000
202607300412,   1.714,   2.988,9999.000,9999.000,9999.000,9999.000,9999.000,9999.000,9999.000
202607300418,   1.669,   2.938,9999.000,9999.000,9999.000,9999.000,9999.000,9999.000,9999.000
202607300424,   1.623,   2.899,9999.000,9999.000,9999.000,9999.000,9999.000,9999.000,9999.000
202607300430,   1.577,   2.869,9999.000,9999.000,9999.000,9999.000,9999.000,9999.000,9999.000
202607300436,   1.530,   2.840,9999.000,9999.000,9999.000,9999.000,9999.000,9999.000,9999.000
202607300442,   1.483,   2.797,9999.000,9999.000,9999.000,9999.000,9999.000,9999.000,9999.000
202607300448,   1.436,   2.748,9999.000,9999.000,9999.000,9999.000,9999.000,9999.000,9999.000
202607300454,   1.388,   2.709,9999.000,9999.000,9999.000,9999.000,9999.000,9999.000,9999.000
202607300500,   1.341,   2.660,   0.800,   0.519,   2.660,   0.700,   2.560,   0.800,   2.660
202607300506,   1.293,   2.620,9999.000,9999.000,9999.000,9999.000,9999.000,9999.000,9999.000
202607300512,   1.246,   2.568,9999.000,9999.000,9999.000,9999.000,9999.000,9999.000,9999.000
202607300518,   1.199,   2.509,9999.000,9999.000,9999.000,9999.000,9999.000,9999.000,9999.000
202607300524,   1.152,   2.430,9999.000,9999.000,9999.000,9999.000,9999.000,9999.000,9999.000
202607300530,   1.106,   2.368,9999.000,9999.000,9999.000,9999.000,9999.000,9999.000,9999.000
202607300536,   1.061,   2.289,9999.000,9999.000,9999.000,9999.000,9999.000,9999.000,9999.000
202607300542,   1.016,   2.230,9999.000,9999.000,9999.000,9999.000,9999.000,9999.000,9999.000
202607300548,   0.972,   2.168,9999.000,9999.000,9999.000,9999.000,9999.000,9999.000,9999.000
202607300554,   0.929,   2.099,9999.000,9999.000,9999.000,9999.000,9999.000,9999.000,9999.000
202607300600,   0.886,   2.040,   0.700,   0.454,   2.040,   0.700,   2.040,   0.700,   2.040
202607300606,   0.845,   1.981,9999.000,9999.000,9999.000,9999.000,9999.000,9999.000,9999.000
202607300612,   0.806,   1.918,9999.000,9999.000,9999.000,9999.000,9999.000,9999.000,9999.000
202607300618,   0.767,   1.869,9999.000,9999.000,9999.000,9999.000,9999.000,9999.000,9999.000
202607300624,   0.731,   1.820,9999.000,9999.000,9999.000,9999.000,9999.000,9999.000,9999.000
202607300630,   0.696,   1.767,9999.000,9999.000,9999.000,9999.000,9999.000,9999.000,9999.000
202607300636,   0.662,   1.708,9999.000,9999.000,9999.000,9999.000,9999.000,9999.000,9999.000
202607300642,   0.631,   1.659,9999.000,9999.000,9999.000,9999.000,9999.000,9999.000,9999.000
202607300648,   0.602,   1.600,9999.000,9999.000,9999.000,9999.000,9999.000,9999.000,9999.000
202607300654,   0.575,   1.548,9999.000,9999.000,9999.000,9999.000,9999.000,9999.000,9999.000
202607300700,   0.550,   1.498,   0.700,   0.248,   1.498,   0.700,   1.498,   0.700,   1.498
202607300706,   0.528,   1.439,9999.000,9999.000,9999.000,9999.000,9999.000,9999.000,9999.000
202607300712,   0.508,   1.410,9999.000,9999.000,9999.000,9999.000,9999.000,9999.000,9999.000
202607300718,   0.490,   1.361,9999.000,9999.000,9999.000,9999.000,9999.000,9999.000,9999.000
202607300724,   0.475,   1.318,9999.000,9999.000,9999.000,9999.000,9999.000,9999.000,9999.000
202607300730,   0.463,   1.289,9999.000,9999.000,9999.000,9999.000,9999.000,9999.000,9999.000
202607300736,   0.454,   1.239,9999.000,9999.000,9999.000,9999.000,9999.000,9999.000,9999.000
202607300742,   0.447,   1.200,9999.000,9999.000,9999.000,9999.000,9999.000,9999.000,9999.000
202607300748,   0.442,   1.151,9999.000,9999.000,9999.000,9999.000,9999.000,9999.000,9999.000
202607300754,   0.440,   1.118,9999.000,9999.000,9999.000,9999.000,9999.000,9999.000,9999.000
202607300800,   0.441,   1.088,   0.700,  -0.053,   1.088,   0.600,   0.988,   0.700,   1.088
202607300806,   0.444,   1.069,9999.000,9999.000,9999.000,9999.000,9999.000,9999.000,9999.000
202607300812,   0.449,   1.049,9999.000,9999.000,9999.000,9999.000,9999.000,9999.000,9999.000
202607300818,   0.457,   1.029,9999.000,9999.000,9999.000,9999.000,9999.000,9999.000,9999.000
202607300824,   0.466,   1.039,9999.000,9999.000,9999.000,9999.000,9999.000,9999.000,9999.000
202607300830,   0.478,   1.029,9999.000,9999.000,9999.000,9999.000,9999.000,9999.000,9999.000
202607300836,   0.492,   1.029,9999.000,9999.000,9999.000,9999.000,9999.000,9999.000,9999.000
202607300842,   0.508,   1.039,9999.000,9999.000,9999.000,9999.000,9999.000,9999.000,9999.000
202607300848,   0.525,   1.059,9999.000,9999.000,9999.000,9999.000,9999.000,9999.000,9999.000
202607300854,   0.545,   1.088,9999.000,9999.000,9999.000,9999.000,9999.000,9999.000,9999.000
202607300900,   0.566,   1.098,   0.700,  -0.168,   1.098,   0.600,   0.998,   0.700,   1.098
202607300906,   0.588,   1.128,9999.000,9999.000,9999.000,9999.000,9999.000,9999.000,9999.000
202607300912,   0.613,   1.138,9999.000,9999.000,9999.000,9999.000,9999.000,9999.000,9999.000
202607300918,   0.639,   1.161,9999.000,9999.000,9999.000,9999.000,9999.000,9999.000,9999.000
202607300924,   0.667,   1.180,9999.000,9999.000,9999.000,9999.000,9999.000,9999.000,9999.000
202607300930,   0.696,   1.239,9999.000,9999.000,9999.000,9999.000,9999.000,9999.000,9999.000
202607300936,   0.727,   1.298,9999.000,9999.000,9999.000,9999.000,9999.000,9999.000,9999.000
202607300942,   0.760,   1.348,9999.000,9999.000,9999.000,9999.000,9999.000,9999.000,9999.000
202607300948,   0.795,   1.420,9999.000,9999.000,9999.000,9999.000,9999.000,9999.000,9999.000
202607300954,   0.831,   1.479,9999.000,9999.000,9999.000,9999.000,9999.000,9999.000,9999.000
202607301000,   0.869,   1.518,   0.600,   0.049,   1.518,   0.600,   1.518,   0.700,   1.618
202607301006,   0.909,   1.548,9999.000,9999.000,9999.000,9999.000,9999.000,9999.000,9999.000
202607301012,   0.951,   1.580,9999.000,9999.000,9999.000,9999.000,9999.000,9999.000,9999.000
202607301018,   0.995,   1.600,9999.000,9999.000,9999.000,9999.000,9999.000,9999.000,9999.000
202607301024,   1.040,   1.620,9999.000,9999.000,9999.000,9999.000,9999.000,9999.000,9999.000
202607301030,   1.088,   1.649,9999.000,9999.000,9999.000,9999.000,9999.000,9999.000,9999.000
202607301036,   1.136,   1.679,9999.000,9999.000,9999.000,9999.000,9999.000,9999.000,9999.000
202607301042,   1.187,   1.718,9999.000,9999.000,9999.000,9999.000,9999.000,9999.000,9999.000
202607301048,   1.238,   1.781,9999.000,9999.000,9999.000,9999.000,9999.000,9999.000,9999.000
202607301054,   1.291,   1.849,9999.000,9999.000,9999.000,9999.000,9999.000,9999.000,9999.000
202607301100,   1.345,   1.899,   0.600,  -0.046,   1.899,   0.600,   1.899,   0.700,   1.999
202607301106,   1.399,   1.958,9999.000,9999.000,9999.000,9999.000,9999.000,9999.000,9999.000
202607301112,   1.454,   2.030,9999.000,9999.000,9999.000,9999.000,9999.000,9999.000,9999.000
202607301118,   1.509,   2.089,9999.000,9999.000,9999.000,9999.000,9999.000,9999.000,9999.000
202607301124,   1.564,   2.148,9999.000,9999.000,9999.000,9999.000,9999.000,9999.000,9999.000
202607301130,   1.618,   2.210,9999.000,9999.000,9999.000,9999.000,9999.000,9999.000,9999.000
202607301136,   1.671,   2.269,9999.000,9999.000,9999.000,9999.000,9999.000,9999.000,9999.000
202607301142,   1.724,   2.318,9999.000,9999.000,9999.000,9999.000,9999.000,9999.000,9999.000
202607301148,   1.775,   2.377,9999.000,9999.000,9999.000,9999.000,9999.000,9999.000,9999.000
202607301154,   1.824,   2.459,9999.000,9999.000,9999.000,9999.000,9999.000,9999.000,9999.000
202607301200,   1.871,   2.509,   0.700,   0.048,   2.619,   0.600,   2.519,   0.700,   2.619
202607301206,   1.916,   2.558,9999.000,9999.000,9999.000,9999.000,9999.000,9999.000,9999.000
202607301212,   1.958,   2.587,9999.000,9999.000,9999.000,9999.000,9999.000,9999.000,9999.000
202607301218,   1.997,   2.610,9999.000,9999.000,9999.000,9999.000,9999.000,9999.000,9999.000
202607301224,   2.034,   2.610,9999.000,9999.000,9999.000,9999.000,9999.000,9999.000,9999.000
202607301230,   2.067,   2.610,9999.000,9999.000,9999.000,9999.000,9999.000,9999.000,9999.000
202607301236,   2.098,   2.630,9999.000,9999.000,9999.000,9999.000,9999.000,9999.000,9999.000
202607301242,   2.125,   2.669,9999.000,9999.000,9999.000,9999.000,9999.000,9999.000,9999.000
202607301248,   2.148,   2.719,9999.000,9999.000,9999.000,9999.000,9999.000,9999.000,9999.000
202607301254,   2.169,   2.768,9999.000,9999.000,9999.000,9999.000,9999.000,9999.000,9999.000
202607301300,   2.186,   2.807,   0.600,   0.181,   2.967,   0.600,   2.967,   0.700,   3.067
202607301306,   2.200,   2.850,9999.000,9999.000,9999.000,9999.000,9999.000,9999.000,9999.000
202607301312,   2.211,   2.879,9999.000,9999.000,9999.000,9999.000,9999.000,9999.000,9999.000
202607301318,   2.218,   2.919,9999.000,9999.000,9999.000,9999.000,9999.000,9999.000,9999.000
202607301324,   2.223,   2.958,9999.000,9999.000,9999.000,9999.000,9999.000,9999.000,9999.000
202607301330,   2.225,   2.978,9999.000,9999.000,9999.000,9999.000,9999.000,9999.000,9999.000
202607301336,   2.225,   2.988,9999.000,9999.000,9999.000,9999.000,9999.000,9999.000,9999.000
202607301342,   2.222,   3.017,9999.000,9999.000,9999.000,9999.000,9999.000,9999.000,9999.000
202607301348,   2.217,   3.040,9999.000,9999.000,9999.000,9999.000,9999.000,9999.000,9999.000
202607301354,   2.210,   3.079,9999.000,9999.000,9999.000,9999.000,9999.000,9999.000,9999.000
202607301400,   2.201,   3.109,   0.600,   0.298,   3.099,   0.600,   3.099,   0.700,   3.199
202607301406,   2.190,   3.119,9999.000,9999.000,9999.000,9999.000,9999.000,9999.000,9999.000
202607301412,   2.177,   3.158,9999.000,9999.000,9999.000,9999.000,9999.000,9999.000,9999.000
202607301418,   2.162,   3.158,9999.000,9999.000,9999.000,9999.000,9999.000,9999.000,9999.000
202607301424,   2.146,   3.148,9999.000,9999.000,9999.000,9999.000,9999.000,9999.000,9999.000
202607301430,   2.129,   3.138,9999.000,9999.000,9999.000,9999.000,9999.000,9999.000,9999.000
202607301436,   2.110,   3.129,9999.000,9999.000,9999.000,9999.000,9999.000,9999.000,9999.000
202607301442,   2.090,   3.119,9999.000,9999.000,9999.000,9999.000,9999.000,9999.000,9999.000
202607301448,   2.068,   3.119,9999.000,9999.000,9999.000,9999.000,9999.000,9999.000,9999.000
202607301454,   2.045,   3.109,9999.000,9999.000,9999.000,9999.000,9999.000,9999.000,9999.000
202607301500,   2.021,   3.109,   0.600,   0.407,   3.028,   0.600,   3.028,   0.600,   3.028
202607301506,   1.995,   3.070,9999.000,9999.000,9999.000,9999.000,9999.000,9999.000,9999.000
202607301512,   1.968,   3.050,9999.000,9999.000,9999.000,9999.000,9999.000,9999.000,9999.000
202607301518,   1.939,   3.017,9999.000,9999.000,9999.000,9999.000,9999.000,9999.000,9999.000
202607301524,   1.909,   2.988,9999.000,9999.000,9999.000,9999.000,9999.000,9999.000,9999.000
202607301530,   1.878,   2.948,9999.000,9999.000,9999.000,9999.000,9999.000,9999.000,9999.000
202607301536,   1.845,   2.938,9999.000,9999.000,9999.000,9999.000,9999.000,9999.000,9999.000
202607301542,   1.811,   2.899,9999.000,9999.000,9999.000,9999.000,9999.000,9999.000,9999.000
202607301548,   1.775,   2.869,9999.000,9999.000,9999.000,9999.000,9999.000,9999.000,9999.000
202607301554,   1.739,   2.840,9999.000,9999.000,9999.000,9999.000,9999.000,9999.000,9999.000
202607301600,   1.701,   2.787,   0.600,   0.463,   2.764,   0.600,   2.764,   0.600,   2.764
202607301606,   1.662,   2.748,9999.000,9999.000,9999.000,9999.000,9999.000,9999.000,9999.000
202607301612,   1.621,   2.719,9999.000,9999.000,9999.000,9999.000,9999.000,9999.000,9999.000
202607301618,   1.580,   2.679,9999.000,9999.000,9999.000,9999.000,9999.000,9999.000,9999.000
202607301624,   1.538,   2.640,9999.000,9999.000,9999.000,9999.000,9999.000,9999.000,9999.000
202607301630,   1.495,   2.597,9999.000,9999.000,9999.000,9999.000,9999.000,9999.000,9999.000
202607301636,   1.451,   2.558,9999.000,9999.000,9999.000,9999.000,9999.000,9999.000,9999.000
202607301642,   1.407,   2.528,9999.000,9999.000,9999.000,9999.000,9999.000,9999.000,9999.000
202607301648,   1.362,   2.479,9999.000,9999.000,9999.000,9999.000,9999.000,9999.000,9999.000
202607301654,   1.316,   2.450,9999.000,9999.000,9999.000,9999.000,9999.000,9999.000,9999.000
202607301700,   1.271,   2.420,   0.600,   0.414,   2.285,   0.600,   2.285,   0.600,   2.285
202607301706,   1.225,   2.358,9999.000,9999.000,9999.000,9999.000,9999.000,9999.000,9999.000
202607301712,   1.179,   2.299,9999.000,9999.000,9999.000,9999.000,9999.000,9999.000,9999.000
202607301718,   1.134,   2.240,9999.000,9999.000,9999.000,9999.000,9999.000,9999.000,9999.000
202607301724,   1.088,   2.177,9999.000,9999.000,9999.000,9999.000,9999.000,9999.000,9999.000
202607301730,   1.043,   2.128,9999.000,9999.000,9999.000,9999.000,9999.000,9999.000,9999.000
202607301736,   0.998,   2.079,9999.000,9999.000,9999.000,9999.000,9999.000,9999.000,9999.000
202607301742,   0.954,   2.040,9999.000,9999.000,9999.000,9999.000,9999.000,9999.000,9999.000
202607301748,   0.910,   1.990,9999.000,9999.000,9999.000,9999.000,9999.000,9999.000,9999.000
202607301754,   0.867,   1.928,9999.000,9999.000,9999.000,9999.000,9999.000,9999.000,9999.000
202607301800,   0.825,   1.928,   0.600,   0.308,   1.733,   0.600,   1.733,   0.600,   1.733
202607301806,   0.784,9999.000,9999.000,9999.000,9999.000,9999.000,9999.000,9999.000,9999.000
202607301812,   0.744,9999.000,9999.000,9999.000,9999.000,9999.000,9999.000,9999.000,9999.000
202607301818,   0.705,9999.000,9999.000,9999.000,9999.000,9999.000,9999.000,9999.000,9999.000
202607301824,   0.668,9999.000,9999.000,9999.000,9999.000,9999.000,9999.000,9999.000,9999.000
202607301830,   0.632,9999.000,9999.000,9999.000,9999.000,9999.000,9999.000,9999.000,9999.000
202607301836,   0.597,9999.000,9999.000,9999.000,9999.000,9999.000,9999.000,9999.000,9999.000
202607301842,   0.564,9999.000,9999.000,9999.000,9999.000,9999.000,9999.000,9999.000,9999.000
202607301848,   0.533,9999.000,9999.000,9999.000,9999.000,9999.000,9999.000,9999.000,9999.000
202607301854,   0.504,9999.000,9999.000,9999.000,9999.000,9999.000,9999.000,9999.000,9999.000
202607301900,   0.477,9999.000,   0.600,   0.233,   1.310,   0.600,   1.310,   0.600,   1.310
202607301906,   0.452,9999.000,9999.000,9999.000,9999.000,9999.000,9999.000,9999.000,9999.000
202607301912,   0.430,9999.000,9999.000,9999.000,9999.000,9999.000,9999.000,9999.000,9999.000
202607301918,   0.410,9999.000,9999.000,9999.000,9999.000,9999.000,9999.000,9999.000,9999.000
202607301924,   0.393,9999.000,9999.000,9999.000,9999.000,9999.000,9999.000,9999.000,9999.000
202607301930,   0.378,9999.000,9999.000,9999.000,9999.000,9999.000,9999.000,9999.000,9999.000
202607301936,   0.366,9999.000,9999.000,9999.000,9999.000,9999.000,9999.000,9999.000,9999.000
202607301942,   0.357,9999.000,9999.000,9999.000,9999.000,9999.000,9999.000,9999.000,9999.000
202607301948,   0.350,9999.000,9999.000,9999.000,9999.000,9999.000,9999.000,9999.000,9999.000
202607301954,   0.347,9999.000,9999.000,9999.000,9999.000,9999.000,9999.000,9999.000,9999.000
202607302000,   0.346,9999.000,   0.600,   0.180,   1.126,   0.600,   1.126,   0.600,   1.126
202607302006,   0.348,9999.000,9999.000,9999.000,9999.000,9999.000,9999.000,9999.000,9999.000
202607302012,   0.353,9999.000,9999.000,9999.000,9999.000,9999.000,9999.000,9999.000,9999.000
202607302018,   0.360,9999.000,9999.000,9999.000,9999.000,9999.000,9999.000,9999.000,9999.000
202607302024,   0.371,9999.000,9999.000,9999.000,9999.000,9999.000,9999.000,9999.000,9999.000
202607302030,   0.384,9999.000,9999.000,9999.000,9999.000,9999.000,9999.000,9999.000,9999.000
202607302036,   0.399,9999.000,9999.000,9999.000,9999.000,9999.000,9999.000,9999.000,9999.000
202607302042,   0.417,9999.000,9999.000,9999.000,9999.000,9999.000,9999.000,9999.000,9999.000
202607302048,   0.437,9999.000,9999.000,9999.000,9999.000,9999.000,9999.000,9999.000,9999.000
202607302054,   0.460,9999.000,9999.000,9999.000,9999.000,9999.000,9999.000,9999.000,9999.000
202607302100,   0.484,9999.000,   0.600,   0.085,   1.169,   0.600,   1.169,   0.600,   1.169
202607302106,   0.511,9999.000,9999.000,9999.000,9999.000,9999.000,9999.000,9999.000,9999.000
202607302112,   0.539,9999.000,9999.000,9999.000,9999.000,9999.000,9999.000,9999.000,9999.000
202607302118,   0.570,9999.000,9999.000,9999.000,9999.000,9999.000,9999.000,9999.000,9999.000
202607302124,   0.602,9999.000,9999.000,9999.000,9999.000,9999.000,9999.000,9999.000,9999.000
202607302130,   0.636,9999.000,9999.000,9999.000,9999.000,9999.000,9999.000,9999.000,9999.000
202607302136,   0.671,9999.000,9999.000,9999.000,9999.000,9999.000,9999.000,9999.000,9999.000
202607302142,   0.709,9999.000,9999.000,9999.000,9999.000,9999.000,9999.000,9999.000,9999.000
202607302148,   0.747,9999.000,9999.000,9999.000,9999.000,9999.000,9999.000,9999.000,9999.000
202607302154,   0.788,9999.000,9999.000,9999.000,9999.000,9999.000,9999.000,9999.000,9999.000
202607302200,   0.830,9999.000,   0.600,  -0.034,   1.396,   0.600,   1.396,   0.600,   1.396
202607302206,   0.874,9999.000,9999.000,9999.000,9999.000,9999.000,9999.000,9999.000,9999.000
202607302212,   0.919,9999.000,9999.000,9999.000,9999.000,9999.000,9999.000,9999.000,9999.000
202607302218,   0.966,9999.000,9999.000,9999.000,9999.000,9999.000,9999.000,9999.000,9999.000
202607302224,   1.015,9999.000,9999.000,9999.000,9999.000,9999.000,9999.000,9999.000,9999.000
202607302230,   1.065,9999.000,9999.000,9999.000,9999.000,9999.000,9999.000,9999.000,9999.000
202607302236,   1.117,9999.000,9999.000,9999.000,9999.000,9999.000,9999.000,9999.000,9999.000
202607302242,   1.171,9999.000,9999.000,9999.000,9999.000,9999.000,9999.000,9999.000,9999.000
202607302248,   1.226,9999.000,9999.000,9999.000,9999.000,9999.000,9999.000,9999.000,9999.000
202607302254,   1.283,9999.000,9999.000,9999.000,9999.000,9999.000,9999.000,9999.000,9999.000
202607302300,   1.341,9999.000,   0.600,  -0.087,   1.854,   0.600,   1.854,   0.700,   1.954
202607302306,   1.400,9999.000,9999.000,9999.000,9999.000,9999.000,9999.000,9999.000,9999.000
202607302312,   1.461,9999.000,9999.000,9999.000,9999.000,9999.000,9999.000,9999.000,9999.000
202607302318,   1.522,9999.000,9999.000,9999.000,9999.000,9999.000,9999.000,9999.000,9999.000
202607302324,   1.584,9999.000,9999.000,9999.000,9999.000,9999.000,9999.000,9999.000,9999.000
202607302330,   1.646,9999.000,9999.000,9999.000,9999.000,9999.000,9999.000,9999.000,9999.000
202607302336,   1.709,9999.000,9999.000,9999.000,9999.000,9999.000,9999.000,9999.000,9999.000
202607302342,   1.771,9999.000,9999.000,9999.000,9999.000,9999.000,9999.000,9999.000,9999.000
202607302348,   1.833,9999.000,9999.000,9999.000,9999.000,9999.000,9999.000,9999.000,9999.000
202607302354,   1.894,9999.000,9999.000,9999.000,9999.000,9999.000,9999.000,9999.000,9999.000
202607310000,   1.954,9999.000,   0.600,  -0.059,   2.495,   0.600,   2.495,   0.700,   2.595
202607310006,   2.012,9999.000,9999.000,9999.000,9999.000,9999.000,9999.000,9999.000,9999.000
202607310012,   2.069,9999.000,9999.000,9999.000,9999.000,9999.000,9999.000,9999.000,9999.000
202607310018,   2.123,9999.000,9999.000,9999.000,9999.000,9999.000,9999.000,9999.000,9999.000
202607310024,   2.175,9999.000,9999.000,9999.000,9999.000,9999.000,9999.000,9999.000,9999.000
202607310030,   2.224,9999.000,9999.000,9999.000,9999.000,9999.000,9999.000,9999.000,9999.000
202607310036,   2.271,9999.000,9999.000,9999.000,9999.000,9999.000,9999.000,9999.000,9999.000
202607310042,   2.314,9999.000,9999.000,9999.000,9999.000,9999.000,9999.000,9999.000,9999.000
202607310048,   2.354,9999.000,9999.000,9999.000,9999.000,9999.000,9999.000,9999.000,9999.000
202607310054,   2.390,9999.000,9999.000,9999.000,9999.000,9999.000,9999.000,9999.000,9999.000
202607310100,   2.423,9999.000,   0.600,  -0.013,   3.010,   0.600,   3.010,   0.700,   3.110
202607310106,   2.452,9999.000,9999.000,9999.000,9999.000,9999.000,9999.000,9999.000,9999.000
202607310112,   2.478,9999.000,9999.000,9999.000,9999.000,9999.000,9999.000,9999.000,9999.000
202607310118,   2.499,9999.000,9999.000,9999.000,9999.000,9999.000,9999.000,9999.000,9999.000
202607310124,   2.517,9999.000,9999.000,9999.000,9999.000,9999.000,9999.000,9999.000,9999.000
202607310130,   2.532,9999.000,9999.000,9999.000,9999.000,9999.000,9999.000,9999.000,9999.000
202607310136,   2.542,9999.000,9999.000,9999.000,9999.000,9999.000,9999.000,9999.000,9999.000
202607310142,   2.550,9999.000,9999.000,9999.000,9999.000,9999.000,9999.000,9999.000,9999.000
202607310148,   2.554,9999.000,9999.000,9999.000,9999.000,9999.000,9999.000,9999.000,9999.000
202607310154,   2.555,9999.000,9999.000,9999.000,9999.000,9999.000,9999.000,9999.000,9999.000
202607310200,   2.553,9999.000,   0.600,   0.027,   3.180,   0.600,   3.180,   0.700,   3.280
202607310206,   2.548,9999.000,9999.000,9999.000,9999.000,9999.000,9999.000,9999.000,9999.000
202607310212,   2.541,9999.000,9999.000,9999.000,9999.000,9999.000,9999.000,9999.000,9999.000
202607310218,   2.531,9999.000,9999.000,9999.000,9999.000,9999.000,9999.000,9999.000,9999.000
202607310224,   2.519,9999.000,9999.000,9999.000,9999.000,9999.000,9999.000,9999.000,9999.000
202607310230,   2.505,9999.000,9999.000,9999.000,9999.000,9999.000,9999.000,9999.000,9999.000
202607310236,   2.488,9999.000,9999.000,9999.000,9999.000,9999.000,9999.000,9999.000,9999.000
202607310242,   2.470,9999.000,9999.000,9999.000,9999.000,9999.000,9999.000,9999.000,9999.000
202607310248,   2.450,9999.000,9999.000,9999.000,9999.000,9999.000,9999.000,9999.000,9999.000
202607310254,   2.429,9999.000,9999.000,9999.000,9999.000,9999.000,9999.000,9999.000,9999.000
202607310300,   2.405,9999.000,   0.600,   0.101,   3.106,   0.600,   3.106,   0.700,   3.206
202607310306,   2.380,9999.000,9999.000,9999.000,9999.000,9999.000,9999.000,9999.000,9999.000
202607310312,   2.354,9999.000,9999.000,9999.000,9999.000,9999.000,9999.000,9999.000,9999.000
202607310318,   2.326,9999.000,9999.000,9999.000,9999.000,9999.000,9999.000,9999.000,9999.000
202607310324,   2.297,9999.000,9999.000,9999.000,9999.000,9999.000,9999.000,9999.000,9999.000
202607310330,   2.266,9999.000,9999.000,9999.000,9999.000,9999.000,9999.000,9999.000,9999.000
202607310336,   2.234,9999.000,9999.000,9999.000,9999.000,9999.000,9999.000,9999.000,9999.000
202607310342,   2.200,9999.000,9999.000,9999.000,9999.000,9999.000,9999.000,9999.000,9999.000
202607310348,   2.165,9999.000,9999.000,9999.000,9999.000,9999.000,9999.000,9999.000,9999.000
202607310354,   2.129,9999.000,9999.000,9999.000,9999.000,9999.000,9999.000,9999.000,9999.000
202607310400,   2.091,9999.000,   0.600,   0.206,   2.897,   0.600,   2.897,   0.700,   2.997
202607310406,   2.051,9999.000,9999.000,9999.000,9999.000,9999.000,9999.000,9999.000,9999.000
202607310412,   2.011,9999.000,9999.000,9999.000,9999.000,9999.000,9999.000,9999.000,9999.000
202607310418,   1.969,9999.000,9999.000,9999.000,9999.000,9999.000,9999.000,9999.000,9999.000
202607310424,   1.926,9999.000,9999.000,9999.000,9999.000,9999.000,9999.000,9999.000,9999.000
202607310430,   1.881,9999.000,9999.000,9999.000,9999.000,9999.000,9999.000,9999.000,9999.000
202607310436,   1.836,9999.000,9999.000,9999.000,9999.000,9999.000,9999.000,9999.000,9999.000
202607310442,   1.790,9999.000,9999.000,9999.000,9999.000,9999.000,9999.000,9999.000,9999.000
202607310448,   1.742,9999.000,9999.000,9999.000,9999.000,9999.000,9999.000,9999.000,9999.000
202607310454,   1.694,9999.000,9999.000,9999.000,9999.000,9999.000,9999.000,9999.000,9999.000
202607310500,   1.645,9999.000,   0.600,   0.281,   2.526,   0.600,   2.526,   0.700,   2.626
202607310506,   1.596,9999.000,9999.000,9999.000,9999.000,9999.000,9999.000,9999.000,9999.000
202607310512,   1.546,9999.000,9999.000,9999.000,9999.000,9999.000,9999.000,9999.000,9999.000
202607310518,   1.496,9999.000,9999.000,9999.000,9999.000,9999.000,9999.000,9999.000,9999.000
202607310524,   1.445,9999.000,9999.000,9999.000,9999.000,9999.000,9999.000,9999.000,9999.000
202607310530,   1.395,9999.000,9999.000,9999.000,9999.000,9999.000,9999.000,9999.000,9999.000
202607310536,   1.344,9999.000,9999.000,9999.000,9999.000,9999.000,9999.000,9999.000,9999.000
202607310542,   1.293,9999.000,9999.000,9999.000,9999.000,9999.000,9999.000,9999.000,9999.000
202607310548,   1.243,9999.000,9999.000,9999.000,9999.000,9999.000,9999.000,9999.000,9999.000
202607310554,   1.193,9999.000,9999.000,9999.000,9999.000,9999.000,9999.000,9999.000,9999.000
202607310600,   1.143,9999.000,   0.600,   0.284,   2.027,   0.600,   2.027,   0.700,   2.127
202607310606,   1.094,9999.000,9999.000,9999.000,9999.000,9999.000,9999.000,9999.000,9999.000
202607310612,   1.045,9999.000,9999.000,9999.000,9999.000,9999.000,9999.000,9999.000,9999.000
202607310618,   0.998,9999.000,9999.000,9999.000,9999.000,9999.000,9999.000,9999.000,9999.000
202607310624,   0.950,9999.000,9999.000,9999.000,9999.000,9999.000,9999.000,9999.000,9999.000
202607310630,   0.904,9999.000,9999.000,9999.000,9999.000,9999.000,9999.000,9999.000,9999.000
202607310636,   0.859,9999.000,9999.000,9999.000,9999.000,9999.000,9999.000,9999.000,9999.000
202607310642,   0.815,9999.000,9999.000,9999.000,9999.000,9999.000,9999.000,9999.000,9999.000
202607310648,   0.772,9999.000,9999.000,9999.000,9999.000,9999.000,9999.000,9999.000,9999.000
202607310654,   0.731,9999.000,9999.000,9999.000,9999.000,9999.000,9999.000,9999.000,9999.000
202607310700,   0.690,9999.000,   0.600,   0.224,   1.514,   0.600,   1.514,   0.700,   1.614
202607310706,   0.652,9999.000,9999.000,9999.000,9999.000,9999.000,9999.000,9999.000,9999.000
202607310712,   0.615,9999.000,9999.000,9999.000,9999.000,9999.000,9999.000,9999.000,9999.000
202607310718,   0.581,9999.000,9999.000,9999.000,9999.000,9999.000,9999.000,9999.000,9999.000
202607310724,   0.548,9999.000,9999.000,9999.000,9999.000,9999.000,9999.000,9999.000,9999.000
202607310730,   0.517,9999.000,9999.000,9999.000,9999.000,9999.000,9999.000,9999.000,9999.000
202607310736,   0.488,9999.000,9999.000,9999.000,9999.000,9999.000,9999.000,9999.000,9999.000
202607310742,   0.462,9999.000,9999.000,9999.000,9999.000,9999.000,9999.000,9999.000,9999.000
202607310748,   0.438,9999.000,9999.000,9999.000,9999.000,9999.000,9999.000,9999.000,9999.000
202607310754,   0.417,9999.000,9999.000,9999.000,9999.000,9999.000,9999.000,9999.000,9999.000
202607310800,   0.399,9999.000,   0.600,   0.114,   1.113,   0.600,   1.113,   0.600,   1.113
202607310806,   0.383,9999.000,9999.000,9999.000,9999.000,9999.000,9999.000,9999.000,9999.000
202607310812,   0.370,9999.000,9999.000,9999.000,9999.000,9999.000,9999.000,9999.000,9999.000
202607310818,   0.359,9999.000,9999.000,9999.000,9999.000,9999.000,9999.000,9999.000,9999.000
202607310824,   0.351,9999.000,9999.000,9999.000,9999.000,9999.000,9999.000,9999.000,9999.000
202607310830,   0.347,9999.000,9999.000,9999.000,9999.000,9999.000,9999.000,9999.000,9999.000
202607310836,   0.345,9999.000,9999.000,9999.000,9999.000,9999.000,9999.000,9999.000,9999.000
202607310842,   0.345,9999.000,9999.000,9999.000,9999.000,9999.000,9999.000,9999.000,9999.000
202607310848,   0.348,9999.000,9999.000,9999.000,9999.000,9999.000,9999.000,9999.000,9999.000
202607310854,   0.354,9999.000,9999.000,9999.000,9999.000,9999.000,9999.000,9999.000,9999.000
202607310900,   0.363,9999.000,   0.600,  -0.026,   0.937,   0.600,   0.937,   0.700,   1.037
202607310906,   0.374,9999.000,9999.000,9999.000,9999.000,9999.000,9999.000,9999.000,9999.000
202607310912,   0.387,9999.000,9999.000,9999.000,9999.000,9999.000,9999.000,9999.000,9999.000
202607310918,   0.402,9999.000,9999.000,9999.000,9999.000,9999.000,9999.000,9999.000,9999.000
202607310924,   0.420,9999.000,9999.000,9999.000,9999.000,9999.000,9999.000,9999.000,9999.000
202607310930,   0.440,9999.000,9999.000,9999.000,9999.000,9999.000,9999.000,9999.000,9999.000
202607310936,   0.461,9999.000,9999.000,9999.000,9999.000,9999.000,9999.000,9999.000,9999.000
202607310942,   0.485,9999.000,9999.000,9999.000,9999.000,9999.000,9999.000,9999.000,9999.000
202607310948,   0.511,9999.000,9999.000,9999.000,9999.000,9999.000,9999.000,9999.000,9999.000
202607310954,   0.538,9999.000,9999.000,9999.000,9999.000,9999.000,9999.000,9999.000,9999.000
202607311000,   0.567,9999.000,   0.600,  -0.129,   1.038,   0.600,   1.038,   0.700,   1.138
202607311006,   0.598,9999.000,9999.000,9999.000,9999.000,9999.000,9999.000,9999.000,9999.000
202607311012,   0.631,9999.000,9999.000,9999.000,9999.000,9999.000,9999.000,9999.000,9999.000
202607311018,   0.665,9999.000,9999.000,9999.000,9999.000,9999.000,9999.000,9999.000,9999.000
202607311024,   0.702,9999.000,9999.000,9999.000,9999.000,9999.000,9999.000,9999.000,9999.000
202607311030,   0.740,9999.000,9999.000,9999.000,9999.000,9999.000,9999.000,9999.000,9999.000
202607311036,   0.780,9999.000,9999.000,9999.000,9999.000,9999.000,9999.000,9999.000,9999.000
202607311042,   0.822,9999.000,9999.000,9999.000,9999.000,9999.000,9999.000,9999.000,9999.000
202607311048,   0.866,9999.000,9999.000,9999.000,9999.000,9999.000,9999.000,9999.000,9999.000
202607311054,   0.911,9999.000,9999.000,9999.000,9999.000,9999.000,9999.000,9999.000,9999.000
202607311100,   0.959,9999.000,   0.600,  -0.133,   1.426,   0.500,   1.326,   0.700,   1.526
202607311106,   1.008,9999.000,9999.000,9999.000,9999.000,9999.000,9999.000,9999.000,9999.000
202607311112,   1.059,9999.000,9999.000,9999.000,9999.000,9999.000,9999.000,9999.000,9999.000
202607311118,   1.112,9999.000,9999.000,9999.000,9999.000,9999.000,9999.000,9999.000,9999.000
202607311124,   1.166,9999.000,9999.000,9999.000,9999.000,9999.000,9999.000,9999.000,9999.000
202607311130,   1.222,9999.000,9999.000,9999.000,9999.000,9999.000,9999.000,9999.000,9999.000
202607311136,   1.280,9999.000,9999.000,9999.000,9999.000,9999.000,9999.000,9999.000,9999.000
202607311142,   1.338,9999.000,9999.000,9999.000,9999.000,9999.000,9999.000,9999.000,9999.000
202607311148,   1.398,9999.000,9999.000,9999.000,9999.000,9999.000,9999.000,9999.000,9999.000
202607311154,   1.458,9999.000,9999.000,9999.000,9999.000,9999.000,9999.000,9999.000,9999.000
202607311200,   1.518,9999.000,   0.600,  -0.055,   2.063,   0.500,   1.963,   0.700,   2.163
202607311206,   1.579,9999.000,9999.000,9999.000,9999.000,9999.000,9999.000,9999.000,9999.000
202607311212,   1.639,9999.000,9999.000,9999.000,9999.000,9999.000,9999.000,9999.000,9999.000
202607311218,   1.699,9999.000,9999.000,9999.000,9999.000,9999.000,9999.000,9999.000,9999.000
202607311224,   1.758,9999.000,9999.000,9999.000,9999.000,9999.000,9999.000,9999.000,9999.000
202607311230,   1.816,9999.000,9999.000,9999.000,9999.000,9999.000,9999.000,9999.000,9999.000
202607311236,   1.872,9999.000,9999.000,9999.000,9999.000,9999.000,9999.000,9999.000,9999.000
202607311242,   1.926,9999.000,9999.000,9999.000,9999.000,9999.000,9999.000,9999.000,9999.000
202607311248,   1.978,9999.000,9999.000,9999.000,9999.000,9999.000,9999.000,9999.000,9999.000
202607311254,   2.028,9999.000,9999.000,9999.000,9999.000,9999.000,9999.000,9999.000,9999.000
202607311300,   2.075,9999.000,   0.600,   0.045,   2.720,   0.500,   2.620,   0.700,   2.820
202607311306,   2.119,9999.000,9999.000,9999.000,9999.000,9999.000,9999.000,9999.000,9999.000
202607311312,   2.160,9999.000,9999.000,9999.000,9999.000,9999.000,9999.000,9999.000,9999.000
202607311318,   2.197,9999.000,9999.000,9999.000,9999.000,9999.000,9999.000,9999.000,9999.000
202607311324,   2.231,9999.000,9999.000,9999.000,9999.000,9999.000,9999.000,9999.000,9999.000
202607311330,   2.261,9999.000,9999.000,9999.000,9999.000,9999.000,9999.000,9999.000,9999.000
202607311336,   2.287,9999.000,9999.000,9999.000,9999.000,9999.000,9999.000,9999.000,9999.000
202607311342,   2.310,9999.000,9999.000,9999.000,9999.000,9999.000,9999.000,9999.000,9999.000
202607311348,   2.330,9999.000,9999.000,9999.000,9999.000,9999.000,9999.000,9999.000,9999.000
202607311354,   2.345,9999.000,9999.000,9999.000,9999.000,9999.000,9999.000,9999.000,9999.000
202607311400,   2.357,9999.000,   0.600,   0.157,   3.114,   0.500,   3.014,   0.700,   3.214
202607311406,   2.366,9999.000,9999.000,9999.000,9999.000,9999.000,9999.000,9999.000,9999.000
202607311412,   2.371,9999.000,9999.000,9999.000,9999.000,9999.000,9999.000,9999.000,9999.000
202607311418,   2.373,9999.000,9999.000,9999.000,9999.000,9999.000,9999.000,9999.000,9999.000
202607311424,   2.372,9999.000,9999.000,9999.000,9999.000,9999.000,9999.000,9999.000,9999.000
202607311430,   2.369,9999.000,9999.000,9999.000,9999.000,9999.000,9999.000,9999.000,9999.000
202607311436,   2.362,9999.000,9999.000,9999.000,9999.000,9999.000,9999.000,9999.000,9999.000
202607311442,   2.354,9999.000,9999.000,9999.000,9999.000,9999.000,9999.000,9999.000,9999.000
202607311448,   2.342,9999.000,9999.000,9999.000,9999.000,9999.000,9999.000,9999.000,9999.000
202607311454,   2.329,9999.000,9999.000,9999.000,9999.000,9999.000,9999.000,9999.000,9999.000
202607311500,   2.313,9999.000,   0.600,   0.296,   3.209,   0.500,   3.109,   0.700,   3.309
202607311506,   2.296,9999.000,9999.000,9999.000,9999.000,9999.000,9999.000,9999.000,9999.000
202607311512,   2.277,9999.000,9999.000,9999.000,9999.000,9999.000,9999.000,9999.000,9999.000
202607311518,   2.255,9999.000,9999.000,9999.000,9999.000,9999.000,9999.000,9999.000,9999.000
202607311524,   2.233,9999.000,9999.000,9999.000,9999.000,9999.000,9999.000,9999.000,9999.000
202607311530,   2.208,9999.000,9999.000,9999.000,9999.000,9999.000,9999.000,9999.000,9999.000
202607311536,   2.182,9999.000,9999.000,9999.000,9999.000,9999.000,9999.000,9999.000,9999.000
202607311542,   2.155,9999.000,9999.000,9999.000,9999.000,9999.000,9999.000,9999.000,9999.000
202607311548,   2.126,9999.000,9999.000,9999.000,9999.000,9999.000,9999.000,9999.000,9999.000
202607311554,   2.095,9999.000,9999.000,9999.000,9999.000,9999.000,9999.000,9999.000,9999.000
202607311600,   2.063,9999.000,   0.600,   0.423,   3.086,   0.500,   2.986,   0.700,   3.186
202607311606,   2.030,9999.000,9999.000,9999.000,9999.000,9999.000,9999.000,9999.000,9999.000
202607311612,   1.995,9999.000,9999.000,9999.000,9999.000,9999.000,9999.000,9999.000,9999.000
202607311618,   1.959,9999.000,9999.000,9999.000,9999.000,9999.000,9999.000,9999.000,9999.000
202607311624,   1.921,9999.000,9999.000,9999.000,9999.000,9999.000,9999.000,9999.000,9999.000
202607311630,   1.882,9999.000,9999.000,9999.000,9999.000,9999.000,9999.000,9999.000,9999.000
202607311636,   1.842,9999.000,9999.000,9999.000,9999.000,9999.000,9999.000,9999.000,9999.000
202607311642,   1.800,9999.000,9999.000,9999.000,9999.000,9999.000,9999.000,9999.000,9999.000
202607311648,   1.757,9999.000,9999.000,9999.000,9999.000,9999.000,9999.000,9999.000,9999.000
202607311654,   1.713,9999.000,9999.000,9999.000,9999.000,9999.000,9999.000,9999.000,9999.000
202607311700,   1.668,9999.000,   0.600,   0.477,   2.745,   0.500,   2.645,   0.700,   2.845
202607311706,   1.622,9999.000,9999.000,9999.000,9999.000,9999.000,9999.000,9999.000,9999.000
202607311712,   1.575,9999.000,9999.000,9999.000,9999.000,9999.000,9999.000,9999.000,9999.000
202607311718,   1.527,9999.000,9999.000,9999.000,9999.000,9999.000,9999.000,9999.000,9999.000
202607311724,   1.479,9999.000,9999.000,9999.000,9999.000,9999.000,9999.000,9999.000,9999.000
202607311730,   1.430,9999.000,9999.000,9999.000,9999.000,9999.000,9999.000,9999.000,9999.000
202607311736,   1.381,9999.000,9999.000,9999.000,9999.000,9999.000,9999.000,9999.000,9999.000
202607311742,   1.332,9999.000,9999.000,9999.000,9999.000,9999.000,9999.000,9999.000,9999.000
202607311748,   1.282,9999.000,9999.000,9999.000,9999.000,9999.000,9999.000,9999.000,9999.000
202607311754,   1.233,9999.000,9999.000,9999.000,9999.000,9999.000,9999.000,9999.000,9999.000
202607311800,   1.183,9999.000,   0.600,   0.456,   2.239,   0.600,   2.239,   0.700,   2.339
202607311806,   1.134,9999.000,9999.000,9999.000,9999.000,9999.000,9999.000,9999.000,9999.000
202607311812,   1.085,9999.000,9999.000,9999.000,9999.000,9999.000,9999.000,9999.000,9999.000
202607311818,   1.036,9999.000,9999.000,9999.000,9999.000,9999.000,9999.000,9999.000,9999.000
202607311824,   0.988,9999.000,9999.000,9999.000,9999.000,9999.000,9999.000,9999.000,9999.000
202607311830,   0.941,9999.000,9999.000,9999.000,9999.000,9999.000,9999.000,9999.000,9999.000
202607311836,   0.894,9999.000,9999.000,9999.000,9999.000,9999.000,9999.000,9999.000,9999.000
202607311842,   0.848,9999.000,9999.000,9999.000,9999.000,9999.000,9999.000,9999.000,9999.000
202607311848,   0.804,9999.000,9999.000,9999.000,9999.000,9999.000,9999.000,9999.000,9999.000
202607311854,   0.760,9999.000,9999.000,9999.000,9999.000,9999.000,9999.000,9999.000,9999.000
202607311900,   0.717,9999.000,   0.600,   0.403,   1.720,   0.600,   1.720,   0.700,   1.820
202607311906,   0.676,9999.000,9999.000,9999.000,9999.000,9999.000,9999.000,9999.000,9999.000
202607311912,   0.636,9999.000,9999.000,9999.000,9999.000,9999.000,9999.000,9999.000,9999.000
202607311918,   0.597,9999.000,9999.000,9999.000,9999.000,9999.000,9999.000,9999.000,9999.000
202607311924,   0.561,9999.000,9999.000,9999.000,9999.000,9999.000,9999.000,9999.000,9999.000
202607311930,   0.526,9999.000,9999.000,9999.000,9999.000,9999.000,9999.000,9999.000,9999.000
202607311936,   0.493,9999.000,9999.000,9999.000,9999.000,9999.000,9999.000,9999.000,9999.000
202607311942,   0.461,9999.000,9999.000,9999.000,9999.000,9999.000,9999.000,9999.000,9999.000
202607311948,   0.433,9999.000,9999.000,9999.000,9999.000,9999.000,9999.000,9999.000,9999.000
202607311954,   0.406,9999.000,9999.000,9999.000,9999.000,9999.000,9999.000,9999.000,9999.000
202607312000,   0.382,9999.000,   0.600,   0.320,   1.302,   0.600,   1.302,   0.700,   1.402
202607312006,   0.360,9999.000,9999.000,9999.000,9999.000,9999.000,9999.000,9999.000,9999.000
202607312012,   0.341,9999.000,9999.000,9999.000,9999.000,9999.000,9999.000,9999.000,9999.000
202607312018,   0.324,9999.000,9999.000,9999.000,9999.000,9999.000,9999.000,9999.000,9999.000
202607312024,   0.310,9999.000,9999.000,9999.000,9999.000,9999.000,9999.000,9999.000,9999.000
202607312030,   0.300,9999.000,9999.000,9999.000,9999.000,9999.000,9999.000,9999.000,9999.000
202607312036,   0.292,9999.000,9999.000,9999.000,9999.000,9999.000,9999.000,9999.000,9999.000
202607312042,   0.287,9999.000,9999.000,9999.000,9999.000,9999.000,9999.000,9999.000,9999.000
202607312048,   0.285,9999.000,9999.000,9999.000,9999.000,9999.000,9999.000,9999.000,9999.000
202607312054,   0.285,9999.000,9999.000,9999.000,9999.000,9999.000,9999.000,9999.000,9999.000
202607312100,   0.289,9999.000,   0.600,   0.183,   1.072,   0.600,   1.072,   0.700,   1.172
202607312106,   0.296,9999.000,9999.000,9999.000,9999.000,9999.000,9999.000,9999.000,9999.000
202607312112,   0.305,9999.000,9999.000,9999.000,9999.000,9999.000,9999.000,9999.000,9999.000
202607312118,   0.318,9999.000,9999.000,9999.000,9999.000,9999.000,9999.000,9999.000,9999.000
202607312124,   0.333,9999.000,9999.000,9999.000,9999.000,9999.000,9999.000,9999.000,9999.000
202607312130,   0.350,9999.000,9999.000,9999.000,9999.000,9999.000,9999.000,9999.000,9999.000
202607312136,   0.370,9999.000,9999.000,9999.000,9999.000,9999.000,9999.000,9999.000,9999.000
202607312142,   0.392,9999.000,9999.000,9999.000,9999.000,9999.000,9999.000,9999.000,9999.000
202607312148,   0.417,9999.000,9999.000,9999.000,9999.000,9999.000,9999.000,9999.000,9999.000
202607312154,   0.444,9999.000,9999.000,9999.000,9999.000,9999.000,9999.000,9999.000,9999.000
202607312200,   0.473,9999.000,   0.600,   0.025,   1.098,   0.600,   1.098,   0.700,   1.198
202607312206,   0.504,9999.000,9999.000,9999.000,9999.000,9999.000,9999.000,9999.000,9999.000
202607312212,   0.537,9999.000,9999.000,9999.000,9999.000,9999.000,9999.000,9999.000,9999.000
202607312218,   0.571,9999.000,9999.000,9999.000,9999.000,9999.000,9999.000,9999.000,9999.000
202607312224,   0.608,9999.000,9999.000,9999.000,9999.000,9999.000,9999.000,9999.000,9999.000
202607312230,   0.647,9999.000,9999.000,9999.000,9999.000,9999.000,9999.000,9999.000,9999.000
202607312236,   0.687,9999.000,9999.000,9999.000,9999.000,9999.000,9999.000,9999.000,9999.000
202607312242,   0.729,9999.000,9999.000,9999.000,9999.000,9999.000,9999.000,9999.000,9999.000
202607312248,   0.773,9999.000,9999.000,9999.000,9999.000,9999.000,9999.000,9999.000,9999.000
202607312254,   0.818,9999.000,9999.000,9999.000,9999.000,9999.000,9999.000,9999.000,9999.000
202607312300,   0.865,9999.000,   0.600,  -0.082,   1.383,   0.600,   1.383,   0.700,   1.483
202607312306,   0.915,9999.000,9999.000,9999.000,9999.000,9999.000,9999.000,9999.000,9999.000
202607312312,   0.966,9999.000,9999.000,9999.000,9999.000,9999.000,9999.000,9999.000,9999.000
202607312318,   1.018,9999.000,9999.000,9999.000,9999.000,9999.000,9999.000,9999.000,9999.000
202607312324,   1.073,9999.000,9999.000,9999.000,9999.000,9999.000,9999.000,9999.000,9999.000
202607312330,   1.129,9999.000,9999.000,9999.000,9999.000,9999.000,9999.000,9999.000,9999.000
202607312336,   1.187,9999.000,9999.000,9999.000,9999.000,9999.000,9999.000,9999.000,9999.000
202607312342,   1.246,9999.000,9999.000,9999.000,9999.000,9999.000,9999.000,9999.000,9999.000
202607312348,   1.307,9999.000,9999.000,9999.000,9999.000,9999.000,9999.000,9999.000,9999.000
202607312354,   1.369,9999.000,9999.000,9999.000,9999.000,9999.000,9999.000,9999.000,9999.000
202608010000,   1.433,9999.000,   0.600,  -0.119,   1.914,   0.600,   1.914,   0.700,   2.014
202608010006,   1.497,9999.000,9999.000,9999.000,9999.000,9999.000,9999.000,9999.000,9999.000
202608010012,   1.562,9999.000,9999.000,9999.000,9999.000,9999.000,9999.000,9999.000,9999.000
202608010018,   1.628,9999.000,9999.000,9999.000,9999.000,9999.000,9999.000,9999.000,9999.000
202608010024,   1.694,9999.000,9999.000,9999.000,9999.000,9999.000,9999.000,9999.000,9999.000
202608010030,   1.760,9999.000,9999.000,9999.000,9999.000,9999.000,9999.000,9999.000,9999.000
202608010036,   1.825,9999.000,9999.000,9999.000,9999.000,9999.000,9999.000,9999.000,9999.000
202608010042,   1.890,9999.000,9999.000,9999.000,9999.000,9999.000,9999.000,9999.000,9999.000
202608010048,   1.953,9999.000,9999.000,9999.000,9999.000,9999.000,9999.000,9999.000,9999.000
202608010054,   2.015,9999.000,9999.000,9999.000,9999.000,9999.000,9999.000,9999.000,9999.000
202608010100,   2.075,9999.000,   0.600,  -0.122,   2.553,   0.600,   2.553,   0.700,   2.653
202608010106,   2.133,9999.000,9999.000,9999.000,9999.000,9999.000,9999.000,9999.000,9999.000
202608010112,   2.189,9999.000,9999.000,9999.000,9999.000,9999.000,9999.000,9999.000,9999.000
202608010118,   2.241,9999.000,9999.000,9999.000,9999.000,9999.000,9999.000,9999.000,9999.000
202608010124,   2.291,9999.000,9999.000,9999.000,9999.000,9999.000,9999.000,9999.000,9999.000
202608010130,   2.337,9999.000,9999.000,9999.000,9999.000,9999.000,9999.000,9999.000,9999.000
202608010136,   2.380,9999.000,9999.000,9999.000,9999.000,9999.000,9999.000,9999.000,9999.000
202608010142,   2.419,9999.000,9999.000,9999.000,9999.000,9999.000,9999.000,9999.000,9999.000
202608010148,   2.455,9999.000,9999.000,9999.000,9999.000,9999.000,9999.000,9999.000,9999.000
202608010154,   2.486,9999.000,9999.000,9999.000,9999.000,9999.000,9999.000,9999.000,9999.000
202608010200,   2.513,9999.000,   0.600,  -0.102,   3.011,   0.600,   3.011,   0.700,   3.111
202608010206,   2.537,9999.000,9999.000,9999.000,9999.000,9999.000,9999.000,9999.000,9999.000
202608010212,   2.556,9999.000,9999.000,9999.000,9999.000,9999.000,9999.000,9999.000,9999.000
202608010218,   2.571,9999.000,9999.000,9999.000,9999.000,9999.000,9999.000,9999.000,9999.000
202608010224,   2.582,9999.000,9999.000,9999.000,9999.000,9999.000,9999.000,9999.000,9999.000
202608010230,   2.590,9999.000,9999.000,9999.000,9999.000,9999.000,9999.000,9999.000,9999.000
202608010236,   2.594,9999.000,9999.000,9999.000,9999.000,9999.000,9999.000,9999.000,9999.000
202608010242,   2.594,9999.000,9999.000,9999.000,9999.000,9999.000,9999.000,9999.000,9999.000
202608010248,   2.591,9999.000,9999.000,9999.000,9999.000,9999.000,9999.000,9999.000,9999.000
202608010254,   2.585,9999.000,9999.000,9999.000,9999.000,9999.000,9999.000,9999.000,9999.000
202608010300,   2.576,9999.000,   0.600,  -0.023,   3.153,   0.600,   3.153,   0.700,   3.253
202608010306,   2.564,9999.000,9999.000,9999.000,9999.000,9999.000,9999.000,9999.000,9999.000
202608010312,   2.550,9999.000,9999.000,9999.000,9999.000,9999.000,9999.000,9999.000,9999.000
202608010318,   2.533,9999.000,9999.000,9999.000,9999.000,9999.000,9999.000,9999.000,9999.000
202608010324,   2.513,9999.000,9999.000,9999.000,9999.000,9999.000,9999.000,9999.000,9999.000
202608010330,   2.492,9999.000,9999.000,9999.000,9999.000,9999.000,9999.000,9999.000,9999.000
202608010336,   2.468,9999.000,9999.000,9999.000,9999.000,9999.000,9999.000,9999.000,9999.000
202608010342,   2.443,9999.000,9999.000,9999.000,9999.000,9999.000,9999.000,9999.000,9999.000
202608010348,   2.415,9999.000,9999.000,9999.000,9999.000,9999.000,9999.000,9999.000,9999.000
202608010354,   2.386,9999.000,9999.000,9999.000,9999.000,9999.000,9999.000,9999.000,9999.000
202608010400,   2.356,9999.000,   0.600,   0.119,   3.075,   0.600,   3.075,   0.600,   3.075
202608010406,   2.323,9999.000,9999.000,9999.000,9999.000,9999.000,9999.000,9999.000,9999.000
202608010412,   2.289,9999.000,9999.000,9999.000,9999.000,9999.000,9999.000,9999.000,9999.000
202608010418,   2.254,9999.000,9999.000,9999.000,9999.000,9999.000,9999.000,9999.000,9999.000
202608010424,   2.217,9999.000,9999.000,9999.000,9999.000,9999.000,9999.000,9999.000,9999.000
202608010430,   2.178,9999.000,9999.000,9999.000,9999.000,9999.000,9999.000,9999.000,9999.000
202608010436,   2.138,9999.000,9999.000,9999.000,9999.000,9999.000,9999.000,9999.000,9999.000
202608010442,   2.097,9999.000,9999.000,9999.000,9999.000,9999.000,9999.000,9999.000,9999.000
202608010448,   2.054,9999.000,9999.000,9999.000,9999.000,9999.000,9999.000,9999.000,9999.000
202608010454,   2.010,9999.000,9999.000,9999.000,9999.000,9999.000,9999.000,9999.000,9999.000
202608010500,   1.965,9999.000,   0.600,   0.266,   2.831,   0.500,   2.731,   0.600,   2.831
202608010506,   1.918,9999.000,9999.000,9999.000,9999.000,9999.000,9999.000,9999.000,9999.000
202608010512,   1.871,9999.000,9999.000,9999.000,9999.000,9999.000,9999.000,9999.000,9999.000
202608010518,   1.822,9999.000,9999.000,9999.000,9999.000,9999.000,9999.000,9999.000,9999.000
202608010524,   1.772,9999.000,9999.000,9999.000,9999.000,9999.000,9999.000,9999.000,9999.000
202608010530,   1.722,9999.000,9999.000,9999.000,9999.000,9999.000,9999.000,9999.000,9999.000
202608010536,   1.670,9999.000,9999.000,9999.000,9999.000,9999.000,9999.000,9999.000,9999.000
202608010542,   1.618,9999.000,9999.000,9999.000,9999.000,9999.000,9999.000,9999.000,9999.000
202608010548,   1.566,9999.000,9999.000,9999.000,9999.000,9999.000,9999.000,9999.000,9999.000
202608010554,   1.513,9999.000,9999.000,9999.000,9999.000,9999.000,9999.000,9999.000,9999.000
202608010600,   1.460,9999.000,   0.600,   0.349,   2.409,   0.500,   2.309,   0.600,   2.409
202608010606,   1.406,9999.000,9999.000,9999.000,9999.000,9999.000,9999.000,9999.000,9999.000
202608010612,   1.353,9999.000,9999.000,9999.000,9999.000,9999.000,9999.000,9999.000,9999.000
202608010618,   1.300,9999.000,9999.000,9999.000,9999.000,9999.000,9999.000,9999.000,9999.000
202608010624,   1.247,9999.000,9999.000,9999.000,9999.000,9999.000,9999.000,9999.000,9999.000
202608010630,   1.194,9999.000,9999.000,9999.000,9999.000,9999.000,9999.000,9999.000,9999.000
202608010636,   1.141,9999.000,9999.000,9999.000,9999.000,9999.000,9999.000,9999.000,9999.000
202608010642,   1.089,9999.000,9999.000,9999.000,9999.000,9999.000,9999.000,9999.000,9999.000
202608010648,   1.038,9999.000,9999.000,9999.000,9999.000,9999.000,9999.000,9999.000,9999.000
202608010654,   0.987,9999.000,9999.000,9999.000,9999.000,9999.000,9999.000,9999.000,9999.000
202608010700,   0.938,9999.000,   0.500,   0.336,   1.774,   0.500,   1.774,   0.600,   1.874
202608010706,   0.889,9999.000,9999.000,9999.000,9999.000,9999.000,9999.000,9999.000,9999.000
202608010712,   0.841,9999.000,9999.000,9999.000,9999.000,9999.000,9999.000,9999.000,9999.000
202608010718,   0.794,9999.000,9999.000,9999.000,9999.000,9999.000,9999.000,9999.000,9999.000
202608010724,   0.749,9999.000,9999.000,9999.000,9999.000,9999.000,9999.000,9999.000,9999.000
202608010730,   0.704,9999.000,9999.000,9999.000,9999.000,9999.000,9999.000,9999.000,9999.000
202608010736,   0.661,9999.000,9999.000,9999.000,9999.000,9999.000,9999.000,9999.000,9999.000
202608010742,   0.620,9999.000,9999.000,9999.000,9999.000,9999.000,9999.000,9999.000,9999.000
202608010748,   0.580,9999.000,9999.000,9999.000,9999.000,9999.000,9999.000,9999.000,9999.000
202608010754,   0.543,9999.000,9999.000,9999.000,9999.000,9999.000,9999.000,9999.000,9999.000
202608010800,   0.507,9999.000,   0.500,   0.230,   1.237,   0.500,   1.237,   0.600,   1.337
202608010806,   0.472,9999.000,9999.000,9999.000,9999.000,9999.000,9999.000,9999.000,9999.000
202608010812,   0.441,9999.000,9999.000,9999.000,9999.000,9999.000,9999.000,9999.000,9999.000
202608010818,   0.411,9999.000,9999.000,9999.000,9999.000,9999.000,9999.000,9999.000,9999.000
202608010824,   0.383,9999.000,9999.000,9999.000,9999.000,9999.000,9999.000,9999.000,9999.000
202608010830,   0.359,9999.000,9999.000,9999.000,9999.000,9999.000,9999.000,9999.000,9999.000
202608010836,   0.336,9999.000,9999.000,9999.000,9999.000,9999.000,9999.000,9999.000,9999.000
202608010842,   0.317,9999.000,9999.000,9999.000,9999.000,9999.000,9999.000,9999.000,9999.000
202608010848,   0.300,9999.000,9999.000,9999.000,9999.000,9999.000,9999.000,9999.000,9999.000
202608010854,   0.285,9999.000,9999.000,9999.000,9999.000,9999.000,9999.000,9999.000,9999.000
202608010900,   0.274,9999.000,   0.500,   0.073,   0.847,   0.400,   0.747,   0.500,   0.847
202608010906,   0.266,9999.000,9999.000,9999.000,9999.000,9999.000,9999.000,9999.000,9999.000
202608010912,   0.260,9999.000,9999.000,9999.000,9999.000,9999.000,9999.000,9999.000,9999.000
202608010918,   0.258,9999.000,9999.000,9999.000,9999.000,9999.000,9999.000,9999.000,9999.000
202608010924,   0.258,9999.000,9999.000,9999.000,9999.000,9999.000,9999.000,9999.000,9999.000
202608010930,   0.261,9999.000,9999.000,9999.000,9999.000,9999.000,9999.000,9999.000,9999.000
202608010936,   0.267,9999.000,9999.000,9999.000,9999.000,9999.000,9999.000,9999.000,9999.000
202608010942,   0.276,9999.000,9999.000,9999.000,9999.000,9999.000,9999.000,9999.000,9999.000
202608010948,   0.287,9999.000,9999.000,9999.000,9999.000,9999.000,9999.000,9999.000,9999.000
202608010954,   0.301,9999.000,9999.000,9999.000,9999.000,9999.000,9999.000,9999.000,9999.000
202608011000,   0.317,9999.000,   0.500,  -0.064,   0.753,   0.400,   0.653,   0.500,   0.753
202608011006,   0.336,9999.000,9999.000,9999.000,9999.000,9999.000,9999.000,9999.000,9999.000
202608011012,   0.357,9999.000,9999.000,9999.000,9999.000,9999.000,9999.000,9999.000,9999.000
202608011018,   0.381,9999.000,9999.000,9999.000,9999.000,9999.000,9999.000,9999.000,9999.000
202608011024,   0.406,9999.000,9999.000,9999.000,9999.000,9999.000,9999.000,9999.000,9999.000
202608011030,   0.434,9999.000,9999.000,9999.000,9999.000,9999.000,9999.000,9999.000,9999.000
202608011036,   0.463,9999.000,9999.000,9999.000,9999.000,9999.000,9999.000,9999.000,9999.000
202608011042,   0.495,9999.000,9999.000,9999.000,9999.000,9999.000,9999.000,9999.000,9999.000
202608011048,   0.528,9999.000,9999.000,9999.000,9999.000,9999.000,9999.000,9999.000,9999.000
202608011054,   0.564,9999.000,9999.000,9999.000,9999.000,9999.000,9999.000,9999.000,9999.000
202608011100,   0.601,9999.000,   0.500,  -0.125,   0.976,   0.400,   0.876,   0.500,   0.976
202608011106,   0.640,9999.000,9999.000,9999.000,9999.000,9999.000,9999.000,9999.000,9999.000
202608011112,   0.681,9999.000,9999.000,9999.000,9999.000,9999.000,9999.000,9999.000,9999.000
202608011118,   0.723,9999.000,9999.000,9999.000,9999.000,9999.000,9999.000,9999.000,9999.000
202608011124,   0.768,9999.000,9999.000,9999.000,9999.000,9999.000,9999.000,9999.000,9999.000
202608011130,   0.815,9999.000,9999.000,9999.000,9999.000,9999.000,9999.000,9999.000,9999.000
202608011136,   0.863,9999.000,9999.000,9999.000,9999.000,9999.000,9999.000,9999.000,9999.000
202608011142,   0.914,9999.000,9999.000,9999.000,9999.000,9999.000,9999.000,9999.000,9999.000
202608011148,   0.966,9999.000,9999.000,9999.000,9999.000,9999.000,9999.000,9999.000,9999.000
202608011154,   1.020,9999.000,9999.000,9999.000,9999.000,9999.000,9999.000,9999.000,9999.000
202608011200,   1.076,9999.000,   0.500,  -0.116,   1.460,   0.400,   1.360,   0.500,   1.460
202608011206,   1.134,9999.000,9999.000,9999.000,9999.000,9999.000,9999.000,9999.000,9999.000
202608011212,   1.193,9999.000,9999.000,9999.000,9999.000,9999.000,9999.000,9999.000,9999.000
202608011218,   1.254,9999.000,9999.000,9999.000,9999.000,9999.000,9999.000,9999.000,9999.000
202608011224,   1.316,9999.000,9999.000,9999.000,9999.000,9999.000,9999.000,9999.000,9999.000
202608011230,   1.380,9999.000,9999.000,9999.000,9999.000,9999.000,9999.000,9999.000,9999.000
202608011236,   1.444,9999.000,9999.000,9999.000,9999.000,9999.000,9999.000,9999.000,9999.000
202608011242,   1.509,9999.000,9999.000,9999.000,9999.000,9999.000,9999.000,9999.000,9999.000
202608011248,   1.574,9999.000,9999.000,9999.000,9999.000,9999.000,9999.000,9999.000,9999.000
202608011254,   1.640,9999.000,9999.000,9999.000,9999.000,9999.000,9999.000,9999.000,9999.000
202608011300,   1.705,9999.000,   0.500,  -0.070,   2.135,   0.400,   2.035,   0.500,   2.135
202608011306,   1.770,9999.000,9999.000,9999.000,9999.000,9999.000,9999.000,9999.000,9999.000
202608011312,   1.834,9999.000,9999.000,9999.000,9999.000,9999.000,9999.000,9999.000,9999.000
202608011318,   1.896,9999.000,9999.000,9999.000,9999.000,9999.000,9999.000,9999.000,9999.000
202608011324,   1.957,9999.000,9999.000,9999.000,9999.000,9999.000,9999.000,9999.000,9999.000
202608011330,   2.016,9999.000,9999.000,9999.000,9999.000,9999.000,9999.000,9999.000,9999.000
202608011336,   2.073,9999.000,9999.000,9999.000,9999.000,9999.000,9999.000,9999.000,9999.000
202608011342,   2.127,9999.000,9999.000,9999.000,9999.000,9999.000,9999.000,9999.000,9999.000
202608011348,   2.178,9999.000,9999.000,9999.000,9999.000,9999.000,9999.000,9999.000,9999.000
202608011354,   2.225,9999.000,9999.000,9999.000,9999.000,9999.000,9999.000,9999.000,9999.000
202608011400,   2.270,9999.000,   0.500,   0.014,   2.784,   0.400,   2.684,   0.500,   2.784
202608011406,   2.311,9999.000,9999.000,9999.000,9999.000,9999.000,9999.000,9999.000,9999.000
202608011412,   2.348,9999.000,9999.000,9999.000,9999.000,9999.000,9999.000,9999.000,9999.000
202608011418,   2.381,9999.000,9999.000,9999.000,9999.000,9999.000,9999.000,9999.000,9999.000
202608011424,   2.410,9999.000,9999.000,9999.000,9999.000,9999.000,9999.000,9999.000,9999.000
202608011430,   2.435,9999.000,9999.000,9999.000,9999.000,9999.000,9999.000,9999.000,9999.000
202608011436,   2.456,9999.000,9999.000,9999.000,9999.000,9999.000,9999.000,9999.000,9999.000
202608011442,   2.473,9999.000,9999.000,9999.000,9999.000,9999.000,9999.000,9999.000,9999.000
202608011448,   2.487,9999.000,9999.000,9999.000,9999.000,9999.000,9999.000,9999.000,9999.000
202608011454,   2.496,9999.000,9999.000,9999.000,9999.000,9999.000,9999.000,9999.000,9999.000
202608011500,   2.502,9999.000,   0.500,   0.154,   3.156,   0.400,   3.056,   0.500,   3.156
202608011506,   2.504,9999.000,9999.000,9999.000,9999.000,9999.000,9999.000,9999.000,9999.000
202608011512,   2.503,9999.000,9999.000,9999.000,9999.000,9999.000,9999.000,9999.000,9999.000
202608011518,   2.498,9999.000,9999.000,9999.000,9999.000,9999.000,9999.000,9999.000,9999.000
202608011524,   2.491,9999.000,9999.000,9999.000,9999.000,9999.000,9999.000,9999.000,9999.000
202608011530,   2.481,9999.000,9999.000,9999.000,9999.000,9999.000,9999.000,9999.000,9999.000
202608011536,   2.468,9999.000,9999.000,9999.000,9999.000,9999.000,9999.000,9999.000,9999.000
202608011542,   2.452,9999.000,9999.000,9999.000,9999.000,9999.000,9999.000,9999.000,9999.000
202608011548,   2.434,9999.000,9999.000,9999.000,9999.000,9999.000,9999.000,9999.000,9999.000
202608011554,   2.414,9999.000,9999.000,9999.000,9999.000,9999.000,9999.000,9999.000,9999.000
202608011600,   2.392,9999.000,   0.400,   0.329,   3.121,   0.400,   3.121,   0.500,   3.221
202608011606,   2.367,9999.000,9999.000,9999.000,9999.000,9999.000,9999.000,9999.000,9999.000
202608011612,   2.341,9999.000,9999.000,9999.000,9999.000,9999.000,9999.000,9999.000,9999.000
202608011618,   2.313,9999.000,9999.000,9999.000,9999.000,9999.000,9999.000,9999.000,9999.000
202608011624,   2.284,9999.000,9999.000,9999.000,9999.000,9999.000,9999.000,9999.000,9999.000
202608011630,   2.252,9999.000,9999.000,9999.000,9999.000,9999.000,9999.000,9999.000,9999.000
202608011636,   2.219,9999.000,9999.000,9999.000,9999.000,9999.000,9999.000,9999.000,9999.000
202608011642,   2.185,9999.000,9999.000,9999.000,9999.000,9999.000,9999.000,9999.000,9999.000
202608011648,   2.149,9999.000,9999.000,9999.000,9999.000,9999.000,9999.000,9999.000,9999.000
202608011654,   2.111,9999.000,9999.000,9999.000,9999.000,9999.000,9999.000,9999.000,9999.000
202608011700,   2.072,9999.000,   0.400,   0.474,   2.946,   0.400,   2.946,   0.500,   3.046
202608011706,   2.031,9999.000,9999.000,9999.000,9999.000,9999.000,9999.000,9999.000,9999.000
202608011712,   1.989,9999.000,9999.000,9999.000,9999.000,9999.000,9999.000,9999.000,9999.000
202608011718,   1.946,9999.000,9999.000,9999.000,9999.000,9999.000,9999.000,9999.000,9999.000
202608011724,   1.901,9999.000,9999.000,9999.000,9999.000,9999.000,9999.000,9999.000,9999.000
202608011730,   1.856,9999.000,9999.000,9999.000,9999.000,9999.000,9999.000,9999.000,9999.000
202608011736,   1.809,9999.000,9999.000,9999.000,9999.000,9999.000,9999.000,9999.000,9999.000
202608011742,   1.761,9999.000,9999.000,9999.000,9999.000,9999.000,9999.000,9999.000,9999.000
202608011748,   1.712,9999.000,9999.000,9999.000,9999.000,9999.000,9999.000,9999.000,9999.000
202608011754,   1.662,9999.000,9999.000,9999.000,9999.000,9999.000,9999.000,9999.000,9999.000
202608011800,   1.611,9999.000,   0.400,   0.541,   2.552,   0.400,   2.552,   0.500,   2.652
202608011806,   1.560,9999.000,9999.000,9999.000,9999.000,9999.000,9999.000,9999.000,9999.000
202608011812,   1.508,9999.000,9999.000,9999.000,9999.000,9999.000,9999.000,9999.000,9999.000
202608011818,   1.456,9999.000,9999.000,9999.000,9999.000,9999.000,9999.000,9999.000,9999.000
202608011824,   1.403,9999.000,9999.000,9999.000,9999.000,9999.000,9999.000,9999.000,9999.000
202608011830,   1.350,9999.000,9999.000,9999.000,9999.000,9999.000,9999.000,9999.000,9999.000
202608011836,   1.298,9999.000,9999.000,9999.000,9999.000,9999.000,9999.000,9999.000,9999.000
202608011842,   1.245,9999.000,9999.000,9999.000,9999.000,9999.000,9999.000,9999.000,9999.000
202608011848,   1.192,9999.000,9999.000,9999.000,9999.000,9999.000,9999.000,9999.000,9999.000
202608011854,   1.140,9999.000,9999.000,9999.000,9999.000,9999.000,9999.000,9999.000,9999.000
202608011900,   1.088,9999.000,   0.400,   0.526,   2.014,   0.300,   1.914,   0.500,   2.114
202608011906,   1.037,9999.000,9999.000,9999.000,9999.000,9999.000,9999.000,9999.000,9999.000
202608011912,   0.987,9999.000,9999.000,9999.000,9999.000,9999.000,9999.000,9999.000,9999.000
202608011918,   0.937,9999.000,9999.000,9999.000,9999.000,9999.000,9999.000,9999.000,9999.000
202608011924,   0.888,9999.000,9999.000,9999.000,9999.000,9999.000,9999.000,9999.000,9999.000
202608011930,   0.840,9999.000,9999.000,9999.000,9999.000,9999.000,9999.000,9999.000,9999.000
202608011936,   0.793,9999.000,9999.000,9999.000,9999.000,9999.000,9999.000,9999.000,9999.000
202608011942,   0.747,9999.000,9999.000,9999.000,9999.000,9999.000,9999.000,9999.000,9999.000
202608011948,   0.703,9999.000,9999.000,9999.000,9999.000,9999.000,9999.000,9999.000,9999.000
202608011954,   0.659,9999.000,9999.000,9999.000,9999.000,9999.000,9999.000,9999.000,9999.000
202608012000,   0.617,9999.000,   0.500,   0.437,   1.554,   0.300,   1.354,   0.500,   1.554
202608012006,   0.577,9999.000,9999.000,9999.000,9999.000,9999.000,9999.000,9999.000,9999.000
202608012012,   0.539,9999.000,9999.000,9999.000,9999.000,9999.000,9999.000,9999.000,9999.000
202608012018,   0.502,9999.000,9999.000,9999.000,9999.000,9999.000,9999.000,9999.000,9999.000
202608012024,   0.467,9999.000,9999.000,9999.000,9999.000,9999.000,9999.000,9999.000,9999.000
202608012030,   0.434,9999.000,9999.000,9999.000,9999.000,9999.000,9999.000,9999.000,9999.000
202608012036,   0.403,9999.000,9999.000,9999.000,9999.000,9999.000,9999.000,9999.000,9999.000
202608012042,   0.375,9999.000,9999.000,9999.000,9999.000,9999.000,9999.000,9999.000,9999.000
202608012048,   0.349,9999.000,9999.000,9999.000,9999.000,9999.000,9999.000,9999.000,9999.000
202608012054,   0.325,9999.000,9999.000,9999.000,9999.000,9999.000,9999.000,9999.000,9999.000
202608012100,   0.304,9999.000,   0.500,   0.287,   1.091,   0.400,   0.991,   0.600,   1.191
202608012106,   0.286,9999.000,9999.000,9999.000,9999.000,9999.000,9999.000,9999.000,9999.000
202608012112,   0.271,9999.000,9999.000,9999.000,9999.000,9999.000,9999.000,9999.000,9999.000
202608012118,   0.258,9999.000,9999.000,9999.000,9999.000,9999.000,9999.000,9999.000,9999.000
202608012124,   0.249,9999.000,9999.000,9999.000,9999.000,9999.000,9999.000,9999.000,9999.000
202608012130,   0.242,9999.000,9999.000,9999.000,9999.000,9999.000,9999.000,9999.000,9999.000
202608012136,   0.238,9999.000,9999.000,9999.000,9999.000,9999.000,9999.000,9999.000,9999.000
202608012142,   0.238,9999.000,9999.000,9999.000,9999.000,9999.000,9999.000,9999.000,9999.000
202608012148,   0.240,9999.000,9999.000,9999.000,9999.000,9999.000,9999.000,9999.000,9999.000
202608012154,   0.245,9999.000,9999.000,9999.000,9999.000,9999.000,9999.000,9999.000,9999.000
202608012200,   0.253,9999.000,   0.500,   0.114,   0.867,   0.400,   0.767,   0.600,   0.967
202608012206,   0.264,9999.000,9999.000,9999.000,9999.000,9999.000,9999.000,9999.000,9999.000
202608012212,   0.278,9999.000,9999.000,9999.000,9999.000,9999.000,9999.000,9999.000,9999.000
202608012218,   0.294,9999.000,9999.000,9999.000,9999.000,9999.000,9999.000,9999.000,9999.000
202608012224,   0.313,9999.000,9999.000,9999.000,9999.000,9999.000,9999.000,9999.000,9999.000
202608012230,   0.334,9999.000,9999.000,9999.000,9999.000,9999.000,9999.000,9999.000,9999.000
202608012236,   0.358,9999.000,9999.000,9999.000,9999.000,9999.000,9999.000,9999.000,9999.000
202608012242,   0.384,9999.000,9999.000,9999.000,9999.000,9999.000,9999.000,9999.000,9999.000
202608012248,   0.413,9999.000,9999.000,9999.000,9999.000,9999.000,9999.000,9999.000,9999.000
202608012254,   0.443,9999.000,9999.000,9999.000,9999.000,9999.000,9999.000,9999.000,9999.000
202608012300,   0.476,9999.000,   0.500,  -0.034,   0.942,   0.400,   0.842,   0.600,   1.042
202608012306,   0.511,9999.000,9999.000,9999.000,9999.000,9999.000,9999.000,9999.000,9999.000
202608012312,   0.547,9999.000,9999.000,9999.000,9999.000,9999.000,9999.000,9999.000,9999.000
202608012318,   0.586,9999.000,9999.000,9999.000,9999.000,9999.000,9999.000,9999.000,9999.000
202608012324,   0.626,9999.000,9999.000,9999.000,9999.000,9999.000,9999.000,9999.000,9999.000
202608012330,   0.669,9999.000,9999.000,9999.000,9999.000,9999.000,9999.000,9999.000,9999.000
202608012336,   0.713,9999.000,9999.000,9999.000,9999.000,9999.000,9999.000,9999.000,9999.000
202608012342,   0.759,9999.000,9999.000,9999.000,9999.000,9999.000,9999.000,9999.000,9999.000
202608012348,   0.807,9999.000,9999.000,9999.000,9999.000,9999.000,9999.000,9999.000,9999.000
202608012354,   0.857,9999.000,9999.000,9999.000,9999.000,9999.000,9999.000,9999.000,9999.000
202608020000,   0.909,9999.000,   0.500,  -0.134,   1.275,   0.400,   1.175,   0.600,   1.375
202608020006,   0.963,9999.000,9999.000,9999.000,9999.000,9999.000,9999.000,9999.000,9999.000
202608020012,   1.018,9999.000,9999.000,9999.000,9999.000,9999.000,9999.000,9999.000,9999.000
202608020018,   1.076,9999.000,9999.000,9999.000,9999.000,9999.000,9999.000,9999.000,9999.000
202608020024,   1.135,9999.000,9999.000,9999.000,9999.000,9999.000,9999.000,9999.000,9999.000
202608020030,   1.196,9999.000,9999.000,9999.000,9999.000,9999.000,9999.000,9999.000,9999.000
202608020036,   1.259,9999.000,9999.000,9999.000,9999.000,9999.000,9999.000,9999.000,9999.000
202608020042,   1.323,9999.000,9999.000,9999.000,9999.000,9999.000,9999.000,9999.000,9999.000
202608020048,   1.388,9999.000,9999.000,9999.000,9999.000,9999.000,9999.000,9999.000,9999.000
202608020054,   1.454,9999.000,9999.000,9999.000,9999.000,9999.000,9999.000,9999.000,9999.000
202608020100,   1.521,9999.000,   0.500,  -0.194,   1.827,   0.400,   1.727,   0.600,   1.927
202608020106,   1.589,9999.000,9999.000,9999.000,9999.000,9999.000,9999.000,9999.000,9999.000
202608020112,   1.657,9999.000,9999.000,9999.000,9999.000,9999.000,9999.000,9999.000,9999.000
202608020118,   1.725,9999.000,9999.000,9999.000,9999.000,9999.000,9999.000,9999.000,9999.000
202608020124,   1.793,9999.000,9999.000,9999.000,9999.000,9999.000,9999.000,9999.000,9999.000
202608020130,   1.860,9999.000,9999.000,9999.000,9999.000,9999.000,9999.000,9999.000,9999.000
202608020136,   1.926,9999.000,9999.000,9999.000,9999.000,9999.000,9999.000,9999.000,9999.000
202608020142,   1.991,9999.000,9999.000,9999.000,9999.000,9999.000,9999.000,9999.000,9999.000
202608020148,   2.054,9999.000,9999.000,9999.000,9999.000,9999.000,9999.000,9999.000,9999.000
202608020154,   2.114,9999.000,9999.000,9999.000,9999.000,9999.000,9999.000,9999.000,9999.000
202608020200,   2.173,9999.000,   0.500,  -0.209,   2.464,   0.300,   2.264,   0.600,   2.564
202608020206,   2.228,9999.000,9999.000,9999.000,9999.000,9999.000,9999.000,9999.000,9999.000
202608020212,   2.280,9999.000,9999.000,9999.000,9999.000,9999.000,9999.000,9999.000,9999.000
202608020218,   2.329,9999.000,9999.000,9999.000,9999.000,9999.000,9999.000,9999.000,9999.000
202608020224,   2.375,9999.000,9999.000,9999.000,9999.000,9999.000,9999.000,9999.000,9999.000
202608020230,   2.416,9999.000,9999.000,9999.000,9999.000,9999.000,9999.000,9999.000,9999.000
202608020236,   2.453,9999.000,9999.000,9999.000,9999.000,9999.000,9999.000,9999.000,9999.000
202608020242,   2.487,9999.000,9999.000,9999.000,9999.000,9999.000,9999.000,9999.000,9999.000
202608020248,   2.516,9999.000,9999.000,9999.000,9999.000,9999.000,9999.000,9999.000,9999.000
202608020254,   2.540,9999.000,9999.000,9999.000,9999.000,9999.000,9999.000,9999.000,9999.000
202608020300,   2.561,9999.000,   0.400,  -0.148,   2.813,   0.300,   2.713,   0.600,   3.013
202608020306,   2.577,9999.000,9999.000,9999.000,9999.000,9999.000,9999.000,9999.000,9999.000
202608020312,   2.589,9999.000,9999.000,9999.000,9999.000,9999.000,9999.000,9999.000,9999.000
202608020318,   2.597,9999.000,9999.000,9999.000,9999.000,9999.000,9999.000,9999.000,9999.000
202608020324,   2.601,9999.000,9999.000,9999.000,9999.000,9999.000,9999.000,9999.000,9999.000
202608020330,   2.601,9999.000,9999.000,9999.000,9999.000,9999.000,9999.000,9999.000,9999.000
202608020336,   2.597,9999.000,9999.000,9999.000,9999.000,9999.000,9999.000,9999.000,9999.000
202608020342,   2.590,9999.000,9999.000,9999.000,9999.000,9999.000,9999.000,9999.000,9999.000
202608020348,   2.580,9999.000,9999.000,9999.000,9999.000,9999.000,9999.000,9999.000,9999.000
202608020354,   2.566,9999.000,9999.000,9999.000,9999.000,9999.000,9999.000,9999.000,9999.000
202608020400,   2.550,9999.000,   0.400,   0.006,   2.956,   0.300,   2.856,   0.500,   3.056
202608020406,   2.531,9999.000,9999.000,9999.000,9999.000,9999.000,9999.000,9999.000,9999.000
202608020412,   2.509,9999.000,9999.000,9999.000,9999.000,9999.000,9999.000,9999.000,9999.000
202608020418,   2.485,9999.000,9999.000,9999.000,9999.000,9999.000,9999.000,9999.000,9999.000
202608020424,   2.459,9999.000,9999.000,9999.000,9999.000,9999.000,9999.000,9999.000,9999.000
202608020430,   2.431,9999.000,9999.000,9999.000,9999.000,9999.000,9999.000,9999.000,9999.000
202608020436,   2.400,9999.000,9999.000,9999.000,9999.000,9999.000,9999.000,9999.000,9999.000
202608020442,   2.368,9999.000,9999.000,9999.000,9999.000,9999.000,9999.000,9999.000,9999.000
202608020448,   2.334,9999.000,9999.000,9999.000,9999.000,9999.000,9999.000,9999.000,9999.000
202608020454,   2.298,9999.000,9999.000,9999.000,9999.000,9999.000,9999.000,9999.000,9999.000
202608020500,   2.260,9999.000,   0.400,   0.208,   2.868,   0.300,   2.768,   0.500,   2.968
202608020506,   2.221,9999.000,9999.000,9999.000,9999.000,9999.000,9999.000,9999.000,9999.000
202608020512,   2.180,9999.000,9999.000,9999.000,9999.000,9999.000,9999.000,9999.000,9999.000
202608020518,   2.138,9999.000,9999.000,9999.000,9999.000,9999.000,9999.000,9999.000,9999.000
202608020524,   2.095,9999.000,9999.000,9999.000,9999.000,9999.000,9999.000,9999.000,9999.000
202608020530,   2.050,9999.000,9999.000,9999.000,9999.000,9999.000,9999.000,9999.000,9999.000
202608020536,   2.004,9999.000,9999.000,9999.000,9999.000,9999.000,9999.000,9999.000,9999.000
202608020542,   1.956,9999.000,9999.000,9999.000,9999.000,9999.000,9999.000,9999.000,9999.000
202608020548,   1.907,9999.000,9999.000,9999.000,9999.000,9999.000,9999.000,9999.000,9999.000
202608020554,   1.857,9999.000,9999.000,9999.000,9999.000,9999.000,9999.000,9999.000,9999.000
202608020600,   1.806,9999.000,   0.400,   0.368,   2.574,   0.300,   2.474,   0.500,   2.674
202608020606,   1.755,9999.000,9999.000,9999.000,9999.000,9999.000,9999.000,9999.000,9999.000
202608020612,   1.702,9999.000,9999.000,9999.000,9999.000,9999.000,9999.000,9999.000,9999.000
202608020618,   1.648,9999.000,9999.000,9999.000,9999.000,9999.000,9999.000,9999.000,9999.000
202608020624,   1.594,9999.000,9999.000,9999.000,9999.000,9999.000,9999.000,9999.000,9999.000
202608020630,   1.540,9999.000,9999.000,9999.000,9999.000,9999.000,9999.000,9999.000,9999.000
202608020636,   1.485,9999.000,9999.000,9999.000,9999.000,9999.000,9999.000,9999.000,9999.000
202608020642,   1.430,9999.000,9999.000,9999.000,9999.000,9999.000,9999.000,9999.000,9999.000
202608020648,   1.374,9999.000,9999.000,9999.000,9999.000,9999.000,9999.000,9999.000,9999.000
202608020654,   1.319,9999.000,9999.000,9999.000,9999.000,9999.000,9999.000,9999.000,9999.000
202608020700,   1.264,9999.000,   0.400,   0.416,   2.080,   0.200,   1.880,   0.500,   2.180
202608020706,   1.209,9999.000,9999.000,9999.000,9999.000,9999.000,9999.000,9999.000,9999.000
202608020712,   1.155,9999.000,9999.000,9999.000,9999.000,9999.000,9999.000,9999.000,9999.000
202608020718,   1.101,9999.000,9999.000,9999.000,9999.000,9999.000,9999.000,9999.000,9999.000
202608020724,   1.047,9999.000,9999.000,9999.000,9999.000,9999.000,9999.000,9999.000,9999.000
202608020730,   0.994,9999.000,9999.000,9999.000,9999.000,9999.000,9999.000,9999.000,9999.000
202608020736,   0.942,9999.000,9999.000,9999.000,9999.000,9999.000,9999.000,9999.000,9999.000
202608020742,   0.891,9999.000,9999.000,9999.000,9999.000,9999.000,9999.000,9999.000,9999.000
202608020748,   0.841,9999.000,9999.000,9999.000,9999.000,9999.000,9999.000,9999.000,9999.000
202608020754,   0.792,9999.000,9999.000,9999.000,9999.000,9999.000,9999.000,9999.000,9999.000
202608020800,   0.745,9999.000,   0.400,   0.344,   1.489,   0.200,   1.289,   0.500,   1.589
202608020806,   0.698,9999.000,9999.000,9999.000,9999.000,9999.000,9999.000,9999.000,9999.000
202608020812,   0.653,9999.000,9999.000,9999.000,9999.000,9999.000,9999.000,9999.000,9999.000
202608020818,   0.609,9999.000,9999.000,9999.000,9999.000,9999.000,9999.000,9999.000,9999.000
202608020824,   0.567,9999.000,9999.000,9999.000,9999.000,9999.000,9999.000,9999.000,9999.000
202608020830,   0.527,9999.000,9999.000,9999.000,9999.000,9999.000,9999.000,9999.000,9999.000
202608020836,   0.488,9999.000,9999.000,9999.000,9999.000,9999.000,9999.000,9999.000,9999.000
202608020842,   0.451,9999.000,9999.000,9999.000,9999.000,9999.000,9999.000,9999.000,9999.000
202608020848,   0.416,9999.000,9999.000,9999.000,9999.000,9999.000,9999.000,9999.000,9999.000
202608020854,   0.383,9999.000,9999.000,9999.000,9999.000,9999.000,9999.000,9999.000,9999.000
202608020900,   0.353,9999.000,   0.400,   0.201,   0.954,   0.200,   0.754,   0.500,   1.054
202608020906,   0.324,9999.000,9999.000,9999.000,9999.000,9999.000,9999.000,9999.000,9999.000
202608020912,   0.298,9999.000,9999.000,9999.000,9999.000,9999.000,9999.000,9999.000,9999.000
202608020918,   0.275,9999.000,9999.000,9999.000,9999.000,9999.000,9999.000,9999.000,9999.000
202608020924,   0.254,9999.000,9999.000,9999.000,9999.000,9999.000,9999.000,9999.000,9999.000
202608020930,   0.236,9999.000,9999.000,9999.000,9999.000,9999.000,9999.000,9999.000,9999.000
202608020936,   0.221,9999.000,9999.000,9999.000,9999.000,9999.000,9999.000,9999.000,9999.000
202608020942,   0.208,9999.000,9999.000,9999.000,9999.000,9999.000,9999.000,9999.000,9999.000
202608020948,   0.198,9999.000,9999.000,9999.000,9999.000,9999.000,9999.000,9999.000,9999.000
202608020954,   0.192,9999.000,9999.000,9999.000,9999.000,9999.000,9999.000,9999.000,9999.000
202608021000,   0.188,9999.000,   0.400,   0.052,   0.640,   0.200,   0.440,   0.500,   0.740
202608021006,   0.188,9999.000,9999.000,9999.000,9999.000,9999.000,9999.000,9999.000,9999.000
202608021012,   0.190,9999.000,9999.000,9999.000,9999.000,9999.000,9999.000,9999.000,9999.000
202608021018,   0.195,9999.000,9999.000,9999.000,9999.000,9999.000,9999.000,9999.000,9999.000
202608021024,   0.203,9999.000,9999.000,9999.000,9999.000,9999.000,9999.000,9999.000,9999.000
202608021030,   0.214,9999.000,9999.000,9999.000,9999.000,9999.000,9999.000,9999.000,9999.000
202608021036,   0.228,9999.000,9999.000,9999.000,9999.000,9999.000,9999.000,9999.000,9999.000
202608021042,   0.244,9999.000,9999.000,9999.000,9999.000,9999.000,9999.000,9999.000,9999.000
202608021048,   0.263,9999.000,9999.000,9999.000,9999.000,9999.000,9999.000,9999.000,9999.000
202608021054,   0.284,9999.000,9999.000,9999.000,9999.000,9999.000,9999.000,9999.000,9999.000
202608021100,   0.308,9999.000,   0.400,  -0.058,   0.650,   0.200,   0.450,   0.500,   0.750
202608021106,   0.334,9999.000,9999.000,9999.000,9999.000,9999.000,9999.000,9999.000,9999.000
202608021112,   0.362,9999.000,9999.000,9999.000,9999.000,9999.000,9999.000,9999.000,9999.000
202608021118,   0.393,9999.000,9999.000,9999.000,9999.000,9999.000,9999.000,9999.000,9999.000
202608021124,   0.426,9999.000,9999.000,9999.000,9999.000,9999.000,9999.000,9999.000,9999.000
202608021130,   0.460,9999.000,9999.000,9999.000,9999.000,9999.000,9999.000,9999.000,9999.000
202608021136,   0.497,9999.000,9999.000,9999.000,9999.000,9999.000,9999.000,9999.000,9999.000
202608021142,   0.535,9999.000,9999.000,9999.000,9999.000,9999.000,9999.000,9999.000,9999.000
202608021148,   0.576,9999.000,9999.000,9999.000,9999.000,9999.000,9999.000,9999.000,9999.000
202608021154,   0.618,9999.000,9999.000,9999.000,9999.000,9999.000,9999.000,9999.000,9999.000
202608021200,   0.662,9999.000,   0.400,  -0.122,   0.940,   0.200,   0.740,   0.500,   1.040
202608021206,   0.708,9999.000,9999.000,9999.000,9999.000,9999.000,9999.000,9999.000,9999.000
202608021212,   0.757,9999.000,9999.000,9999.000,9999.000,9999.000,9999.000,9999.000,9999.000
202608021218,   0.807,9999.000,9999.000,9999.000,9999.000,9999.000,9999.000,9999.000,9999.000
202608021224,   0.858,9999.000,9999.000,9999.000,9999.000,9999.000,9999.000,9999.000,9999.000
202608021230,   0.912,9999.000,9999.000,9999.000,9999.000,9999.000,9999.000,9999.000,9999.000
202608021236,   0.968,9999.000,9999.000,9999.000,9999.000,9999.000,9999.000,9999.000,9999.000
202608021242,   1.026,9999.000,9999.000,9999.000,9999.000,9999.000,9999.000,9999.000,9999.000
202608021248,   1.085,9999.000,9999.000,9999.000,9999.000,9999.000,9999.000,9999.000,9999.000
202608021254,   1.147,9999.000,9999.000,9999.000,9999.000,9999.000,9999.000,9999.000,9999.000
202608021300,   1.210,9999.000,   0.400,  -0.140,   1.470,   0.200,   1.270,   0.500,   1.570
202608021306,   1.274,9999.000,9999.000,9999.000,9999.000,9999.000,9999.000,9999.000,9999.000
202608021312,   1.340,9999.000,9999.000,9999.000,9999.000,9999.000,9999.000,9999.000,9999.000
202608021318,   1.407,9999.000,9999.000,9999.000,9999.000,9999.000,9999.000,9999.000,9999.000
202608021324,   1.475,9999.000,9999.000,9999.000,9999.000,9999.000,9999.000,9999.000,9999.000
202608021330,   1.544,9999.000,9999.000,9999.000,9999.000,9999.000,9999.000,9999.000,9999.000
202608021336,   1.613,9999.000,9999.000,9999.000,9999.000,9999.000,9999.000,9999.000,9999.000
202608021342,   1.682,9999.000,9999.000,9999.000,9999.000,9999.000,9999.000,9999.000,9999.000
202608021348,   1.751,9999.000,9999.000,9999.000,9999.000,9999.000,9999.000,9999.000,9999.000
202608021354,   1.820,9999.000,9999.000,9999.000,9999.000,9999.000,9999.000,9999.000,9999.000
202608021400,   1.887,9999.000,   0.400,  -0.103,   2.184,   0.300,   2.084,   0.500,   2.284
202608021406,   1.953,9999.000,9999.000,9999.000,9999.000,9999.000,9999.000,9999.000,9999.000
202608021412,   2.018,9999.000,9999.000,9999.000,9999.000,9999.000,9999.000,9999.000,9999.000
202608021418,   2.081,9999.000,9999.000,9999.000,9999.000,9999.000,9999.000,9999.000,9999.000
202608021424,   2.141,9999.000,9999.000,9999.000,9999.000,9999.000,9999.000,9999.000,9999.000
202608021430,   2.198,9999.000,9999.000,9999.000,9999.000,9999.000,9999.000,9999.000,9999.000
202608021436,   2.253,9999.000,9999.000,9999.000,9999.000,9999.000,9999.000,9999.000,9999.000
202608021442,   2.304,9999.000,9999.000,9999.000,9999.000,9999.000,9999.000,9999.000,9999.000
202608021448,   2.352,9999.000,9999.000,9999.000,9999.000,9999.000,9999.000,9999.000,9999.000
202608021454,   2.396,9999.000,9999.000,9999.000,9999.000,9999.000,9999.000,9999.000,9999.000
202608021500,   2.436,9999.000,   0.400,   0.011,   2.847,   0.300,   2.747,   0.500,   2.947
202608021506,   2.472,9999.000,9999.000,9999.000,9999.000,9999.000,9999.000,9999.000,9999.000
202608021512,   2.503,9999.000,9999.000,9999.000,9999.000,9999.000,9999.000,9999.000,9999.000
202608021518,   2.531,9999.000,9999.000,9999.000,9999.000,9999.000,9999.000,9999.000,9999.000
202608021524,   2.554,9999.000,9999.000,9999.000,9999.000,9999.000,9999.000,9999.000,9999.000
202608021530,   2.572,9999.000,9999.000,9999.000,9999.000,9999.000,9999.000,9999.000,9999.000
202608021536,   2.587,9999.000,9999.000,9999.000,9999.000,9999.000,9999.000,9999.000,9999.000
202608021542,   2.598,9999.000,9999.000,9999.000,9999.000,9999.000,9999.000,9999.000,9999.000
202608021548,   2.604,9999.000,9999.000,9999.000,9999.000,9999.000,9999.000,9999.000,9999.000
202608021554,   2.607,9999.000,9999.000,9999.000,9999.000,9999.000,9999.000,9999.000,9999.000
202608021600,   2.606,9999.000,   0.400,   0.199,   3.205,   0.300,   3.105,   0.500,   3.305
202608021606,   2.601,9999.000,9999.000,9999.000,9999.000,9999.000,9999.000,9999.000,9999.000
202608021612,   2.594,9999.000,9999.000,9999.000,9999.000,9999.000,9999.000,9999.000,9999.000
202608021618,   2.583,9999.000,9999.000,9999.000,9999.000,9999.000,9999.000,9999.000,9999.000
202608021624,   2.569,9999.000,9999.000,9999.000,9999.000,9999.000,9999.000,9999.000,9999.000
202608021630,   2.552,9999.000,9999.000,9999.000,9999.000,9999.000,9999.000,9999.000,9999.000
202608021636,   2.532,9999.000,9999.000,9999.000,9999.000,9999.000,9999.000,9999.000,9999.000
202608021642,   2.511,9999.000,9999.000,9999.000,9999.000,9999.000,9999.000,9999.000,9999.000
202608021648,   2.486,9999.000,9999.000,9999.000,9999.000,9999.000,9999.000,9999.000,9999.000
202608021654,   2.460,9999.000,9999.000,9999.000,9999.000,9999.000,9999.000,9999.000,9999.000
202608021700,   2.432,9999.000,   0.400,   0.405,   3.237,   0.300,   3.137,   0.500,   3.337
202608021706,   2.401,9999.000,9999.000,9999.000,9999.000,9999.000,9999.000,9999.000,9999.000
202608021712,   2.369,9999.000,9999.000,9999.000,9999.000,9999.000,9999.000,9999.000,9999.000
202608021718,   2.335,9999.000,9999.000,9999.000,9999.000,9999.000,9999.000,9999.000,9999.000
202608021724,   2.299,9999.000,9999.000,9999.000,9999.000,9999.000,9999.000,9999.000,9999.000
202608021730,   2.262,9999.000,9999.000,9999.000,9999.000,9999.000,9999.000,9999.000,9999.000
202608021736,   2.223,9999.000,9999.000,9999.000,9999.000,9999.000,9999.000,9999.000,9999.000
202608021742,   2.183,9999.000,9999.000,9999.000,9999.000,9999.000,9999.000,9999.000,9999.000
202608021748,   2.141,9999.000,9999.000,9999.000,9999.000,9999.000,9999.000,9999.000,9999.000
202608021754,   2.098,9999.000,9999.000,9999.000,9999.000,9999.000,9999.000,9999.000,9999.000
202608021800,   2.053,9999.000,   0.400,   0.548,   3.001,   0.300,   2.901,   0.600,   3.201
202608021806,   2.007,9999.000,9999.000,9999.000,9999.000,9999.000,9999.000,9999.000,9999.000
202608021812,   1.959,9999.000,9999.000,9999.000,9999.000,9999.000,9999.000,9999.000,9999.000
202608021818,   1.911,9999.000,9999.000,9999.000,9999.000,9999.000,9999.000,9999.000,9999.000
202608021824,   1.861,9999.000,9999.000,9999.000,9999.000,9999.000,9999.000,9999.000,9999.000
202608021830,   1.811,9999.000,9999.000,9999.000,9999.000,9999.000,9999.000,9999.000,9999.000
202608021836,   1.759,9999.000,9999.000,9999.000,9999.000,9999.000,9999.000,9999.000,9999.000
202608021842,   1.707,9999.000,9999.000,9999.000,9999.000,9999.000,9999.000,9999.000,9999.000
202608021848,   1.654,9999.000,9999.000,9999.000,9999.000,9999.000,9999.000,9999.000,9999.000
202608021854,   1.600,9999.000,9999.000,9999.000,9999.000,9999.000,9999.000,9999.000,9999.000
202608021900,   1.546,9999.000,   0.400,   0.579,   2.525,   0.300,   2.425,   0.600,   2.725
202608021906,   1.492,9999.000,9999.000,9999.000,9999.000,9999.000,9999.000,9999.000,9999.000
202608021912,   1.437,9999.000,9999.000,9999.000,9999.000,9999.000,9999.000,9999.000,9999.000
202608021918,   1.382,9999.000,9999.000,9999.000,9999.000,9999.000,9999.000,9999.000,9999.000
202608021924,   1.328,9999.000,9999.000,9999.000,9999.000,9999.000,9999.000,9999.000,9999.000
202608021930,   1.273,9999.000,9999.000,9999.000,9999.000,9999.000,9999.000,9999.000,9999.000
202608021936,   1.219,9999.000,9999.000,9999.000,9999.000,9999.000,9999.000,9999.000,9999.000
202608021942,   1.165,9999.000,9999.000,9999.000,9999.000,9999.000,9999.000,9999.000,9999.000
202608021948,   1.111,9999.000,9999.000,9999.000,9999.000,9999.000,9999.000,9999.000,9999.000
202608021954,   1.059,9999.000,9999.000,9999.000,9999.000,9999.000,9999.000,9999.000,9999.000
202608022000,   1.006,9999.000,   0.400,   0.509,   1.915,   0.300,   1.815,   0.600,   2.115
202608022006,   0.955,9999.000,9999.000,9999.000,9999.000,9999.000,9999.000,9999.000,9999.000
202608022012,   0.905,9999.000,9999.000,9999.000,9999.000,9999.000,9999.000,9999.000,9999.000
202608022018,   0.855,9999.000,9999.000,9999.000,9999.000,9999.000,9999.000,9999.000,9999.000
202608022024,   0.807,9999.000,9999.000,9999.000,9999.000,9999.000,9999.000,9999.000,9999.000
202608022030,   0.760,9999.000,9999.000,9999.000,9999.000,9999.000,9999.000,9999.000,9999.000
202608022036,   0.714,9999.000,9999.000,9999.000,9999.000,9999.000,9999.000,9999.000,9999.000
202608022042,   0.669,9999.000,9999.000,9999.000,9999.000,9999.000,9999.000,9999.000,9999.000
202608022048,   0.626,9999.000,9999.000,9999.000,9999.000,9999.000,9999.000,9999.000,9999.000
202608022054,   0.584,9999.000,9999.000,9999.000,9999.000,9999.000,9999.000,9999.000,9999.000
202608022100,   0.544,9999.000,   0.400,   0.378,   1.322,   0.300,   1.222,   0.600,   1.522
202608022106,   0.506,9999.000,9999.000,9999.000,9999.000,9999.000,9999.000,9999.000,9999.000
202608022112,   0.469,9999.000,9999.000,9999.000,9999.000,9999.000,9999.000,9999.000,9999.000
202608022118,   0.435,9999.000,9999.000,9999.000,9999.000,9999.000,9999.000,9999.000,9999.000
202608022124,   0.403,9999.000,9999.000,9999.000,9999.000,9999.000,9999.000,9999.000,9999.000
202608022130,   0.373,9999.000,9999.000,9999.000,9999.000,9999.000,9999.000,9999.000,9999.000
202608022136,   0.345,9999.000,9999.000,9999.000,9999.000,9999.000,9999.000,9999.000,9999.000
202608022142,   0.319,9999.000,9999.000,9999.000,9999.000,9999.000,9999.000,9999.000,9999.000
202608022148,   0.297,9999.000,9999.000,9999.000,9999.000,9999.000,9999.000,9999.000,9999.000
202608022154,   0.276,9999.000,9999.000,9999.000,9999.000,9999.000,9999.000,9999.000,9999.000
202608022200,   0.259,9999.000,   0.400,   0.216,   0.875,   0.300,   0.775,   0.600,   1.075
202608022206,   0.244,9999.000,9999.000,9999.000,9999.000,9999.000,9999.000,9999.000,9999.000
202608022212,   0.232,9999.000,9999.000,9999.000,9999.000,9999.000,9999.000,9999.000,9999.000
202608022218,   0.224,9999.000,9999.000,9999.000,9999.000,9999.000,9999.000,9999.000,9999.000
202608022224,   0.218,9999.000,9999.000,9999.000,9999.000,9999.000,9999.000,9999.000,9999.000
202608022230,   0.215,9999.000,9999.000,9999.000,9999.000,9999.000,9999.000,9999.000,9999.000
202608022236,   0.215,9999.000,9999.000,9999.000,9999.000,9999.000,9999.000,9999.000,9999.000
202608022242,   0.217,9999.000,9999.000,9999.000,9999.000,9999.000,9999.000,9999.000,9999.000
202608022248,   0.223,9999.000,9999.000,9999.000,9999.000,9999.000,9999.000,9999.000,9999.000
202608022254,   0.232,9999.000,9999.000,9999.000,9999.000,9999.000,9999.000,9999.000,9999.000
202608022300,   0.243,9999.000,   0.400,   0.047,   0.690,   0.300,   0.590,   0.600,   0.890
202608022306,   0.258,9999.000,9999.000,9999.000,9999.000,9999.000,9999.000,9999.000,9999.000
202608022312,   0.275,9999.000,9999.000,9999.000,9999.000,9999.000,9999.000,9999.000,9999.000
202608022318,   0.294,9999.000,9999.000,9999.000,9999.000,9999.000,9999.000,9999.000,9999.000
202608022324,   0.316,9999.000,9999.000,9999.000,9999.000,9999.000,9999.000,9999.000,9999.000
202608022330,   0.340,9999.000,9999.000,9999.000,9999.000,9999.000,9999.000,9999.000,9999.000
202608022336,   0.367,9999.000,9999.000,9999.000,9999.000,9999.000,9999.000,9999.000,9999.000
202608022342,   0.395,9999.000,9999.000,9999.000,9999.000,9999.000,9999.000,9999.000,9999.000
202608022348,   0.426,9999.000,9999.000,9999.000,9999.000,9999.000,9999.000,9999.000,9999.000
202608022354,   0.459,9999.000,9999.000,9999.000,9999.000,9999.000,9999.000,9999.000,9999.000
202608030000,   0.495,9999.000,   0.400,  -0.104,   0.791,   0.300,   0.691,   0.600,   0.991
202608030006,   0.532,9999.000,9999.000,9999.000,9999.000,9999.000,9999.000,9999.000,9999.000
202608030012,   0.571,9999.000,9999.000,9999.000,9999.000,9999.000,9999.000,9999.000,9999.000
202608030018,   0.612,9999.000,9999.000,9999.000,9999.000,9999.000,9999.000,9999.000,9999.000
202608030024,   0.655,9999.000,9999.000,9999.000,9999.000,9999.000,9999.000,9999.000,9999.000
202608030030,   0.700,9999.000,9999.000,9999.000,9999.000,9999.000,9999.000,9999.000,9999.000
202608030036,   0.747,9999.000,9999.000,9999.000,9999.000,9999.000,9999.000,9999.000,9999.000
202608030042,   0.796,9999.000,9999.000,9999.000,9999.000,9999.000,9999.000,9999.000,9999.000
202608030048,   0.847,9999.000,9999.000,9999.000,9999.000,9999.000,9999.000,9999.000,9999.000
202608030054,   0.901,9999.000,9999.000,9999.000,9999.000,9999.000,9999.000,9999.000,9999.000
202608030100,   0.956,9999.000,   0.400,  -0.215,   1.141,   0.300,   1.041,   0.600,   1.341
202608030106,   1.013,9999.000,9999.000,9999.000,9999.000,9999.000,9999.000,9999.000,9999.000
202608030112,   1.072,9999.000,9999.000,9999.000,9999.000,9999.000,9999.000,9999.000,9999.000
202608030118,   1.132,9999.000,9999.000,9999.000,9999.000,9999.000,9999.000,9999.000,9999.000
202608030124,   1.195,9999.000,9999.000,9999.000,9999.000,9999.000,9999.000,9999.000,9999.000
202608030130,   1.259,9999.000,9999.000,9999.000,9999.000,9999.000,9999.000,9999.000,9999.000
202608030136,   1.324,9999.000,9999.000,9999.000,9999.000,9999.000,9999.000,9999.000,9999.000
202608030142,   1.391,9999.000,9999.000,9999.000,9999.000,9999.000,9999.000,9999.000,9999.000
202608030148,   1.458,9999.000,9999.000,9999.000,9999.000,9999.000,9999.000,9999.000,9999.000
202608030154,   1.527,9999.000,9999.000,9999.000,9999.000,9999.000,9999.000,9999.000,9999.000
202608030200,   1.596,9999.000,   0.400,  -0.274,   1.722,   0.200,   1.522,   0.600,   1.922
202608030206,   1.665,9999.000,9999.000,9999.000,9999.000,9999.000,9999.000,9999.000,9999.000
202608030212,   1.734,9999.000,9999.000,9999.000,9999.000,9999.000,9999.000,9999.000,9999.000
202608030218,   1.802,9999.000,9999.000,9999.000,9999.000,9999.000,9999.000,9999.000,9999.000
202608030224,   1.869,9999.000,9999.000,9999.000,9999.000,9999.000,9999.000,9999.000,9999.000
202608030230,   1.935,9999.000,9999.000,9999.000,9999.000,9999.000,9999.000,9999.000,9999.000
202608030236,   2.000,9999.000,9999.000,9999.000,9999.000,9999.000,9999.000,9999.000,9999.000
202608030242,   2.062,9999.000,9999.000,9999.000,9999.000,9999.000,9999.000,9999.000,9999.000
202608030248,   2.122,9999.000,9999.000,9999.000,9999.000,9999.000,9999.000,9999.000,9999.000
202608030254,   2.179,9999.000,9999.000,9999.000,9999.000,9999.000,9999.000,9999.000,9999.000
202608030300,   2.233,9999.000,   0.400,  -0.250,   2.383,   0.200,   2.183,   0.600,   2.583
202608030306,   2.284,9999.000,9999.000,9999.000,9999.000,9999.000,9999.000,9999.000,9999.000
202608030312,   2.331,9999.000,9999.000,9999.000,9999.000,9999.000,9999.000,9999.000,9999.000
202608030318,   2.374,9999.000,9999.000,9999.000,9999.000,9999.000,9999.000,9999.000,9999.000
202608030324,   2.413,9999.000,9999.000,9999.000,9999.000,9999.000,9999.000,9999.000,9999.000
202608030330,   2.448,9999.000,9999.000,9999.000,9999.000,9999.000,9999.000,9999.000,9999.000
202608030336,   2.479,9999.000,9999.000,9999.000,9999.000,9999.000,9999.000,9999.000,9999.000
202608030342,   2.505,9999.000,9999.000,9999.000,9999.000,9999.000,9999.000,9999.000,9999.000
202608030348,   2.527,9999.000,9999.000,9999.000,9999.000,9999.000,9999.000,9999.000,9999.000
202608030354,   2.544,9999.000,9999.000,9999.000,9999.000,9999.000,9999.000,9999.000,9999.000
202608030400,   2.557,9999.000,   0.400,  -0.112,   2.845,   0.200,   2.645,   0.600,   3.045
202608030406,   2.566,9999.000,9999.000,9999.000,9999.000,9999.000,9999.000,9999.000,9999.000
202608030412,   2.570,9999.000,9999.000,9999.000,9999.000,9999.000,9999.000,9999.000,9999.000
202608030418,   2.571,9999.000,9999.000,9999.000,9999.000,9999.000,9999.000,9999.000,9999.000
202608030424,   2.567,9999.000,9999.000,9999.000,9999.000,9999.000,9999.000,9999.000,9999.000
202608030430,   2.560,9999.000,9999.000,9999.000,9999.000,9999.000,9999.000,9999.000,9999.000
202608030436,   2.549,9999.000,9999.000,9999.000,9999.000,9999.000,9999.000,9999.000,9999.000
202608030442,   2.536,9999.000,9999.000,9999.000,9999.000,9999.000,9999.000,9999.000,9999.000
202608030448,   2.518,9999.000,9999.000,9999.000,9999.000,9999.000,9999.000,9999.000,9999.000
202608030454,   2.498,9999.000,9999.000,9999.000,9999.000,9999.000,9999.000,9999.000,9999.000
202608030500,   2.476,9999.000,   0.400,   0.118,   2.994,   0.200,   2.794,   0.600,   3.194
202608030506,   2.450,9999.000,9999.000,9999.000,9999.000,9999.000,9999.000,9999.000,9999.000
202608030512,   2.423,9999.000,9999.000,9999.000,9999.000,9999.000,9999.000,9999.000,9999.000
202608030518,   2.393,9999.000,9999.000,9999.000,9999.000,9999.000,9999.000,9999.000,9999.000
202608030524,   2.361,9999.000,9999.000,9999.000,9999.000,9999.000,9999.000,9999.000,9999.000
202608030530,   2.327,9999.000,9999.000,9999.000,9999.000,9999.000,9999.000,9999.000,9999.000
202608030536,   2.291,9999.000,9999.000,9999.000,9999.000,9999.000,9999.000,9999.000,9999.000
202608030542,   2.253,9999.000,9999.000,9999.000,9999.000,9999.000,9999.000,9999.000,9999.000
202608030548,   2.214,9999.000,9999.000,9999.000,9999.000,9999.000,9999.000,9999.000,9999.000
202608030554,   2.173,9999.000,9999.000,9999.000,9999.000,9999.000,9999.000,9999.000,9999.000
202608030600,   2.130,9999.000,   0.400,   0.339,   2.869,   0.100,   2.569,   0.600,   3.069
202608030606,   2.086,9999.000,9999.000,9999.000,9999.000,9999.000,9999.000,9999.000,9999.000
202608030612,   2.040,9999.000,9999.000,9999.000,9999.000,9999.000,9999.000,9999.000,9999.000
202608030618,   1.994,9999.000,9999.000,9999.000,9999.000,9999.000,9999.000,9999.000,9999.000
202608030624,   1.946,9999.000,9999.000,9999.000,9999.000,9999.000,9999.000,9999.000,9999.000
202608030630,   1.896,9999.000,9999.000,9999.000,9999.000,9999.000,9999.000,9999.000,9999.000
202608030636,   1.846,9999.000,9999.000,9999.000,9999.000,9999.000,9999.000,9999.000,9999.000
202608030642,   1.795,9999.000,9999.000,9999.000,9999.000,9999.000,9999.000,9999.000,9999.000
202608030648,   1.742,9999.000,9999.000,9999.000,9999.000,9999.000,9999.000,9999.000,9999.000
202608030654,   1.689,9999.000,9999.000,9999.000,9999.000,9999.000,9999.000,9999.000,9999.000
202608030700,   1.635,9999.000,   0.300,   0.450,   2.385,   0.100,   2.185,   0.500,   2.585
202608030706,   1.580,9999.000,9999.000,9999.000,9999.000,9999.000,9999.000,9999.000,9999.000
202608030712,   1.525,9999.000,9999.000,9999.000,9999.000,9999.000,9999.000,9999.000,9999.000
202608030718,   1.470,9999.000,9999.000,9999.000,9999.000,9999.000,9999.000,9999.000,9999.000
202608030724,   1.414,9999.000,9999.000,9999.000,9999.000,9999.000,9999.000,9999.000,9999.000
202608030730,   1.358,9999.000,9999.000,9999.000,9999.000,9999.000,9999.000,9999.000,9999.000
202608030736,   1.302,9999.000,9999.000,9999.000,9999.000,9999.000,9999.000,9999.000,9999.000
202608030742,   1.246,9999.000,9999.000,9999.000,9999.000,9999.000,9999.000,9999.000,9999.000
202608030748,   1.191,9999.000,9999.000,9999.000,9999.000,9999.000,9999.000,9999.000,9999.000
202608030754,   1.136,9999.000,9999.000,9999.000,9999.000,9999.000,9999.000,9999.000,9999.000
202608030800,   1.081,9999.000,   0.300,   0.433,   1.814,   0.000,   1.514,   0.500,   2.014
202608030806,   1.027,9999.000,9999.000,9999.000,9999.000,9999.000,9999.000,9999.000,9999.000
202608030812,   0.974,9999.000,9999.000,9999.000,9999.000,9999.000,9999.000,9999.000,9999.000
202608030818,   0.921,9999.000,9999.000,9999.000,9999.000,9999.000,9999.000,9999.000,9999.000
202608030824,   0.870,9999.000,9999.000,9999.000,9999.000,9999.000,9999.000,9999.000,9999.000
202608030830,   0.819,9999.000,9999.000,9999.000,9999.000,9999.000,9999.000,9999.000,9999.000
202608030836,   0.770,9999.000,9999.000,9999.000,9999.000,9999.000,9999.000,9999.000,9999.000
202608030842,   0.722,9999.000,9999.000,9999.000,9999.000,9999.000,9999.000,9999.000,9999.000
202608030848,   0.675,9999.000,9999.000,9999.000,9999.000,9999.000,9999.000,9999.000,9999.000
202608030854,   0.629,9999.000,9999.000,9999.000,9999.000,9999.000,9999.000,9999.000,9999.000
202608030900,   0.585,9999.000,   0.300,   0.333,   1.218,   0.000,   0.918,   0.500,   1.418
202608030906,   0.542,9999.000,9999.000,9999.000,9999.000,9999.000,9999.000,9999.000,9999.000
202608030912,   0.501,9999.000,9999.000,9999.000,9999.000,9999.000,9999.000,9999.000,9999.000
202608030918,   0.462,9999.000,9999.000,9999.000,9999.000,9999.000,9999.000,9999.000,9999.000
202608030924,   0.424,9999.000,9999.000,9999.000,9999.000,9999.000,9999.000,9999.000,9999.000
202608030930,   0.389,9999.000,9999.000,9999.000,9999.000,9999.000,9999.000,9999.000,9999.000
202608030936,   0.355,9999.000,9999.000,9999.000,9999.000,9999.000,9999.000,9999.000,9999.000
202608030942,   0.323,9999.000,9999.000,9999.000,9999.000,9999.000,9999.000,9999.000,9999.000
202608030948,   0.294,9999.000,9999.000,9999.000,9999.000,9999.000,9999.000,9999.000,9999.000
202608030954,   0.267,9999.000,9999.000,9999.000,9999.000,9999.000,9999.000,9999.000,9999.000
202608031000,   0.242,9999.000,   0.300,   0.197,   0.739,   0.000,   0.439,   0.500,   0.939
202608031006,   0.220,9999.000,9999.000,9999.000,9999.000,9999.000,9999.000,9999.000,9999.000
202608031012,   0.200,9999.000,9999.000,9999.000,9999.000,9999.000,9999.000,9999.000,9999.000
202608031018,   0.184,9999.000,9999.000,9999.000,9999.000,9999.000,9999.000,9999.000,9999.000
202608031024,   0.169,9999.000,9999.000,9999.000,9999.000,9999.000,9999.000,9999.000,9999.000
202608031030,   0.158,9999.000,9999.000,9999.000,9999.000,9999.000,9999.000,9999.000,9999.000
202608031036,   0.150,9999.000,9999.000,9999.000,9999.000,9999.000,9999.000,9999.000,9999.000
202608031042,   0.144,9999.000,9999.000,9999.000,9999.000,9999.000,9999.000,9999.000,9999.000
202608031048,   0.142,9999.000,9999.000,9999.000,9999.000,9999.000,9999.000,9999.000,9999.000
202608031054,   0.142,9999.000,9999.000,9999.000,9999.000,9999.000,9999.000,9999.000,9999.000
202608031100,   0.146,9999.000,   0.300,   0.053,   0.499,   0.000,   0.199,   0.500,   0.699
202608031106,   0.152,9999.000,9999.000,9999.000,9999.000,9999.000,9999.000,9999.000,9999.000
202608031112,   0.161,9999.000,9999.000,9999.000,9999.000,9999.000,9999.000,9999.000,9999.000
202608031118,   0.173,9999.000,9999.000,9999.000,9999.000,9999.000,9999.000,9999.000,9999.000
202608031124,   0.188,9999.000,9999.000,9999.000,9999.000,9999.000,9999.000,9999.000,9999.000
202608031130,   0.206,9999.000,9999.000,9999.000,9999.000,9999.000,9999.000,9999.000,9999.000
202608031136,   0.226,9999.000,9999.000,9999.000,9999.000,9999.000,9999.000,9999.000,9999.000
202608031142,   0.248,9999.000,9999.000,9999.000,9999.000,9999.000,9999.000,9999.000,9999.000
202608031148,   0.274,9999.000,9999.000,9999.000,9999.000,9999.000,9999.000,9999.000,9999.000
202608031154,   0.301,9999.000,9999.000,9999.000,9999.000,9999.000,9999.000,9999.000,9999.000
202608031200,   0.331,9999.000,   0.200,  -0.072,   0.459,   0.000,   0.259,   0.500,   0.759
202608031206,   0.363,9999.000,9999.000,9999.000,9999.000,9999.000,9999.000,9999.000,9999.000
202608031212,   0.397,9999.000,9999.000,9999.000,9999.000,9999.000,9999.000,9999.000,9999.000
202608031218,   0.433,9999.000,9999.000,9999.000,9999.000,9999.000,9999.000,9999.000,9999.000
202608031224,   0.471,9999.000,9999.000,9999.000,9999.000,9999.000,9999.000,9999.000,9999.000
202608031230,   0.511,9999.000,9999.000,9999.000,9999.000,9999.000,9999.000,9999.000,9999.000
202608031236,   0.553,9999.000,9999.000,9999.000,9999.000,9999.000,9999.000,9999.000,9999.000
202608031242,   0.597,9999.000,9999.000,9999.000,9999.000,9999.000,9999.000,9999.000,9999.000
202608031248,   0.643,9999.000,9999.000,9999.000,9999.000,9999.000,9999.000,9999.000,9999.000
202608031254,   0.691,9999.000,9999.000,9999.000,9999.000,9999.000,9999.000,9999.000,9999.000
202608031300,   0.741,9999.000,   0.200,  -0.152,   0.789,   0.000,   0.589,   0.500,   1.089
202608031306,   0.793,9999.000,9999.000,9999.000,9999.000,9999.000,9999.000,9999.000,9999.000
202608031312,   0.846,9999.000,9999.000,9999.000,9999.000,9999.000,9999.000,9999.000,9999.000
202608031318,   0.902,9999.000,9999.000,9999.000,9999.000,9999.000,9999.000,9999.000,9999.000
202608031324,   0.959,9999.000,9999.000,9999.000,9999.000,9999.000,9999.000,9999.000,9999.000
202608031330,   1.019,9999.000,9999.000,9999.000,9999.000,9999.000,9999.000,9999.000,9999.000
202608031336,   1.080,9999.000,9999.000,9999.000,9999.000,9999.000,9999.000,9999.000,9999.000
202608031342,   1.143,9999.000,9999.000,9999.000,9999.000,9999.000,9999.000,9999.000,9999.000
202608031348,   1.208,9999.000,9999.000,9999.000,9999.000,9999.000,9999.000,9999.000,9999.000
202608031354,   1.274,9999.000,9999.000,9999.000,9999.000,9999.000,9999.000,9999.000,9999.000
202608031400,   1.342,9999.000,   0.200,  -0.170,   1.372,   0.000,   1.172,   0.500,   1.672
202608031406,   1.411,9999.000,9999.000,9999.000,9999.000,9999.000,9999.000,9999.000,9999.000
202608031412,   1.481,9999.000,9999.000,9999.000,9999.000,9999.000,9999.000,9999.000,9999.000
202608031418,   1.552,9999.000,9999.000,9999.000,9999.000,9999.000,9999.000,9999.000,9999.000
202608031424,   1.624,9999.000,9999.000,9999.000,9999.000,9999.000,9999.000,9999.000,9999.000
202608031430,   1.695,9999.000,9999.000,9999.000,9999.000,9999.000,9999.000,9999.000,9999.000
202608031436,   1.767,9999.000,9999.000,9999.000,9999.000,9999.000,9999.000,9999.000,9999.000
202608031442,   1.838,9999.000,9999.000,9999.000,9999.000,9999.000,9999.000,9999.000,9999.000
202608031448,   1.908,9999.000,9999.000,9999.000,9999.000,9999.000,9999.000,9999.000,9999.000
202608031454,   1.977,9999.000,9999.000,9999.000,9999.000,9999.000,9999.000,9999.000,9999.000
202608031500,   2.044,9999.000,   0.200,  -0.105,   2.139,   0.000,   1.939,   0.500,   2.439
202608031506,   2.110,9999.000,9999.000,9999.000,9999.000,9999.000,9999.000,9999.000,9999.000
202608031512,   2.173,9999.000,9999.000,9999.000,9999.000,9999.000,9999.000,9999.000,9999.000
202608031518,   2.233,9999.000,9999.000,9999.000,9999.000,9999.000,9999.000,9999.000,9999.000
202608031524,   2.291,9999.000,9999.000,9999.000,9999.000,9999.000,9999.000,9999.000,9999.000
202608031530,   2.345,9999.000,9999.000,9999.000,9999.000,9999.000,9999.000,9999.000,9999.000
202608031536,   2.395,9999.000,9999.000,9999.000,9999.000,9999.000,9999.000,9999.000,9999.000
202608031542,   2.442,9999.000,9999.000,9999.000,9999.000,9999.000,9999.000,9999.000,9999.000
202608031548,   2.485,9999.000,9999.000,9999.000,9999.000,9999.000,9999.000,9999.000,9999.000
202608031554,   2.523,9999.000,9999.000,9999.000,9999.000,9999.000,9999.000,9999.000,9999.000
202608031600,   2.557,9999.000,   0.200,   0.059,   2.816,   0.000,   2.616,   0.500,   3.116
202608031606,   2.587,9999.000,9999.000,9999.000,9999.000,9999.000,9999.000,9999.000,9999.000
202608031612,   2.612,9999.000,9999.000,9999.000,9999.000,9999.000,9999.000,9999.000,9999.000
202608031618,   2.633,9999.000,9999.000,9999.000,9999.000,9999.000,9999.000,9999.000,9999.000
202608031624,   2.650,9999.000,9999.000,9999.000,9999.000,9999.000,9999.000,9999.000,9999.000
202608031630,   2.662,9999.000,9999.000,9999.000,9999.000,9999.000,9999.000,9999.000,9999.000
202608031636,   2.670,9999.000,9999.000,9999.000,9999.000,9999.000,9999.000,9999.000,9999.000
202608031642,   2.675,9999.000,9999.000,9999.000,9999.000,9999.000,9999.000,9999.000,9999.000
202608031648,   2.675,9999.000,9999.000,9999.000,9999.000,9999.000,9999.000,9999.000,9999.000
202608031654,   2.671,9999.000,9999.000,9999.000,9999.000,9999.000,9999.000,9999.000,9999.000
202608031700,   2.664,9999.000,   0.200,   0.127,   2.991,   0.000,   2.791,   0.500,   3.291
202608031706,   2.654,9999.000,9999.000,9999.000,9999.000,9999.000,9999.000,9999.000,9999.000
202608031712,   2.640,9999.000,9999.000,9999.000,9999.000,9999.000,9999.000,9999.000,9999.000
202608031718,   2.624,9999.000,9999.000,9999.000,9999.000,9999.000,9999.000,9999.000,9999.000
202608031724,   2.604,9999.000,9999.000,9999.000,9999.000,9999.000,9999.000,9999.000,9999.000
202608031730,   2.582,9999.000,9999.000,9999.000,9999.000,9999.000,9999.000,9999.000,9999.000
202608031736,   2.558,9999.000,9999.000,9999.000,9999.000,9999.000,9999.000,9999.000,9999.000
202608031742,   2.531,9999.000,9999.000,9999.000,9999.000,9999.000,9999.000,9999.000,9999.000
202608031748,   2.503,9999.000,9999.000,9999.000,9999.000,9999.000,9999.000,9999.000,9999.000
202608031754,   2.472,9999.000,9999.000,9999.000,9999.000,9999.000,9999.000,9999.000,9999.000
202608031800,   2.439,9999.000,   0.200,   0.127,   2.766,   0.000,   2.566,   0.500,   3.066
