        TIME,    TIDE,      OB,   SURGE,    BIAS,     TWL,SURGE90p,  TWL90p,SURGE10p,   TWL10p
202602220000,   0.027,   0.800,   0.900,  -0.127,   0.800,   0.900,   0.800,   0.900,   0.800
202602220006,   0.020,9999.000,9999.000,9999.000,9999.000,9999.000,9999.000,9999.000,9999.000
202602220012,   0.013,   0.770,9999.000,9999.000,9999.000,9999.000,9999.000,9999.000,9999.000
202602220018,   0.007,9999.000,9999.000,9999.000,9999.000,9999.000,9999.000,9999.000,9999.000
202602220024,   0.001,   0.741,9999.000,9999.000,9999.000,9999.000,9999.000,9999.000,9999.000
202602220030,  -0.004,9999.000,9999.000,9999.000,9999.000,9999.000,9999.000,9999.000,9999.000
202602220036,  -0.010,   0.731,9999.000,9999.000,9999.000,9999.000,9999.000,9999.000,9999.000
202602220042,  -0.015,9999.000,9999.000,9999.000,9999.000,9999.000,9999.000,9999.000,9999.000
202602220048,  -0.019,   0.698,9999.000,9999.000,9999.000,9999.000,9999.000,9999.000,9999.000
202602220054,  -0.024,9999.000,9999.000,9999.000,9999.000,9999.000,9999.000,9999.000,9999.000
202602220100,  -0.028,   0.708,   0.900,  -0.164,   0.708,   0.900,   0.708,   0.900,   0.708
202602220106,  -0.031,   0.708,9999.000,9999.000,9999.000,9999.000,9999.000,9999.000,9999.000
202602220112,  -0.034,   0.718,9999.000,9999.000,9999.000,9999.000,9999.000,9999.000,9999.000
202602220118,  -0.037,   0.718,9999.000,9999.000,9999.000,9999.000,9999.000,9999.000,9999.000
202602220124,  -0.039,   0.731,9999.000,9999.000,9999.000,9999.000,9999.000,9999.000,9999.000
202602220130,  -0.041,   0.718,9999.000,9999.000,9999.000,9999.000,9999.000,9999.000,9999.000
202602220136,  -0.042,   0.731,9999.000,9999.000,9999.000,9999.000,9999.000,9999.000,9999.000
202602220142,  -0.043,   0.731,9999.000,9999.000,9999.000,9999.000,9999.000,9999.000,9999.000
202602220148,  -0.043,   0.751,9999.000,9999.000,9999.000,9999.000,9999.000,9999.000,9999.000
202602220154,  -0.043,   0.780,9999.000,9999.000,9999.000,9999.000,9999.000,9999.000,9999.000
202602220200,  -0.042,   0.790,   0.900,  -0.068,   0.790,   0.900,   0.790,   0.900,   0.790
202602220206,  -0.040,   0.819,9999.000,9999.000,9999.000,9999.000,9999.000,9999.000,9999.000
202602220212,  -0.038,   0.829,9999.000,9999.000,9999.000,9999.000,9999.000,9999.000,9999.000
202602220218,  -0.036,   0.859,9999.000,9999.000,9999.000,9999.000,9999.000,9999.000,9999.000
202602220224,  -0.032,   0.918,9999.000,9999.000,9999.000,9999.000,9999.000,9999.000,9999.000
202602220230,  -0.028,   0.951,9999.000,9999.000,9999.000,9999.000,9999.000,9999.000,9999.000
202602220236,  -0.024,   0.970,9999.000,9999.000,9999.000,9999.000,9999.000,9999.000,9999.000
202602220242,  -0.018,   0.980,9999.000,9999.000,9999.000,9999.000,9999.000,9999.000,9999.000
202602220248,  -0.012,   1.000,9999.000,9999.000,9999.000,9999.000,9999.000,9999.000,9999.000
202602220254,  -0.006,   1.020,9999.000,9999.000,9999.000,9999.000,9999.000,9999.000,9999.000
202602220300,   0.001,   1.039,   0.900,   0.138,   1.039,   0.900,   1.039,   0.900,   1.039
202602220306,   0.008,   1.049,9999.000,9999.000,9999.000,9999.000,9999.000,9999.000,9999.000
202602220312,   0.017,   1.069,9999.000,9999.000,9999.000,9999.000,9999.000,9999.000,9999.000
202602220318,   0.026,   1.088,9999.000,9999.000,9999.000,9999.000,9999.000,9999.000,9999.000
202602220324,   0.036,   1.108,9999.000,9999.000,9999.000,9999.000,9999.000,9999.000,9999.000
202602220330,   0.046,   1.118,9999.000,9999.000,9999.000,9999.000,9999.000,9999.000,9999.000
202602220336,   0.057,   1.128,9999.000,9999.000,9999.000,9999.000,9999.000,9999.000,9999.000
202602220342,   0.068,   1.128,9999.000,9999.000,9999.000,9999.000,9999.000,9999.000,9999.000
202602220348,   0.080,   1.138,9999.000,9999.000,9999.000,9999.000,9999.000,9999.000,9999.000
202602220354,   0.092,   1.170,9999.000,9999.000,9999.000,9999.000,9999.000,9999.000,9999.000
202602220400,   0.105,   1.210,   0.900,   0.205,   1.210,   0.900,   1.210,   0.900,   1.210
202602220406,   0.117,   1.249,9999.000,9999.000,9999.000,9999.000,9999.000,9999.000,9999.000
202602220412,   0.130,   1.259,9999.000,9999.000,9999.000,9999.000,9999.000,9999.000,9999.000
202602220418,   0.143,   1.279,9999.000,9999.000,9999.000,9999.000,9999.000,9999.000,9999.000
202602220424,   0.156,   1.318,9999.000,9999.000,9999.000,9999.000,9999.000,9999.000,9999.000
202602220430,   0.169,   1.338,9999.000,9999.000,9999.000,9999.000,9999.000,9999.000,9999.000
202602220436,   0.182,   1.361,9999.000,9999.000,9999.000,9999.000,9999.000,9999.000,9999.000
202602220442,   0.195,   1.380,9999.000,9999.000,9999.000,9999.000,9999.000,9999.000,9999.000
202602220448,   0.208,   1.410,9999.000,9999.000,9999.000,9999.000,9999.000,9999.000,9999.000
202602220454,   0.220,   1.439,9999.000,9999.000,9999.000,9999.000,9999.000,9999.000,9999.000
202602220500,   0.233,   1.469,   0.900,   0.336,   1.469,   0.900,   1.469,   0.900,   1.469
202602220506,   0.244,   1.489,9999.000,9999.000,9999.000,9999.000,9999.000,9999.000,9999.000
202602220512,   0.256,   1.508,9999.000,9999.000,9999.000,9999.000,9999.000,9999.000,9999.000
202602220518,   0.267,   1.528,9999.000,9999.000,9999.000,9999.000,9999.000,9999.000,9999.000
202602220524,   0.278,   1.548,9999.000,9999.000,9999.000,9999.000,9999.000,9999.000,9999.000
202602220530,   0.288,   1.557,9999.000,9999.000,9999.000,9999.000,9999.000,9999.000,9999.000
202602220536,   0.298,   1.580,9999.000,9999.000,9999.000,9999.000,9999.000,9999.000,9999.000
202602220542,   0.307,   1.600,9999.000,9999.000,9999.000,9999.000,9999.000,9999.000,9999.000
202602220548,   0.316,   1.630,9999.000,9999.000,9999.000,9999.000,9999.000,9999.000,9999.000
202602220554,   0.324,   1.649,9999.000,9999.000,9999.000,9999.000,9999.000,9999.000,9999.000
202602220600,   0.332,   1.669,   0.900,   0.437,   1.669,   0.900,   1.669,   0.900,   1.669
202602220606,   0.339,   1.689,9999.000,9999.000,9999.000,9999.000,9999.000,9999.000,9999.000
202602220612,   0.346,   1.708,9999.000,9999.000,9999.000,9999.000,9999.000,9999.000,9999.000
202602220618,   0.352,   1.728,9999.000,9999.000,9999.000,9999.000,9999.000,9999.000,9999.000
202602220624,   0.358,   1.748,9999.000,9999.000,9999.000,9999.000,9999.000,9999.000,9999.000
202602220630,   0.363,   1.758,9999.000,9999.000,9999.000,9999.000,9999.000,9999.000,9999.000
202602220636,   0.368,   1.781,9999.000,9999.000,9999.000,9999.000,9999.000,9999.000,9999.000
202602220642,   0.372,   1.790,9999.000,9999.000,9999.000,9999.000,9999.000,9999.000,9999.000
202602220648,   0.376,   1.810,9999.000,9999.000,9999.000,9999.000,9999.000,9999.000,9999.000
202602220654,   0.380,   1.810,9999.000,9999.000,9999.000,9999.000,9999.000,9999.000,9999.000
202602220700,   0.383,   1.820,   0.900,   0.537,   1.820,   0.900,   1.820,   0.900,   1.820
202602220706,   0.385,   1.830,9999.000,9999.000,9999.000,9999.000,9999.000,9999.000,9999.000
202602220712,   0.387,   1.840,9999.000,9999.000,9999.000,9999.000,9999.000,9999.000,9999.000
202602220718,   0.389,   1.840,9999.000,9999.000,9999.000,9999.000,9999.000,9999.000,9999.000
202602220724,   0.390,   1.840,9999.000,9999.000,9999.000,9999.000,9999.000,9999.000,9999.000
202602220730,   0.391,   1.840,9999.000,9999.000,9999.000,9999.000,9999.000,9999.000,9999.000
202602220736,   0.392,   1.810,9999.000,9999.000,9999.000,9999.000,9999.000,9999.000,9999.000
202602220742,   0.392,   1.810,9999.000,9999.000,9999.000,9999.000,9999.000,9999.000,9999.000
202602220748,   0.391,   1.790,9999.000,9999.000,9999.000,9999.000,9999.000,9999.000,9999.000
202602220754,   0.390,   1.767,9999.000,9999.000,9999.000,9999.000,9999.000,9999.000,9999.000
202602220800,   0.389,   1.728,   0.900,   0.439,   1.728,   0.900,   1.728,   0.900,   1.728
202602220806,   0.387,   1.718,9999.000,9999.000,9999.000,9999.000,9999.000,9999.000,9999.000
202602220812,   0.385,   1.708,9999.000,9999.000,9999.000,9999.000,9999.000,9999.000,9999.000
202602220818,   0.382,   1.699,9999.000,9999.000,9999.000,9999.000,9999.000,9999.000,9999.000
202602220824,   0.379,   1.689,9999.000,9999.000,9999.000,9999.000,9999.000,9999.000,9999.000
202602220830,   0.376,   1.669,9999.000,9999.000,9999.000,9999.000,9999.000,9999.000,9999.000
202602220836,   0.372,   1.649,9999.000,9999.000,9999.000,9999.000,9999.000,9999.000,9999.000
202602220842,   0.368,   1.639,9999.000,9999.000,9999.000,9999.000,9999.000,9999.000,9999.000
202602220848,   0.363,   1.630,9999.000,9999.000,9999.000,9999.000,9999.000,9999.000,9999.000
202602220854,   0.358,   1.600,9999.000,9999.000,9999.000,9999.000,9999.000,9999.000,9999.000
202602220900,   0.352,   1.580,   0.900,   0.328,   1.580,   0.900,   1.580,   0.900,   1.580
202602220906,   0.347,   1.557,9999.000,9999.000,9999.000,9999.000,9999.000,9999.000,9999.000
202602220912,   0.340,   1.548,9999.000,9999.000,9999.000,9999.000,9999.000,9999.000,9999.000
202602220918,   0.334,   1.528,9999.000,9999.000,9999.000,9999.000,9999.000,9999.000,9999.000
202602220924,   0.327,   1.508,9999.000,9999.000,9999.000,9999.000,9999.000,9999.000,9999.000
202602220930,   0.320,   1.498,9999.000,9999.000,9999.000,9999.000,9999.000,9999.000,9999.000
202602220936,   0.312,   1.479,9999.000,9999.000,9999.000,9999.000,9999.000,9999.000,9999.000
202602220942,   0.304,   1.469,9999.000,9999.000,9999.000,9999.000,9999.000,9999.000,9999.000
202602220948,   0.296,   1.449,9999.000,9999.000,9999.000,9999.000,9999.000,9999.000,9999.000
202602220954,   0.288,   1.430,9999.000,9999.000,9999.000,9999.000,9999.000,9999.000,9999.000
202602221000,   0.279,   1.410,   0.900,   0.231,   1.410,   0.900,   1.410,   0.900,   1.410
202602221006,   0.270,   1.390,9999.000,9999.000,9999.000,9999.000,9999.000,9999.000,9999.000
202602221012,   0.261,   1.361,9999.000,9999.000,9999.000,9999.000,9999.000,9999.000,9999.000
202602221018,   0.252,   1.338,9999.000,9999.000,9999.000,9999.000,9999.000,9999.000,9999.000
202602221024,   0.243,   1.318,9999.000,9999.000,9999.000,9999.000,9999.000,9999.000,9999.000
202602221030,   0.234,   1.298,9999.000,9999.000,9999.000,9999.000,9999.000,9999.000,9999.000
202602221036,   0.224,   1.269,9999.000,9999.000,9999.000,9999.000,9999.000,9999.000,9999.000
202602221042,   0.215,   1.229,9999.000,9999.000,9999.000,9999.000,9999.000,9999.000,9999.000
202602221048,   0.205,   1.190,9999.000,9999.000,9999.000,9999.000,9999.000,9999.000,9999.000
202602221054,   0.196,   1.170,9999.000,9999.000,9999.000,9999.000,9999.000,9999.000,9999.000
202602221100,   0.186,   1.138,   0.900,   0.052,   1.138,   0.900,   1.138,   1.000,   1.238
202602221106,   0.177,   1.108,9999.000,9999.000,9999.000,9999.000,9999.000,9999.000,9999.000
202602221112,   0.168,   1.098,9999.000,9999.000,9999.000,9999.000,9999.000,9999.000,9999.000
202602221118,   0.158,   1.079,9999.000,9999.000,9999.000,9999.000,9999.000,9999.000,9999.000
202602221124,   0.149,   1.069,9999.000,9999.000,9999.000,9999.000,9999.000,9999.000,9999.000
202602221130,   0.140,   1.039,9999.000,9999.000,9999.000,9999.000,9999.000,9999.000,9999.000
202602221136,   0.131,   1.020,9999.000,9999.000,9999.000,9999.000,9999.000,9999.000,9999.000
202602221142,   0.122,   1.000,9999.000,9999.000,9999.000,9999.000,9999.000,9999.000,9999.000
202602221148,   0.114,   0.980,9999.000,9999.000,9999.000,9999.000,9999.000,9999.000,9999.000
202602221154,   0.105,   0.961,9999.000,9999.000,9999.000,9999.000,9999.000,9999.000,9999.000
202602221200,   0.097,   0.951,   0.900,  -0.046,   0.951,   0.900,   0.951,   1.000,   1.051
202602221206,   0.089,   0.941,9999.000,9999.000,9999.000,9999.000,9999.000,9999.000,9999.000
202602221212,   0.082,   0.918,9999.000,9999.000,9999.000,9999.000,9999.000,9999.000,9999.000
202602221218,   0.074,   0.898,9999.000,9999.000,9999.000,9999.000,9999.000,9999.000,9999.000
202602221224,   0.067,   0.879,9999.000,9999.000,9999.000,9999.000,9999.000,9999.000,9999.000
202602221230,   0.060,   0.869,9999.000,9999.000,9999.000,9999.000,9999.000,9999.000,9999.000
202602221236,   0.053,   0.859,9999.000,9999.000,9999.000,9999.000,9999.000,9999.000,9999.000
202602221242,   0.047,   0.839,9999.000,9999.000,9999.000,9999.000,9999.000,9999.000,9999.000
202602221248,   0.040,   0.819,9999.000,9999.000,9999.000,9999.000,9999.000,9999.000,9999.000
202602221254,   0.035,   0.800,9999.000,9999.000,9999.000,9999.000,9999.000,9999.000,9999.000
202602221300,   0.029,   0.770,   0.900,  -0.159,   0.770,   0.900,   0.770,   1.000,   0.870
202602221306,   0.024,   0.770,9999.000,9999.000,9999.000,9999.000,9999.000,9999.000,9999.000
202602221312,   0.019,   0.760,9999.000,9999.000,9999.000,9999.000,9999.000,9999.000,9999.000
202602221318,   0.014,   0.751,9999.000,9999.000,9999.000,9999.000,9999.000,9999.000,9999.000
202602221324,   0.010,   0.741,9999.000,9999.000,9999.000,9999.000,9999.000,9999.000,9999.000
202602221330,   0.006,   0.731,9999.000,9999.000,9999.000,9999.000,9999.000,9999.000,9999.000
202602221336,   0.002,   0.731,9999.000,9999.000,9999.000,9999.000,9999.000,9999.000,9999.000
202602221342,   0.000,   0.718,9999.000,9999.000,9999.000,9999.000,9999.000,9999.000,9999.000
202602221348,  -0.003,   0.741,9999.000,9999.000,9999.000,9999.000,9999.000,9999.000,9999.000
202602221354,  -0.005,   0.760,9999.000,9999.000,9999.000,9999.000,9999.000,9999.000,9999.000
202602221400,  -0.008,   0.780,   1.000,  -0.212,   0.780,   0.900,   0.680,   1.000,   0.780
202602221406,  -0.009,   0.810,9999.000,9999.000,9999.000,9999.000,9999.000,9999.000,9999.000
202602221412,  -0.011,   0.800,9999.000,9999.000,9999.000,9999.000,9999.000,9999.000,9999.000
202602221418,  -0.011,   0.800,9999.000,9999.000,9999.000,9999.000,9999.000,9999.000,9999.000
202602221424,  -0.012,   0.819,9999.000,9999.000,9999.000,9999.000,9999.000,9999.000,9999.000
202602221430,  -0.012,   0.829,9999.000,9999.000,9999.000,9999.000,9999.000,9999.000,9999.000
202602221436,  -0.011,   0.849,9999.000,9999.000,9999.000,9999.000,9999.000,9999.000,9999.000
202602221442,  -0.010,   0.869,9999.000,9999.000,9999.000,9999.000,9999.000,9999.000,9999.000
202602221448,  -0.008,   0.879,9999.000,9999.000,9999.000,9999.000,9999.000,9999.000,9999.000
202602221454,  -0.006,   0.908,9999.000,9999.000,9999.000,9999.000,9999.000,9999.000,9999.000
202602221500,  -0.004,   0.918,   1.000,  -0.078,   0.918,   0.900,   0.818,   1.100,   1.018
202602221506,   0.000,   0.941,9999.000,9999.000,9999.000,9999.000,9999.000,9999.000,9999.000
202602221512,   0.002,   0.951,9999.000,9999.000,9999.000,9999.000,9999.000,9999.000,9999.000
202602221518,   0.007,   0.980,9999.000,9999.000,9999.000,9999.000,9999.000,9999.000,9999.000
202602221524,   0.012,   0.990,9999.000,9999.000,9999.000,9999.000,9999.000,9999.000,9999.000
202602221530,   0.017,   1.000,9999.000,9999.000,9999.000,9999.000,9999.000,9999.000,9999.000
202602221536,   0.023,   1.020,9999.000,9999.000,9999.000,9999.000,9999.000,9999.000,9999.000
202602221542,   0.030,   1.049,9999.000,9999.000,9999.000,9999.000,9999.000,9999.000,9999.000
202602221548,   0.037,   1.069,9999.000,9999.000,9999.000,9999.000,9999.000,9999.000,9999.000
202602221554,   0.044,   1.088,9999.000,9999.000,9999.000,9999.000,9999.000,9999.000,9999.000
202602221600,   0.052,   1.108,   1.000,   0.056,   1.108,   1.000,   1.108,   1.100,   1.208
202602221606,   0.061,   1.118,9999.000,9999.000,9999.000,9999.000,9999.000,9999.000,9999.000
202602221612,   0.070,   1.128,9999.000,9999.000,9999.000,9999.000,9999.000,9999.000,9999.000
202602221618,   0.079,   1.161,9999.000,9999.000,9999.000,9999.000,9999.000,9999.000,9999.000
202602221624,   0.089,   1.180,9999.000,9999.000,9999.000,9999.000,9999.000,9999.000,9999.000
202602221630,   0.099,   1.200,9999.000,9999.000,9999.000,9999.000,9999.000,9999.000,9999.000
202602221636,   0.110,   1.220,9999.000,9999.000,9999.000,9999.000,9999.000,9999.000,9999.000
202602221642,   0.120,   1.239,9999.000,9999.000,9999.000,9999.000,9999.000,9999.000,9999.000
202602221648,   0.131,   1.269,9999.000,9999.000,9999.000,9999.000,9999.000,9999.000,9999.000
202602221654,   0.141,   1.308,9999.000,9999.000,9999.000,9999.000,9999.000,9999.000,9999.000
202602221700,   0.152,   1.318,   1.000,   0.166,   1.318,   1.000,   1.318,   1.100,   1.418
202602221706,   0.163,   1.338,9999.000,9999.000,9999.000,9999.000,9999.000,9999.000,9999.000
202602221712,   0.173,   1.361,9999.000,9999.000,9999.000,9999.000,9999.000,9999.000,9999.000
202602221718,   0.184,   1.371,9999.000,9999.000,9999.000,9999.000,9999.000,9999.000,9999.000
202602221724,   0.194,   1.390,9999.000,9999.000,9999.000,9999.000,9999.000,9999.000,9999.000
202602221730,   0.204,   1.410,9999.000,9999.000,9999.000,9999.000,9999.000,9999.000,9999.000
202602221736,   0.214,   1.410,9999.000,9999.000,9999.000,9999.000,9999.000,9999.000,9999.000
202602221742,   0.224,   1.400,9999.000,9999.000,9999.000,9999.000,9999.000,9999.000,9999.000
202602221748,   0.233,   1.410,9999.000,9999.000,9999.000,9999.000,9999.000,9999.000,9999.000
202602221754,   0.242,   1.439,9999.000,9999.000,9999.000,9999.000,9999.000,9999.000,9999.000
202602221800,   0.250,   1.439,   1.100,   0.089,   1.439,   1.000,   1.339,   1.200,   1.539
202602221806,   0.258,   1.459,9999.000,9999.000,9999.000,9999.000,9999.000,9999.000,9999.000
202602221812,   0.266,   1.469,9999.000,9999.000,9999.000,9999.000,9999.000,9999.000,9999.000
202602221818,   0.273,   1.489,9999.000,9999.000,9999.000,9999.000,9999.000,9999.000,9999.000
202602221824,   0.280,   1.489,9999.000,9999.000,9999.000,9999.000,9999.000,9999.000,9999.000
202602221830,   0.287,   1.508,9999.000,9999.000,9999.000,9999.000,9999.000,9999.000,9999.000
202602221836,   0.293,   1.538,9999.000,9999.000,9999.000,9999.000,9999.000,9999.000,9999.000
202602221842,   0.299,   1.538,9999.000,9999.000,9999.000,9999.000,9999.000,9999.000,9999.000
202602221848,   0.304,   1.548,9999.000,9999.000,9999.000,9999.000,9999.000,9999.000,9999.000
202602221854,   0.309,   1.548,9999.000,9999.000,9999.000,9999.000,9999.000,9999.000,9999.000
202602221900,   0.314,   1.548,   1.100,   0.134,   1.548,   1.100,   1.548,   1.200,   1.648
202602221906,   0.318,   1.538,9999.000,9999.000,9999.000,9999.000,9999.000,9999.000,9999.000
202602221912,   0.322,   1.548,9999.000,9999.000,9999.000,9999.000,9999.000,9999.000,9999.000
202602221918,   0.325,   1.538,9999.000,9999.000,9999.000,9999.000,9999.000,9999.000,9999.000
202602221924,   0.328,   1.508,9999.000,9999.000,9999.000,9999.000,9999.000,9999.000,9999.000
202602221930,   0.331,   1.518,9999.000,9999.000,9999.000,9999.000,9999.000,9999.000,9999.000
202602221936,   0.333,   1.518,9999.000,9999.000,9999.000,9999.000,9999.000,9999.000,9999.000
202602221942,   0.335,   1.498,9999.000,9999.000,9999.000,9999.000,9999.000,9999.000,9999.000
202602221948,   0.337,   1.508,9999.000,9999.000,9999.000,9999.000,9999.000,9999.000,9999.000
202602221954,   0.338,   1.469,9999.000,9999.000,9999.000,9999.000,9999.000,9999.000,9999.000
202602222000,   0.339,   1.430,   1.100,  -0.009,   1.430,   1.100,   1.430,   1.200,   1.530
202602222006,   0.339,   1.410,9999.000,9999.000,9999.000,9999.000,9999.000,9999.000,9999.000
202602222012,   0.339,   1.400,9999.000,9999.000,9999.000,9999.000,9999.000,9999.000,9999.000
202602222018,   0.338,   1.390,9999.000,9999.000,9999.000,9999.000,9999.000,9999.000,9999.000
202602222024,   0.337,   1.380,9999.000,9999.000,9999.000,9999.000,9999.000,9999.000,9999.000
202602222030,   0.336,   1.348,9999.000,9999.000,9999.000,9999.000,9999.000,9999.000,9999.000
202602222036,   0.334,   1.318,9999.000,9999.000,9999.000,9999.000,9999.000,9999.000,9999.000
202602222042,   0.332,   1.298,9999.000,9999.000,9999.000,9999.000,9999.000,9999.000,9999.000
202602222048,   0.329,   1.289,9999.000,9999.000,9999.000,9999.000,9999.000,9999.000,9999.000
202602222054,   0.326,   1.289,9999.000,9999.000,9999.000,9999.000,9999.000,9999.000,9999.000
202602222100,   0.323,   1.259,   1.200,  -0.264,   1.259,   1.100,   1.159,   1.200,   1.259
202602222106,   0.319,   1.249,9999.000,9999.000,9999.000,9999.000,9999.000,9999.000,9999.000
202602222112,   0.314,   1.239,9999.000,9999.000,9999.000,9999.000,9999.000,9999.000,9999.000
202602222118,   0.310,   1.170,9999.000,9999.000,9999.000,9999.000,9999.000,9999.000,9999.000
202602222124,   0.305,   1.138,9999.000,9999.000,9999.000,9999.000,9999.000,9999.000,9999.000
202602222130,   0.299,   1.098,9999.000,9999.000,9999.000,9999.000,9999.000,9999.000,9999.000
202602222136,   0.293,   1.118,9999.000,9999.000,9999.000,9999.000,9999.000,9999.000,9999.000
202602222142,   0.287,   1.118,9999.000,9999.000,9999.000,9999.000,9999.000,9999.000,9999.000
202602222148,   0.280,   1.108,9999.000,9999.000,9999.000,9999.000,9999.000,9999.000,9999.000
202602222154,   0.273,   1.059,9999.000,9999.000,9999.000,9999.000,9999.000,9999.000,9999.000
202602222200,   0.266,   1.020,   1.200,  -0.446,   1.020,   1.200,   1.020,   1.300,   1.120
202602222206,   0.258,   1.029,9999.000,9999.000,9999.000,9999.000,9999.000,9999.000,9999.000
202602222212,   0.250,   0.990,9999.000,9999.000,9999.000,9999.000,9999.000,9999.000,9999.000
202602222218,   0.242,   0.970,9999.000,9999.000,9999.000,9999.000,9999.000,9999.000,9999.000
202602222224,   0.234,   0.928,9999.000,9999.000,9999.000,9999.000,9999.000,9999.000,9999.000
202602222230,   0.225,   0.918,9999.000,9999.000,9999.000,9999.000,9999.000,9999.000,9999.000
202602222236,   0.217,   0.879,9999.000,9999.000,9999.000,9999.000,9999.000,9999.000,9999.000
202602222242,   0.208,   0.810,9999.000,9999.000,9999.000,9999.000,9999.000,9999.000,9999.000
202602222248,   0.199,   0.770,9999.000,9999.000,9999.000,9999.000,9999.000,9999.000,9999.000
202602222254,   0.190,   0.731,9999.000,9999.000,9999.000,9999.000,9999.000,9999.000,9999.000
202602222300,   0.181,   0.718,   1.300,  -0.763,   0.718,   1.200,   0.618,   1.300,   0.718
202602222306,   0.172,   0.688,9999.000,9999.000,9999.000,9999.000,9999.000,9999.000,9999.000
202602222312,   0.162,   0.659,9999.000,9999.000,9999.000,9999.000,9999.000,9999.000,9999.000
202602222318,   0.153,   0.649,9999.000,9999.000,9999.000,9999.000,9999.000,9999.000,9999.000
202602222324,   0.144,   0.629,9999.000,9999.000,9999.000,9999.000,9999.000,9999.000,9999.000
202602222330,   0.135,   0.610,9999.000,9999.000,9999.000,9999.000,9999.000,9999.000,9999.000
202602222336,   0.126,   0.590,9999.000,9999.000,9999.000,9999.000,9999.000,9999.000,9999.000
202602222342,   0.117,   0.518,9999.000,9999.000,9999.000,9999.000,9999.000,9999.000,9999.000
202602222348,   0.108,   0.449,9999.000,9999.000,9999.000,9999.000,9999.000,9999.000,9999.000
202602222354,   0.099,   0.449,9999.000,9999.000,9999.000,9999.000,9999.000,9999.000,9999.000
202602230000,   0.091,   0.439,   1.300,  -0.952,   0.439,   1.300,   0.439,   1.300,   0.439
202602230006,   0.083,   0.439,9999.000,9999.000,9999.000,9999.000,9999.000,9999.000,9999.000
202602230012,   0.075,   0.409,9999.000,9999.000,9999.000,9999.000,9999.000,9999.000,9999.000
202602230018,   0.067,   0.390,9999.000,9999.000,9999.000,9999.000,9999.000,9999.000,9999.000
202602230024,   0.059,   0.370,9999.000,9999.000,9999.000,9999.000,9999.000,9999.000,9999.000
202602230030,   0.052,   0.360,9999.000,9999.000,9999.000,9999.000,9999.000,9999.000,9999.000
202602230036,   0.045,   0.380,9999.000,9999.000,9999.000,9999.000,9999.000,9999.000,9999.000
202602230042,   0.038,   0.360,9999.000,9999.000,9999.000,9999.000,9999.000,9999.000,9999.000
202602230048,   0.031,   0.321,9999.000,9999.000,9999.000,9999.000,9999.000,9999.000,9999.000
202602230054,   0.025,   0.308,9999.000,9999.000,9999.000,9999.000,9999.000,9999.000,9999.000
202602230100,   0.019,   0.268,   1.400,  -1.151,   0.268,   1.300,   0.168,   1.400,   0.268
202602230106,   0.014,   0.288,9999.000,9999.000,9999.000,9999.000,9999.000,9999.000,9999.000
202602230112,   0.008,   0.268,9999.000,9999.000,9999.000,9999.000,9999.000,9999.000,9999.000
202602230118,   0.003,   0.239,9999.000,9999.000,9999.000,9999.000,9999.000,9999.000,9999.000
202602230124,   0.000,   0.239,9999.000,9999.000,9999.000,9999.000,9999.000,9999.000,9999.000
202602230130,  -0.004,   0.219,9999.000,9999.000,9999.000,9999.000,9999.000,9999.000,9999.000
202602230136,  -0.008,   0.200,9999.000,9999.000,9999.000,9999.000,9999.000,9999.000,9999.000
202602230142,  -0.012,   0.209,9999.000,9999.000,9999.000,9999.000,9999.000,9999.000,9999.000
202602230148,  -0.015,   0.200,9999.000,9999.000,9999.000,9999.000,9999.000,9999.000,9999.000
202602230154,  -0.018,   0.180,9999.000,9999.000,9999.000,9999.000,9999.000,9999.000,9999.000
202602230200,  -0.020,   0.170,   1.400,  -1.210,   0.170,   1.400,   0.170,   1.500,   0.270
202602230206,  -0.022,   0.160,9999.000,9999.000,9999.000,9999.000,9999.000,9999.000,9999.000
202602230212,  -0.024,   0.160,9999.000,9999.000,9999.000,9999.000,9999.000,9999.000,9999.000
202602230218,  -0.025,   0.170,9999.000,9999.000,9999.000,9999.000,9999.000,9999.000,9999.000
202602230224,  -0.025,   0.141,9999.000,9999.000,9999.000,9999.000,9999.000,9999.000,9999.000
202602230230,  -0.026,   0.170,9999.000,9999.000,9999.000,9999.000,9999.000,9999.000,9999.000
202602230236,  -0.025,   0.190,9999.000,9999.000,9999.000,9999.000,9999.000,9999.000,9999.000
202602230242,  -0.025,   0.160,9999.000,9999.000,9999.000,9999.000,9999.000,9999.000,9999.000
202602230248,  -0.023,   0.170,9999.000,9999.000,9999.000,9999.000,9999.000,9999.000,9999.000
202602230254,  -0.022,   0.150,9999.000,9999.000,9999.000,9999.000,9999.000,9999.000,9999.000
202602230300,  -0.020,   0.150,   1.500,  -1.330,   0.150,   1.400,   0.050,   1.600,   0.250
202602230306,  -0.017,   0.141,9999.000,9999.000,9999.000,9999.000,9999.000,9999.000,9999.000
202602230312,  -0.014,   0.141,9999.000,9999.000,9999.000,9999.000,9999.000,9999.000,9999.000
202602230318,  -0.010,   0.141,9999.000,9999.000,9999.000,9999.000,9999.000,9999.000,9999.000
202602230324,  -0.006,   0.150,9999.000,9999.000,9999.000,9999.000,9999.000,9999.000,9999.000
202602230330,  -0.001,   0.141,9999.000,9999.000,9999.000,9999.000,9999.000,9999.000,9999.000
202602230336,   0.004,   0.160,9999.000,9999.000,9999.000,9999.000,9999.000,9999.000,9999.000
202602230342,   0.010,   0.141,9999.000,9999.000,9999.000,9999.000,9999.000,9999.000,9999.000
202602230348,   0.016,   0.131,9999.000,9999.000,9999.000,9999.000,9999.000,9999.000,9999.000
202602230354,   0.024,   0.150,9999.000,9999.000,9999.000,9999.000,9999.000,9999.000,9999.000
202602230400,   0.031,   0.150,   1.600,  -1.481,   0.150,   1.500,   0.050,   1.700,   0.250
202602230406,   0.040,   0.160,9999.000,9999.000,9999.000,9999.000,9999.000,9999.000,9999.000
202602230412,   0.048,   0.150,9999.000,9999.000,9999.000,9999.000,9999.000,9999.000,9999.000
202602230418,   0.058,   0.170,9999.000,9999.000,9999.000,9999.000,9999.000,9999.000,9999.000
202602230424,   0.068,   0.180,9999.000,9999.000,9999.000,9999.000,9999.000,9999.000,9999.000
202602230430,   0.078,   0.190,9999.000,9999.000,9999.000,9999.000,9999.000,9999.000,9999.000
202602230436,   0.088,   0.209,9999.000,9999.000,9999.000,9999.000,9999.000,9999.000,9999.000
202602230442,   0.099,   0.229,9999.000,9999.000,9999.000,9999.000,9999.000,9999.000,9999.000
202602230448,   0.111,   0.219,9999.000,9999.000,9999.000,9999.000,9999.000,9999.000,9999.000
202602230454,   0.122,   0.259,9999.000,9999.000,9999.000,9999.000,9999.000,9999.000,9999.000
202602230500,   0.134,   0.259,   1.700,  -1.575,   0.259,   1.600,   0.159,   1.800,   0.359
202602230506,   0.146,   0.239,9999.000,9999.000,9999.000,9999.000,9999.000,9999.000,9999.000
202602230512,   0.158,   0.259,9999.000,9999.000,9999.000,9999.000,9999.000,9999.000,9999.000
202602230518,   0.170,   0.288,9999.000,9999.000,9999.000,9999.000,9999.000,9999.000,9999.000
202602230524,   0.182,   0.331,9999.000,9999.000,9999.000,9999.000,9999.000,9999.000,9999.000
202602230530,   0.194,   0.370,9999.000,9999.000,9999.000,9999.000,9999.000,9999.000,9999.000
202602230536,   0.205,   0.390,9999.000,9999.000,9999.000,9999.000,9999.000,9999.000,9999.000
202602230542,   0.217,   0.390,9999.000,9999.000,9999.000,9999.000,9999.000,9999.000,9999.000
202602230548,   0.228,   0.429,9999.000,9999.000,9999.000,9999.000,9999.000,9999.000,9999.000
202602230554,   0.239,   0.429,9999.000,9999.000,9999.000,9999.000,9999.000,9999.000,9999.000
202602230600,   0.250,   0.449,   1.700,  -1.501,   0.449,   1.600,   0.349,   1.900,   0.649
202602230606,   0.261,   0.508,9999.000,9999.000,9999.000,9999.000,9999.000,9999.000,9999.000
202602230612,   0.271,   0.488,9999.000,9999.000,9999.000,9999.000,9999.000,9999.000,9999.000
202602230618,   0.281,   0.541,9999.000,9999.000,9999.000,9999.000,9999.000,9999.000,9999.000
202602230624,   0.290,   0.560,9999.000,9999.000,9999.000,9999.000,9999.000,9999.000,9999.000
202602230630,   0.299,   0.619,9999.000,9999.000,9999.000,9999.000,9999.000,9999.000,9999.000
202602230636,   0.307,   0.649,9999.000,9999.000,9999.000,9999.000,9999.000,9999.000,9999.000
202602230642,   0.315,   0.678,9999.000,9999.000,9999.000,9999.000,9999.000,9999.000,9999.000
202602230648,   0.323,   0.669,9999.000,9999.000,9999.000,9999.000,9999.000,9999.000,9999.000
202602230654,   0.330,   0.678,9999.000,9999.000,9999.000,9999.000,9999.000,9999.000,9999.000
202602230700,   0.337,   0.731,   1.800,  -1.406,   0.731,   1.700,   0.631,   1.900,   0.831
202602230706,   0.343,   0.751,9999.000,9999.000,9999.000,9999.000,9999.000,9999.000,9999.000
202602230712,   0.349,   0.780,9999.000,9999.000,9999.000,9999.000,9999.000,9999.000,9999.000
202602230718,   0.355,   0.810,9999.000,9999.000,9999.000,9999.000,9999.000,9999.000,9999.000
202602230724,   0.360,   0.829,9999.000,9999.000,9999.000,9999.000,9999.000,9999.000,9999.000
202602230730,   0.364,   0.849,9999.000,9999.000,9999.000,9999.000,9999.000,9999.000,9999.000
202602230736,   0.369,   0.869,9999.000,9999.000,9999.000,9999.000,9999.000,9999.000,9999.000
202602230742,   0.372,   0.898,9999.000,9999.000,9999.000,9999.000,9999.000,9999.000,9999.000
202602230748,   0.376,   0.918,9999.000,9999.000,9999.000,9999.000,9999.000,9999.000,9999.000
202602230754,   0.379,   0.918,9999.000,9999.000,9999.000,9999.000,9999.000,9999.000,9999.000
202602230800,   0.381,   0.928,   1.900,  -1.353,   0.928,   1.700,   0.728,   2.000,   1.028
202602230806,   0.383,   0.970,9999.000,9999.000,9999.000,9999.000,9999.000,9999.000,9999.000
202602230812,   0.385,   0.980,9999.000,9999.000,9999.000,9999.000,9999.000,9999.000,9999.000
202602230818,   0.386,   1.010,9999.000,9999.000,9999.000,9999.000,9999.000,9999.000,9999.000
202602230824,   0.387,   1.020,9999.000,9999.000,9999.000,9999.000,9999.000,9999.000,9999.000
202602230830,   0.388,   1.049,9999.000,9999.000,9999.000,9999.000,9999.000,9999.000,9999.000
202602230836,   0.388,   1.039,9999.000,9999.000,9999.000,9999.000,9999.000,9999.000,9999.000
202602230842,   0.387,   1.039,9999.000,9999.000,9999.000,9999.000,9999.000,9999.000,9999.000
202602230848,   0.387,   1.088,9999.000,9999.000,9999.000,9999.000,9999.000,9999.000,9999.000
202602230854,   0.385,   1.088,9999.000,9999.000,9999.000,9999.000,9999.000,9999.000,9999.000
202602230900,   0.384,   1.108,   2.000,  -1.276,   1.108,   1.800,   0.908,   2.200,   1.308
202602230906,   0.382,   1.138,9999.000,9999.000,9999.000,9999.000,9999.000,9999.000,9999.000
202602230912,   0.379,   1.170,9999.000,9999.000,9999.000,9999.000,9999.000,9999.000,9999.000
202602230918,   0.376,   1.108,9999.000,9999.000,9999.000,9999.000,9999.000,9999.000,9999.000
202602230924,   0.373,   1.128,9999.000,9999.000,9999.000,9999.000,9999.000,9999.000,9999.000
202602230930,   0.369,   1.180,9999.000,9999.000,9999.000,9999.000,9999.000,9999.000,9999.000
202602230936,   0.365,   1.161,9999.000,9999.000,9999.000,9999.000,9999.000,9999.000,9999.000
202602230942,   0.360,   1.128,9999.000,9999.000,9999.000,9999.000,9999.000,9999.000,9999.000
202602230948,   0.355,   1.190,9999.000,9999.000,9999.000,9999.000,9999.000,9999.000,9999.000
202602230954,   0.350,   1.170,9999.000,9999.000,9999.000,9999.000,9999.000,9999.000,9999.000
202602231000,   0.344,   1.161,   2.100,  -1.283,   1.161,   1.900,   0.961,   2.400,   1.461
202602231006,   0.338,   1.151,9999.000,9999.000,9999.000,9999.000,9999.000,9999.000,9999.000
202602231012,   0.331,   1.118,9999.000,9999.000,9999.000,9999.000,9999.000,9999.000,9999.000
202602231018,   0.324,   1.108,9999.000,9999.000,9999.000,9999.000,9999.000,9999.000,9999.000
202602231024,   0.317,   1.118,9999.000,9999.000,9999.000,9999.000,9999.000,9999.000,9999.000
202602231030,   0.310,   1.118,9999.000,9999.000,9999.000,9999.000,9999.000,9999.000,9999.000
202602231036,   0.302,   1.161,9999.000,9999.000,9999.000,9999.000,9999.000,9999.000,9999.000
202602231042,   0.294,   1.161,9999.000,9999.000,9999.000,9999.000,9999.000,9999.000,9999.000
202602231048,   0.286,   1.138,9999.000,9999.000,9999.000,9999.000,9999.000,9999.000,9999.000
202602231054,   0.277,   1.118,9999.000,9999.000,9999.000,9999.000,9999.000,9999.000,9999.000
202602231100,   0.269,   1.108,   2.300,  -1.461,   1.108,   2.000,   0.808,   2.500,   1.308
202602231106,   0.260,   1.118,9999.000,9999.000,9999.000,9999.000,9999.000,9999.000,9999.000
202602231112,   0.251,   1.151,9999.000,9999.000,9999.000,9999.000,9999.000,9999.000,9999.000
202602231118,   0.242,   1.161,9999.000,9999.000,9999.000,9999.000,9999.000,9999.000,9999.000
202602231124,   0.233,   1.161,9999.000,9999.000,9999.000,9999.000,9999.000,9999.000,9999.000
202602231130,   0.224,   1.170,9999.000,9999.000,9999.000,9999.000,9999.000,9999.000,9999.000
202602231136,   0.215,   1.180,9999.000,9999.000,9999.000,9999.000,9999.000,9999.000,9999.000
202602231142,   0.206,   1.190,9999.000,9999.000,9999.000,9999.000,9999.000,9999.000,9999.000
202602231148,   0.197,   1.190,9999.000,9999.000,9999.000,9999.000,9999.000,9999.000,9999.000
202602231154,   0.188,   1.190,9999.000,9999.000,9999.000,9999.000,9999.000,9999.000,9999.000
202602231200,   0.180,   1.190,   1.900,  -0.890,   1.190,   1.600,   0.890,   2.100,   1.390
202602231206,   0.171,   1.170,9999.000,9999.000,9999.000,9999.000,9999.000,9999.000,9999.000
202602231212,   0.162,   1.170,9999.000,9999.000,9999.000,9999.000,9999.000,9999.000,9999.000
202602231218,   0.154,   1.180,9999.000,9999.000,9999.000,9999.000,9999.000,9999.000,9999.000
202602231224,   0.145,   1.170,9999.000,9999.000,9999.000,9999.000,9999.000,9999.000,9999.000
202602231230,   0.137,   1.180,9999.000,9999.000,9999.000,9999.000,9999.000,9999.000,9999.000
202602231236,   0.129,   1.161,9999.000,9999.000,9999.000,9999.000,9999.000,9999.000,9999.000
202602231242,   0.122,   1.170,9999.000,9999.000,9999.000,9999.000,9999.000,9999.000,9999.000
202602231248,   0.114,   1.161,9999.000,9999.000,9999.000,9999.000,9999.000,9999.000,9999.000
202602231254,   0.107,   1.151,9999.000,9999.000,9999.000,9999.000,9999.000,9999.000,9999.000
202602231300,   0.100,   1.128,   1.900,  -0.872,   1.128,   1.600,   0.828,   2.200,   1.428
202602231306,   0.093,   1.128,9999.000,9999.000,9999.000,9999.000,9999.000,9999.000,9999.000
202602231312,   0.086,   1.138,9999.000,9999.000,9999.000,9999.000,9999.000,9999.000,9999.000
202602231318,   0.080,   1.151,9999.000,9999.000,9999.000,9999.000,9999.000,9999.000,9999.000
202602231324,   0.073,   1.138,9999.000,9999.000,9999.000,9999.000,9999.000,9999.000,9999.000
202602231330,   0.068,   1.138,9999.000,9999.000,9999.000,9999.000,9999.000,9999.000,9999.000
202602231336,   0.062,   1.128,9999.000,9999.000,9999.000,9999.000,9999.000,9999.000,9999.000
202602231342,   0.057,   1.151,9999.000,9999.000,9999.000,9999.000,9999.000,9999.000,9999.000
202602231348,   0.051,   1.161,9999.000,9999.000,9999.000,9999.000,9999.000,9999.000,9999.000
202602231354,   0.047,   1.161,9999.000,9999.000,9999.000,9999.000,9999.000,9999.000,9999.000
202602231400,   0.042,   1.190,   2.000,  -0.852,   1.190,   1.600,   0.790,   2.200,   1.390
202602231406,   0.038,   1.210,9999.000,9999.000,9999.000,9999.000,9999.000,9999.000,9999.000
202602231412,   0.034,   1.229,9999.000,9999.000,9999.000,9999.000,9999.000,9999.000,9999.000
202602231418,   0.030,   1.229,9999.000,9999.000,9999.000,9999.000,9999.000,9999.000,9999.000
202602231424,   0.026,   1.249,9999.000,9999.000,9999.000,9999.000,9999.000,9999.000,9999.000
202602231430,   0.023,   1.279,9999.000,9999.000,9999.000,9999.000,9999.000,9999.000,9999.000
202602231436,   0.020,   1.308,9999.000,9999.000,9999.000,9999.000,9999.000,9999.000,9999.000
202602231442,   0.018,   1.318,9999.000,9999.000,9999.000,9999.000,9999.000,9999.000,9999.000
202602231448,   0.015,   1.328,9999.000,9999.000,9999.000,9999.000,9999.000,9999.000,9999.000
202602231454,   0.013,   1.328,9999.000,9999.000,9999.000,9999.000,9999.000,9999.000,9999.000
202602231500,   0.012,   1.361,   2.000,  -0.651,   1.361,   1.600,   0.961,   2.300,   1.661
202602231506,   0.010,   1.371,9999.000,9999.000,9999.000,9999.000,9999.000,9999.000,9999.000
202602231512,   0.009,   1.390,9999.000,9999.000,9999.000,9999.000,9999.000,9999.000,9999.000
202602231518,   0.009,   1.400,9999.000,9999.000,9999.000,9999.000,9999.000,9999.000,9999.000
202602231524,   0.008,   1.420,9999.000,9999.000,9999.000,9999.000,9999.000,9999.000,9999.000
202602231530,   0.008,   1.439,9999.000,9999.000,9999.000,9999.000,9999.000,9999.000,9999.000
202602231536,   0.009,   1.439,9999.000,9999.000,9999.000,9999.000,9999.000,9999.000,9999.000
202602231542,   0.010,   1.459,9999.000,9999.000,9999.000,9999.000,9999.000,9999.000,9999.000
202602231548,   0.011,   1.469,9999.000,9999.000,9999.000,9999.000,9999.000,9999.000,9999.000
202602231554,   0.013,   1.518,9999.000,9999.000,9999.000,9999.000,9999.000,9999.000,9999.000
202602231600,   0.015,   1.508,   2.000,  -0.507,   1.508,   1.700,   1.208,   2.300,   1.808
202602231606,   0.018,   1.528,9999.000,9999.000,9999.000,9999.000,9999.000,9999.000,9999.000
202602231612,   0.021,   1.538,9999.000,9999.000,9999.000,9999.000,9999.000,9999.000,9999.000
202602231618,   0.025,   1.557,9999.000,9999.000,9999.000,9999.000,9999.000,9999.000,9999.000
202602231624,   0.029,   1.548,9999.000,9999.000,9999.000,9999.000,9999.000,9999.000,9999.000
202602231630,   0.034,   1.557,9999.000,9999.000,9999.000,9999.000,9999.000,9999.000,9999.000
202602231636,   0.039,   1.600,9999.000,9999.000,9999.000,9999.000,9999.000,9999.000,9999.000
202602231642,   0.045,   1.610,9999.000,9999.000,9999.000,9999.000,9999.000,9999.000,9999.000
202602231648,   0.051,   1.630,9999.000,9999.000,9999.000,9999.000,9999.000,9999.000,9999.000
202602231654,   0.058,   1.639,9999.000,9999.000,9999.000,9999.000,9999.000,9999.000,9999.000
202602231700,   0.065,   1.669,   2.100,  -0.496,   1.669,   1.700,   1.269,   2.400,   1.969
202602231706,   0.072,   1.699,9999.000,9999.000,9999.000,9999.000,9999.000,9999.000,9999.000
202602231712,   0.080,   1.708,9999.000,9999.000,9999.000,9999.000,9999.000,9999.000,9999.000
202602231718,   0.088,   1.738,9999.000,9999.000,9999.000,9999.000,9999.000,9999.000,9999.000
202602231724,   0.097,   1.767,9999.000,9999.000,9999.000,9999.000,9999.000,9999.000,9999.000
202602231730,   0.106,   1.790,9999.000,9999.000,9999.000,9999.000,9999.000,9999.000,9999.000
202602231736,   0.115,   1.830,9999.000,9999.000,9999.000,9999.000,9999.000,9999.000,9999.000
202602231742,   0.124,   1.840,9999.000,9999.000,9999.000,9999.000,9999.000,9999.000,9999.000
202602231748,   0.133,   1.859,9999.000,9999.000,9999.000,9999.000,9999.000,9999.000,9999.000
202602231754,   0.142,   1.879,9999.000,9999.000,9999.000,9999.000,9999.000,9999.000,9999.000
202602231800,   0.151,   1.889,   1.900,  -0.162,   1.889,   1.500,   1.489,   2.100,   2.089
202602231806,   0.161,   1.899,9999.000,9999.000,9999.000,9999.000,9999.000,9999.000,9999.000
202602231812,   0.170,   1.928,9999.000,9999.000,9999.000,9999.000,9999.000,9999.000,9999.000
202602231818,   0.179,   1.948,9999.000,9999.000,9999.000,9999.000,9999.000,9999.000,9999.000
202602231824,   0.188,   1.990,9999.000,9999.000,9999.000,9999.000,9999.000,9999.000,9999.000
202602231830,   0.197,   2.010,9999.000,9999.000,9999.000,9999.000,9999.000,9999.000,9999.000
202602231836,   0.205,   2.030,9999.000,9999.000,9999.000,9999.000,9999.000,9999.000,9999.000
202602231842,   0.214,   2.059,9999.000,9999.000,9999.000,9999.000,9999.000,9999.000,9999.000
202602231848,   0.222,   2.089,9999.000,9999.000,9999.000,9999.000,9999.000,9999.000,9999.000
202602231854,   0.230,   2.118,9999.000,9999.000,9999.000,9999.000,9999.000,9999.000,9999.000
202602231900,   0.237,   2.138,   1.900,   0.001,   2.138,   1.500,   1.738,   2.200,   2.438
202602231906,   0.244,   2.168,9999.000,9999.000,9999.000,9999.000,9999.000,9999.000,9999.000
202602231912,   0.251,   2.177,9999.000,9999.000,9999.000,9999.000,9999.000,9999.000,9999.000
202602231918,   0.258,   2.220,9999.000,9999.000,9999.000,9999.000,9999.000,9999.000,9999.000
202602231924,   0.264,   2.240,9999.000,9999.000,9999.000,9999.000,9999.000,9999.000,9999.000
202602231930,   0.270,   2.240,9999.000,9999.000,9999.000,9999.000,9999.000,9999.000,9999.000
202602231936,   0.276,   2.259,9999.000,9999.000,9999.000,9999.000,9999.000,9999.000,9999.000
202602231942,   0.281,   2.289,9999.000,9999.000,9999.000,9999.000,9999.000,9999.000,9999.000
202602231948,   0.286,   2.309,9999.000,9999.000,9999.000,9999.000,9999.000,9999.000,9999.000
202602231954,   0.291,   2.368,9999.000,9999.000,9999.000,9999.000,9999.000,9999.000,9999.000
202602232000,   0.295,   6.048,   2.000,   3.753,   6.048,   1.600,   5.648,   2.200,   6.248
202602232006,   0.299,   7.776,9999.000,9999.000,9999.000,9999.000,9999.000,9999.000,9999.000
202602232012,   0.302,   5.320,9999.000,9999.000,9999.000,9999.000,9999.000,9999.000,9999.000
202602232018,   0.306,   5.307,9999.000,9999.000,9999.000,9999.000,9999.000,9999.000,9999.000
202602232024,   0.309,   3.899,9999.000,9999.000,9999.000,9999.000,9999.000,9999.000,9999.000
202602232030,   0.311,   3.817,9999.000,9999.000,9999.000,9999.000,9999.000,9999.000,9999.000
202602232036,   0.313,   3.270,9999.000,9999.000,9999.000,9999.000,9999.000,9999.000,9999.000
202602232042,   0.315,   3.250,9999.000,9999.000,9999.000,9999.000,9999.000,9999.000,9999.000
202602232048,   0.317,   2.410,9999.000,9999.000,9999.000,9999.000,9999.000,9999.000,9999.000
202602232054,   0.318,   2.420,9999.000,9999.000,9999.000,9999.000,9999.000,9999.000,9999.000
202602232100,   0.318,   2.387,   2.000,   0.069,   2.387,   1.700,   2.087,   2.200,   2.587
202602232106,   0.319,   2.400,9999.000,9999.000,9999.000,9999.000,9999.000,9999.000,9999.000
202602232112,   0.318,   2.387,9999.000,9999.000,9999.000,9999.000,9999.000,9999.000,9999.000
202602232118,   0.318,   2.368,9999.000,9999.000,9999.000,9999.000,9999.000,9999.000,9999.000
202602232124,   0.317,   2.358,9999.000,9999.000,9999.000,9999.000,9999.000,9999.000,9999.000
202602232130,   0.315,   2.328,9999.000,9999.000,9999.000,9999.000,9999.000,9999.000,9999.000
202602232136,   0.313,   2.309,9999.000,9999.000,9999.000,9999.000,9999.000,9999.000,9999.000
202602232142,   0.311,   2.289,9999.000,9999.000,9999.000,9999.000,9999.000,9999.000,9999.000
202602232148,   0.308,   2.269,9999.000,9999.000,9999.000,9999.000,9999.000,9999.000,9999.000
202602232154,   0.305,   2.279,9999.000,9999.000,9999.000,9999.000,9999.000,9999.000,9999.000
202602232200,   0.302,   2.250,   2.000,  -0.052,   2.250,   1.700,   1.950,   2.200,   2.450
202602232206,   0.298,   2.240,9999.000,9999.000,9999.000,9999.000,9999.000,9999.000,9999.000
202602232212,   0.293,   2.230,9999.000,9999.000,9999.000,9999.000,9999.000,9999.000,9999.000
202602232218,   0.288,   2.220,9999.000,9999.000,9999.000,9999.000,9999.000,9999.000,9999.000
202602232224,   0.283,   2.210,9999.000,9999.000,9999.000,9999.000,9999.000,9999.000,9999.000
202602232230,   0.277,   2.168,9999.000,9999.000,9999.000,9999.000,9999.000,9999.000,9999.000
202602232236,   0.271,   2.177,9999.000,9999.000,9999.000,9999.000,9999.000,9999.000,9999.000
202602232242,   0.265,   2.158,9999.000,9999.000,9999.000,9999.000,9999.000,9999.000,9999.000
202602232248,   0.259,   2.158,9999.000,9999.000,9999.000,9999.000,9999.000,9999.000,9999.000
202602232254,   0.252,   2.148,9999.000,9999.000,9999.000,9999.000,9999.000,9999.000,9999.000
202602232300,   0.245,   2.138,   2.000,  -0.107,   2.138,   1.800,   1.938,   2.200,   2.338
202602232306,   0.237,   2.138,9999.000,9999.000,9999.000,9999.000,9999.000,9999.000,9999.000
202602232312,   0.230,   2.128,9999.000,9999.000,9999.000,9999.000,9999.000,9999.000,9999.000
202602232318,   0.222,   2.118,9999.000,9999.000,9999.000,9999.000,9999.000,9999.000,9999.000
202602232324,   0.214,   2.099,9999.000,9999.000,9999.000,9999.000,9999.000,9999.000,9999.000
202602232330,   0.206,   2.079,9999.000,9999.000,9999.000,9999.000,9999.000,9999.000,9999.000
202602232336,   0.198,   2.049,9999.000,9999.000,9999.000,9999.000,9999.000,9999.000,9999.000
202602232342,   0.189,   2.030,9999.000,9999.000,9999.000,9999.000,9999.000,9999.000,9999.000
202602232348,   0.181,   2.010,9999.000,9999.000,9999.000,9999.000,9999.000,9999.000,9999.000
202602232354,   0.173,   1.990,9999.000,9999.000,9999.000,9999.000,9999.000,9999.000,9999.000
202602240000,   0.164,   1.967,   1.900,  -0.097,   1.967,   1.700,   1.767,   2.100,   2.167
202602240006,   0.156,   1.938,9999.000,9999.000,9999.000,9999.000,9999.000,9999.000,9999.000
202602240012,   0.148,   1.918,9999.000,9999.000,9999.000,9999.000,9999.000,9999.000,9999.000
202602240018,   0.139,   1.899,9999.000,9999.000,9999.000,9999.000,9999.000,9999.000,9999.000
202602240024,   0.131,   1.899,9999.000,9999.000,9999.000,9999.000,9999.000,9999.000,9999.000
202602240030,   0.123,   1.869,9999.000,9999.000,9999.000,9999.000,9999.000,9999.000,9999.000
202602240036,   0.115,   1.859,9999.000,9999.000,9999.000,9999.000,9999.000,9999.000,9999.000
202602240042,   0.108,   1.840,9999.000,9999.000,9999.000,9999.000,9999.000,9999.000,9999.000
202602240048,   0.100,   1.820,9999.000,9999.000,9999.000,9999.000,9999.000,9999.000,9999.000
202602240054,   0.093,   1.820,9999.000,9999.000,9999.000,9999.000,9999.000,9999.000,9999.000
202602240100,   0.085,   1.790,   1.900,  -0.195,   1.790,   1.700,   1.590,   2.100,   1.990
202602240106,   0.078,   1.790,9999.000,9999.000,9999.000,9999.000,9999.000,9999.000,9999.000
202602240112,   0.072,   1.758,9999.000,9999.000,9999.000,9999.000,9999.000,9999.000,9999.000
202602240118,   0.065,   1.738,9999.000,9999.000,9999.000,9999.000,9999.000,9999.000,9999.000
202602240124,   0.059,   1.708,9999.000,9999.000,9999.000,9999.000,9999.000,9999.000,9999.000
202602240130,   0.053,   1.689,9999.000,9999.000,9999.000,9999.000,9999.000,9999.000,9999.000
202602240136,   0.047,   1.679,9999.000,9999.000,9999.000,9999.000,9999.000,9999.000,9999.000
202602240142,   0.042,   1.669,9999.000,9999.000,9999.000,9999.000,9999.000,9999.000,9999.000
202602240148,   0.037,   1.659,9999.000,9999.000,9999.000,9999.000,9999.000,9999.000,9999.000
202602240154,   0.032,   1.649,9999.000,9999.000,9999.000,9999.000,9999.000,9999.000,9999.000
202602240200,   0.027,   1.639,   1.900,  -0.288,   1.639,   1.700,   1.439,   2.000,   1.739
202602240206,   0.023,   1.620,9999.000,9999.000,9999.000,9999.000,9999.000,9999.000,9999.000
202602240212,   0.019,   1.610,9999.000,9999.000,9999.000,9999.000,9999.000,9999.000,9999.000
202602240218,   0.015,   1.600,9999.000,9999.000,9999.000,9999.000,9999.000,9999.000,9999.000
202602240224,   0.012,   1.580,9999.000,9999.000,9999.000,9999.000,9999.000,9999.000,9999.000
202602240230,   0.009,   1.557,9999.000,9999.000,9999.000,9999.000,9999.000,9999.000,9999.000
202602240236,   0.006,   1.571,9999.000,9999.000,9999.000,9999.000,9999.000,9999.000,9999.000
202602240242,   0.003,   1.548,9999.000,9999.000,9999.000,9999.000,9999.000,9999.000,9999.000
202602240248,   0.001,   1.548,9999.000,9999.000,9999.000,9999.000,9999.000,9999.000,9999.000
202602240254,   0.000,   1.538,9999.000,9999.000,9999.000,9999.000,9999.000,9999.000,9999.000
202602240300,  -0.001,   1.548,   1.800,  -0.251,   1.548,   1.700,   1.448,   2.000,   1.748
202602240306,  -0.002,   1.528,9999.000,9999.000,9999.000,9999.000,9999.000,9999.000,9999.000
202602240312,  -0.003,   1.538,9999.000,9999.000,9999.000,9999.000,9999.000,9999.000,9999.000
202602240318,  -0.004,   1.538,9999.000,9999.000,9999.000,9999.000,9999.000,9999.000,9999.000
202602240324,  -0.004,   1.548,9999.000,9999.000,9999.000,9999.000,9999.000,9999.000,9999.000
202602240330,  -0.004,   1.557,9999.000,9999.000,9999.000,9999.000,9999.000,9999.000,9999.000
202602240336,  -0.003,   1.590,9999.000,9999.000,9999.000,9999.000,9999.000,9999.000,9999.000
202602240342,  -0.002,   1.590,9999.000,9999.000,9999.000,9999.000,9999.000,9999.000,9999.000
202602240348,  -0.001,   1.590,9999.000,9999.000,9999.000,9999.000,9999.000,9999.000,9999.000
202602240354,   0.000,   1.600,9999.000,9999.000,9999.000,9999.000,9999.000,9999.000,9999.000
202602240400,   0.002,   1.649,   1.800,  -0.153,   1.649,   1.600,   1.449,   1.900,   1.749
202602240406,   0.005,   1.679,9999.000,9999.000,9999.000,9999.000,9999.000,9999.000,9999.000
202602240412,   0.008,   1.699,9999.000,9999.000,9999.000,9999.000,9999.000,9999.000,9999.000
202602240418,   0.012,   1.699,9999.000,9999.000,9999.000,9999.000,9999.000,9999.000,9999.000
202602240424,   0.016,   1.708,9999.000,9999.000,9999.000,9999.000,9999.000,9999.000,9999.000
202602240430,   0.020,   1.708,9999.000,9999.000,9999.000,9999.000,9999.000,9999.000,9999.000
202602240436,   0.026,   1.728,9999.000,9999.000,9999.000,9999.000,9999.000,9999.000,9999.000
202602240442,   0.031,   1.738,9999.000,9999.000,9999.000,9999.000,9999.000,9999.000,9999.000
202602240448,   0.037,   1.767,9999.000,9999.000,9999.000,9999.000,9999.000,9999.000,9999.000
202602240454,   0.044,   1.781,9999.000,9999.000,9999.000,9999.000,9999.000,9999.000,9999.000
202602240500,   0.051,   1.790,   1.700,   0.039,   1.790,   1.500,   1.590,   1.900,   1.990
202602240506,   0.059,   1.810,9999.000,9999.000,9999.000,9999.000,9999.000,9999.000,9999.000
202602240512,   0.067,   1.820,9999.000,9999.000,9999.000,9999.000,9999.000,9999.000,9999.000
202602240518,   0.075,   1.840,9999.000,9999.000,9999.000,9999.000,9999.000,9999.000,9999.000
202602240524,   0.084,   1.859,9999.000,9999.000,9999.000,9999.000,9999.000,9999.000,9999.000
202602240530,   0.094,   1.879,9999.000,9999.000,9999.000,9999.000,9999.000,9999.000,9999.000
202602240536,   0.103,   1.889,9999.000,9999.000,9999.000,9999.000,9999.000,9999.000,9999.000
202602240542,   0.113,   1.908,9999.000,9999.000,9999.000,9999.000,9999.000,9999.000,9999.000
202602240548,   0.124,   1.938,9999.000,9999.000,9999.000,9999.000,9999.000,9999.000,9999.000
202602240554,   0.134,   1.958,9999.000,9999.000,9999.000,9999.000,9999.000,9999.000,9999.000
202602240600,   0.145,   1.981,   1.800,   0.036,   1.981,   1.600,   1.781,   1.900,   2.081
202602240606,   0.156,   2.000,9999.000,9999.000,9999.000,9999.000,9999.000,9999.000,9999.000
202602240612,   0.167,   2.020,9999.000,9999.000,9999.000,9999.000,9999.000,9999.000,9999.000
202602240618,   0.178,   2.049,9999.000,9999.000,9999.000,9999.000,9999.000,9999.000,9999.000
202602240624,   0.188,   2.059,9999.000,9999.000,9999.000,9999.000,9999.000,9999.000,9999.000
202602240630,   0.199,   2.079,9999.000,9999.000,9999.000,9999.000,9999.000,9999.000,9999.000
202602240636,   0.210,   2.089,9999.000,9999.000,9999.000,9999.000,9999.000,9999.000,9999.000
202602240642,   0.221,   2.118,9999.000,9999.000,9999.000,9999.000,9999.000,9999.000,9999.000
202602240648,   0.231,   2.148,9999.000,9999.000,9999.000,9999.000,9999.000,9999.000,9999.000
202602240654,   0.241,   2.177,9999.000,9999.000,9999.000,9999.000,9999.000,9999.000,9999.000
202602240700,   0.251,   2.210,   1.700,   0.259,   2.210,   1.600,   2.110,   1.800,   2.310
202602240706,   0.260,   2.240,9999.000,9999.000,9999.000,9999.000,9999.000,9999.000,9999.000
202602240712,   0.270,   2.269,9999.000,9999.000,9999.000,9999.000,9999.000,9999.000,9999.000
202602240718,   0.279,   2.289,9999.000,9999.000,9999.000,9999.000,9999.000,9999.000,9999.000
202602240724,   0.287,   2.309,9999.000,9999.000,9999.000,9999.000,9999.000,9999.000,9999.000
202602240730,   0.296,   2.348,9999.000,9999.000,9999.000,9999.000,9999.000,9999.000,9999.000
202602240736,   0.304,   2.368,9999.000,9999.000,9999.000,9999.000,9999.000,9999.000,9999.000
202602240742,   0.311,   2.387,9999.000,9999.000,9999.000,9999.000,9999.000,9999.000,9999.000
202602240748,   0.318,   2.410,9999.000,9999.000,9999.000,9999.000,9999.000,9999.000,9999.000
202602240754,   0.325,   2.430,9999.000,9999.000,9999.000,9999.000,9999.000,9999.000,9999.000
202602240800,   0.331,   2.440,   1.600,   0.509,   2.440,   1.500,   2.340,   1.800,   2.640
202602240806,   0.337,   2.450,9999.000,9999.000,9999.000,9999.000,9999.000,9999.000,9999.000
202602240812,   0.343,   2.459,9999.000,9999.000,9999.000,9999.000,9999.000,9999.000,9999.000
202602240818,   0.348,   2.469,9999.000,9999.000,9999.000,9999.000,9999.000,9999.000,9999.000
202602240824,   0.353,   2.509,9999.000,9999.000,9999.000,9999.000,9999.000,9999.000,9999.000
202602240830,   0.358,   2.519,9999.000,9999.000,9999.000,9999.000,9999.000,9999.000,9999.000
202602240836,   0.362,   2.519,9999.000,9999.000,9999.000,9999.000,9999.000,9999.000,9999.000
202602240842,   0.366,   2.528,9999.000,9999.000,9999.000,9999.000,9999.000,9999.000,9999.000
202602240848,   0.369,   2.528,9999.000,9999.000,9999.000,9999.000,9999.000,9999.000,9999.000
202602240854,   0.372,   2.528,9999.000,9999.000,9999.000,9999.000,9999.000,9999.000,9999.000
202602240900,   0.374,   2.519,   1.600,   0.545,   2.519,   1.500,   2.419,   1.700,   2.619
202602240906,   0.376,   2.499,9999.000,9999.000,9999.000,9999.000,9999.000,9999.000,9999.000
202602240912,   0.378,   2.499,9999.000,9999.000,9999.000,9999.000,9999.000,9999.000,9999.000
202602240918,   0.380,   2.459,9999.000,9999.000,9999.000,9999.000,9999.000,9999.000,9999.000
202602240924,   0.380,   2.450,9999.000,9999.000,9999.000,9999.000,9999.000,9999.000,9999.000
202602240930,   0.381,   2.420,9999.000,9999.000,9999.000,9999.000,9999.000,9999.000,9999.000
202602240936,   0.381,   2.387,9999.000,9999.000,9999.000,9999.000,9999.000,9999.000,9999.000
202602240942,   0.380,   2.368,9999.000,9999.000,9999.000,9999.000,9999.000,9999.000,9999.000
202602240948,   0.380,   2.348,9999.000,9999.000,9999.000,9999.000,9999.000,9999.000,9999.000
202602240954,   0.378,   2.338,9999.000,9999.000,9999.000,9999.000,9999.000,9999.000,9999.000
202602241000,   0.377,   2.309,   1.500,   0.432,   2.309,   1.400,   2.209,   1.600,   2.409
202602241006,   0.374,   2.289,9999.000,9999.000,9999.000,9999.000,9999.000,9999.000,9999.000
202602241012,   0.372,   2.279,9999.000,9999.000,9999.000,9999.000,9999.000,9999.000,9999.000
202602241018,   0.369,   2.240,9999.000,9999.000,9999.000,9999.000,9999.000,9999.000,9999.000
202602241024,   0.365,   2.230,9999.000,9999.000,9999.000,9999.000,9999.000,9999.000,9999.000
202602241030,   0.361,   2.230,9999.000,9999.000,9999.000,9999.000,9999.000,9999.000,9999.000
202602241036,   0.357,   2.210,9999.000,9999.000,9999.000,9999.000,9999.000,9999.000,9999.000
202602241042,   0.352,   2.168,9999.000,9999.000,9999.000,9999.000,9999.000,9999.000,9999.000
202602241048,   0.347,   2.158,9999.000,9999.000,9999.000,9999.000,9999.000,9999.000,9999.000
202602241054,   0.342,   2.128,9999.000,9999.000,9999.000,9999.000,9999.000,9999.000,9999.000
202602241100,   0.336,   2.128,   1.500,   0.292,   2.128,   1.400,   2.028,   1.600,   2.228
202602241106,   0.330,   2.128,9999.000,9999.000,9999.000,9999.000,9999.000,9999.000,9999.000
202602241112,   0.323,   2.118,9999.000,9999.000,9999.000,9999.000,9999.000,9999.000,9999.000
202602241118,   0.317,   2.109,9999.000,9999.000,9999.000,9999.000,9999.000,9999.000,9999.000
202602241124,   0.310,   2.089,9999.000,9999.000,9999.000,9999.000,9999.000,9999.000,9999.000
202602241130,   0.302,   2.059,9999.000,9999.000,9999.000,9999.000,9999.000,9999.000,9999.000
202602241136,   0.295,   2.030,9999.000,9999.000,9999.000,9999.000,9999.000,9999.000,9999.000
202602241142,   0.287,   2.010,9999.000,9999.000,9999.000,9999.000,9999.000,9999.000,9999.000
202602241148,   0.280,   1.967,9999.000,9999.000,9999.000,9999.000,9999.000,9999.000,9999.000
202602241154,   0.272,   1.958,9999.000,9999.000,9999.000,9999.000,9999.000,9999.000,9999.000
202602241200,   0.264,   1.928,   1.500,   0.164,   1.928,   1.400,   1.828,   1.600,   2.028
202602241206,   0.256,   1.899,9999.000,9999.000,9999.000,9999.000,9999.000,9999.000,9999.000
202602241212,   0.248,   1.869,9999.000,9999.000,9999.000,9999.000,9999.000,9999.000,9999.000
202602241218,   0.239,   1.849,9999.000,9999.000,9999.000,9999.000,9999.000,9999.000,9999.000
202602241224,   0.231,   1.810,9999.000,9999.000,9999.000,9999.000,9999.000,9999.000,9999.000
202602241230,   0.223,   1.781,9999.000,9999.000,9999.000,9999.000,9999.000,9999.000,9999.000
202602241236,   0.215,   1.767,9999.000,9999.000,9999.000,9999.000,9999.000,9999.000,9999.000
202602241242,   0.207,   1.748,9999.000,9999.000,9999.000,9999.000,9999.000,9999.000,9999.000
202602241248,   0.199,   1.728,9999.000,9999.000,9999.000,9999.000,9999.000,9999.000,9999.000
202602241254,   0.191,   1.699,9999.000,9999.000,9999.000,9999.000,9999.000,9999.000,9999.000
202602241300,   0.183,   1.679,   1.400,   0.096,   1.679,   1.300,   1.579,   1.500,   1.779
202602241306,   0.175,   1.659,9999.000,9999.000,9999.000,9999.000,9999.000,9999.000,9999.000
202602241312,   0.168,   1.630,9999.000,9999.000,9999.000,9999.000,9999.000,9999.000,9999.000
202602241318,   0.161,   1.620,9999.000,9999.000,9999.000,9999.000,9999.000,9999.000,9999.000
202602241324,   0.153,   1.590,9999.000,9999.000,9999.000,9999.000,9999.000,9999.000,9999.000
202602241330,   0.146,   1.548,9999.000,9999.000,9999.000,9999.000,9999.000,9999.000,9999.000
202602241336,   0.139,   1.528,9999.000,9999.000,9999.000,9999.000,9999.000,9999.000,9999.000
202602241342,   0.133,   1.518,9999.000,9999.000,9999.000,9999.000,9999.000,9999.000,9999.000
202602241348,   0.126,   1.489,9999.000,9999.000,9999.000,9999.000,9999.000,9999.000,9999.000
202602241354,   0.120,   1.469,9999.000,9999.000,9999.000,9999.000,9999.000,9999.000,9999.000
202602241400,   0.114,   1.459,   1.400,  -0.055,   1.459,   1.300,   1.359,   1.500,   1.559
202602241406,   0.108,   1.439,9999.000,9999.000,9999.000,9999.000,9999.000,9999.000,9999.000
202602241412,   0.102,   1.430,9999.000,9999.000,9999.000,9999.000,9999.000,9999.000,9999.000
202602241418,   0.097,   1.410,9999.000,9999.000,9999.000,9999.000,9999.000,9999.000,9999.000
202602241424,   0.091,   1.390,9999.000,9999.000,9999.000,9999.000,9999.000,9999.000,9999.000
202602241430,   0.086,   1.361,9999.000,9999.000,9999.000,9999.000,9999.000,9999.000,9999.000
202602241436,   0.081,   1.348,9999.000,9999.000,9999.000,9999.000,9999.000,9999.000,9999.000
202602241442,   0.077,   1.328,9999.000,9999.000,9999.000,9999.000,9999.000,9999.000,9999.000
202602241448,   0.072,   1.298,9999.000,9999.000,9999.000,9999.000,9999.000,9999.000,9999.000
202602241454,   0.067,   1.269,9999.000,9999.000,9999.000,9999.000,9999.000,9999.000,9999.000
202602241500,   0.063,   1.269,   1.300,  -0.094,   1.269,   1.200,   1.169,   1.400,   1.369
202602241506,   0.059,   1.269,9999.000,9999.000,9999.000,9999.000,9999.000,9999.000,9999.000
202602241512,   0.055,   1.259,9999.000,9999.000,9999.000,9999.000,9999.000,9999.000,9999.000
202602241518,   0.051,   1.239,9999.000,9999.000,9999.000,9999.000,9999.000,9999.000,9999.000
202602241524,   0.048,   1.190,9999.000,9999.000,9999.000,9999.000,9999.000,9999.000,9999.000
202602241530,   0.045,   1.180,9999.000,9999.000,9999.000,9999.000,9999.000,9999.000,9999.000
202602241536,   0.041,   1.200,9999.000,9999.000,9999.000,9999.000,9999.000,9999.000,9999.000
202602241542,   0.039,   1.170,9999.000,9999.000,9999.000,9999.000,9999.000,9999.000,9999.000
202602241548,   0.036,   1.161,9999.000,9999.000,9999.000,9999.000,9999.000,9999.000,9999.000
202602241554,   0.033,   1.180,9999.000,9999.000,9999.000,9999.000,9999.000,9999.000,9999.000
202602241600,   0.031,   1.128,   1.300,  -0.203,   1.128,   1.200,   1.028,   1.400,   1.228
202602241606,   0.029,   1.128,9999.000,9999.000,9999.000,9999.000,9999.000,9999.000,9999.000
202602241612,   0.028,   1.128,9999.000,9999.000,9999.000,9999.000,9999.000,9999.000,9999.000
202602241618,   0.026,   1.098,9999.000,9999.000,9999.000,9999.000,9999.000,9999.000,9999.000
202602241624,   0.025,   1.128,9999.000,9999.000,9999.000,9999.000,9999.000,9999.000,9999.000
202602241630,   0.024,   1.088,9999.000,9999.000,9999.000,9999.000,9999.000,9999.000,9999.000
202602241636,   0.024,   1.069,9999.000,9999.000,9999.000,9999.000,9999.000,9999.000,9999.000
202602241642,   0.024,   1.069,9999.000,9999.000,9999.000,9999.000,9999.000,9999.000,9999.000
202602241648,   0.025,   1.088,9999.000,9999.000,9999.000,9999.000,9999.000,9999.000,9999.000
202602241654,   0.025,   1.108,9999.000,9999.000,9999.000,9999.000,9999.000,9999.000,9999.000
202602241700,   0.027,   1.118,   1.200,  -0.109,   1.118,   1.200,   1.118,   1.300,   1.218
202602241706,   0.028,   1.069,9999.000,9999.000,9999.000,9999.000,9999.000,9999.000,9999.000
202602241712,   0.030,   1.088,9999.000,9999.000,9999.000,9999.000,9999.000,9999.000,9999.000
202602241718,   0.033,   1.108,9999.000,9999.000,9999.000,9999.000,9999.000,9999.000,9999.000
202602241724,   0.036,   1.088,9999.000,9999.000,9999.000,9999.000,9999.000,9999.000,9999.000
202602241730,   0.040,   1.098,9999.000,9999.000,9999.000,9999.000,9999.000,9999.000,9999.000
202602241736,   0.044,   1.079,9999.000,9999.000,9999.000,9999.000,9999.000,9999.000,9999.000
202602241742,   0.048,   1.098,9999.000,9999.000,9999.000,9999.000,9999.000,9999.000,9999.000
202602241748,   0.053,   1.138,9999.000,9999.000,9999.000,9999.000,9999.000,9999.000,9999.000
202602241754,   0.058,   1.138,9999.000,9999.000,9999.000,9999.000,9999.000,9999.000,9999.000
202602241800,   0.064,   1.128,   1.200,  -0.136,   1.128,   1.200,   1.128,   1.300,   1.228
202602241806,   0.070,   1.180,9999.000,9999.000,9999.000,9999.000,9999.000,9999.000,9999.000
202602241812,   0.077,   1.190,9999.000,9999.000,9999.000,9999.000,9999.000,9999.000,9999.000
202602241818,   0.084,   1.190,9999.000,9999.000,9999.000,9999.000,9999.000,9999.000,9999.000
202602241824,   0.091,   1.200,9999.000,9999.000,9999.000,9999.000,9999.000,9999.000,9999.000
202602241830,   0.098,   1.200,9999.000,9999.000,9999.000,9999.000,9999.000,9999.000,9999.000
202602241836,   0.106,   1.180,9999.000,9999.000,9999.000,9999.000,9999.000,9999.000,9999.000
202602241842,   0.114,   1.210,9999.000,9999.000,9999.000,9999.000,9999.000,9999.000,9999.000
202602241848,   0.122,   1.200,9999.000,9999.000,9999.000,9999.000,9999.000,9999.000,9999.000
202602241854,   0.130,   1.200,9999.000,9999.000,9999.000,9999.000,9999.000,9999.000,9999.000
202602241900,   0.139,   1.229,   1.200,  -0.110,   1.229,   1.100,   1.129,   1.200,   1.229
202602241906,   0.147,   1.229,9999.000,9999.000,9999.000,9999.000,9999.000,9999.000,9999.000
202602241912,   0.155,   1.229,9999.000,9999.000,9999.000,9999.000,9999.000,9999.000,9999.000
202602241918,   0.164,   1.249,9999.000,9999.000,9999.000,9999.000,9999.000,9999.000,9999.000
202602241924,   0.172,   1.249,9999.000,9999.000,9999.000,9999.000,9999.000,9999.000,9999.000
202602241930,   0.180,   1.249,9999.000,9999.000,9999.000,9999.000,9999.000,9999.000,9999.000
202602241936,   0.188,   1.259,9999.000,9999.000,9999.000,9999.000,9999.000,9999.000,9999.000
202602241942,   0.196,   1.279,9999.000,9999.000,9999.000,9999.000,9999.000,9999.000,9999.000
202602241948,   0.204,   1.279,9999.000,9999.000,9999.000,9999.000,9999.000,9999.000,9999.000
202602241954,   0.211,   1.298,9999.000,9999.000,9999.000,9999.000,9999.000,9999.000,9999.000
202602242000,   0.218,   1.318,   1.100,  -0.000,   1.318,   1.100,   1.318,   1.200,   1.418
202602242006,   0.225,   1.328,9999.000,9999.000,9999.000,9999.000,9999.000,9999.000,9999.000
202602242012,   0.232,   1.298,9999.000,9999.000,9999.000,9999.000,9999.000,9999.000,9999.000
202602242018,   0.239,   1.308,9999.000,9999.000,9999.000,9999.000,9999.000,9999.000,9999.000
202602242024,   0.245,   1.308,9999.000,9999.000,9999.000,9999.000,9999.000,9999.000,9999.000
202602242030,   0.251,   1.318,9999.000,9999.000,9999.000,9999.000,9999.000,9999.000,9999.000
202602242036,   0.257,   1.328,9999.000,9999.000,9999.000,9999.000,9999.000,9999.000,9999.000
202602242042,   0.262,   1.318,9999.000,9999.000,9999.000,9999.000,9999.000,9999.000,9999.000
202602242048,   0.268,   1.279,9999.000,9999.000,9999.000,9999.000,9999.000,9999.000,9999.000
202602242054,   0.272,   1.308,9999.000,9999.000,9999.000,9999.000,9999.000,9999.000,9999.000
202602242100,   0.277,   1.308,   1.100,  -0.069,   1.308,   1.000,   1.208,   1.100,   1.308
202602242106,   0.281,   1.279,9999.000,9999.000,9999.000,9999.000,9999.000,9999.000,9999.000
202602242112,   0.285,   1.269,9999.000,9999.000,9999.000,9999.000,9999.000,9999.000,9999.000
202602242118,   0.289,   1.249,9999.000,9999.000,9999.000,9999.000,9999.000,9999.000,9999.000
202602242124,   0.292,   1.229,9999.000,9999.000,9999.000,9999.000,9999.000,9999.000,9999.000
202602242130,   0.295,   1.220,9999.000,9999.000,9999.000,9999.000,9999.000,9999.000,9999.000
202602242136,   0.297,   1.200,9999.000,9999.000,9999.000,9999.000,9999.000,9999.000,9999.000
202602242142,   0.299,   1.190,9999.000,9999.000,9999.000,9999.000,9999.000,9999.000,9999.000
202602242148,   0.301,   1.180,9999.000,9999.000,9999.000,9999.000,9999.000,9999.000,9999.000
202602242154,   0.302,   1.180,9999.000,9999.000,9999.000,9999.000,9999.000,9999.000,9999.000
202602242200,   0.303,   1.170,   1.000,  -0.133,   1.170,   1.000,   1.170,   1.100,   1.270
202602242206,   0.304,   1.138,9999.000,9999.000,9999.000,9999.000,9999.000,9999.000,9999.000
202602242212,   0.303,   1.108,9999.000,9999.000,9999.000,9999.000,9999.000,9999.000,9999.000
202602242218,   0.303,   1.108,9999.000,9999.000,9999.000,9999.000,9999.000,9999.000,9999.000
202602242224,   0.302,   1.108,9999.000,9999.000,9999.000,9999.000,9999.000,9999.000,9999.000
202602242230,   0.301,   1.098,9999.000,9999.000,9999.000,9999.000,9999.000,9999.000,9999.000
202602242236,   0.299,   1.079,9999.000,9999.000,9999.000,9999.000,9999.000,9999.000,9999.000
202602242242,   0.297,   1.069,9999.000,9999.000,9999.000,9999.000,9999.000,9999.000,9999.000
202602242248,   0.294,   1.049,9999.000,9999.000,9999.000,9999.000,9999.000,9999.000,9999.000
202602242254,   0.291,   1.029,9999.000,9999.000,9999.000,9999.000,9999.000,9999.000,9999.000
202602242300,   0.288,   1.029,   1.000,  -0.259,   1.029,   0.900,   0.929,   1.000,   1.029
202602242306,   0.284,   1.010,9999.000,9999.000,9999.000,9999.000,9999.000,9999.000,9999.000
202602242312,   0.279,   0.980,9999.000,9999.000,9999.000,9999.000,9999.000,9999.000,9999.000
202602242318,   0.275,   0.980,9999.000,9999.000,9999.000,9999.000,9999.000,9999.000,9999.000
202602242324,   0.270,   0.961,9999.000,9999.000,9999.000,9999.000,9999.000,9999.000,9999.000
202602242330,   0.265,   0.928,9999.000,9999.000,9999.000,9999.000,9999.000,9999.000,9999.000
202602242336,   0.259,   0.918,9999.000,9999.000,9999.000,9999.000,9999.000,9999.000,9999.000
202602242342,   0.253,   0.908,9999.000,9999.000,9999.000,9999.000,9999.000,9999.000,9999.000
202602242348,   0.247,   0.879,9999.000,9999.000,9999.000,9999.000,9999.000,9999.000,9999.000
202602242354,   0.241,   0.849,9999.000,9999.000,9999.000,9999.000,9999.000,9999.000,9999.000
202602250000,   0.234,   0.839,   0.900,  -0.295,   0.839,   0.900,   0.839,   1.000,   0.939
202602250006,   0.227,   0.829,9999.000,9999.000,9999.000,9999.000,9999.000,9999.000,9999.000
202602250012,   0.221,   0.810,9999.000,9999.000,9999.000,9999.000,9999.000,9999.000,9999.000
202602250018,   0.213,   0.790,9999.000,9999.000,9999.000,9999.000,9999.000,9999.000,9999.000
202602250024,   0.206,   0.760,9999.000,9999.000,9999.000,9999.000,9999.000,9999.000,9999.000
202602250030,   0.199,   0.741,9999.000,9999.000,9999.000,9999.000,9999.000,9999.000,9999.000
202602250036,   0.192,   0.731,9999.000,9999.000,9999.000,9999.000,9999.000,9999.000,9999.000
202602250042,   0.184,   0.718,9999.000,9999.000,9999.000,9999.000,9999.000,9999.000,9999.000
202602250048,   0.177,   0.698,9999.000,9999.000,9999.000,9999.000,9999.000,9999.000,9999.000
202602250054,   0.170,   0.678,9999.000,9999.000,9999.000,9999.000,9999.000,9999.000,9999.000
202602250100,   0.163,   0.659,   0.900,  -0.404,   0.659,   0.800,   0.559,   0.900,   0.659
202602250106,   0.155,   0.639,9999.000,9999.000,9999.000,9999.000,9999.000,9999.000,9999.000
202602250112,   0.148,   0.619,9999.000,9999.000,9999.000,9999.000,9999.000,9999.000,9999.000
202602250118,   0.141,   0.600,9999.000,9999.000,9999.000,9999.000,9999.000,9999.000,9999.000
202602250124,   0.134,   0.590,9999.000,9999.000,9999.000,9999.000,9999.000,9999.000,9999.000
202602250130,   0.127,   0.570,9999.000,9999.000,9999.000,9999.000,9999.000,9999.000,9999.000
202602250136,   0.121,   0.551,9999.000,9999.000,9999.000,9999.000,9999.000,9999.000,9999.000
202602250142,   0.114,   0.541,9999.000,9999.000,9999.000,9999.000,9999.000,9999.000,9999.000
202602250148,   0.108,   0.518,9999.000,9999.000,9999.000,9999.000,9999.000,9999.000,9999.000
202602250154,   0.102,   0.498,9999.000,9999.000,9999.000,9999.000,9999.000,9999.000,9999.000
202602250200,   0.096,   0.478,   0.800,  -0.418,   0.478,   0.800,   0.478,   0.900,   0.578
202602250206,   0.090,   0.469,9999.000,9999.000,9999.000,9999.000,9999.000,9999.000,9999.000
202602250212,   0.084,   0.449,9999.000,9999.000,9999.000,9999.000,9999.000,9999.000,9999.000
202602250218,   0.079,   0.429,9999.000,9999.000,9999.000,9999.000,9999.000,9999.000,9999.000
202602250224,   0.074,   0.419,9999.000,9999.000,9999.000,9999.000,9999.000,9999.000,9999.000
202602250230,   0.069,   0.409,9999.000,9999.000,9999.000,9999.000,9999.000,9999.000,9999.000
202602250236,   0.064,   0.380,9999.000,9999.000,9999.000,9999.000,9999.000,9999.000,9999.000
202602250242,   0.059,   0.370,9999.000,9999.000,9999.000,9999.000,9999.000,9999.000,9999.000
202602250248,   0.055,   0.360,9999.000,9999.000,9999.000,9999.000,9999.000,9999.000,9999.000
202602250254,   0.051,   0.350,9999.000,9999.000,9999.000,9999.000,9999.000,9999.000,9999.000
202602250300,   0.047,   0.321,   0.800,  -0.526,   0.321,   0.700,   0.221,   0.800,   0.321
202602250306,   0.043,   0.308,9999.000,9999.000,9999.000,9999.000,9999.000,9999.000,9999.000
202602250312,   0.039,   0.288,9999.000,9999.000,9999.000,9999.000,9999.000,9999.000,9999.000
202602250318,   0.036,   0.268,9999.000,9999.000,9999.000,9999.000,9999.000,9999.000,9999.000
202602250324,   0.033,   0.288,9999.000,9999.000,9999.000,9999.000,9999.000,9999.000,9999.000
202602250330,   0.030,   0.268,9999.000,9999.000,9999.000,9999.000,9999.000,9999.000,9999.000
202602250336,   0.027,   0.259,9999.000,9999.000,9999.000,9999.000,9999.000,9999.000,9999.000
202602250342,   0.025,   0.268,9999.000,9999.000,9999.000,9999.000,9999.000,9999.000,9999.000
202602250348,   0.022,   0.268,9999.000,9999.000,9999.000,9999.000,9999.000,9999.000,9999.000
202602250354,   0.020,   0.259,9999.000,9999.000,9999.000,9999.000,9999.000,9999.000,9999.000
202602250400,   0.018,   0.268,   0.700,  -0.450,   0.268,   0.700,   0.268,   0.800,   0.368
202602250406,   0.017,   0.268,9999.000,9999.000,9999.000,9999.000,9999.000,9999.000,9999.000
202602250412,   0.015,   0.259,9999.000,9999.000,9999.000,9999.000,9999.000,9999.000,9999.000
202602250418,   0.014,   0.278,9999.000,9999.000,9999.000,9999.000,9999.000,9999.000,9999.000
202602250424,   0.014,   0.288,9999.000,9999.000,9999.000,9999.000,9999.000,9999.000,9999.000
202602250430,   0.013,   0.288,9999.000,9999.000,9999.000,9999.000,9999.000,9999.000,9999.000
202602250436,   0.013,   0.288,9999.000,9999.000,9999.000,9999.000,9999.000,9999.000,9999.000
202602250442,   0.013,   0.321,9999.000,9999.000,9999.000,9999.000,9999.000,9999.000,9999.000
202602250448,   0.014,   0.331,9999.000,9999.000,9999.000,9999.000,9999.000,9999.000,9999.000
202602250454,   0.015,   0.360,9999.000,9999.000,9999.000,9999.000,9999.000,9999.000,9999.000
202602250500,   0.016,   0.370,   0.700,  -0.346,   0.370,   0.600,   0.270,   0.700,   0.370
202602250506,   0.018,   0.390,9999.000,9999.000,9999.000,9999.000,9999.000,9999.000,9999.000
202602250512,   0.020,   0.390,9999.000,9999.000,9999.000,9999.000,9999.000,9999.000,9999.000
202602250518,   0.023,   0.409,9999.000,9999.000,9999.000,9999.000,9999.000,9999.000,9999.000
202602250524,   0.026,   0.419,9999.000,9999.000,9999.000,9999.000,9999.000,9999.000,9999.000
202602250530,   0.030,   0.439,9999.000,9999.000,9999.000,9999.000,9999.000,9999.000,9999.000
202602250536,   0.034,   0.469,9999.000,9999.000,9999.000,9999.000,9999.000,9999.000,9999.000
202602250542,   0.039,   0.478,9999.000,9999.000,9999.000,9999.000,9999.000,9999.000,9999.000
202602250548,   0.044,   0.488,9999.000,9999.000,9999.000,9999.000,9999.000,9999.000,9999.000
202602250554,   0.050,   0.508,9999.000,9999.000,9999.000,9999.000,9999.000,9999.000,9999.000
202602250600,   0.056,   0.541,   0.600,  -0.115,   0.541,   0.500,   0.441,   0.600,   0.541
202602250606,   0.062,   0.560,9999.000,9999.000,9999.000,9999.000,9999.000,9999.000,9999.000
202602250612,   0.070,   0.570,9999.000,9999.000,9999.000,9999.000,9999.000,9999.000,9999.000
202602250618,   0.077,   0.590,9999.000,9999.000,9999.000,9999.000,9999.000,9999.000,9999.000
202602250624,   0.085,   0.619,9999.000,9999.000,9999.000,9999.000,9999.000,9999.000,9999.000
202602250630,   0.094,   0.629,9999.000,9999.000,9999.000,9999.000,9999.000,9999.000,9999.000
202602250636,   0.102,   0.629,9999.000,9999.000,9999.000,9999.000,9999.000,9999.000,9999.000
202602250642,   0.111,   0.659,9999.000,9999.000,9999.000,9999.000,9999.000,9999.000,9999.000
202602250648,   0.121,   0.669,9999.000,9999.000,9999.000,9999.000,9999.000,9999.000,9999.000
202602250654,   0.130,   0.698,9999.000,9999.000,9999.000,9999.000,9999.000,9999.000,9999.000
202602250700,   0.140,   0.718,   0.600,  -0.022,   0.718,   0.500,   0.618,   0.600,   0.718
202602250706,   0.150,   0.760,9999.000,9999.000,9999.000,9999.000,9999.000,9999.000,9999.000
202602250712,   0.160,   0.780,9999.000,9999.000,9999.000,9999.000,9999.000,9999.000,9999.000
202602250718,   0.170,   0.810,9999.000,9999.000,9999.000,9999.000,9999.000,9999.000,9999.000
202602250724,   0.181,   0.819,9999.000,9999.000,9999.000,9999.000,9999.000,9999.000,9999.000
202602250730,   0.191,   0.839,9999.000,9999.000,9999.000,9999.000,9999.000,9999.000,9999.000
202602250736,   0.201,   0.869,9999.000,9999.000,9999.000,9999.000,9999.000,9999.000,9999.000
202602250742,   0.211,   0.908,9999.000,9999.000,9999.000,9999.000,9999.000,9999.000,9999.000
202602250748,   0.221,   0.908,9999.000,9999.000,9999.000,9999.000,9999.000,9999.000,9999.000
202602250754,   0.230,   0.928,9999.000,9999.000,9999.000,9999.000,9999.000,9999.000,9999.000
202602250800,   0.240,   0.951,   0.500,   0.211,   0.951,   0.500,   0.951,   0.600,   1.051
202602250806,   0.249,   0.970,9999.000,9999.000,9999.000,9999.000,9999.000,9999.000,9999.000
202602250812,   0.258,   1.000,9999.000,9999.000,9999.000,9999.000,9999.000,9999.000,9999.000
202602250818,   0.267,   1.010,9999.000,9999.000,9999.000,9999.000,9999.000,9999.000,9999.000
202602250824,   0.276,   1.039,9999.000,9999.000,9999.000,9999.000,9999.000,9999.000,9999.000
202602250830,   0.284,   1.069,9999.000,9999.000,9999.000,9999.000,9999.000,9999.000,9999.000
202602250836,   0.292,   1.079,9999.000,9999.000,9999.000,9999.000,9999.000,9999.000,9999.000
202602250842,   0.299,   1.098,9999.000,9999.000,9999.000,9999.000,9999.000,9999.000,9999.000
202602250848,   0.306,   1.118,9999.000,9999.000,9999.000,9999.000,9999.000,9999.000,9999.000
202602250854,   0.313,   1.151,9999.000,9999.000,9999.000,9999.000,9999.000,9999.000,9999.000
202602250900,   0.320,   1.161,   0.500,   0.341,   1.161,   0.500,   1.161,   0.600,   1.261
202602250906,   0.326,   1.180,9999.000,9999.000,9999.000,9999.000,9999.000,9999.000,9999.000
202602250912,   0.332,   1.170,9999.000,9999.000,9999.000,9999.000,9999.000,9999.000,9999.000
202602250918,   0.338,   1.200,9999.000,9999.000,9999.000,9999.000,9999.000,9999.000,9999.000
202602250924,   0.343,   1.210,9999.000,9999.000,9999.000,9999.000,9999.000,9999.000,9999.000
202602250930,   0.347,   1.229,9999.000,9999.000,9999.000,9999.000,9999.000,9999.000,9999.000
202602250936,   0.352,   1.249,9999.000,9999.000,9999.000,9999.000,9999.000,9999.000,9999.000
202602250942,   0.356,   1.259,9999.000,9999.000,9999.000,9999.000,9999.000,9999.000,9999.000
202602250948,   0.359,   1.279,9999.000,9999.000,9999.000,9999.000,9999.000,9999.000,9999.000
202602250954,   0.363,   1.269,9999.000,9999.000,9999.000,9999.000,9999.000,9999.000,9999.000
202602251000,   0.365,   1.269,   0.500,   0.404,   1.269,   0.500,   1.269,   0.500,   1.269
202602251006,   0.368,   1.279,9999.000,9999.000,9999.000,9999.000,9999.000,9999.000,9999.000
202602251012,   0.370,   1.308,9999.000,9999.000,9999.000,9999.000,9999.000,9999.000,9999.000
202602251018,   0.371,   1.308,9999.000,9999.000,9999.000,9999.000,9999.000,9999.000,9999.000
202602251024,   0.372,   1.348,9999.000,9999.000,9999.000,9999.000,9999.000,9999.000,9999.000
202602251030,   0.373,   1.380,9999.000,9999.000,9999.000,9999.000,9999.000,9999.000,9999.000
202602251036,   0.373,   1.371,9999.000,9999.000,9999.000,9999.000,9999.000,9999.000,9999.000
202602251042,   0.373,   1.371,9999.000,9999.000,9999.000,9999.000,9999.000,9999.000,9999.000
202602251048,   0.372,   1.380,9999.000,9999.000,9999.000,9999.000,9999.000,9999.000,9999.000
202602251054,   0.371,   1.400,9999.000,9999.000,9999.000,9999.000,9999.000,9999.000,9999.000
202602251100,   0.370,   1.410,   0.500,   0.540,   1.410,   0.400,   1.310,   0.500,   1.410
202602251106,   0.368,   1.380,9999.000,9999.000,9999.000,9999.000,9999.000,9999.000,9999.000
202602251112,   0.365,   1.361,9999.000,9999.000,9999.000,9999.000,9999.000,9999.000,9999.000
202602251118,   0.363,   1.328,9999.000,9999.000,9999.000,9999.000,9999.000,9999.000,9999.000
202602251124,   0.359,   1.308,9999.000,9999.000,9999.000,9999.000,9999.000,9999.000,9999.000
202602251130,   0.356,   1.279,9999.000,9999.000,9999.000,9999.000,9999.000,9999.000,9999.000
202602251136,   0.352,   1.269,9999.000,9999.000,9999.000,9999.000,9999.000,9999.000,9999.000
202602251142,   0.347,   1.259,9999.000,9999.000,9999.000,9999.000,9999.000,9999.000,9999.000
202602251148,   0.343,   1.249,9999.000,9999.000,9999.000,9999.000,9999.000,9999.000,9999.000
202602251154,   0.338,   1.220,9999.000,9999.000,9999.000,9999.000,9999.000,9999.000,9999.000
202602251200,   0.332,   1.210,   0.400,   0.478,   1.210,   0.400,   1.210,   0.400,   1.210
202602251206,   0.327,   1.190,9999.000,9999.000,9999.000,9999.000,9999.000,9999.000,9999.000
202602251212,   0.321,   1.161,9999.000,9999.000,9999.000,9999.000,9999.000,9999.000,9999.000
202602251218,   0.315,   1.138,9999.000,9999.000,9999.000,9999.000,9999.000,9999.000,9999.000
202602251224,   0.309,   1.128,9999.000,9999.000,9999.000,9999.000,9999.000,9999.000,9999.000
202602251230,   0.302,   1.088,9999.000,9999.000,9999.000,9999.000,9999.000,9999.000,9999.000
202602251236,   0.295,   1.079,9999.000,9999.000,9999.000,9999.000,9999.000,9999.000,9999.000
202602251242,   0.289,   1.049,9999.000,9999.000,9999.000,9999.000,9999.000,9999.000,9999.000
202602251248,   0.282,   1.029,9999.000,9999.000,9999.000,9999.000,9999.000,9999.000,9999.000
202602251254,   0.275,   1.000,9999.000,9999.000,9999.000,9999.000,9999.000,9999.000,9999.000
202602251300,   0.268,   1.000,   0.400,   0.332,   1.000,   0.300,   0.900,   0.400,   1.000
202602251306,   0.261,   1.000,9999.000,9999.000,9999.000,9999.000,9999.000,9999.000,9999.000
202602251312,   0.253,   0.970,9999.000,9999.000,9999.000,9999.000,9999.000,9999.000,9999.000
202602251318,   0.246,   0.961,9999.000,9999.000,9999.000,9999.000,9999.000,9999.000,9999.000
202602251324,   0.239,   0.970,9999.000,9999.000,9999.000,9999.000,9999.000,9999.000,9999.000
202602251330,   0.232,   0.951,9999.000,9999.000,9999.000,9999.000,9999.000,9999.000,9999.000
202602251336,   0.225,   0.961,9999.000,9999.000,9999.000,9999.000,9999.000,9999.000,9999.000
202602251342,   0.218,   0.941,9999.000,9999.000,9999.000,9999.000,9999.000,9999.000,9999.000
202602251348,   0.211,   0.928,9999.000,9999.000,9999.000,9999.000,9999.000,9999.000,9999.000
202602251354,   0.204,   0.908,9999.000,9999.000,9999.000,9999.000,9999.000,9999.000,9999.000
202602251400,   0.197,   0.908,   0.400,   0.311,   0.908,   0.300,   0.808,   0.400,   0.908
202602251406,   0.190,   0.888,9999.000,9999.000,9999.000,9999.000,9999.000,9999.000,9999.000
202602251412,   0.184,   0.879,9999.000,9999.000,9999.000,9999.000,9999.000,9999.000,9999.000
202602251418,   0.177,   0.869,9999.000,9999.000,9999.000,9999.000,9999.000,9999.000,9999.000
202602251424,   0.171,   0.839,9999.000,9999.000,9999.000,9999.000,9999.000,9999.000,9999.000
202602251430,   0.165,   0.819,9999.000,9999.000,9999.000,9999.000,9999.000,9999.000,9999.000
202602251436,   0.159,   0.810,9999.000,9999.000,9999.000,9999.000,9999.000,9999.000,9999.000
202602251442,   0.153,   0.790,9999.000,9999.000,9999.000,9999.000,9999.000,9999.000,9999.000
202602251448,   0.147,   0.760,9999.000,9999.000,9999.000,9999.000,9999.000,9999.000,9999.000
202602251454,   0.141,   0.751,9999.000,9999.000,9999.000,9999.000,9999.000,9999.000,9999.000
202602251500,   0.135,   0.751,   0.300,   0.316,   0.751,   0.300,   0.751,   0.400,   0.851
202602251506,   0.129,   0.731,9999.000,9999.000,9999.000,9999.000,9999.000,9999.000,9999.000
202602251512,   0.124,   0.718,9999.000,9999.000,9999.000,9999.000,9999.000,9999.000,9999.000
202602251518,   0.118,   0.698,9999.000,9999.000,9999.000,9999.000,9999.000,9999.000,9999.000
202602251524,   0.113,   0.678,9999.000,9999.000,9999.000,9999.000,9999.000,9999.000,9999.000
202602251530,   0.108,   0.659,9999.000,9999.000,9999.000,9999.000,9999.000,9999.000,9999.000
202602251536,   0.103,   0.629,9999.000,9999.000,9999.000,9999.000,9999.000,9999.000,9999.000
202602251542,   0.098,   0.600,9999.000,9999.000,9999.000,9999.000,9999.000,9999.000,9999.000
202602251548,   0.093,   0.570,9999.000,9999.000,9999.000,9999.000,9999.000,9999.000,9999.000
202602251554,   0.088,   0.541,9999.000,9999.000,9999.000,9999.000,9999.000,9999.000,9999.000
202602251600,   0.083,   0.518,   0.300,   0.135,   0.518,   0.300,   0.518,   0.300,   0.518
202602251606,   0.078,   0.498,9999.000,9999.000,9999.000,9999.000,9999.000,9999.000,9999.000
202602251612,   0.073,   0.498,9999.000,9999.000,9999.000,9999.000,9999.000,9999.000,9999.000
202602251618,   0.069,   0.488,9999.000,9999.000,9999.000,9999.000,9999.000,9999.000,9999.000
202602251624,   0.064,   0.478,9999.000,9999.000,9999.000,9999.000,9999.000,9999.000,9999.000
202602251630,   0.060,   0.469,9999.000,9999.000,9999.000,9999.000,9999.000,9999.000,9999.000
202602251636,   0.056,   0.459,9999.000,9999.000,9999.000,9999.000,9999.000,9999.000,9999.000
202602251642,   0.052,   0.459,9999.000,9999.000,9999.000,9999.000,9999.000,9999.000,9999.000
202602251648,   0.048,   0.449,9999.000,9999.000,9999.000,9999.000,9999.000,9999.000,9999.000
202602251654,   0.045,   0.439,9999.000,9999.000,9999.000,9999.000,9999.000,9999.000,9999.000
202602251700,   0.041,   0.409,   0.300,   0.068,   0.409,   0.300,   0.409,   0.300,   0.409
202602251706,   0.038,   0.419,9999.000,9999.000,9999.000,9999.000,9999.000,9999.000,9999.000
202602251712,   0.036,   0.400,9999.000,9999.000,9999.000,9999.000,9999.000,9999.000,9999.000
202602251718,   0.033,   0.380,9999.000,9999.000,9999.000,9999.000,9999.000,9999.000,9999.000
202602251724,   0.031,   0.380,9999.000,9999.000,9999.000,9999.000,9999.000,9999.000,9999.000
202602251730,   0.029,   0.360,9999.000,9999.000,9999.000,9999.000,9999.000,9999.000,9999.000
202602251736,   0.027,   0.350,9999.000,9999.000,9999.000,9999.000,9999.000,9999.000,9999.000
202602251742,   0.026,   0.350,9999.000,9999.000,9999.000,9999.000,9999.000,9999.000,9999.000
202602251748,   0.025,   0.341,9999.000,9999.000,9999.000,9999.000,9999.000,9999.000,9999.000
202602251754,   0.025,   0.331,9999.000,9999.000,9999.000,9999.000,9999.000,9999.000,9999.000
202602251800,   0.025,   0.331,   0.300,   0.006,   0.331,   0.300,   0.331,   0.300,   0.331
202602251806,   0.026,   0.321,9999.000,9999.000,9999.000,9999.000,9999.000,9999.000,9999.000
202602251812,   0.027,   0.321,9999.000,9999.000,9999.000,9999.000,9999.000,9999.000,9999.000
202602251818,   0.028,   0.321,9999.000,9999.000,9999.000,9999.000,9999.000,9999.000,9999.000
202602251824,   0.030,   0.331,9999.000,9999.000,9999.000,9999.000,9999.000,9999.000,9999.000
202602251830,   0.033,   0.331,9999.000,9999.000,9999.000,9999.000,9999.000,9999.000,9999.000
202602251836,   0.035,   0.350,9999.000,9999.000,9999.000,9999.000,9999.000,9999.000,9999.000
202602251842,   0.039,   0.360,9999.000,9999.000,9999.000,9999.000,9999.000,9999.000,9999.000
202602251848,   0.043,   0.370,9999.000,9999.000,9999.000,9999.000,9999.000,9999.000,9999.000
202602251854,   0.047,   0.370,9999.000,9999.000,9999.000,9999.000,9999.000,9999.000,9999.000
202602251900,   0.052,   0.380,   0.300,   0.028,   0.380,   0.300,   0.380,   0.300,   0.380
202602251906,   0.057,   0.390,9999.000,9999.000,9999.000,9999.000,9999.000,9999.000,9999.000
202602251912,   0.063,   0.380,9999.000,9999.000,9999.000,9999.000,9999.000,9999.000,9999.000
202602251918,   0.069,   0.380,9999.000,9999.000,9999.000,9999.000,9999.000,9999.000,9999.000
202602251924,   0.076,   0.380,9999.000,9999.000,9999.000,9999.000,9999.000,9999.000,9999.000
202602251930,   0.083,   0.400,9999.000,9999.000,9999.000,9999.000,9999.000,9999.000,9999.000
202602251936,   0.090,   0.400,9999.000,9999.000,9999.000,9999.000,9999.000,9999.000,9999.000
202602251942,   0.097,   0.400,9999.000,9999.000,9999.000,9999.000,9999.000,9999.000,9999.000
202602251948,   0.105,   0.419,9999.000,9999.000,9999.000,9999.000,9999.000,9999.000,9999.000
202602251954,   0.112,   0.419,9999.000,9999.000,9999.000,9999.000,9999.000,9999.000,9999.000
202602252000,   0.120,   0.429,   0.300,   0.009,   0.429,   0.300,   0.429,   0.300,   0.429
202602252006,   0.128,   0.439,9999.000,9999.000,9999.000,9999.000,9999.000,9999.000,9999.000
202602252012,   0.137,   0.449,9999.000,9999.000,9999.000,9999.000,9999.000,9999.000,9999.000
202602252018,   0.145,   0.449,9999.000,9999.000,9999.000,9999.000,9999.000,9999.000,9999.000
202602252024,   0.153,   0.449,9999.000,9999.000,9999.000,9999.000,9999.000,9999.000,9999.000
202602252030,   0.161,   0.478,9999.000,9999.000,9999.000,9999.000,9999.000,9999.000,9999.000
202602252036,   0.169,   0.488,9999.000,9999.000,9999.000,9999.000,9999.000,9999.000,9999.000
202602252042,   0.177,   0.478,9999.000,9999.000,9999.000,9999.000,9999.000,9999.000,9999.000
202602252048,   0.185,   0.478,9999.000,9999.000,9999.000,9999.000,9999.000,9999.000,9999.000
202602252054,   0.193,   0.498,9999.000,9999.000,9999.000,9999.000,9999.000,9999.000,9999.000
202602252100,   0.200,   0.508,   0.300,   0.008,   0.508,   0.300,   0.508,   0.300,   0.508
202602252106,   0.208,   0.531,9999.000,9999.000,9999.000,9999.000,9999.000,9999.000,9999.000
202602252112,   0.215,   0.531,9999.000,9999.000,9999.000,9999.000,9999.000,9999.000,9999.000
202602252118,   0.222,   0.551,9999.000,9999.000,9999.000,9999.000,9999.000,9999.000,9999.000
202602252124,   0.229,   0.570,9999.000,9999.000,9999.000,9999.000,9999.000,9999.000,9999.000
202602252130,   0.235,   0.560,9999.000,9999.000,9999.000,9999.000,9999.000,9999.000,9999.000
202602252136,   0.242,   0.580,9999.000,9999.000,9999.000,9999.000,9999.000,9999.000,9999.000
202602252142,   0.248,   0.600,9999.000,9999.000,9999.000,9999.000,9999.000,9999.000,9999.000
202602252148,   0.253,   0.600,9999.000,9999.000,9999.000,9999.000,9999.000,9999.000,9999.000
202602252154,   0.259,   0.600,9999.000,9999.000,9999.000,9999.000,9999.000,9999.000,9999.000
202602252200,   0.264,   0.610,   0.300,   0.046,   0.610,   0.200,   0.510,   0.300,   0.610
202602252206,   0.269,   0.610,9999.000,9999.000,9999.000,9999.000,9999.000,9999.000,9999.000
202602252212,   0.273,   0.619,9999.000,9999.000,9999.000,9999.000,9999.000,9999.000,9999.000
202602252218,   0.277,   0.629,9999.000,9999.000,9999.000,9999.000,9999.000,9999.000,9999.000
202602252224,   0.281,   0.629,9999.000,9999.000,9999.000,9999.000,9999.000,9999.000,9999.000
202602252230,   0.284,   0.629,9999.000,9999.000,9999.000,9999.000,9999.000,9999.000,9999.000
202602252236,   0.287,   0.649,9999.000,9999.000,9999.000,9999.000,9999.000,9999.000,9999.000
202602252242,   0.290,   0.639,9999.000,9999.000,9999.000,9999.000,9999.000,9999.000,9999.000
202602252248,   0.292,   0.639,9999.000,9999.000,9999.000,9999.000,9999.000,9999.000,9999.000
202602252254,   0.294,   0.610,9999.000,9999.000,9999.000,9999.000,9999.000,9999.000,9999.000
202602252300,   0.295,   0.600,   0.300,   0.005,   0.600,   0.200,   0.500,   0.300,   0.600
202602252306,   0.296,   0.590,9999.000,9999.000,9999.000,9999.000,9999.000,9999.000,9999.000
202602252312,   0.296,   0.560,9999.000,9999.000,9999.000,9999.000,9999.000,9999.000,9999.000
202602252318,   0.296,   0.560,9999.000,9999.000,9999.000,9999.000,9999.000,9999.000,9999.000
202602252324,   0.296,   0.570,9999.000,9999.000,9999.000,9999.000,9999.000,9999.000,9999.000
202602252330,   0.295,   0.560,9999.000,9999.000,9999.000,9999.000,9999.000,9999.000,9999.000
202602252336,   0.293,   0.551,9999.000,9999.000,9999.000,9999.000,9999.000,9999.000,9999.000
202602252342,   0.292,   0.541,9999.000,9999.000,9999.000,9999.000,9999.000,9999.000,9999.000
202602252348,   0.290,   0.531,9999.000,9999.000,9999.000,9999.000,9999.000,9999.000,9999.000
202602252354,   0.287,   0.508,9999.000,9999.000,9999.000,9999.000,9999.000,9999.000,9999.000
202602260000,   0.284,   0.508,   0.300,  -0.076,   0.508,   0.200,   0.408,   0.300,   0.508
202602260006,   0.281,   0.498,9999.000,9999.000,9999.000,9999.000,9999.000,9999.000,9999.000
202602260012,   0.277,   0.488,9999.000,9999.000,9999.000,9999.000,9999.000,9999.000,9999.000
202602260018,   0.273,   0.469,9999.000,9999.000,9999.000,9999.000,9999.000,9999.000,9999.000
202602260024,   0.269,   0.469,9999.000,9999.000,9999.000,9999.000,9999.000,9999.000,9999.000
202602260030,   0.264,   0.449,9999.000,9999.000,9999.000,9999.000,9999.000,9999.000,9999.000
202602260036,   0.259,   0.429,9999.000,9999.000,9999.000,9999.000,9999.000,9999.000,9999.000
202602260042,   0.254,   0.429,9999.000,9999.000,9999.000,9999.000,9999.000,9999.000,9999.000
202602260048,   0.249,   0.429,9999.000,9999.000,9999.000,9999.000,9999.000,9999.000,9999.000
202602260054,   0.244,   0.429,9999.000,9999.000,9999.000,9999.000,9999.000,9999.000,9999.000
202602260100,   0.238,   0.419,   0.300,  -0.119,   0.419,   0.200,   0.319,   0.300,   0.419
202602260106,   0.232,   0.419,9999.000,9999.000,9999.000,9999.000,9999.000,9999.000,9999.000
202602260112,   0.226,   0.409,9999.000,9999.000,9999.000,9999.000,9999.000,9999.000,9999.000
202602260118,   0.220,   0.370,9999.000,9999.000,9999.000,9999.000,9999.000,9999.000,9999.000
202602260124,   0.214,   0.370,9999.000,9999.000,9999.000,9999.000,9999.000,9999.000,9999.000
202602260130,   0.207,   0.350,9999.000,9999.000,9999.000,9999.000,9999.000,9999.000,9999.000
202602260136,   0.201,   0.350,9999.000,9999.000,9999.000,9999.000,9999.000,9999.000,9999.000
202602260142,   0.195,   0.350,9999.000,9999.000,9999.000,9999.000,9999.000,9999.000,9999.000
202602260148,   0.188,   0.321,9999.000,9999.000,9999.000,9999.000,9999.000,9999.000,9999.000
202602260154,   0.182,   0.298,9999.000,9999.000,9999.000,9999.000,9999.000,9999.000,9999.000
202602260200,   0.176,   0.278,   0.300,  -0.198,   0.278,   0.200,   0.178,   0.300,   0.278
202602260206,   0.169,   0.268,9999.000,9999.000,9999.000,9999.000,9999.000,9999.000,9999.000
202602260212,   0.163,   0.239,9999.000,9999.000,9999.000,9999.000,9999.000,9999.000,9999.000
202602260218,   0.157,   0.219,9999.000,9999.000,9999.000,9999.000,9999.000,9999.000,9999.000
202602260224,   0.151,   0.209,9999.000,9999.000,9999.000,9999.000,9999.000,9999.000,9999.000
202602260230,   0.145,   0.180,9999.000,9999.000,9999.000,9999.000,9999.000,9999.000,9999.000
202602260236,   0.139,   0.170,9999.000,9999.000,9999.000,9999.000,9999.000,9999.000,9999.000
202602260242,   0.133,   0.150,9999.000,9999.000,9999.000,9999.000,9999.000,9999.000,9999.000
202602260248,   0.127,   0.141,9999.000,9999.000,9999.000,9999.000,9999.000,9999.000,9999.000
202602260254,   0.122,   0.121,9999.000,9999.000,9999.000,9999.000,9999.000,9999.000,9999.000
202602260300,   0.116,   0.121,   0.300,  -0.295,   0.121,   0.200,   0.021,   0.300,   0.121
202602260306,   0.111,   0.111,9999.000,9999.000,9999.000,9999.000,9999.000,9999.000,9999.000
202602260312,   0.106,   0.098,9999.000,9999.000,9999.000,9999.000,9999.000,9999.000,9999.000
202602260318,   0.100,   0.088,9999.000,9999.000,9999.000,9999.000,9999.000,9999.000,9999.000
202602260324,   0.095,   0.088,9999.000,9999.000,9999.000,9999.000,9999.000,9999.000,9999.000
202602260330,   0.090,   0.059,9999.000,9999.000,9999.000,9999.000,9999.000,9999.000,9999.000
202602260336,   0.086,   0.049,9999.000,9999.000,9999.000,9999.000,9999.000,9999.000,9999.000
202602260342,   0.081,   0.049,9999.000,9999.000,9999.000,9999.000,9999.000,9999.000,9999.000
202602260348,   0.076,   0.019,9999.000,9999.000,9999.000,9999.000,9999.000,9999.000,9999.000
202602260354,   0.072,   0.009,9999.000,9999.000,9999.000,9999.000,9999.000,9999.000,9999.000
202602260400,   0.067,   0.000,   0.300,  -0.367,   0.000,   0.200,  -0.100,   0.300,   0.000
202602260406,   0.063,  -0.009,9999.000,9999.000,9999.000,9999.000,9999.000,9999.000,9999.000
202602260412,   0.059,  -0.009,9999.000,9999.000,9999.000,9999.000,9999.000,9999.000,9999.000
202602260418,   0.055,  -0.009,9999.000,9999.000,9999.000,9999.000,9999.000,9999.000,9999.000
202602260424,   0.051,  -0.029,9999.000,9999.000,9999.000,9999.000,9999.000,9999.000,9999.000
202602260430,   0.048,  -0.019,9999.000,9999.000,9999.000,9999.000,9999.000,9999.000,9999.000
202602260436,   0.044,   0.000,9999.000,9999.000,9999.000,9999.000,9999.000,9999.000,9999.000
202602260442,   0.041,  -0.009,9999.000,9999.000,9999.000,9999.000,9999.000,9999.000,9999.000
202602260448,   0.037,   0.000,9999.000,9999.000,9999.000,9999.000,9999.000,9999.000,9999.000
202602260454,   0.034,   0.000,9999.000,9999.000,9999.000,9999.000,9999.000,9999.000,9999.000
202602260500,   0.031,   0.009,   0.300,  -0.322,   0.009,   0.200,  -0.091,   0.300,   0.009
202602260506,   0.029,   0.000,9999.000,9999.000,9999.000,9999.000,9999.000,9999.000,9999.000
202602260512,   0.026,   0.019,9999.000,9999.000,9999.000,9999.000,9999.000,9999.000,9999.000
202602260518,   0.024,   0.049,9999.000,9999.000,9999.000,9999.000,9999.000,9999.000,9999.000
202602260524,   0.022,   0.039,9999.000,9999.000,9999.000,9999.000,9999.000,9999.000,9999.000
202602260530,   0.021,   0.049,9999.000,9999.000,9999.000,9999.000,9999.000,9999.000,9999.000
202602260536,   0.019,   0.068,9999.000,9999.000,9999.000,9999.000,9999.000,9999.000,9999.000
202602260542,   0.019,   0.088,9999.000,9999.000,9999.000,9999.000,9999.000,9999.000,9999.000
202602260548,   0.018,   0.098,9999.000,9999.000,9999.000,9999.000,9999.000,9999.000,9999.000
202602260554,   0.018,   0.111,9999.000,9999.000,9999.000,9999.000,9999.000,9999.000,9999.000
202602260600,   0.018,   0.121,   0.300,  -0.197,   0.121,   0.200,   0.021,   0.300,   0.121
202602260606,   0.019,   0.150,9999.000,9999.000,9999.000,9999.000,9999.000,9999.000,9999.000
202602260612,   0.020,   0.190,9999.000,9999.000,9999.000,9999.000,9999.000,9999.000,9999.000
202602260618,   0.022,   0.200,9999.000,9999.000,9999.000,9999.000,9999.000,9999.000,9999.000
202602260624,   0.024,   0.219,9999.000,9999.000,9999.000,9999.000,9999.000,9999.000,9999.000
202602260630,   0.026,   0.239,9999.000,9999.000,9999.000,9999.000,9999.000,9999.000,9999.000
202602260636,   0.030,   0.259,9999.000,9999.000,9999.000,9999.000,9999.000,9999.000,9999.000
202602260642,   0.033,   0.278,9999.000,9999.000,9999.000,9999.000,9999.000,9999.000,9999.000
202602260648,   0.038,   0.298,9999.000,9999.000,9999.000,9999.000,9999.000,9999.000,9999.000
202602260654,   0.042,   0.308,9999.000,9999.000,9999.000,9999.000,9999.000,9999.000,9999.000
202602260700,   0.048,   0.331,   0.300,  -0.017,   0.331,   0.200,   0.231,   0.300,   0.331
202602260706,   0.053,   0.350,9999.000,9999.000,9999.000,9999.000,9999.000,9999.000,9999.000
202602260712,   0.060,   0.370,9999.000,9999.000,9999.000,9999.000,9999.000,9999.000,9999.000
202602260718,   0.067,   0.390,9999.000,9999.000,9999.000,9999.000,9999.000,9999.000,9999.000
202602260724,   0.074,   0.409,9999.000,9999.000,9999.000,9999.000,9999.000,9999.000,9999.000
202602260730,   0.082,   0.429,9999.000,9999.000,9999.000,9999.000,9999.000,9999.000,9999.000
202602260736,   0.090,   0.439,9999.000,9999.000,9999.000,9999.000,9999.000,9999.000,9999.000
202602260742,   0.098,   0.459,9999.000,9999.000,9999.000,9999.000,9999.000,9999.000,9999.000
202602260748,   0.107,   0.478,9999.000,9999.000,9999.000,9999.000,9999.000,9999.000,9999.000
202602260754,   0.116,   0.488,9999.000,9999.000,9999.000,9999.000,9999.000,9999.000,9999.000
202602260800,   0.126,   0.508,   0.300,   0.082,   0.508,   0.200,   0.408,   0.300,   0.508
202602260806,   0.135,   0.541,9999.000,9999.000,9999.000,9999.000,9999.000,9999.000,9999.000
202602260812,   0.145,   0.570,9999.000,9999.000,9999.000,9999.000,9999.000,9999.000,9999.000
202602260818,   0.155,   0.590,9999.000,9999.000,9999.000,9999.000,9999.000,9999.000,9999.000
202602260824,   0.165,   0.610,9999.000,9999.000,9999.000,9999.000,9999.000,9999.000,9999.000
202602260830,   0.175,   0.639,9999.000,9999.000,9999.000,9999.000,9999.000,9999.000,9999.000
202602260836,   0.185,   0.659,9999.000,9999.000,9999.000,9999.000,9999.000,9999.000,9999.000
202602260842,   0.195,   0.678,9999.000,9999.000,9999.000,9999.000,9999.000,9999.000,9999.000
202602260848,   0.205,   0.708,9999.000,9999.000,9999.000,9999.000,9999.000,9999.000,9999.000
202602260854,   0.215,   0.741,9999.000,9999.000,9999.000,9999.000,9999.000,9999.000,9999.000
202602260900,   0.224,   0.760,   0.300,   0.236,   0.760,   0.200,   0.660,   0.300,   0.760
202602260906,   0.234,   0.780,9999.000,9999.000,9999.000,9999.000,9999.000,9999.000,9999.000
202602260912,   0.243,   0.800,9999.000,9999.000,9999.000,9999.000,9999.000,9999.000,9999.000
202602260918,   0.252,   0.810,9999.000,9999.000,9999.000,9999.000,9999.000,9999.000,9999.000
202602260924,   0.261,   0.839,9999.000,9999.000,9999.000,9999.000,9999.000,9999.000,9999.000
202602260930,   0.269,   0.859,9999.000,9999.000,9999.000,9999.000,9999.000,9999.000,9999.000
202602260936,   0.277,   0.879,9999.000,9999.000,9999.000,9999.000,9999.000,9999.000,9999.000
202602260942,   0.285,   0.908,9999.000,9999.000,9999.000,9999.000,9999.000,9999.000,9999.000
202602260948,   0.293,   0.928,9999.000,9999.000,9999.000,9999.000,9999.000,9999.000,9999.000
202602260954,   0.300,   0.961,9999.000,9999.000,9999.000,9999.000,9999.000,9999.000,9999.000
202602261000,   0.307,   0.990,   0.300,   0.383,   0.990,   0.200,   0.890,   0.300,   0.990
202602261006,   0.314,   1.000,9999.000,9999.000,9999.000,9999.000,9999.000,9999.000,9999.000
202602261012,   0.320,   1.020,9999.000,9999.000,9999.000,9999.000,9999.000,9999.000,9999.000
202602261018,   0.326,   1.020,9999.000,9999.000,9999.000,9999.000,9999.000,9999.000,9999.000
202602261024,   0.332,   1.059,9999.000,9999.000,9999.000,9999.000,9999.000,9999.000,9999.000
202602261030,   0.337,   1.069,9999.000,9999.000,9999.000,9999.000,9999.000,9999.000,9999.000
202602261036,   0.342,   1.088,9999.000,9999.000,9999.000,9999.000,9999.000,9999.000,9999.000
202602261042,   0.346,   1.098,9999.000,9999.000,9999.000,9999.000,9999.000,9999.000,9999.000
202602261048,   0.350,   1.118,9999.000,9999.000,9999.000,9999.000,9999.000,9999.000,9999.000
202602261054,   0.354,   1.128,9999.000,9999.000,9999.000,9999.000,9999.000,9999.000,9999.000
202602261100,   0.357,   1.138,   0.300,   0.481,   1.138,   0.200,   1.038,   0.300,   1.138
202602261106,   0.360,   1.151,9999.000,9999.000,9999.000,9999.000,9999.000,9999.000,9999.000
202602261112,   0.363,   1.170,9999.000,9999.000,9999.000,9999.000,9999.000,9999.000,9999.000
202602261118,   0.365,   1.180,9999.000,9999.000,9999.000,9999.000,9999.000,9999.000,9999.000
202602261124,   0.367,   1.190,9999.000,9999.000,9999.000,9999.000,9999.000,9999.000,9999.000
202602261130,   0.368,   1.200,9999.000,9999.000,9999.000,9999.000,9999.000,9999.000,9999.000
202602261136,   0.369,   1.200,9999.000,9999.000,9999.000,9999.000,9999.000,9999.000,9999.000
202602261142,   0.369,   1.200,9999.000,9999.000,9999.000,9999.000,9999.000,9999.000,9999.000
202602261148,   0.369,   1.200,9999.000,9999.000,9999.000,9999.000,9999.000,9999.000,9999.000
202602261154,   0.368,   1.190,9999.000,9999.000,9999.000,9999.000,9999.000,9999.000,9999.000
202602261200,   0.367,   1.180,   0.400,   0.413,   1.180,   0.300,   1.080,   0.400,   1.180
202602261206,   0.366,   1.170,9999.000,9999.000,9999.000,9999.000,9999.000,9999.000,9999.000
202602261212,   0.364,   1.151,9999.000,9999.000,9999.000,9999.000,9999.000,9999.000,9999.000
202602261218,   0.362,   1.128,9999.000,9999.000,9999.000,9999.000,9999.000,9999.000,9999.000
202602261224,   0.360,   1.118,9999.000,9999.000,9999.000,9999.000,9999.000,9999.000,9999.000
202602261230,   0.357,   1.098,9999.000,9999.000,9999.000,9999.000,9999.000,9999.000,9999.000
202602261236,   0.354,   1.079,9999.000,9999.000,9999.000,9999.000,9999.000,9999.000,9999.000
202602261242,   0.350,   1.069,9999.000,9999.000,9999.000,9999.000,9999.000,9999.000,9999.000
202602261248,   0.346,   1.059,9999.000,9999.000,9999.000,9999.000,9999.000,9999.000,9999.000
202602261254,   0.342,   1.049,9999.000,9999.000,9999.000,9999.000,9999.000,9999.000,9999.000
202602261300,   0.337,   1.020,   0.300,   0.383,   1.020,   0.300,   1.020,   0.400,   1.120
202602261306,   0.333,   1.000,9999.000,9999.000,9999.000,9999.000,9999.000,9999.000,9999.000
202602261312,   0.328,   1.000,9999.000,9999.000,9999.000,9999.000,9999.000,9999.000,9999.000
202602261318,   0.322,   1.029,9999.000,9999.000,9999.000,9999.000,9999.000,9999.000,9999.000
202602261324,   0.317,   1.029,9999.000,9999.000,9999.000,9999.000,9999.000,9999.000,9999.000
202602261330,   0.311,   1.020,9999.000,9999.000,9999.000,9999.000,9999.000,9999.000,9999.000
202602261336,   0.306,   1.000,9999.000,9999.000,9999.000,9999.000,9999.000,9999.000,9999.000
202602261342,   0.300,   0.961,9999.000,9999.000,9999.000,9999.000,9999.000,9999.000,9999.000
202602261348,   0.294,   0.951,9999.000,9999.000,9999.000,9999.000,9999.000,9999.000,9999.000
202602261354,   0.287,   0.951,9999.000,9999.000,9999.000,9999.000,9999.000,9999.000,9999.000
202602261400,   0.281,   0.941,   0.300,   0.360,   0.941,   0.300,   0.941,   0.400,   1.041
202602261406,   0.275,   0.908,9999.000,9999.000,9999.000,9999.000,9999.000,9999.000,9999.000
202602261412,   0.268,   0.888,9999.000,9999.000,9999.000,9999.000,9999.000,9999.000,9999.000
202602261418,   0.262,   0.869,9999.000,9999.000,9999.000,9999.000,9999.000,9999.000,9999.000
202602261424,   0.256,   0.849,9999.000,9999.000,9999.000,9999.000,9999.000,9999.000,9999.000
202602261430,   0.249,   0.839,9999.000,9999.000,9999.000,9999.000,9999.000,9999.000,9999.000
202602261436,   0.243,   0.819,9999.000,9999.000,9999.000,9999.000,9999.000,9999.000,9999.000
202602261442,   0.236,   0.800,9999.000,9999.000,9999.000,9999.000,9999.000,9999.000,9999.000
202602261448,   0.230,   0.790,9999.000,9999.000,9999.000,9999.000,9999.000,9999.000,9999.000
202602261454,   0.223,   0.770,9999.000,9999.000,9999.000,9999.000,9999.000,9999.000,9999.000
202602261500,   0.217,   0.751,   0.300,   0.234,   0.751,   0.300,   0.751,   0.400,   0.851
202602261506,   0.210,   0.718,9999.000,9999.000,9999.000,9999.000,9999.000,9999.000,9999.000
202602261512,   0.204,   0.708,9999.000,9999.000,9999.000,9999.000,9999.000,9999.000,9999.000
202602261518,   0.198,   0.698,9999.000,9999.000,9999.000,9999.000,9999.000,9999.000,9999.000
202602261524,   0.191,   0.669,9999.000,9999.000,9999.000,9999.000,9999.000,9999.000,9999.000
202602261530,   0.185,   0.649,9999.000,9999.000,9999.000,9999.000,9999.000,9999.000,9999.000
202602261536,   0.178,   0.639,9999.000,9999.000,9999.000,9999.000,9999.000,9999.000,9999.000
202602261542,   0.172,   0.619,9999.000,9999.000,9999.000,9999.000,9999.000,9999.000,9999.000
202602261548,   0.166,   0.600,9999.000,9999.000,9999.000,9999.000,9999.000,9999.000,9999.000
202602261554,   0.160,   0.580,9999.000,9999.000,9999.000,9999.000,9999.000,9999.000,9999.000
202602261600,   0.153,   0.570,   0.300,   0.117,   0.570,   0.300,   0.570,   0.400,   0.670
202602261606,   0.147,   0.560,9999.000,9999.000,9999.000,9999.000,9999.000,9999.000,9999.000
202602261612,   0.141,   0.541,9999.000,9999.000,9999.000,9999.000,9999.000,9999.000,9999.000
202602261618,   0.135,   0.531,9999.000,9999.000,9999.000,9999.000,9999.000,9999.000,9999.000
202602261624,   0.128,   0.508,9999.000,9999.000,9999.000,9999.000,9999.000,9999.000,9999.000
202602261630,   0.122,   0.488,9999.000,9999.000,9999.000,9999.000,9999.000,9999.000,9999.000
202602261636,   0.116,   0.469,9999.000,9999.000,9999.000,9999.000,9999.000,9999.000,9999.000
202602261642,   0.110,   0.449,9999.000,9999.000,9999.000,9999.000,9999.000,9999.000,9999.000
202602261648,   0.104,   0.439,9999.000,9999.000,9999.000,9999.000,9999.000,9999.000,9999.000
202602261654,   0.098,   0.419,9999.000,9999.000,9999.000,9999.000,9999.000,9999.000,9999.000
202602261700,   0.092,   0.400,   0.300,   0.008,   0.400,   0.300,   0.400,   0.400,   0.500
202602261706,   0.086,   0.380,9999.000,9999.000,9999.000,9999.000,9999.000,9999.000,9999.000
202602261712,   0.080,   0.370,9999.000,9999.000,9999.000,9999.000,9999.000,9999.000,9999.000
202602261718,   0.074,   0.370,9999.000,9999.000,9999.000,9999.000,9999.000,9999.000,9999.000
202602261724,   0.068,   0.350,9999.000,9999.000,9999.000,9999.000,9999.000,9999.000,9999.000
202602261730,   0.063,   0.341,9999.000,9999.000,9999.000,9999.000,9999.000,9999.000,9999.000
202602261736,   0.058,   0.331,9999.000,9999.000,9999.000,9999.000,9999.000,9999.000,9999.000
202602261742,   0.052,   0.321,9999.000,9999.000,9999.000,9999.000,9999.000,9999.000,9999.000
202602261748,   0.047,   0.308,9999.000,9999.000,9999.000,9999.000,9999.000,9999.000,9999.000
202602261754,   0.043,   0.298,9999.000,9999.000,9999.000,9999.000,9999.000,9999.000,9999.000
202602261800,   0.038,   0.298,   0.400,  -0.140,   0.298,   0.400,   0.298,   0.400,   0.298
202602261806,   0.034,   0.288,9999.000,9999.000,9999.000,9999.000,9999.000,9999.000,9999.000
202602261812,   0.030,   0.288,9999.000,9999.000,9999.000,9999.000,9999.000,9999.000,9999.000
202602261818,   0.026,   0.288,9999.000,9999.000,9999.000,9999.000,9999.000,9999.000,9999.000
202602261824,   0.023,   0.288,9999.000,9999.000,9999.000,9999.000,9999.000,9999.000,9999.000
202602261830,   0.020,   0.278,9999.000,9999.000,9999.000,9999.000,9999.000,9999.000,9999.000
202602261836,   0.017,   0.278,9999.000,9999.000,9999.000,9999.000,9999.000,9999.000,9999.000
202602261842,   0.015,   0.278,9999.000,9999.000,9999.000,9999.000,9999.000,9999.000,9999.000
202602261848,   0.014,   0.288,9999.000,9999.000,9999.000,9999.000,9999.000,9999.000,9999.000
202602261854,   0.012,   0.298,9999.000,9999.000,9999.000,9999.000,9999.000,9999.000,9999.000
202602261900,   0.012,   0.308,   0.400,  -0.104,   0.308,   0.400,   0.308,   0.400,   0.308
202602261906,   0.012,   0.308,9999.000,9999.000,9999.000,9999.000,9999.000,9999.000,9999.000
202602261912,   0.012,   0.308,9999.000,9999.000,9999.000,9999.000,9999.000,9999.000,9999.000
202602261918,   0.013,   0.308,9999.000,9999.000,9999.000,9999.000,9999.000,9999.000,9999.000
202602261924,   0.014,   0.331,9999.000,9999.000,9999.000,9999.000,9999.000,9999.000,9999.000
202602261930,   0.016,   0.331,9999.000,9999.000,9999.000,9999.000,9999.000,9999.000,9999.000
202602261936,   0.019,   0.341,9999.000,9999.000,9999.000,9999.000,9999.000,9999.000,9999.000
202602261942,   0.022,   0.350,9999.000,9999.000,9999.000,9999.000,9999.000,9999.000,9999.000
202602261948,   0.025,   0.370,9999.000,9999.000,9999.000,9999.000,9999.000,9999.000,9999.000
202602261954,   0.029,   0.370,9999.000,9999.000,9999.000,9999.000,9999.000,9999.000,9999.000
202602262000,   0.034,   0.380,   0.400,  -0.054,   0.380,   0.400,   0.380,   0.400,   0.380
202602262006,   0.039,   0.400,9999.000,9999.000,9999.000,9999.000,9999.000,9999.000,9999.000
202602262012,   0.045,   0.419,9999.000,9999.000,9999.000,9999.000,9999.000,9999.000,9999.000
202602262018,   0.051,   0.439,9999.000,9999.000,9999.000,9999.000,9999.000,9999.000,9999.000
202602262024,   0.057,   0.459,9999.000,9999.000,9999.000,9999.000,9999.000,9999.000,9999.000
202602262030,   0.064,   0.469,9999.000,9999.000,9999.000,9999.000,9999.000,9999.000,9999.000
202602262036,   0.071,   0.478,9999.000,9999.000,9999.000,9999.000,9999.000,9999.000,9999.000
202602262042,   0.079,   0.488,9999.000,9999.000,9999.000,9999.000,9999.000,9999.000,9999.000
202602262048,   0.086,   0.518,9999.000,9999.000,9999.000,9999.000,9999.000,9999.000,9999.000
202602262054,   0.094,   0.541,9999.000,9999.000,9999.000,9999.000,9999.000,9999.000,9999.000
202602262100,   0.103,   0.560,   0.400,   0.057,   0.560,   0.400,   0.560,   0.500,   0.660
202602262106,   0.111,   0.570,9999.000,9999.000,9999.000,9999.000,9999.000,9999.000,9999.000
202602262112,   0.119,   0.570,9999.000,9999.000,9999.000,9999.000,9999.000,9999.000,9999.000
202602262118,   0.128,   0.580,9999.000,9999.000,9999.000,9999.000,9999.000,9999.000,9999.000
202602262124,   0.136,   0.590,9999.000,9999.000,9999.000,9999.000,9999.000,9999.000,9999.000
202602262130,   0.145,   0.600,9999.000,9999.000,9999.000,9999.000,9999.000,9999.000,9999.000
202602262136,   0.153,   0.610,9999.000,9999.000,9999.000,9999.000,9999.000,9999.000,9999.000
202602262142,   0.162,   0.619,9999.000,9999.000,9999.000,9999.000,9999.000,9999.000,9999.000
202602262148,   0.170,   0.629,9999.000,9999.000,9999.000,9999.000,9999.000,9999.000,9999.000
202602262154,   0.179,   0.639,9999.000,9999.000,9999.000,9999.000,9999.000,9999.000,9999.000
202602262200,   0.187,   0.649,   0.400,   0.062,   0.649,   0.400,   0.649,   0.500,   0.749
202602262206,   0.195,   0.678,9999.000,9999.000,9999.000,9999.000,9999.000,9999.000,9999.000
202602262212,   0.203,   0.708,9999.000,9999.000,9999.000,9999.000,9999.000,9999.000,9999.000
202602262218,   0.210,   0.731,9999.000,9999.000,9999.000,9999.000,9999.000,9999.000,9999.000
202602262224,   0.218,   0.731,9999.000,9999.000,9999.000,9999.000,9999.000,9999.000,9999.000
202602262230,   0.225,   0.751,9999.000,9999.000,9999.000,9999.000,9999.000,9999.000,9999.000
202602262236,   0.232,   0.770,9999.000,9999.000,9999.000,9999.000,9999.000,9999.000,9999.000
202602262242,   0.239,   0.790,9999.000,9999.000,9999.000,9999.000,9999.000,9999.000,9999.000
202602262248,   0.245,   0.800,9999.000,9999.000,9999.000,9999.000,9999.000,9999.000,9999.000
202602262254,   0.252,   0.819,9999.000,9999.000,9999.000,9999.000,9999.000,9999.000,9999.000
202602262300,   0.258,   0.829,   0.400,   0.171,   0.829,   0.400,   0.829,   0.500,   0.929
202602262306,   0.263,   0.849,9999.000,9999.000,9999.000,9999.000,9999.000,9999.000,9999.000
202602262312,   0.268,   0.849,9999.000,9999.000,9999.000,9999.000,9999.000,9999.000,9999.000
202602262318,   0.273,   0.879,9999.000,9999.000,9999.000,9999.000,9999.000,9999.000,9999.000
202602262324,   0.278,   0.879,9999.000,9999.000,9999.000,9999.000,9999.000,9999.000,9999.000
202602262330,   0.282,   0.879,9999.000,9999.000,9999.000,9999.000,9999.000,9999.000,9999.000
202602262336,   0.286,   0.898,9999.000,9999.000,9999.000,9999.000,9999.000,9999.000,9999.000
202602262342,   0.289,   0.918,9999.000,9999.000,9999.000,9999.000,9999.000,9999.000,9999.000
202602262348,   0.292,   0.918,9999.000,9999.000,9999.000,9999.000,9999.000,9999.000,9999.000
202602262354,   0.295,   0.928,9999.000,9999.000,9999.000,9999.000,9999.000,9999.000,9999.000
202602270000,   0.297,   0.941,   0.500,   0.144,   0.941,   0.400,   0.841,   0.500,   0.941
202602270006,   0.299,   0.941,9999.000,9999.000,9999.000,9999.000,9999.000,9999.000,9999.000
202602270012,   0.300,   0.928,9999.000,9999.000,9999.000,9999.000,9999.000,9999.000,9999.000
202602270018,   0.301,   0.918,9999.000,9999.000,9999.000,9999.000,9999.000,9999.000,9999.000
202602270024,   0.301,   0.888,9999.000,9999.000,9999.000,9999.000,9999.000,9999.000,9999.000
202602270030,   0.301,   0.849,9999.000,9999.000,9999.000,9999.000,9999.000,9999.000,9999.000
202602270036,   0.300,   0.849,9999.000,9999.000,9999.000,9999.000,9999.000,9999.000,9999.000
202602270042,   0.300,   0.859,9999.000,9999.000,9999.000,9999.000,9999.000,9999.000,9999.000
202602270048,   0.298,   0.849,9999.000,9999.000,9999.000,9999.000,9999.000,9999.000,9999.000
202602270054,   0.296,   0.849,9999.000,9999.000,9999.000,9999.000,9999.000,9999.000,9999.000
202602270100,   0.294,   0.829,   0.500,   0.035,   0.829,   0.400,   0.729,   0.500,   0.829
202602270106,   0.292,   0.819,9999.000,9999.000,9999.000,9999.000,9999.000,9999.000,9999.000
202602270112,   0.289,   0.810,9999.000,9999.000,9999.000,9999.000,9999.000,9999.000,9999.000
202602270118,   0.286,   0.790,9999.000,9999.000,9999.000,9999.000,9999.000,9999.000,9999.000
202602270124,   0.282,   0.780,9999.000,9999.000,9999.000,9999.000,9999.000,9999.000,9999.000
202602270130,   0.278,   0.770,9999.000,9999.000,9999.000,9999.000,9999.000,9999.000,9999.000
202602270136,   0.274,   0.760,9999.000,9999.000,9999.000,9999.000,9999.000,9999.000,9999.000
202602270142,   0.270,   0.741,9999.000,9999.000,9999.000,9999.000,9999.000,9999.000,9999.000
202602270148,   0.265,   0.731,9999.000,9999.000,9999.000,9999.000,9999.000,9999.000,9999.000
202602270154,   0.260,   0.718,9999.000,9999.000,9999.000,9999.000,9999.000,9999.000,9999.000
202602270200,   0.255,   0.698,   0.500,  -0.057,   0.698,   0.400,   0.598,   0.500,   0.698
202602270206,   0.250,   0.688,9999.000,9999.000,9999.000,9999.000,9999.000,9999.000,9999.000
202602270212,   0.245,   0.678,9999.000,9999.000,9999.000,9999.000,9999.000,9999.000,9999.000
202602270218,   0.239,   0.659,9999.000,9999.000,9999.000,9999.000,9999.000,9999.000,9999.000
202602270224,   0.234,   0.649,9999.000,9999.000,9999.000,9999.000,9999.000,9999.000,9999.000
202602270230,   0.228,   0.629,9999.000,9999.000,9999.000,9999.000,9999.000,9999.000,9999.000
202602270236,   0.222,   0.619,9999.000,9999.000,9999.000,9999.000,9999.000,9999.000,9999.000
202602270242,   0.216,   0.600,9999.000,9999.000,9999.000,9999.000,9999.000,9999.000,9999.000
202602270248,   0.210,   0.580,9999.000,9999.000,9999.000,9999.000,9999.000,9999.000,9999.000
202602270254,   0.204,   0.570,9999.000,9999.000,9999.000,9999.000,9999.000,9999.000,9999.000
202602270300,   0.198,   0.551,   0.500,  -0.147,   0.551,   0.400,   0.451,   0.500,   0.551
202602270306,   0.192,   0.541,9999.000,9999.000,9999.000,9999.000,9999.000,9999.000,9999.000
202602270312,   0.186,   0.518,9999.000,9999.000,9999.000,9999.000,9999.000,9999.000,9999.000
202602270318,   0.180,   0.508,9999.000,9999.000,9999.000,9999.000,9999.000,9999.000,9999.000
202602270324,   0.174,   0.488,9999.000,9999.000,9999.000,9999.000,9999.000,9999.000,9999.000
202602270330,   0.168,   0.469,9999.000,9999.000,9999.000,9999.000,9999.000,9999.000,9999.000
202602270336,   0.161,   0.439,9999.000,9999.000,9999.000,9999.000,9999.000,9999.000,9999.000
202602270342,   0.155,   0.429,9999.000,9999.000,9999.000,9999.000,9999.000,9999.000,9999.000
202602270348,   0.149,   0.400,9999.000,9999.000,9999.000,9999.000,9999.000,9999.000,9999.000
202602270354,   0.144,   0.390,9999.000,9999.000,9999.000,9999.000,9999.000,9999.000,9999.000
202602270400,   0.138,   0.370,   0.500,  -0.268,   0.370,   0.400,   0.270,   0.500,   0.370
202602270406,   0.132,   0.370,9999.000,9999.000,9999.000,9999.000,9999.000,9999.000,9999.000
202602270412,   0.126,   0.350,9999.000,9999.000,9999.000,9999.000,9999.000,9999.000,9999.000
202602270418,   0.120,   0.331,9999.000,9999.000,9999.000,9999.000,9999.000,9999.000,9999.000
202602270424,   0.114,   0.321,9999.000,9999.000,9999.000,9999.000,9999.000,9999.000,9999.000
202602270430,   0.109,   0.308,9999.000,9999.000,9999.000,9999.000,9999.000,9999.000,9999.000
202602270436,   0.103,   0.278,9999.000,9999.000,9999.000,9999.000,9999.000,9999.000,9999.000
202602270442,   0.097,   0.259,9999.000,9999.000,9999.000,9999.000,9999.000,9999.000,9999.000
202602270448,   0.092,   0.259,9999.000,9999.000,9999.000,9999.000,9999.000,9999.000,9999.000
202602270454,   0.086,   0.239,9999.000,9999.000,9999.000,9999.000,9999.000,9999.000,9999.000
202602270500,   0.081,   0.229,   0.500,  -0.352,   0.229,   0.400,   0.129,   0.500,   0.229
202602270506,   0.075,   0.209,9999.000,9999.000,9999.000,9999.000,9999.000,9999.000,9999.000
202602270512,   0.070,   0.209,9999.000,9999.000,9999.000,9999.000,9999.000,9999.000,9999.000
202602270518,   0.065,   0.200,9999.000,9999.000,9999.000,9999.000,9999.000,9999.000,9999.000
202602270524,   0.060,   0.180,9999.000,9999.000,9999.000,9999.000,9999.000,9999.000,9999.000
202602270530,   0.055,   0.170,9999.000,9999.000,9999.000,9999.000,9999.000,9999.000,9999.000
202602270536,   0.050,   0.170,9999.000,9999.000,9999.000,9999.000,9999.000,9999.000,9999.000
202602270542,   0.045,   0.180,9999.000,9999.000,9999.000,9999.000,9999.000,9999.000,9999.000
202602270548,   0.041,   0.190,9999.000,9999.000,9999.000,9999.000,9999.000,9999.000,9999.000
202602270554,   0.037,9999.000,9999.000,9999.000,9999.000,9999.000,9999.000,9999.000,9999.000
202602270600,   0.032,9999.000,   0.500,  -0.332,   0.200,   0.400,   0.100,   0.500,   0.200
202602270606,   0.029,9999.000,9999.000,9999.000,9999.000,9999.000,9999.000,9999.000,9999.000
202602270612,   0.025,9999.000,9999.000,9999.000,9999.000,9999.000,9999.000,9999.000,9999.000
202602270618,   0.022,9999.000,9999.000,9999.000,9999.000,9999.000,9999.000,9999.000,9999.000
202602270624,   0.019,9999.000,9999.000,9999.000,9999.000,9999.000,9999.000,9999.000,9999.000
202602270630,   0.016,9999.000,9999.000,9999.000,9999.000,9999.000,9999.000,9999.000,9999.000
202602270636,   0.014,9999.000,9999.000,9999.000,9999.000,9999.000,9999.000,9999.000,9999.000
202602270642,   0.012,9999.000,9999.000,9999.000,9999.000,9999.000,9999.000,9999.000,9999.000
202602270648,   0.010,9999.000,9999.000,9999.000,9999.000,9999.000,9999.000,9999.000,9999.000
202602270654,   0.009,9999.000,9999.000,9999.000,9999.000,9999.000,9999.000,9999.000,9999.000
202602270700,   0.008,9999.000,   0.500,  -0.313,   0.195,   0.400,   0.095,   0.500,   0.195
202602270706,   0.008,9999.000,9999.000,9999.000,9999.000,9999.000,9999.000,9999.000,9999.000
202602270712,   0.009,9999.000,9999.000,9999.000,9999.000,9999.000,9999.000,9999.000,9999.000
202602270718,   0.010,9999.000,9999.000,9999.000,9999.000,9999.000,9999.000,9999.000,9999.000
202602270724,   0.011,9999.000,9999.000,9999.000,9999.000,9999.000,9999.000,9999.000,9999.000
202602270730,   0.013,9999.000,9999.000,9999.000,9999.000,9999.000,9999.000,9999.000,9999.000
202602270736,   0.016,9999.000,9999.000,9999.000,9999.000,9999.000,9999.000,9999.000,9999.000
202602270742,   0.019,9999.000,9999.000,9999.000,9999.000,9999.000,9999.000,9999.000,9999.000
202602270748,   0.023,9999.000,9999.000,9999.000,9999.000,9999.000,9999.000,9999.000,9999.000
202602270754,   0.027,9999.000,9999.000,9999.000,9999.000,9999.000,9999.000,9999.000,9999.000
202602270800,   0.032,9999.000,   0.400,  -0.293,   0.139,   0.400,   0.139,   0.500,   0.239
202602270806,   0.037,9999.000,9999.000,9999.000,9999.000,9999.000,9999.000,9999.000,9999.000
202602270812,   0.044,9999.000,9999.000,9999.000,9999.000,9999.000,9999.000,9999.000,9999.000
202602270818,   0.050,9999.000,9999.000,9999.000,9999.000,9999.000,9999.000,9999.000,9999.000
202602270824,   0.057,9999.000,9999.000,9999.000,9999.000,9999.000,9999.000,9999.000,9999.000
202602270830,   0.065,9999.000,9999.000,9999.000,9999.000,9999.000,9999.000,9999.000,9999.000
202602270836,   0.073,9999.000,9999.000,9999.000,9999.000,9999.000,9999.000,9999.000,9999.000
202602270842,   0.081,9999.000,9999.000,9999.000,9999.000,9999.000,9999.000,9999.000,9999.000
202602270848,   0.090,9999.000,9999.000,9999.000,9999.000,9999.000,9999.000,9999.000,9999.000
202602270854,   0.099,9999.000,9999.000,9999.000,9999.000,9999.000,9999.000,9999.000,9999.000
202602270900,   0.109,9999.000,   0.400,  -0.273,   0.236,   0.400,   0.236,   0.500,   0.336
202602270906,   0.119,9999.000,9999.000,9999.000,9999.000,9999.000,9999.000,9999.000,9999.000
202602270912,   0.128,9999.000,9999.000,9999.000,9999.000,9999.000,9999.000,9999.000,9999.000
202602270918,   0.138,9999.000,9999.000,9999.000,9999.000,9999.000,9999.000,9999.000,9999.000
202602270924,   0.149,9999.000,9999.000,9999.000,9999.000,9999.000,9999.000,9999.000,9999.000
202602270930,   0.159,9999.000,9999.000,9999.000,9999.000,9999.000,9999.000,9999.000,9999.000
202602270936,   0.169,9999.000,9999.000,9999.000,9999.000,9999.000,9999.000,9999.000,9999.000
202602270942,   0.179,9999.000,9999.000,9999.000,9999.000,9999.000,9999.000,9999.000,9999.000
202602270948,   0.189,9999.000,9999.000,9999.000,9999.000,9999.000,9999.000,9999.000,9999.000
202602270954,   0.199,9999.000,9999.000,9999.000,9999.000,9999.000,9999.000,9999.000,9999.000
202602271000,   0.209,9999.000,   0.400,  -0.254,   0.355,   0.400,   0.355,   0.500,   0.455
202602271006,   0.219,9999.000,9999.000,9999.000,9999.000,9999.000,9999.000,9999.000,9999.000
202602271012,   0.228,9999.000,9999.000,9999.000,9999.000,9999.000,9999.000,9999.000,9999.000
202602271018,   0.238,9999.000,9999.000,9999.000,9999.000,9999.000,9999.000,9999.000,9999.000
202602271024,   0.247,9999.000,9999.000,9999.000,9999.000,9999.000,9999.000,9999.000,9999.000
202602271030,   0.256,9999.000,9999.000,9999.000,9999.000,9999.000,9999.000,9999.000,9999.000
202602271036,   0.264,9999.000,9999.000,9999.000,9999.000,9999.000,9999.000,9999.000,9999.000
202602271042,   0.273,9999.000,9999.000,9999.000,9999.000,9999.000,9999.000,9999.000,9999.000
202602271048,   0.281,9999.000,9999.000,9999.000,9999.000,9999.000,9999.000,9999.000,9999.000
202602271054,   0.289,9999.000,9999.000,9999.000,9999.000,9999.000,9999.000,9999.000,9999.000
202602271100,   0.297,9999.000,   0.400,  -0.234,   0.463,   0.400,   0.463,   0.500,   0.563
202602271106,   0.304,9999.000,9999.000,9999.000,9999.000,9999.000,9999.000,9999.000,9999.000
202602271112,   0.311,9999.000,9999.000,9999.000,9999.000,9999.000,9999.000,9999.000,9999.000
202602271118,   0.318,9999.000,9999.000,9999.000,9999.000,9999.000,9999.000,9999.000,9999.000
202602271124,   0.324,9999.000,9999.000,9999.000,9999.000,9999.000,9999.000,9999.000,9999.000
202602271130,   0.330,9999.000,9999.000,9999.000,9999.000,9999.000,9999.000,9999.000,9999.000
202602271136,   0.336,9999.000,9999.000,9999.000,9999.000,9999.000,9999.000,9999.000,9999.000
202602271142,   0.341,9999.000,9999.000,9999.000,9999.000,9999.000,9999.000,9999.000,9999.000
202602271148,   0.346,9999.000,9999.000,9999.000,9999.000,9999.000,9999.000,9999.000,9999.000
202602271154,   0.351,9999.000,9999.000,9999.000,9999.000,9999.000,9999.000,9999.000,9999.000
202602271200,   0.355,9999.000,   0.400,  -0.214,   0.541,   0.400,   0.541,   0.500,   0.641
202602271206,   0.359,9999.000,9999.000,9999.000,9999.000,9999.000,9999.000,9999.000,9999.000
202602271212,   0.362,9999.000,9999.000,9999.000,9999.000,9999.000,9999.000,9999.000,9999.000
202602271218,   0.365,9999.000,9999.000,9999.000,9999.000,9999.000,9999.000,9999.000,9999.000
202602271224,   0.367,9999.000,9999.000,9999.000,9999.000,9999.000,9999.000,9999.000,9999.000
202602271230,   0.370,9999.000,9999.000,9999.000,9999.000,9999.000,9999.000,9999.000,9999.000
202602271236,   0.371,9999.000,9999.000,9999.000,9999.000,9999.000,9999.000,9999.000,9999.000
202602271242,   0.373,9999.000,9999.000,9999.000,9999.000,9999.000,9999.000,9999.000,9999.000
202602271248,   0.373,9999.000,9999.000,9999.000,9999.000,9999.000,9999.000,9999.000,9999.000
202602271254,   0.374,9999.000,9999.000,9999.000,9999.000,9999.000,9999.000,9999.000,9999.000
202602271300,   0.374,9999.000,   0.500,  -0.195,   0.679,   0.400,   0.579,   0.500,   0.679
202602271306,   0.373,9999.000,9999.000,9999.000,9999.000,9999.000,9999.000,9999.000,9999.000
202602271312,   0.372,9999.000,9999.000,9999.000,9999.000,9999.000,9999.000,9999.000,9999.000
202602271318,   0.371,9999.000,9999.000,9999.000,9999.000,9999.000,9999.000,9999.000,9999.000
202602271324,   0.369,9999.000,9999.000,9999.000,9999.000,9999.000,9999.000,9999.000,9999.000
202602271330,   0.367,9999.000,9999.000,9999.000,9999.000,9999.000,9999.000,9999.000,9999.000
202602271336,   0.365,9999.000,9999.000,9999.000,9999.000,9999.000,9999.000,9999.000,9999.000
202602271342,   0.362,9999.000,9999.000,9999.000,9999.000,9999.000,9999.000,9999.000,9999.000
202602271348,   0.359,9999.000,9999.000,9999.000,9999.000,9999.000,9999.000,9999.000,9999.000
202602271354,   0.355,9999.000,9999.000,9999.000,9999.000,9999.000,9999.000,9999.000,9999.000
202602271400,   0.351,9999.000,   0.500,  -0.175,   0.676,   0.400,   0.576,   0.500,   0.676
202602271406,   0.347,9999.000,9999.000,9999.000,9999.000,9999.000,9999.000,9999.000,9999.000
202602271412,   0.343,9999.000,9999.000,9999.000,9999.000,9999.000,9999.000,9999.000,9999.000
202602271418,   0.338,9999.000,9999.000,9999.000,9999.000,9999.000,9999.000,9999.000,9999.000
202602271424,   0.333,9999.000,9999.000,9999.000,9999.000,9999.000,9999.000,9999.000,9999.000
202602271430,   0.328,9999.000,9999.000,9999.000,9999.000,9999.000,9999.000,9999.000,9999.000
202602271436,   0.322,9999.000,9999.000,9999.000,9999.000,9999.000,9999.000,9999.000,9999.000
202602271442,   0.317,9999.000,9999.000,9999.000,9999.000,9999.000,9999.000,9999.000,9999.000
202602271448,   0.311,9999.000,9999.000,9999.000,9999.000,9999.000,9999.000,9999.000,9999.000
202602271454,   0.305,9999.000,9999.000,9999.000,9999.000,9999.000,9999.000,9999.000,9999.000
202602271500,   0.299,9999.000,   0.500,  -0.155,   0.644,   0.400,   0.544,   0.500,   0.644
202602271506,   0.293,9999.000,9999.000,9999.000,9999.000,9999.000,9999.000,9999.000,9999.000
202602271512,   0.286,9999.000,9999.000,9999.000,9999.000,9999.000,9999.000,9999.000,9999.000
202602271518,   0.280,9999.000,9999.000,9999.000,9999.000,9999.000,9999.000,9999.000,9999.000
202602271524,   0.273,9999.000,9999.000,9999.000,9999.000,9999.000,9999.000,9999.000,9999.000
202602271530,   0.267,9999.000,9999.000,9999.000,9999.000,9999.000,9999.000,9999.000,9999.000
202602271536,   0.260,9999.000,9999.000,9999.000,9999.000,9999.000,9999.000,9999.000,9999.000
202602271542,   0.253,9999.000,9999.000,9999.000,9999.000,9999.000,9999.000,9999.000,9999.000
202602271548,   0.246,9999.000,9999.000,9999.000,9999.000,9999.000,9999.000,9999.000,9999.000
202602271554,   0.240,9999.000,9999.000,9999.000,9999.000,9999.000,9999.000,9999.000,9999.000
202602271600,   0.233,9999.000,   0.500,  -0.136,   0.597,   0.400,   0.497,   0.500,   0.597
202602271606,   0.226,9999.000,9999.000,9999.000,9999.000,9999.000,9999.000,9999.000,9999.000
202602271612,   0.219,9999.000,9999.000,9999.000,9999.000,9999.000,9999.000,9999.000,9999.000
202602271618,   0.212,9999.000,9999.000,9999.000,9999.000,9999.000,9999.000,9999.000,9999.000
202602271624,   0.204,9999.000,9999.000,9999.000,9999.000,9999.000,9999.000,9999.000,9999.000
202602271630,   0.197,9999.000,9999.000,9999.000,9999.000,9999.000,9999.000,9999.000,9999.000
202602271636,   0.190,9999.000,9999.000,9999.000,9999.000,9999.000,9999.000,9999.000,9999.000
202602271642,   0.183,9999.000,9999.000,9999.000,9999.000,9999.000,9999.000,9999.000,9999.000
202602271648,   0.175,9999.000,9999.000,9999.000,9999.000,9999.000,9999.000,9999.000,9999.000
202602271654,   0.168,9999.000,9999.000,9999.000,9999.000,9999.000,9999.000,9999.000,9999.000
202602271700,   0.161,9999.000,   0.500,  -0.116,   0.545,   0.400,   0.445,   0.500,   0.545
202602271706,   0.153,9999.000,9999.000,9999.000,9999.000,9999.000,9999.000,9999.000,9999.000
202602271712,   0.146,9999.000,9999.000,9999.000,9999.000,9999.000,9999.000,9999.000,9999.000
202602271718,   0.138,9999.000,9999.000,9999.000,9999.000,9999.000,9999.000,9999.000,9999.000
202602271724,   0.131,9999.000,9999.000,9999.000,9999.000,9999.000,9999.000,9999.000,9999.000
202602271730,   0.123,9999.000,9999.000,9999.000,9999.000,9999.000,9999.000,9999.000,9999.000
202602271736,   0.116,9999.000,9999.000,9999.000,9999.000,9999.000,9999.000,9999.000,9999.000
202602271742,   0.109,9999.000,9999.000,9999.000,9999.000,9999.000,9999.000,9999.000,9999.000
202602271748,   0.101,9999.000,9999.000,9999.000,9999.000,9999.000,9999.000,9999.000,9999.000
202602271754,   0.094,9999.000,9999.000,9999.000,9999.000,9999.000,9999.000,9999.000,9999.000
202602271800,   0.086,9999.000,   0.500,  -0.116,   0.470,   0.400,   0.370,   0.500,   0.470
202602271806,   0.079,9999.000,9999.000,9999.000,9999.000,9999.000,9999.000,9999.000,9999.000
202602271812,   0.072,9999.000,9999.000,9999.000,9999.000,9999.000,9999.000,9999.000,9999.000
202602271818,   0.065,9999.000,9999.000,9999.000,9999.000,9999.000,9999.000,9999.000,9999.000
202602271824,   0.058,9999.000,9999.000,9999.000,9999.000,9999.000,9999.000,9999.000,9999.000
202602271830,   0.052,9999.000,9999.000,9999.000,9999.000,9999.000,9999.000,9999.000,9999.000
202602271836,   0.045,9999.000,9999.000,9999.000,9999.000,9999.000,9999.000,9999.000,9999.000
202602271842,   0.039,9999.000,9999.000,9999.000,9999.000,9999.000,9999.000,9999.000,9999.000
202602271848,   0.033,9999.000,9999.000,9999.000,9999.000,9999.000,9999.000,9999.000,9999.000
202602271854,   0.027,9999.000,9999.000,9999.000,9999.000,9999.000,9999.000,9999.000,9999.000
202602271900,   0.022,9999.000,   0.500,  -0.116,   0.406,   0.400,   0.306,   0.500,   0.406
202602271906,   0.017,9999.000,9999.000,9999.000,9999.000,9999.000,9999.000,9999.000,9999.000
202602271912,   0.012,9999.000,9999.000,9999.000,9999.000,9999.000,9999.000,9999.000,9999.000
202602271918,   0.008,9999.000,9999.000,9999.000,9999.000,9999.000,9999.000,9999.000,9999.000
202602271924,   0.004,9999.000,9999.000,9999.000,9999.000,9999.000,9999.000,9999.000,9999.000
202602271930,   0.001,9999.000,9999.000,9999.000,9999.000,9999.000,9999.000,9999.000,9999.000
202602271936,  -0.001,9999.000,9999.000,9999.000,9999.000,9999.000,9999.000,9999.000,9999.000
202602271942,  -0.004,9999.000,9999.000,9999.000,9999.000,9999.000,9999.000,9999.000,9999.000
202602271948,  -0.006,9999.000,9999.000,9999.000,9999.000,9999.000,9999.000,9999.000,9999.000
202602271954,  -0.007,9999.000,9999.000,9999.000,9999.000,9999.000,9999.000,9999.000,9999.000
202602272000,  -0.008,9999.000,   0.500,  -0.116,   0.376,   0.400,   0.276,   0.500,   0.376
202602272006,  -0.008,9999.000,9999.000,9999.000,9999.000,9999.000,9999.000,9999.000,9999.000
202602272012,  -0.008,9999.000,9999.000,9999.000,9999.000,9999.000,9999.000,9999.000,9999.000
202602272018,  -0.007,9999.000,9999.000,9999.000,9999.000,9999.000,9999.000,9999.000,9999.000
202602272024,  -0.005,9999.000,9999.000,9999.000,9999.000,9999.000,9999.000,9999.000,9999.000
202602272030,  -0.003,9999.000,9999.000,9999.000,9999.000,9999.000,9999.000,9999.000,9999.000
202602272036,   0.000,9999.000,9999.000,9999.000,9999.000,9999.000,9999.000,9999.000,9999.000
202602272042,   0.002,9999.000,9999.000,9999.000,9999.000,9999.000,9999.000,9999.000,9999.000
202602272048,   0.006,9999.000,9999.000,9999.000,9999.000,9999.000,9999.000,9999.000,9999.000
202602272054,   0.011,9999.000,9999.000,9999.000,9999.000,9999.000,9999.000,9999.000,9999.000
202602272100,   0.016,9999.000,   0.500,  -0.116,   0.400,   0.400,   0.300,   0.500,   0.400
202602272106,   0.021,9999.000,9999.000,9999.000,9999.000,9999.000,9999.000,9999.000,9999.000
202602272112,   0.027,9999.000,9999.000,9999.000,9999.000,9999.000,9999.000,9999.000,9999.000
202602272118,   0.034,9999.000,9999.000,9999.000,9999.000,9999.000,9999.000,9999.000,9999.000
202602272124,   0.041,9999.000,9999.000,9999.000,9999.000,9999.000,9999.000,9999.000,9999.000
202602272130,   0.048,9999.000,9999.000,9999.000,9999.000,9999.000,9999.000,9999.000,9999.000
202602272136,   0.056,9999.000,9999.000,9999.000,9999.000,9999.000,9999.000,9999.000,9999.000
202602272142,   0.064,9999.000,9999.000,9999.000,9999.000,9999.000,9999.000,9999.000,9999.000
202602272148,   0.072,9999.000,9999.000,9999.000,9999.000,9999.000,9999.000,9999.000,9999.000
202602272154,   0.081,9999.000,9999.000,9999.000,9999.000,9999.000,9999.000,9999.000,9999.000
202602272200,   0.090,9999.000,   0.500,  -0.116,   0.474,   0.500,   0.474,   0.500,   0.474
202602272206,   0.099,9999.000,9999.000,9999.000,9999.000,9999.000,9999.000,9999.000,9999.000
202602272212,   0.108,9999.000,9999.000,9999.000,9999.000,9999.000,9999.000,9999.000,9999.000
202602272218,   0.117,9999.000,9999.000,9999.000,9999.000,9999.000,9999.000,9999.000,9999.000
202602272224,   0.126,9999.000,9999.000,9999.000,9999.000,9999.000,9999.000,9999.000,9999.000
202602272230,   0.135,9999.000,9999.000,9999.000,9999.000,9999.000,9999.000,9999.000,9999.000
202602272236,   0.144,9999.000,9999.000,9999.000,9999.000,9999.000,9999.000,9999.000,9999.000
202602272242,   0.153,9999.000,9999.000,9999.000,9999.000,9999.000,9999.000,9999.000,9999.000
202602272248,   0.163,9999.000,9999.000,9999.000,9999.000,9999.000,9999.000,9999.000,9999.000
202602272254,   0.172,9999.000,9999.000,9999.000,9999.000,9999.000,9999.000,9999.000,9999.000
202602272300,   0.181,9999.000,   0.500,  -0.116,   0.565,   0.500,   0.565,   0.500,   0.565
202602272306,   0.190,9999.000,9999.000,9999.000,9999.000,9999.000,9999.000,9999.000,9999.000
202602272312,   0.198,9999.000,9999.000,9999.000,9999.000,9999.000,9999.000,9999.000,9999.000
202602272318,   0.207,9999.000,9999.000,9999.000,9999.000,9999.000,9999.000,9999.000,9999.000
202602272324,   0.215,9999.000,9999.000,9999.000,9999.000,9999.000,9999.000,9999.000,9999.000
202602272330,   0.223,9999.000,9999.000,9999.000,9999.000,9999.000,9999.000,9999.000,9999.000
202602272336,   0.231,9999.000,9999.000,9999.000,9999.000,9999.000,9999.000,9999.000,9999.000
202602272342,   0.239,9999.000,9999.000,9999.000,9999.000,9999.000,9999.000,9999.000,9999.000
202602272348,   0.247,9999.000,9999.000,9999.000,9999.000,9999.000,9999.000,9999.000,9999.000
202602272354,   0.254,9999.000,9999.000,9999.000,9999.000,9999.000,9999.000,9999.000,9999.000
202602280000,   0.261,9999.000,   0.500,  -0.116,   0.645,   0.500,   0.645,   0.500,   0.645
202602280006,   0.268,9999.000,9999.000,9999.000,9999.000,9999.000,9999.000,9999.000,9999.000
202602280012,   0.274,9999.000,9999.000,9999.000,9999.000,9999.000,9999.000,9999.000,9999.000
202602280018,   0.280,9999.000,9999.000,9999.000,9999.000,9999.000,9999.000,9999.000,9999.000
202602280024,   0.286,9999.000,9999.000,9999.000,9999.000,9999.000,9999.000,9999.000,9999.000
202602280030,   0.291,9999.000,9999.000,9999.000,9999.000,9999.000,9999.000,9999.000,9999.000
202602280036,   0.296,9999.000,9999.000,9999.000,9999.000,9999.000,9999.000,9999.000,9999.000
202602280042,   0.301,9999.000,9999.000,9999.000,9999.000,9999.000,9999.000,9999.000,9999.000
202602280048,   0.305,9999.000,9999.000,9999.000,9999.000,9999.000,9999.000,9999.000,9999.000
202602280054,   0.309,9999.000,9999.000,9999.000,9999.000,9999.000,9999.000,9999.000,9999.000
202602280100,   0.312,9999.000,   0.500,  -0.116,   0.696,   0.500,   0.696,   0.500,   0.696
202602280106,   0.314,9999.000,9999.000,9999.000,9999.000,9999.000,9999.000,9999.000,9999.000
202602280112,   0.317,9999.000,9999.000,9999.000,9999.000,9999.000,9999.000,9999.000,9999.000
202602280118,   0.318,9999.000,9999.000,9999.000,9999.000,9999.000,9999.000,9999.000,9999.000
202602280124,   0.320,9999.000,9999.000,9999.000,9999.000,9999.000,9999.000,9999.000,9999.000
202602280130,   0.320,9999.000,9999.000,9999.000,9999.000,9999.000,9999.000,9999.000,9999.000
202602280136,   0.321,9999.000,9999.000,9999.000,9999.000,9999.000,9999.000,9999.000,9999.000
202602280142,   0.320,9999.000,9999.000,9999.000,9999.000,9999.000,9999.000,9999.000,9999.000
202602280148,   0.320,9999.000,9999.000,9999.000,9999.000,9999.000,9999.000,9999.000,9999.000
202602280154,   0.319,9999.000,9999.000,9999.000,9999.000,9999.000,9999.000,9999.000,9999.000
202602280200,   0.317,9999.000,   0.500,  -0.116,   0.701,   0.500,   0.701,   0.500,   0.701
202602280206,   0.315,9999.000,9999.000,9999.000,9999.000,9999.000,9999.000,9999.000,9999.000
202602280212,   0.313,9999.000,9999.000,9999.000,9999.000,9999.000,9999.000,9999.000,9999.000
202602280218,   0.310,9999.000,9999.000,9999.000,9999.000,9999.000,9999.000,9999.000,9999.000
202602280224,   0.307,9999.000,9999.000,9999.000,9999.000,9999.000,9999.000,9999.000,9999.000
202602280230,   0.303,9999.000,9999.000,9999.000,9999.000,9999.000,9999.000,9999.000,9999.000
202602280236,   0.299,9999.000,9999.000,9999.000,9999.000,9999.000,9999.000,9999.000,9999.000
202602280242,   0.295,9999.000,9999.000,9999.000,9999.000,9999.000,9999.000,9999.000,9999.000
202602280248,   0.290,9999.000,9999.000,9999.000,9999.000,9999.000,9999.000,9999.000,9999.000
202602280254,   0.286,9999.000,9999.000,9999.000,9999.000,9999.000,9999.000,9999.000,9999.000
202602280300,   0.281,9999.000,   0.500,  -0.116,   0.665,   0.500,   0.665,   0.500,   0.665
202602280306,   0.275,9999.000,9999.000,9999.000,9999.000,9999.000,9999.000,9999.000,9999.000
202602280312,   0.270,9999.000,9999.000,9999.000,9999.000,9999.000,9999.000,9999.000,9999.000
202602280318,   0.264,9999.000,9999.000,9999.000,9999.000,9999.000,9999.000,9999.000,9999.000
202602280324,   0.258,9999.000,9999.000,9999.000,9999.000,9999.000,9999.000,9999.000,9999.000
202602280330,   0.252,9999.000,9999.000,9999.000,9999.000,9999.000,9999.000,9999.000,9999.000
202602280336,   0.246,9999.000,9999.000,9999.000,9999.000,9999.000,9999.000,9999.000,9999.000
202602280342,   0.240,9999.000,9999.000,9999.000,9999.000,9999.000,9999.000,9999.000,9999.000
202602280348,   0.233,9999.000,9999.000,9999.000,9999.000,9999.000,9999.000,9999.000,9999.000
202602280354,   0.227,9999.000,9999.000,9999.000,9999.000,9999.000,9999.000,9999.000,9999.000
202602280400,   0.220,9999.000,   0.500,  -0.116,   0.604,   0.500,   0.604,   0.500,   0.604
202602280406,   0.214,9999.000,9999.000,9999.000,9999.000,9999.000,9999.000,9999.000,9999.000
202602280412,   0.207,9999.000,9999.000,9999.000,9999.000,9999.000,9999.000,9999.000,9999.000
202602280418,   0.200,9999.000,9999.000,9999.000,9999.000,9999.000,9999.000,9999.000,9999.000
202602280424,   0.193,9999.000,9999.000,9999.000,9999.000,9999.000,9999.000,9999.000,9999.000
202602280430,   0.186,9999.000,9999.000,9999.000,9999.000,9999.000,9999.000,9999.000,9999.000
202602280436,   0.179,9999.000,9999.000,9999.000,9999.000,9999.000,9999.000,9999.000,9999.000
202602280442,   0.172,9999.000,9999.000,9999.000,9999.000,9999.000,9999.000,9999.000,9999.000
202602280448,   0.166,9999.000,9999.000,9999.000,9999.000,9999.000,9999.000,9999.000,9999.000
202602280454,   0.159,9999.000,9999.000,9999.000,9999.000,9999.000,9999.000,9999.000,9999.000
202602280500,   0.152,9999.000,   0.500,  -0.116,   0.536,   0.500,   0.536,   0.500,   0.536
202602280506,   0.145,9999.000,9999.000,9999.000,9999.000,9999.000,9999.000,9999.000,9999.000
202602280512,   0.138,9999.000,9999.000,9999.000,9999.000,9999.000,9999.000,9999.000,9999.000
202602280518,   0.131,9999.000,9999.000,9999.000,9999.000,9999.000,9999.000,9999.000,9999.000
202602280524,   0.124,9999.000,9999.000,9999.000,9999.000,9999.000,9999.000,9999.000,9999.000
202602280530,   0.117,9999.000,9999.000,9999.000,9999.000,9999.000,9999.000,9999.000,9999.000
202602280536,   0.110,9999.000,9999.000,9999.000,9999.000,9999.000,9999.000,9999.000,9999.000
202602280542,   0.103,9999.000,9999.000,9999.000,9999.000,9999.000,9999.000,9999.000,9999.000
202602280548,   0.096,9999.000,9999.000,9999.000,9999.000,9999.000,9999.000,9999.000,9999.000
202602280554,   0.089,9999.000,9999.000,9999.000,9999.000,9999.000,9999.000,9999.000,9999.000
202602280600,   0.083,9999.000,   0.500,  -0.116,   0.467,   0.500,   0.467,   0.500,   0.467
202602280606,   0.076,9999.000,9999.000,9999.000,9999.000,9999.000,9999.000,9999.000,9999.000
202602280612,   0.069,9999.000,9999.000,9999.000,9999.000,9999.000,9999.000,9999.000,9999.000
202602280618,   0.063,9999.000,9999.000,9999.000,9999.000,9999.000,9999.000,9999.000,9999.000
202602280624,   0.057,9999.000,9999.000,9999.000,9999.000,9999.000,9999.000,9999.000,9999.000
202602280630,   0.050,9999.000,9999.000,9999.000,9999.000,9999.000,9999.000,9999.000,9999.000
202602280636,   0.044,9999.000,9999.000,9999.000,9999.000,9999.000,9999.000,9999.000,9999.000
202602280642,   0.039,9999.000,9999.000,9999.000,9999.000,9999.000,9999.000,9999.000,9999.000
202602280648,   0.033,9999.000,9999.000,9999.000,9999.000,9999.000,9999.000,9999.000,9999.000
202602280654,   0.028,9999.000,9999.000,9999.000,9999.000,9999.000,9999.000,9999.000,9999.000
202602280700,   0.022,9999.000,   0.500,  -0.116,   0.406,   0.500,   0.406,   0.500,   0.406
202602280706,   0.018,9999.000,9999.000,9999.000,9999.000,9999.000,9999.000,9999.000,9999.000
202602280712,   0.013,9999.000,9999.000,9999.000,9999.000,9999.000,9999.000,9999.000,9999.000
202602280718,   0.009,9999.000,9999.000,9999.000,9999.000,9999.000,9999.000,9999.000,9999.000
202602280724,   0.005,9999.000,9999.000,9999.000,9999.000,9999.000,9999.000,9999.000,9999.000
202602280730,   0.002,9999.000,9999.000,9999.000,9999.000,9999.000,9999.000,9999.000,9999.000
202602280736,   0.000,9999.000,9999.000,9999.000,9999.000,9999.000,9999.000,9999.000,9999.000
202602280742,  -0.003,9999.000,9999.000,9999.000,9999.000,9999.000,9999.000,9999.000,9999.000
202602280748,  -0.005,9999.000,9999.000,9999.000,9999.000,9999.000,9999.000,9999.000,9999.000
202602280754,  -0.006,9999.000,9999.000,9999.000,9999.000,9999.000,9999.000,9999.000,9999.000
202602280800,  -0.007,9999.000,   0.500,  -0.116,   0.377,   0.500,   0.377,   0.500,   0.377
202602280806,  -0.008,9999.000,9999.000,9999.000,9999.000,9999.000,9999.000,9999.000,9999.000
202602280812,  -0.008,9999.000,9999.000,9999.000,9999.000,9999.000,9999.000,9999.000,9999.000
202602280818,  -0.007,9999.000,9999.000,9999.000,9999.000,9999.000,9999.000,9999.000,9999.000
202602280824,  -0.005,9999.000,9999.000,9999.000,9999.000,9999.000,9999.000,9999.000,9999.000
202602280830,  -0.003,9999.000,9999.000,9999.000,9999.000,9999.000,9999.000,9999.000,9999.000
202602280836,  -0.001,9999.000,9999.000,9999.000,9999.000,9999.000,9999.000,9999.000,9999.000
202602280842,   0.002,9999.000,9999.000,9999.000,9999.000,9999.000,9999.000,9999.000,9999.000
202602280848,   0.006,9999.000,9999.000,9999.000,9999.000,9999.000,9999.000,9999.000,9999.000
202602280854,   0.010,9999.000,9999.000,9999.000,9999.000,9999.000,9999.000,9999.000,9999.000
202602280900,   0.015,9999.000,   0.500,  -0.116,   0.399,   0.500,   0.399,   0.500,   0.399
202602280906,   0.021,9999.000,9999.000,9999.000,9999.000,9999.000,9999.000,9999.000,9999.000
202602280912,   0.028,9999.000,9999.000,9999.000,9999.000,9999.000,9999.000,9999.000,9999.000
202602280918,   0.035,9999.000,9999.000,9999.000,9999.000,9999.000,9999.000,9999.000,9999.000
202602280924,   0.042,9999.000,9999.000,9999.000,9999.000,9999.000,9999.000,9999.000,9999.000
202602280930,   0.050,9999.000,9999.000,9999.000,9999.000,9999.000,9999.000,9999.000,9999.000
202602280936,   0.058,9999.000,9999.000,9999.000,9999.000,9999.000,9999.000,9999.000,9999.000
202602280942,   0.067,9999.000,9999.000,9999.000,9999.000,9999.000,9999.000,9999.000,9999.000
202602280948,   0.076,9999.000,9999.000,9999.000,9999.000,9999.000,9999.000,9999.000,9999.000
202602280954,   0.086,9999.000,9999.000,9999.000,9999.000,9999.000,9999.000,9999.000,9999.000
202602281000,   0.095,9999.000,   0.500,  -0.116,   0.479,   0.500,   0.479,   0.500,   0.479
202602281006,   0.105,9999.000,9999.000,9999.000,9999.000,9999.000,9999.000,9999.000,9999.000
202602281012,   0.116,9999.000,9999.000,9999.000,9999.000,9999.000,9999.000,9999.000,9999.000
202602281018,   0.126,9999.000,9999.000,9999.000,9999.000,9999.000,9999.000,9999.000,9999.000
202602281024,   0.136,9999.000,9999.000,9999.000,9999.000,9999.000,9999.000,9999.000,9999.000
202602281030,   0.147,9999.000,9999.000,9999.000,9999.000,9999.000,9999.000,9999.000,9999.000
202602281036,   0.157,9999.000,9999.000,9999.000,9999.000,9999.000,9999.000,9999.000,9999.000
202602281042,   0.168,9999.000,9999.000,9999.000,9999.000,9999.000,9999.000,9999.000,9999.000
202602281048,   0.178,9999.000,9999.000,9999.000,9999.000,9999.000,9999.000,9999.000,9999.000
202602281054,   0.189,9999.000,9999.000,9999.000,9999.000,9999.000,9999.000,9999.000,9999.000
202602281100,   0.199,9999.000,   0.500,  -0.116,   0.583,   0.500,   0.583,   0.500,   0.583
202602281106,   0.209,9999.000,9999.000,9999.000,9999.000,9999.000,9999.000,9999.000,9999.000
202602281112,   0.219,9999.000,9999.000,9999.000,9999.000,9999.000,9999.000,9999.000,9999.000
202602281118,   0.229,9999.000,9999.000,9999.000,9999.000,9999.000,9999.000,9999.000,9999.000
202602281124,   0.239,9999.000,9999.000,9999.000,9999.000,9999.000,9999.000,9999.000,9999.000
202602281130,   0.248,9999.000,9999.000,9999.000,9999.000,9999.000,9999.000,9999.000,9999.000
202602281136,   0.258,9999.000,9999.000,9999.000,9999.000,9999.000,9999.000,9999.000,9999.000
202602281142,   0.267,9999.000,9999.000,9999.000,9999.000,9999.000,9999.000,9999.000,9999.000
202602281148,   0.276,9999.000,9999.000,9999.000,9999.000,9999.000,9999.000,9999.000,9999.000
202602281154,   0.285,9999.000,9999.000,9999.000,9999.000,9999.000,9999.000,9999.000,9999.000
202602281200,   0.293,9999.000,   0.500,  -0.116,   0.677,   0.500,   0.677,   0.500,   0.677
202602281206,   0.301,9999.000,9999.000,9999.000,9999.000,9999.000,9999.000,9999.000,9999.000
202602281212,   0.309,9999.000,9999.000,9999.000,9999.000,9999.000,9999.000,9999.000,9999.000
202602281218,   0.317,9999.000,9999.000,9999.000,9999.000,9999.000,9999.000,9999.000,9999.000
202602281224,   0.324,9999.000,9999.000,9999.000,9999.000,9999.000,9999.000,9999.000,9999.000
202602281230,   0.331,9999.000,9999.000,9999.000,9999.000,9999.000,9999.000,9999.000,9999.000
202602281236,   0.338,9999.000,9999.000,9999.000,9999.000,9999.000,9999.000,9999.000,9999.000
202602281242,   0.345,9999.000,9999.000,9999.000,9999.000,9999.000,9999.000,9999.000,9999.000
202602281248,   0.351,9999.000,9999.000,9999.000,9999.000,9999.000,9999.000,9999.000,9999.000
202602281254,   0.356,9999.000,9999.000,9999.000,9999.000,9999.000,9999.000,9999.000,9999.000
202602281300,   0.361,9999.000,   0.500,  -0.116,   0.745,   0.500,   0.745,   0.500,   0.745
202602281306,   0.366,9999.000,9999.000,9999.000,9999.000,9999.000,9999.000,9999.000,9999.000
202602281312,   0.371,9999.000,9999.000,9999.000,9999.000,9999.000,9999.000,9999.000,9999.000
202602281318,   0.374,9999.000,9999.000,9999.000,9999.000,9999.000,9999.000,9999.000,9999.000
202602281324,   0.378,9999.000,9999.000,9999.000,9999.000,9999.000,9999.000,9999.000,9999.000
202602281330,   0.381,9999.000,9999.000,9999.000,9999.000,9999.000,9999.000,9999.000,9999.000
202602281336,   0.383,9999.000,9999.000,9999.000,9999.000,9999.000,9999.000,9999.000,9999.000
202602281342,   0.385,9999.000,9999.000,9999.000,9999.000,9999.000,9999.000,9999.000,9999.000
202602281348,   0.387,9999.000,9999.000,9999.000,9999.000,9999.000,9999.000,9999.000,9999.000
202602281354,   0.388,9999.000,9999.000,9999.000,9999.000,9999.000,9999.000,9999.000,9999.000
202602281400,   0.388,9999.000,   0.500,  -0.116,   0.772,   0.500,   0.772,   0.500,   0.772
202602281406,   0.388,9999.000,9999.000,9999.000,9999.000,9999.000,9999.000,9999.000,9999.000
202602281412,   0.388,9999.000,9999.000,9999.000,9999.000,9999.000,9999.000,9999.000,9999.000
202602281418,   0.387,9999.000,9999.000,9999.000,9999.000,9999.000,9999.000,9999.000,9999.000
202602281424,   0.386,9999.000,9999.000,9999.000,9999.000,9999.000,9999.000,9999.000,9999.000
202602281430,   0.384,9999.000,9999.000,9999.000,9999.000,9999.000,9999.000,9999.000,9999.000
202602281436,   0.381,9999.000,9999.000,9999.000,9999.000,9999.000,9999.000,9999.000,9999.000
202602281442,   0.379,9999.000,9999.000,9999.000,9999.000,9999.000,9999.000,9999.000,9999.000
202602281448,   0.375,9999.000,9999.000,9999.000,9999.000,9999.000,9999.000,9999.000,9999.000
202602281454,   0.372,9999.000,9999.000,9999.000,9999.000,9999.000,9999.000,9999.000,9999.000
202602281500,   0.368,9999.000,   0.500,  -0.116,   0.752,   0.500,   0.752,   0.500,   0.752
202602281506,   0.363,9999.000,9999.000,9999.000,9999.000,9999.000,9999.000,9999.000,9999.000
202602281512,   0.359,9999.000,9999.000,9999.000,9999.000,9999.000,9999.000,9999.000,9999.000
202602281518,   0.354,9999.000,9999.000,9999.000,9999.000,9999.000,9999.000,9999.000,9999.000
202602281524,   0.349,9999.000,9999.000,9999.000,9999.000,9999.000,9999.000,9999.000,9999.000
202602281530,   0.343,9999.000,9999.000,9999.000,9999.000,9999.000,9999.000,9999.000,9999.000
202602281536,   0.337,9999.000,9999.000,9999.000,9999.000,9999.000,9999.000,9999.000,9999.000
202602281542,   0.331,9999.000,9999.000,9999.000,9999.000,9999.000,9999.000,9999.000,9999.000
202602281548,   0.325,9999.000,9999.000,9999.000,9999.000,9999.000,9999.000,9999.000,9999.000
202602281554,   0.318,9999.000,9999.000,9999.000,9999.000,9999.000,9999.000,9999.000,9999.000
202602281600,   0.312,9999.000,   0.500,  -0.116,   0.696,   0.500,   0.696,   0.500,   0.696
202602281606,   0.305,9999.000,9999.000,9999.000,9999.000,9999.000,9999.000,9999.000,9999.000
202602281612,   0.298,9999.000,9999.000,9999.000,9999.000,9999.000,9999.000,9999.000,9999.000
202602281618,   0.291,9999.000,9999.000,9999.000,9999.000,9999.000,9999.000,9999.000,9999.000
202602281624,   0.283,9999.000,9999.000,9999.000,9999.000,9999.000,9999.000,9999.000,9999.000
202602281630,   0.276,9999.000,9999.000,9999.000,9999.000,9999.000,9999.000,9999.000,9999.000
202602281636,   0.268,9999.000,9999.000,9999.000,9999.000,9999.000,9999.000,9999.000,9999.000
202602281642,   0.261,9999.000,9999.000,9999.000,9999.000,9999.000,9999.000,9999.000,9999.000
202602281648,   0.253,9999.000,9999.000,9999.000,9999.000,9999.000,9999.000,9999.000,9999.000
202602281654,   0.245,9999.000,9999.000,9999.000,9999.000,9999.000,9999.000,9999.000,9999.000
202602281700,   0.237,9999.000,   0.500,  -0.116,   0.621,   0.400,   0.521,   0.500,   0.621
202602281706,   0.229,9999.000,9999.000,9999.000,9999.000,9999.000,9999.000,9999.000,9999.000
202602281712,   0.221,9999.000,9999.000,9999.000,9999.000,9999.000,9999.000,9999.000,9999.000
202602281718,   0.213,9999.000,9999.000,9999.000,9999.000,9999.000,9999.000,9999.000,9999.000
202602281724,   0.205,9999.000,9999.000,9999.000,9999.000,9999.000,9999.000,9999.000,9999.000
202602281730,   0.196,9999.000,9999.000,9999.000,9999.000,9999.000,9999.000,9999.000,9999.000
202602281736,   0.188,9999.000,9999.000,9999.000,9999.000,9999.000,9999.000,9999.000,9999.000
202602281742,   0.179,9999.000,9999.000,9999.000,9999.000,9999.000,9999.000,9999.000,9999.000
202602281748,   0.171,9999.000,9999.000,9999.000,9999.000,9999.000,9999.000,9999.000,9999.000
202602281754,   0.162,9999.000,9999.000,9999.000,9999.000,9999.000,9999.000,9999.000,9999.000
202602281800,   0.154,9999.000,   0.500,  -0.116,   0.538,   0.400,   0.438,   0.500,   0.538
202602281806,   0.145,9999.000,9999.000,9999.000,9999.000,9999.000,9999.000,9999.000,9999.000
202602281812,   0.136,9999.000,9999.000,9999.000,9999.000,9999.000,9999.000,9999.000,9999.000
202602281818,   0.128,9999.000,9999.000,9999.000,9999.000,9999.000,9999.000,9999.000,9999.000
202602281824,   0.119,9999.000,9999.000,9999.000,9999.000,9999.000,9999.000,9999.000,9999.000
202602281830,   0.110,9999.000,9999.000,9999.000,9999.000,9999.000,9999.000,9999.000,9999.000
202602281836,   0.102,9999.000,9999.000,9999.000,9999.000,9999.000,9999.000,9999.000,9999.000
202602281842,   0.093,9999.000,9999.000,9999.000,9999.000,9999.000,9999.000,9999.000,9999.000
202602281848,   0.085,9999.000,9999.000,9999.000,9999.000,9999.000,9999.000,9999.000,9999.000
202602281854,   0.076,9999.000,9999.000,9999.000,9999.000,9999.000,9999.000,9999.000,9999.000
202602281900,   0.068,9999.000,   0.500,  -0.116,   0.452,   0.400,   0.352,   0.500,   0.452
202602281906,   0.060,9999.000,9999.000,9999.000,9999.000,9999.000,9999.000,9999.000,9999.000
202602281912,   0.052,9999.000,9999.000,9999.000,9999.000,9999.000,9999.000,9999.000,9999.000
202602281918,   0.044,9999.000,9999.000,9999.000,9999.000,9999.000,9999.000,9999.000,9999.000
202602281924,   0.037,9999.000,9999.000,9999.000,9999.000,9999.000,9999.000,9999.000,9999.000
202602281930,   0.029,9999.000,9999.000,9999.000,9999.000,9999.000,9999.000,9999.000,9999.000
202602281936,   0.022,9999.000,9999.000,9999.000,9999.000,9999.000,9999.000,9999.000,9999.000
202602281942,   0.016,9999.000,9999.000,9999.000,9999.000,9999.000,9999.000,9999.000,9999.000
202602281948,   0.009,9999.000,9999.000,9999.000,9999.000,9999.000,9999.000,9999.000,9999.000
202602281954,   0.003,9999.000,9999.000,9999.000,9999.000,9999.000,9999.000,9999.000,9999.000
202602282000,  -0.001,9999.000,   0.500,  -0.116,   0.383,   0.400,   0.283,   0.500,   0.383
202602282006,  -0.007,9999.000,9999.000,9999.000,9999.000,9999.000,9999.000,9999.000,9999.000
202602282012,  -0.011,9999.000,9999.000,9999.000,9999.000,9999.000,9999.000,9999.000,9999.000
202602282018,  -0.016,9999.000,9999.000,9999.000,9999.000,9999.000,9999.000,9999.000,9999.000
202602282024,  -0.019,9999.000,9999.000,9999.000,9999.000,9999.000,9999.000,9999.000,9999.000
202602282030,  -0.022,9999.000,9999.000,9999.000,9999.000,9999.000,9999.000,9999.000,9999.000
202602282036,  -0.025,9999.000,9999.000,9999.000,9999.000,9999.000,9999.000,9999.000,9999.000
202602282042,  -0.027,9999.000,9999.000,9999.000,9999.000,9999.000,9999.000,9999.000,9999.000
202602282048,  -0.029,9999.000,9999.000,9999.000,9999.000,9999.000,9999.000,9999.000,9999.000
202602282054,  -0.029,9999.000,9999.000,9999.000,9999.000,9999.000,9999.000,9999.000,9999.000
202602282100,  -0.030,9999.000,   0.500,  -0.116,   0.354,   0.400,   0.254,   0.500,   0.354
202602282106,  -0.029,9999.000,9999.000,9999.000,9999.000,9999.000,9999.000,9999.000,9999.000
202602282112,  -0.028,9999.000,9999.000,9999.000,9999.000,9999.000,9999.000,9999.000,9999.000
202602282118,  -0.026,9999.000,9999.000,9999.000,9999.000,9999.000,9999.000,9999.000,9999.000
202602282124,  -0.024,9999.000,9999.000,9999.000,9999.000,9999.000,9999.000,9999.000,9999.000
202602282130,  -0.021,9999.000,9999.000,9999.000,9999.000,9999.000,9999.000,9999.000,9999.000
202602282136,  -0.017,9999.000,9999.000,9999.000,9999.000,9999.000,9999.000,9999.000,9999.000
202602282142,  -0.013,9999.000,9999.000,9999.000,9999.000,9999.000,9999.000,9999.000,9999.000
202602282148,  -0.008,9999.000,9999.000,9999.000,9999.000,9999.000,9999.000,9999.000,9999.000
202602282154,  -0.003,9999.000,9999.000,9999.000,9999.000,9999.000,9999.000,9999.000,9999.000
202602282200,   0.002,9999.000,   0.500,  -0.116,   0.386,   0.400,   0.286,   0.500,   0.386
202602282206,   0.009,9999.000,9999.000,9999.000,9999.000,9999.000,9999.000,9999.000,9999.000
202602282212,   0.016,9999.000,9999.000,9999.000,9999.000,9999.000,9999.000,9999.000,9999.000
202602282218,   0.023,9999.000,9999.000,9999.000,9999.000,9999.000,9999.000,9999.000,9999.000
202602282224,   0.031,9999.000,9999.000,9999.000,9999.000,9999.000,9999.000,9999.000,9999.000
202602282230,   0.040,9999.000,9999.000,9999.000,9999.000,9999.000,9999.000,9999.000,9999.000
202602282236,   0.048,9999.000,9999.000,9999.000,9999.000,9999.000,9999.000,9999.000,9999.000
202602282242,   0.057,9999.000,9999.000,9999.000,9999.000,9999.000,9999.000,9999.000,9999.000
202602282248,   0.066,9999.000,9999.000,9999.000,9999.000,9999.000,9999.000,9999.000,9999.000
202602282254,   0.076,9999.000,9999.000,9999.000,9999.000,9999.000,9999.000,9999.000,9999.000
202602282300,   0.085,9999.000,   0.500,  -0.116,   0.469,   0.400,   0.369,   0.500,   0.469
202602282306,   0.095,9999.000,9999.000,9999.000,9999.000,9999.000,9999.000,9999.000,9999.000
202602282312,   0.105,9999.000,9999.000,9999.000,9999.000,9999.000,9999.000,9999.000,9999.000
202602282318,   0.115,9999.000,9999.000,9999.000,9999.000,9999.000,9999.000,9999.000,9999.000
202602282324,   0.125,9999.000,9999.000,9999.000,9999.000,9999.000,9999.000,9999.000,9999.000
202602282330,   0.135,9999.000,9999.000,9999.000,9999.000,9999.000,9999.000,9999.000,9999.000
202602282336,   0.145,9999.000,9999.000,9999.000,9999.000,9999.000,9999.000,9999.000,9999.000
202602282342,   0.155,9999.000,9999.000,9999.000,9999.000,9999.000,9999.000,9999.000,9999.000
202602282348,   0.166,9999.000,9999.000,9999.000,9999.000,9999.000,9999.000,9999.000,9999.000
202602282354,   0.176,9999.000,9999.000,9999.000,9999.000,9999.000,9999.000,9999.000,9999.000
202603010000,   0.186,9999.000,   0.500,  -0.116,   0.570,   0.400,   0.470,   0.500,   0.570
202603010006,   0.196,9999.000,9999.000,9999.000,9999.000,9999.000,9999.000,9999.000,9999.000
202603010012,   0.206,9999.000,9999.000,9999.000,9999.000,9999.000,9999.000,9999.000,9999.000
202603010018,   0.215,9999.000,9999.000,9999.000,9999.000,9999.000,9999.000,9999.000,9999.000
202603010024,   0.225,9999.000,9999.000,9999.000,9999.000,9999.000,9999.000,9999.000,9999.000
202603010030,   0.234,9999.000,9999.000,9999.000,9999.000,9999.000,9999.000,9999.000,9999.000
202603010036,   0.244,9999.000,9999.000,9999.000,9999.000,9999.000,9999.000,9999.000,9999.000
202603010042,   0.253,9999.000,9999.000,9999.000,9999.000,9999.000,9999.000,9999.000,9999.000
202603010048,   0.262,9999.000,9999.000,9999.000,9999.000,9999.000,9999.000,9999.000,9999.000
202603010054,   0.270,9999.000,9999.000,9999.000,9999.000,9999.000,9999.000,9999.000,9999.000
202603010100,   0.278,9999.000,   0.500,  -0.116,   0.662,   0.400,   0.562,   0.500,   0.662
202603010106,   0.286,9999.000,9999.000,9999.000,9999.000,9999.000,9999.000,9999.000,9999.000
202603010112,   0.294,9999.000,9999.000,9999.000,9999.000,9999.000,9999.000,9999.000,9999.000
202603010118,   0.301,9999.000,9999.000,9999.000,9999.000,9999.000,9999.000,9999.000,9999.000
202603010124,   0.308,9999.000,9999.000,9999.000,9999.000,9999.000,9999.000,9999.000,9999.000
202603010130,   0.314,9999.000,9999.000,9999.000,9999.000,9999.000,9999.000,9999.000,9999.000
202603010136,   0.320,9999.000,9999.000,9999.000,9999.000,9999.000,9999.000,9999.000,9999.000
202603010142,   0.325,9999.000,9999.000,9999.000,9999.000,9999.000,9999.000,9999.000,9999.000
202603010148,   0.330,9999.000,9999.000,9999.000,9999.000,9999.000,9999.000,9999.000,9999.000
202603010154,   0.334,9999.000,9999.000,9999.000,9999.000,9999.000,9999.000,9999.000,9999.000
202603010200,   0.338,9999.000,   0.500,  -0.116,   0.722,   0.400,   0.622,   0.500,   0.722
202603010206,   0.341,9999.000,9999.000,9999.000,9999.000,9999.000,9999.000,9999.000,9999.000
202603010212,   0.344,9999.000,9999.000,9999.000,9999.000,9999.000,9999.000,9999.000,9999.000
202603010218,   0.346,9999.000,9999.000,9999.000,9999.000,9999.000,9999.000,9999.000,9999.000
202603010224,   0.347,9999.000,9999.000,9999.000,9999.000,9999.000,9999.000,9999.000,9999.000
202603010230,   0.348,9999.000,9999.000,9999.000,9999.000,9999.000,9999.000,9999.000,9999.000
202603010236,   0.349,9999.000,9999.000,9999.000,9999.000,9999.000,9999.000,9999.000,9999.000
202603010242,   0.348,9999.000,9999.000,9999.000,9999.000,9999.000,9999.000,9999.000,9999.000
202603010248,   0.348,9999.000,9999.000,9999.000,9999.000,9999.000,9999.000,9999.000,9999.000
202603010254,   0.346,9999.000,9999.000,9999.000,9999.000,9999.000,9999.000,9999.000,9999.000
202603010300,   0.345,9999.000,   0.500,  -0.116,   0.729,   0.400,   0.629,   0.500,   0.729
202603010306,   0.342,9999.000,9999.000,9999.000,9999.000,9999.000,9999.000,9999.000,9999.000
202603010312,   0.340,9999.000,9999.000,9999.000,9999.000,9999.000,9999.000,9999.000,9999.000
202603010318,   0.336,9999.000,9999.000,9999.000,9999.000,9999.000,9999.000,9999.000,9999.000
202603010324,   0.333,9999.000,9999.000,9999.000,9999.000,9999.000,9999.000,9999.000,9999.000
202603010330,   0.329,9999.000,9999.000,9999.000,9999.000,9999.000,9999.000,9999.000,9999.000
202603010336,   0.324,9999.000,9999.000,9999.000,9999.000,9999.000,9999.000,9999.000,9999.000
202603010342,   0.319,9999.000,9999.000,9999.000,9999.000,9999.000,9999.000,9999.000,9999.000
202603010348,   0.314,9999.000,9999.000,9999.000,9999.000,9999.000,9999.000,9999.000,9999.000
202603010354,   0.309,9999.000,9999.000,9999.000,9999.000,9999.000,9999.000,9999.000,9999.000
202603010400,   0.303,9999.000,   0.500,  -0.116,   0.687,   0.400,   0.587,   0.500,   0.687
202603010406,   0.297,9999.000,9999.000,9999.000,9999.000,9999.000,9999.000,9999.000,9999.000
202603010412,   0.291,9999.000,9999.000,9999.000,9999.000,9999.000,9999.000,9999.000,9999.000
202603010418,   0.284,9999.000,9999.000,9999.000,9999.000,9999.000,9999.000,9999.000,9999.000
202603010424,   0.277,9999.000,9999.000,9999.000,9999.000,9999.000,9999.000,9999.000,9999.000
202603010430,   0.271,9999.000,9999.000,9999.000,9999.000,9999.000,9999.000,9999.000,9999.000
202603010436,   0.263,9999.000,9999.000,9999.000,9999.000,9999.000,9999.000,9999.000,9999.000
202603010442,   0.256,9999.000,9999.000,9999.000,9999.000,9999.000,9999.000,9999.000,9999.000
202603010448,   0.249,9999.000,9999.000,9999.000,9999.000,9999.000,9999.000,9999.000,9999.000
202603010454,   0.241,9999.000,9999.000,9999.000,9999.000,9999.000,9999.000,9999.000,9999.000
202603010500,   0.234,9999.000,   0.500,  -0.116,   0.618,   0.400,   0.518,   0.500,   0.618
202603010506,   0.226,9999.000,9999.000,9999.000,9999.000,9999.000,9999.000,9999.000,9999.000
202603010512,   0.218,9999.000,9999.000,9999.000,9999.000,9999.000,9999.000,9999.000,9999.000
202603010518,   0.210,9999.000,9999.000,9999.000,9999.000,9999.000,9999.000,9999.000,9999.000
202603010524,   0.203,9999.000,9999.000,9999.000,9999.000,9999.000,9999.000,9999.000,9999.000
202603010530,   0.195,9999.000,9999.000,9999.000,9999.000,9999.000,9999.000,9999.000,9999.000
202603010536,   0.186,9999.000,9999.000,9999.000,9999.000,9999.000,9999.000,9999.000,9999.000
202603010542,   0.178,9999.000,9999.000,9999.000,9999.000,9999.000,9999.000,9999.000,9999.000
202603010548,   0.170,9999.000,9999.000,9999.000,9999.000,9999.000,9999.000,9999.000,9999.000
202603010554,   0.162,9999.000,9999.000,9999.000,9999.000,9999.000,9999.000,9999.000,9999.000
202603010600,   0.154,9999.000,   0.500,  -0.116,   0.538,   0.400,   0.438,   0.500,   0.538
202603010606,   0.146,9999.000,9999.000,9999.000,9999.000,9999.000,9999.000,9999.000,9999.000
202603010612,   0.138,9999.000,9999.000,9999.000,9999.000,9999.000,9999.000,9999.000,9999.000
202603010618,   0.130,9999.000,9999.000,9999.000,9999.000,9999.000,9999.000,9999.000,9999.000
202603010624,   0.121,9999.000,9999.000,9999.000,9999.000,9999.000,9999.000,9999.000,9999.000
202603010630,   0.113,9999.000,9999.000,9999.000,9999.000,9999.000,9999.000,9999.000,9999.000
202603010636,   0.105,9999.000,9999.000,9999.000,9999.000,9999.000,9999.000,9999.000,9999.000
202603010642,   0.097,9999.000,9999.000,9999.000,9999.000,9999.000,9999.000,9999.000,9999.000
202603010648,   0.089,9999.000,9999.000,9999.000,9999.000,9999.000,9999.000,9999.000,9999.000
202603010654,   0.081,9999.000,9999.000,9999.000,9999.000,9999.000,9999.000,9999.000,9999.000
202603010700,   0.074,9999.000,   0.500,  -0.116,   0.458,   0.400,   0.358,   0.500,   0.458
202603010706,   0.066,9999.000,9999.000,9999.000,9999.000,9999.000,9999.000,9999.000,9999.000
202603010712,   0.058,9999.000,9999.000,9999.000,9999.000,9999.000,9999.000,9999.000,9999.000
202603010718,   0.051,9999.000,9999.000,9999.000,9999.000,9999.000,9999.000,9999.000,9999.000
202603010724,   0.044,9999.000,9999.000,9999.000,9999.000,9999.000,9999.000,9999.000,9999.000
202603010730,   0.037,9999.000,9999.000,9999.000,9999.000,9999.000,9999.000,9999.000,9999.000
202603010736,   0.030,9999.000,9999.000,9999.000,9999.000,9999.000,9999.000,9999.000,9999.000
202603010742,   0.023,9999.000,9999.000,9999.000,9999.000,9999.000,9999.000,9999.000,9999.000
202603010748,   0.017,9999.000,9999.000,9999.000,9999.000,9999.000,9999.000,9999.000,9999.000
202603010754,   0.011,9999.000,9999.000,9999.000,9999.000,9999.000,9999.000,9999.000,9999.000
202603010800,   0.005,9999.000,   0.500,  -0.116,   0.389,   0.400,   0.289,   0.500,   0.389
202603010806,   0.000,9999.000,9999.000,9999.000,9999.000,9999.000,9999.000,9999.000,9999.000
202603010812,  -0.004,9999.000,9999.000,9999.000,9999.000,9999.000,9999.000,9999.000,9999.000
202603010818,  -0.008,9999.000,9999.000,9999.000,9999.000,9999.000,9999.000,9999.000,9999.000
202603010824,  -0.012,9999.000,9999.000,9999.000,9999.000,9999.000,9999.000,9999.000,9999.000
202603010830,  -0.016,9999.000,9999.000,9999.000,9999.000,9999.000,9999.000,9999.000,9999.000
202603010836,  -0.019,9999.000,9999.000,9999.000,9999.000,9999.000,9999.000,9999.000,9999.000
202603010842,  -0.021,9999.000,9999.000,9999.000,9999.000,9999.000,9999.000,9999.000,9999.000
202603010848,  -0.023,9999.000,9999.000,9999.000,9999.000,9999.000,9999.000,9999.000,9999.000
202603010854,  -0.024,9999.000,9999.000,9999.000,9999.000,9999.000,9999.000,9999.000,9999.000
202603010900,  -0.025,9999.000,   0.500,  -0.116,   0.359,   0.400,   0.259,   0.500,   0.359
202603010906,  -0.025,9999.000,9999.000,9999.000,9999.000,9999.000,9999.000,9999.000,9999.000
202603010912,  -0.024,9999.000,9999.000,9999.000,9999.000,9999.000,9999.000,9999.000,9999.000
202603010918,  -0.023,9999.000,9999.000,9999.000,9999.000,9999.000,9999.000,9999.000,9999.000
202603010924,  -0.021,9999.000,9999.000,9999.000,9999.000,9999.000,9999.000,9999.000,9999.000
202603010930,  -0.019,9999.000,9999.000,9999.000,9999.000,9999.000,9999.000,9999.000,9999.000
202603010936,  -0.015,9999.000,9999.000,9999.000,9999.000,9999.000,9999.000,9999.000,9999.000
202603010942,  -0.011,9999.000,9999.000,9999.000,9999.000,9999.000,9999.000,9999.000,9999.000
202603010948,  -0.007,9999.000,9999.000,9999.000,9999.000,9999.000,9999.000,9999.000,9999.000
202603010954,  -0.002,9999.000,9999.000,9999.000,9999.000,9999.000,9999.000,9999.000,9999.000
202603011000,   0.003,9999.000,   0.500,  -0.116,   0.387,   0.400,   0.287,   0.500,   0.387
202603011006,   0.010,9999.000,9999.000,9999.000,9999.000,9999.000,9999.000,9999.000,9999.000
202603011012,   0.017,9999.000,9999.000,9999.000,9999.000,9999.000,9999.000,9999.000,9999.000
202603011018,   0.024,9999.000,9999.000,9999.000,9999.000,9999.000,9999.000,9999.000,9999.000
202603011024,   0.032,9999.000,9999.000,9999.000,9999.000,9999.000,9999.000,9999.000,9999.000
202603011030,   0.041,9999.000,9999.000,9999.000,9999.000,9999.000,9999.000,9999.000,9999.000
202603011036,   0.050,9999.000,9999.000,9999.000,9999.000,9999.000,9999.000,9999.000,9999.000
202603011042,   0.059,9999.000,9999.000,9999.000,9999.000,9999.000,9999.000,9999.000,9999.000
202603011048,   0.069,9999.000,9999.000,9999.000,9999.000,9999.000,9999.000,9999.000,9999.000
202603011054,   0.079,9999.000,9999.000,9999.000,9999.000,9999.000,9999.000,9999.000,9999.000
202603011100,   0.089,9999.000,   0.500,  -0.116,   0.473,   0.400,   0.373,   0.500,   0.473
202603011106,   0.100,9999.000,9999.000,9999.000,9999.000,9999.000,9999.000,9999.000,9999.000
202603011112,   0.111,9999.000,9999.000,9999.000,9999.000,9999.000,9999.000,9999.000,9999.000
202603011118,   0.121,9999.000,9999.000,9999.000,9999.000,9999.000,9999.000,9999.000,9999.000
202603011124,   0.132,9999.000,9999.000,9999.000,9999.000,9999.000,9999.000,9999.000,9999.000
202603011130,   0.143,9999.000,9999.000,9999.000,9999.000,9999.000,9999.000,9999.000,9999.000
202603011136,   0.154,9999.000,9999.000,9999.000,9999.000,9999.000,9999.000,9999.000,9999.000
202603011142,   0.165,9999.000,9999.000,9999.000,9999.000,9999.000,9999.000,9999.000,9999.000
202603011148,   0.177,9999.000,9999.000,9999.000,9999.000,9999.000,9999.000,9999.000,9999.000
202603011154,   0.188,9999.000,9999.000,9999.000,9999.000,9999.000,9999.000,9999.000,9999.000
202603011200,   0.199,9999.000,   0.500,  -0.116,   0.583,   0.400,   0.483,   0.500,   0.583
202603011206,   0.209,9999.000,9999.000,9999.000,9999.000,9999.000,9999.000,9999.000,9999.000
202603011212,   0.220,9999.000,9999.000,9999.000,9999.000,9999.000,9999.000,9999.000,9999.000
202603011218,   0.231,9999.000,9999.000,9999.000,9999.000,9999.000,9999.000,9999.000,9999.000
202603011224,   0.242,9999.000,9999.000,9999.000,9999.000,9999.000,9999.000,9999.000,9999.000
202603011230,   0.252,9999.000,9999.000,9999.000,9999.000,9999.000,9999.000,9999.000,9999.000
202603011236,   0.262,9999.000,9999.000,9999.000,9999.000,9999.000,9999.000,9999.000,9999.000
202603011242,   0.272,9999.000,9999.000,9999.000,9999.000,9999.000,9999.000,9999.000,9999.000
202603011248,   0.282,9999.000,9999.000,9999.000,9999.000,9999.000,9999.000,9999.000,9999.000
202603011254,   0.292,9999.000,9999.000,9999.000,9999.000,9999.000,9999.000,9999.000,9999.000
202603011300,   0.301,9999.000,   0.500,  -0.116,   0.685,   0.400,   0.585,   0.500,   0.685
202603011306,   0.311,9999.000,9999.000,9999.000,9999.000,9999.000,9999.000,9999.000,9999.000
202603011312,   0.320,9999.000,9999.000,9999.000,9999.000,9999.000,9999.000,9999.000,9999.000
202603011318,   0.328,9999.000,9999.000,9999.000,9999.000,9999.000,9999.000,9999.000,9999.000
202603011324,   0.336,9999.000,9999.000,9999.000,9999.000,9999.000,9999.000,9999.000,9999.000
202603011330,   0.344,9999.000,9999.000,9999.000,9999.000,9999.000,9999.000,9999.000,9999.000
202603011336,   0.352,9999.000,9999.000,9999.000,9999.000,9999.000,9999.000,9999.000,9999.000
202603011342,   0.359,9999.000,9999.000,9999.000,9999.000,9999.000,9999.000,9999.000,9999.000
202603011348,   0.365,9999.000,9999.000,9999.000,9999.000,9999.000,9999.000,9999.000,9999.000
202603011354,   0.372,9999.000,9999.000,9999.000,9999.000,9999.000,9999.000,9999.000,9999.000
202603011400,   0.377,9999.000,   0.500,  -0.116,   0.761,   0.400,   0.661,   0.500,   0.761
202603011406,   0.383,9999.000,9999.000,9999.000,9999.000,9999.000,9999.000,9999.000,9999.000
202603011412,   0.387,9999.000,9999.000,9999.000,9999.000,9999.000,9999.000,9999.000,9999.000
202603011418,   0.391,9999.000,9999.000,9999.000,9999.000,9999.000,9999.000,9999.000,9999.000
202603011424,   0.395,9999.000,9999.000,9999.000,9999.000,9999.000,9999.000,9999.000,9999.000
202603011430,   0.398,9999.000,9999.000,9999.000,9999.000,9999.000,9999.000,9999.000,9999.000
202603011436,   0.400,9999.000,9999.000,9999.000,9999.000,9999.000,9999.000,9999.000,9999.000
202603011442,   0.402,9999.000,9999.000,9999.000,9999.000,9999.000,9999.000,9999.000,9999.000
202603011448,   0.404,9999.000,9999.000,9999.000,9999.000,9999.000,9999.000,9999.000,9999.000
202603011454,   0.404,9999.000,9999.000,9999.000,9999.000,9999.000,9999.000,9999.000,9999.000
202603011500,   0.405,9999.000,   0.500,  -0.116,   0.789,   0.400,   0.689,   0.500,   0.789
202603011506,   0.404,9999.000,9999.000,9999.000,9999.000,9999.000,9999.000,9999.000,9999.000
202603011512,   0.403,9999.000,9999.000,9999.000,9999.000,9999.000,9999.000,9999.000,9999.000
202603011518,   0.402,9999.000,9999.000,9999.000,9999.000,9999.000,9999.000,9999.000,9999.000
202603011524,   0.400,9999.000,9999.000,9999.000,9999.000,9999.000,9999.000,9999.000,9999.000
202603011530,   0.397,9999.000,9999.000,9999.000,9999.000,9999.000,9999.000,9999.000,9999.000
202603011536,   0.394,9999.000,9999.000,9999.000,9999.000,9999.000,9999.000,9999.000,9999.000
202603011542,   0.391,9999.000,9999.000,9999.000,9999.000,9999.000,9999.000,9999.000,9999.000
202603011548,   0.387,9999.000,9999.000,9999.000,9999.000,9999.000,9999.000,9999.000,9999.000
202603011554,   0.382,9999.000,9999.000,9999.000,9999.000,9999.000,9999.000,9999.000,9999.000
202603011600,   0.377,9999.000,   0.500,  -0.116,   0.761,   0.400,   0.661,   0.500,   0.761
202603011606,   0.372,9999.000,9999.000,9999.000,9999.000,9999.000,9999.000,9999.000,9999.000
202603011612,   0.367,9999.000,9999.000,9999.000,9999.000,9999.000,9999.000,9999.000,9999.000
202603011618,   0.361,9999.000,9999.000,9999.000,9999.000,9999.000,9999.000,9999.000,9999.000
202603011624,   0.355,9999.000,9999.000,9999.000,9999.000,9999.000,9999.000,9999.000,9999.000
202603011630,   0.348,9999.000,9999.000,9999.000,9999.000,9999.000,9999.000,9999.000,9999.000
202603011636,   0.341,9999.000,9999.000,9999.000,9999.000,9999.000,9999.000,9999.000,9999.000
202603011642,   0.334,9999.000,9999.000,9999.000,9999.000,9999.000,9999.000,9999.000,9999.000
202603011648,   0.327,9999.000,9999.000,9999.000,9999.000,9999.000,9999.000,9999.000,9999.000
202603011654,   0.319,9999.000,9999.000,9999.000,9999.000,9999.000,9999.000,9999.000,9999.000
202603011700,   0.312,9999.000,   0.500,  -0.116,   0.696,   0.400,   0.596,   0.500,   0.696
202603011706,   0.304,9999.000,9999.000,9999.000,9999.000,9999.000,9999.000,9999.000,9999.000
202603011712,   0.296,9999.000,9999.000,9999.000,9999.000,9999.000,9999.000,9999.000,9999.000
202603011718,   0.288,9999.000,9999.000,9999.000,9999.000,9999.000,9999.000,9999.000,9999.000
202603011724,   0.279,9999.000,9999.000,9999.000,9999.000,9999.000,9999.000,9999.000,9999.000
202603011730,   0.271,9999.000,9999.000,9999.000,9999.000,9999.000,9999.000,9999.000,9999.000
202603011736,   0.262,9999.000,9999.000,9999.000,9999.000,9999.000,9999.000,9999.000,9999.000
202603011742,   0.254,9999.000,9999.000,9999.000,9999.000,9999.000,9999.000,9999.000,9999.000
202603011748,   0.245,9999.000,9999.000,9999.000,9999.000,9999.000,9999.000,9999.000,9999.000
202603011754,   0.236,9999.000,9999.000,9999.000,9999.000,9999.000,9999.000,9999.000,9999.000
202603011800,   0.227,9999.000,   0.500,  -0.116,   0.611,   0.400,   0.511,   0.500,   0.611
202603011806,   0.218,9999.000,9999.000,9999.000,9999.000,9999.000,9999.000,9999.000,9999.000
202603011812,   0.209,9999.000,9999.000,9999.000,9999.000,9999.000,9999.000,9999.000,9999.000
202603011818,   0.199,9999.000,9999.000,9999.000,9999.000,9999.000,9999.000,9999.000,9999.000
202603011824,   0.190,9999.000,9999.000,9999.000,9999.000,9999.000,9999.000,9999.000,9999.000
202603011830,   0.181,9999.000,9999.000,9999.000,9999.000,9999.000,9999.000,9999.000,9999.000
202603011836,   0.171,9999.000,9999.000,9999.000,9999.000,9999.000,9999.000,9999.000,9999.000
202603011842,   0.162,9999.000,9999.000,9999.000,9999.000,9999.000,9999.000,9999.000,9999.000
202603011848,   0.152,9999.000,9999.000,9999.000,9999.000,9999.000,9999.000,9999.000,9999.000
202603011854,   0.143,9999.000,9999.000,9999.000,9999.000,9999.000,9999.000,9999.000,9999.000
202603011900,   0.133,9999.000,   0.500,  -0.116,   0.517,   0.400,   0.417,   0.500,   0.517
202603011906,   0.124,9999.000,9999.000,9999.000,9999.000,9999.000,9999.000,9999.000,9999.000
202603011912,   0.114,9999.000,9999.000,9999.000,9999.000,9999.000,9999.000,9999.000,9999.000
202603011918,   0.105,9999.000,9999.000,9999.000,9999.000,9999.000,9999.000,9999.000,9999.000
202603011924,   0.096,9999.000,9999.000,9999.000,9999.000,9999.000,9999.000,9999.000,9999.000
202603011930,   0.086,9999.000,9999.000,9999.000,9999.000,9999.000,9999.000,9999.000,9999.000
202603011936,   0.077,9999.000,9999.000,9999.000,9999.000,9999.000,9999.000,9999.000,9999.000
202603011942,   0.068,9999.000,9999.000,9999.000,9999.000,9999.000,9999.000,9999.000,9999.000
202603011948,   0.059,9999.000,9999.000,9999.000,9999.000,9999.000,9999.000,9999.000,9999.000
202603011954,   0.050,9999.000,9999.000,9999.000,9999.000,9999.000,9999.000,9999.000,9999.000
202603012000,   0.041,9999.000,   0.500,  -0.116,   0.425,   0.400,   0.325,   0.500,   0.425
202603012006,   0.033,9999.000,9999.000,9999.000,9999.000,9999.000,9999.000,9999.000,9999.000
202603012012,   0.025,9999.000,9999.000,9999.000,9999.000,9999.000,9999.000,9999.000,9999.000
202603012018,   0.017,9999.000,9999.000,9999.000,9999.000,9999.000,9999.000,9999.000,9999.000
202603012024,   0.009,9999.000,9999.000,9999.000,9999.000,9999.000,9999.000,9999.000,9999.000
202603012030,   0.002,9999.000,9999.000,9999.000,9999.000,9999.000,9999.000,9999.000,9999.000
202603012036,  -0.004,9999.000,9999.000,9999.000,9999.000,9999.000,9999.000,9999.000,9999.000
202603012042,  -0.010,9999.000,9999.000,9999.000,9999.000,9999.000,9999.000,9999.000,9999.000
202603012048,  -0.016,9999.000,9999.000,9999.000,9999.000,9999.000,9999.000,9999.000,9999.000
202603012054,  -0.022,9999.000,9999.000,9999.000,9999.000,9999.000,9999.000,9999.000,9999.000
202603012100,  -0.027,9999.000,   0.500,  -0.116,   0.357,   0.400,   0.257,   0.500,   0.357
202603012106,  -0.032,9999.000,9999.000,9999.000,9999.000,9999.000,9999.000,9999.000,9999.000
202603012112,  -0.036,9999.000,9999.000,9999.000,9999.000,9999.000,9999.000,9999.000,9999.000
202603012118,  -0.039,9999.000,9999.000,9999.000,9999.000,9999.000,9999.000,9999.000,9999.000
202603012124,  -0.042,9999.000,9999.000,9999.000,9999.000,9999.000,9999.000,9999.000,9999.000
202603012130,  -0.044,9999.000,9999.000,9999.000,9999.000,9999.000,9999.000,9999.000,9999.000
202603012136,  -0.046,9999.000,9999.000,9999.000,9999.000,9999.000,9999.000,9999.000,9999.000
202603012142,  -0.047,9999.000,9999.000,9999.000,9999.000,9999.000,9999.000,9999.000,9999.000
202603012148,  -0.048,9999.000,9999.000,9999.000,9999.000,9999.000,9999.000,9999.000,9999.000
202603012154,  -0.047,9999.000,9999.000,9999.000,9999.000,9999.000,9999.000,9999.000,9999.000
202603012200,  -0.046,9999.000,   0.400,  -0.116,   0.238,   0.400,   0.238,   0.500,   0.338
202603012206,  -0.045,9999.000,9999.000,9999.000,9999.000,9999.000,9999.000,9999.000,9999.000
202603012212,  -0.042,9999.000,9999.000,9999.000,9999.000,9999.000,9999.000,9999.000,9999.000
202603012218,  -0.039,9999.000,9999.000,9999.000,9999.000,9999.000,9999.000,9999.000,9999.000
202603012224,  -0.036,9999.000,9999.000,9999.000,9999.000,9999.000,9999.000,9999.000,9999.000
202603012230,  -0.031,9999.000,9999.000,9999.000,9999.000,9999.000,9999.000,9999.000,9999.000
202603012236,  -0.026,9999.000,9999.000,9999.000,9999.000,9999.000,9999.000,9999.000,9999.000
202603012242,  -0.021,9999.000,9999.000,9999.000,9999.000,9999.000,9999.000,9999.000,9999.000
202603012248,  -0.014,9999.000,9999.000,9999.000,9999.000,9999.000,9999.000,9999.000,9999.000
202603012254,  -0.008,9999.000,9999.000,9999.000,9999.000,9999.000,9999.000,9999.000,9999.000
202603012300,   0.000,9999.000,   0.400,  -0.116,   0.284,   0.400,   0.284,   0.500,   0.384
202603012306,   0.006,9999.000,9999.000,9999.000,9999.000,9999.000,9999.000,9999.000,9999.000
202603012312,   0.015,9999.000,9999.000,9999.000,9999.000,9999.000,9999.000,9999.000,9999.000
202603012318,   0.023,9999.000,9999.000,9999.000,9999.000,9999.000,9999.000,9999.000,9999.000
202603012324,   0.033,9999.000,9999.000,9999.000,9999.000,9999.000,9999.000,9999.000,9999.000
202603012330,   0.042,9999.000,9999.000,9999.000,9999.000,9999.000,9999.000,9999.000,9999.000
202603012336,   0.052,9999.000,9999.000,9999.000,9999.000,9999.000,9999.000,9999.000,9999.000
202603012342,   0.062,9999.000,9999.000,9999.000,9999.000,9999.000,9999.000,9999.000,9999.000
202603012348,   0.072,9999.000,9999.000,9999.000,9999.000,9999.000,9999.000,9999.000,9999.000
202603012354,   0.083,9999.000,9999.000,9999.000,9999.000,9999.000,9999.000,9999.000,9999.000
202603020000,   0.094,9999.000,   0.400,  -0.116,   0.378,   0.400,   0.378,   0.500,   0.478
202603020006,   0.105,9999.000,9999.000,9999.000,9999.000,9999.000,9999.000,9999.000,9999.000
202603020012,   0.116,9999.000,9999.000,9999.000,9999.000,9999.000,9999.000,9999.000,9999.000
202603020018,   0.127,9999.000,9999.000,9999.000,9999.000,9999.000,9999.000,9999.000,9999.000
202603020024,   0.138,9999.000,9999.000,9999.000,9999.000,9999.000,9999.000,9999.000,9999.000
202603020030,   0.150,9999.000,9999.000,9999.000,9999.000,9999.000,9999.000,9999.000,9999.000
202603020036,   0.161,9999.000,9999.000,9999.000,9999.000,9999.000,9999.000,9999.000,9999.000
202603020042,   0.173,9999.000,9999.000,9999.000,9999.000,9999.000,9999.000,9999.000,9999.000
202603020048,   0.184,9999.000,9999.000,9999.000,9999.000,9999.000,9999.000,9999.000,9999.000
202603020054,   0.195,9999.000,9999.000,9999.000,9999.000,9999.000,9999.000,9999.000,9999.000
202603020100,   0.207,9999.000,   0.400,  -0.116,   0.491,   0.400,   0.491,   0.500,   0.591
202603020106,   0.218,9999.000,9999.000,9999.000,9999.000,9999.000,9999.000,9999.000,9999.000
202603020112,   0.229,9999.000,9999.000,9999.000,9999.000,9999.000,9999.000,9999.000,9999.000
202603020118,   0.240,9999.000,9999.000,9999.000,9999.000,9999.000,9999.000,9999.000,9999.000
202603020124,   0.250,9999.000,9999.000,9999.000,9999.000,9999.000,9999.000,9999.000,9999.000
202603020130,   0.261,9999.000,9999.000,9999.000,9999.000,9999.000,9999.000,9999.000,9999.000
202603020136,   0.271,9999.000,9999.000,9999.000,9999.000,9999.000,9999.000,9999.000,9999.000
202603020142,   0.281,9999.000,9999.000,9999.000,9999.000,9999.000,9999.000,9999.000,9999.000
202603020148,   0.291,9999.000,9999.000,9999.000,9999.000,9999.000,9999.000,9999.000,9999.000
202603020154,   0.300,9999.000,9999.000,9999.000,9999.000,9999.000,9999.000,9999.000,9999.000
202603020200,   0.309,9999.000,   0.400,  -0.116,   0.593,   0.300,   0.493,   0.500,   0.693
202603020206,   0.317,9999.000,9999.000,9999.000,9999.000,9999.000,9999.000,9999.000,9999.000
202603020212,   0.325,9999.000,9999.000,9999.000,9999.000,9999.000,9999.000,9999.000,9999.000
202603020218,   0.332,9999.000,9999.000,9999.000,9999.000,9999.000,9999.000,9999.000,9999.000
202603020224,   0.339,9999.000,9999.000,9999.000,9999.000,9999.000,9999.000,9999.000,9999.000
202603020230,   0.346,9999.000,9999.000,9999.000,9999.000,9999.000,9999.000,9999.000,9999.000
202603020236,   0.352,9999.000,9999.000,9999.000,9999.000,9999.000,9999.000,9999.000,9999.000
202603020242,   0.357,9999.000,9999.000,9999.000,9999.000,9999.000,9999.000,9999.000,9999.000
202603020248,   0.361,9999.000,9999.000,9999.000,9999.000,9999.000,9999.000,9999.000,9999.000
202603020254,   0.365,9999.000,9999.000,9999.000,9999.000,9999.000,9999.000,9999.000,9999.000
202603020300,   0.369,9999.000,   0.400,  -0.116,   0.653,   0.300,   0.553,   0.500,   0.753
202603020306,   0.371,9999.000,9999.000,9999.000,9999.000,9999.000,9999.000,9999.000,9999.000
202603020312,   0.373,9999.000,9999.000,9999.000,9999.000,9999.000,9999.000,9999.000,9999.000
202603020318,   0.375,9999.000,9999.000,9999.000,9999.000,9999.000,9999.000,9999.000,9999.000
202603020324,   0.375,9999.000,9999.000,9999.000,9999.000,9999.000,9999.000,9999.000,9999.000
202603020330,   0.376,9999.000,9999.000,9999.000,9999.000,9999.000,9999.000,9999.000,9999.000
202603020336,   0.375,9999.000,9999.000,9999.000,9999.000,9999.000,9999.000,9999.000,9999.000
202603020342,   0.374,9999.000,9999.000,9999.000,9999.000,9999.000,9999.000,9999.000,9999.000
202603020348,   0.372,9999.000,9999.000,9999.000,9999.000,9999.000,9999.000,9999.000,9999.000
202603020354,   0.370,9999.000,9999.000,9999.000,9999.000,9999.000,9999.000,9999.000,9999.000
202603020400,   0.367,9999.000,   0.400,  -0.116,   0.651,   0.300,   0.551,   0.500,   0.751
202603020406,   0.364,9999.000,9999.000,9999.000,9999.000,9999.000,9999.000,9999.000,9999.000
202603020412,   0.360,9999.000,9999.000,9999.000,9999.000,9999.000,9999.000,9999.000,9999.000
202603020418,   0.356,9999.000,9999.000,9999.000,9999.000,9999.000,9999.000,9999.000,9999.000
202603020424,   0.351,9999.000,9999.000,9999.000,9999.000,9999.000,9999.000,9999.000,9999.000
202603020430,   0.346,9999.000,9999.000,9999.000,9999.000,9999.000,9999.000,9999.000,9999.000
202603020436,   0.340,9999.000,9999.000,9999.000,9999.000,9999.000,9999.000,9999.000,9999.000
202603020442,   0.334,9999.000,9999.000,9999.000,9999.000,9999.000,9999.000,9999.000,9999.000
202603020448,   0.328,9999.000,9999.000,9999.000,9999.000,9999.000,9999.000,9999.000,9999.000
202603020454,   0.321,9999.000,9999.000,9999.000,9999.000,9999.000,9999.000,9999.000,9999.000
202603020500,   0.315,9999.000,   0.400,  -0.116,   0.599,   0.300,   0.499,   0.500,   0.699
202603020506,   0.307,9999.000,9999.000,9999.000,9999.000,9999.000,9999.000,9999.000,9999.000
202603020512,   0.300,9999.000,9999.000,9999.000,9999.000,9999.000,9999.000,9999.000,9999.000
202603020518,   0.292,9999.000,9999.000,9999.000,9999.000,9999.000,9999.000,9999.000,9999.000
202603020524,   0.285,9999.000,9999.000,9999.000,9999.000,9999.000,9999.000,9999.000,9999.000
202603020530,   0.277,9999.000,9999.000,9999.000,9999.000,9999.000,9999.000,9999.000,9999.000
202603020536,   0.268,9999.000,9999.000,9999.000,9999.000,9999.000,9999.000,9999.000,9999.000
202603020542,   0.260,9999.000,9999.000,9999.000,9999.000,9999.000,9999.000,9999.000,9999.000
202603020548,   0.252,9999.000,9999.000,9999.000,9999.000,9999.000,9999.000,9999.000,9999.000
202603020554,   0.243,9999.000,9999.000,9999.000,9999.000,9999.000,9999.000,9999.000,9999.000
202603020600,   0.234,9999.000,   0.400,  -0.116,   0.518,   0.300,   0.418,   0.500,   0.618
202603020606,   0.226,9999.000,9999.000,9999.000,9999.000,9999.000,9999.000,9999.000,9999.000
202603020612,   0.217,9999.000,9999.000,9999.000,9999.000,9999.000,9999.000,9999.000,9999.000
202603020618,   0.208,9999.000,9999.000,9999.000,9999.000,9999.000,9999.000,9999.000,9999.000
202603020624,   0.199,9999.000,9999.000,9999.000,9999.000,9999.000,9999.000,9999.000,9999.000
202603020630,   0.190,9999.000,9999.000,9999.000,9999.000,9999.000,9999.000,9999.000,9999.000
202603020636,   0.181,9999.000,9999.000,9999.000,9999.000,9999.000,9999.000,9999.000,9999.000
202603020642,   0.172,9999.000,9999.000,9999.000,9999.000,9999.000,9999.000,9999.000,9999.000
202603020648,   0.163,9999.000,9999.000,9999.000,9999.000,9999.000,9999.000,9999.000,9999.000
202603020654,   0.154,9999.000,9999.000,9999.000,9999.000,9999.000,9999.000,9999.000,9999.000
202603020700,   0.145,9999.000,   0.400,  -0.116,   0.429,   0.300,   0.329,   0.500,   0.529
202603020706,   0.136,9999.000,9999.000,9999.000,9999.000,9999.000,9999.000,9999.000,9999.000
202603020712,   0.127,9999.000,9999.000,9999.000,9999.000,9999.000,9999.000,9999.000,9999.000
202603020718,   0.118,9999.000,9999.000,9999.000,9999.000,9999.000,9999.000,9999.000,9999.000
202603020724,   0.109,9999.000,9999.000,9999.000,9999.000,9999.000,9999.000,9999.000,9999.000
202603020730,   0.100,9999.000,9999.000,9999.000,9999.000,9999.000,9999.000,9999.000,9999.000
202603020736,   0.091,9999.000,9999.000,9999.000,9999.000,9999.000,9999.000,9999.000,9999.000
202603020742,   0.082,9999.000,9999.000,9999.000,9999.000,9999.000,9999.000,9999.000,9999.000
202603020748,   0.074,9999.000,9999.000,9999.000,9999.000,9999.000,9999.000,9999.000,9999.000
202603020754,   0.065,9999.000,9999.000,9999.000,9999.000,9999.000,9999.000,9999.000,9999.000
202603020800,   0.057,9999.000,   0.400,  -0.116,   0.341,   0.300,   0.241,   0.500,   0.441
202603020806,   0.049,9999.000,9999.000,9999.000,9999.000,9999.000,9999.000,9999.000,9999.000
202603020812,   0.041,9999.000,9999.000,9999.000,9999.000,9999.000,9999.000,9999.000,9999.000
202603020818,   0.033,9999.000,9999.000,9999.000,9999.000,9999.000,9999.000,9999.000,9999.000
202603020824,   0.025,9999.000,9999.000,9999.000,9999.000,9999.000,9999.000,9999.000,9999.000
202603020830,   0.018,9999.000,9999.000,9999.000,9999.000,9999.000,9999.000,9999.000,9999.000
202603020836,   0.011,9999.000,9999.000,9999.000,9999.000,9999.000,9999.000,9999.000,9999.000
202603020842,   0.004,9999.000,9999.000,9999.000,9999.000,9999.000,9999.000,9999.000,9999.000
202603020848,  -0.001,9999.000,9999.000,9999.000,9999.000,9999.000,9999.000,9999.000,9999.000
202603020854,  -0.007,9999.000,9999.000,9999.000,9999.000,9999.000,9999.000,9999.000,9999.000
202603020900,  -0.012,9999.000,   0.400,  -0.116,   0.272,   0.300,   0.172,   0.500,   0.372
202603020906,  -0.017,9999.000,9999.000,9999.000,9999.000,9999.000,9999.000,9999.000,9999.000
202603020912,  -0.022,9999.000,9999.000,9999.000,9999.000,9999.000,9999.000,9999.000,9999.000
202603020918,  -0.026,9999.000,9999.000,9999.000,9999.000,9999.000,9999.000,9999.000,9999.000
202603020924,  -0.030,9999.000,9999.000,9999.000,9999.000,9999.000,9999.000,9999.000,9999.000
202603020930,  -0.033,9999.000,9999.000,9999.000,9999.000,9999.000,9999.000,9999.000,9999.000
202603020936,  -0.035,9999.000,9999.000,9999.000,9999.000,9999.000,9999.000,9999.000,9999.000
202603020942,  -0.037,9999.000,9999.000,9999.000,9999.000,9999.000,9999.000,9999.000,9999.000
202603020948,  -0.038,9999.000,9999.000,9999.000,9999.000,9999.000,9999.000,9999.000,9999.000
202603020954,  -0.038,9999.000,9999.000,9999.000,9999.000,9999.000,9999.000,9999.000,9999.000
202603021000,  -0.038,9999.000,   0.400,  -0.116,   0.246,   0.300,   0.146,   0.500,   0.346
202603021006,  -0.038,9999.000,9999.000,9999.000,9999.000,9999.000,9999.000,9999.000,9999.000
202603021012,  -0.036,9999.000,9999.000,9999.000,9999.000,9999.000,9999.000,9999.000,9999.000
202603021018,  -0.034,9999.000,9999.000,9999.000,9999.000,9999.000,9999.000,9999.000,9999.000
202603021024,  -0.031,9999.000,9999.000,9999.000,9999.000,9999.000,9999.000,9999.000,9999.000
202603021030,  -0.027,9999.000,9999.000,9999.000,9999.000,9999.000,9999.000,9999.000,9999.000
202603021036,  -0.023,9999.000,9999.000,9999.000,9999.000,9999.000,9999.000,9999.000,9999.000
202603021042,  -0.018,9999.000,9999.000,9999.000,9999.000,9999.000,9999.000,9999.000,9999.000
202603021048,  -0.013,9999.000,9999.000,9999.000,9999.000,9999.000,9999.000,9999.000,9999.000
202603021054,  -0.007,9999.000,9999.000,9999.000,9999.000,9999.000,9999.000,9999.000,9999.000
202603021100,   0.000,9999.000,   0.400,  -0.116,   0.284,   0.300,   0.184,   0.500,   0.384
202603021106,   0.007,9999.000,9999.000,9999.000,9999.000,9999.000,9999.000,9999.000,9999.000
202603021112,   0.015,9999.000,9999.000,9999.000,9999.000,9999.000,9999.000,9999.000,9999.000
202603021118,   0.023,9999.000,9999.000,9999.000,9999.000,9999.000,9999.000,9999.000,9999.000
202603021124,   0.032,9999.000,9999.000,9999.000,9999.000,9999.000,9999.000,9999.000,9999.000
202603021130,   0.042,9999.000,9999.000,9999.000,9999.000,9999.000,9999.000,9999.000,9999.000
202603021136,   0.052,9999.000,9999.000,9999.000,9999.000,9999.000,9999.000,9999.000,9999.000
202603021142,   0.062,9999.000,9999.000,9999.000,9999.000,9999.000,9999.000,9999.000,9999.000
202603021148,   0.072,9999.000,9999.000,9999.000,9999.000,9999.000,9999.000,9999.000,9999.000
202603021154,   0.083,9999.000,9999.000,9999.000,9999.000,9999.000,9999.000,9999.000,9999.000
202603021200,   0.094,9999.000,   0.400,  -0.116,   0.378,   0.300,   0.278,   0.500,   0.478
202603021206,   0.106,9999.000,9999.000,9999.000,9999.000,9999.000,9999.000,9999.000,9999.000
202603021212,   0.117,9999.000,9999.000,9999.000,9999.000,9999.000,9999.000,9999.000,9999.000
202603021218,   0.129,9999.000,9999.000,9999.000,9999.000,9999.000,9999.000,9999.000,9999.000
202603021224,   0.141,9999.000,9999.000,9999.000,9999.000,9999.000,9999.000,9999.000,9999.000
202603021230,   0.152,9999.000,9999.000,9999.000,9999.000,9999.000,9999.000,9999.000,9999.000
202603021236,   0.164,9999.000,9999.000,9999.000,9999.000,9999.000,9999.000,9999.000,9999.000
202603021242,   0.176,9999.000,9999.000,9999.000,9999.000,9999.000,9999.000,9999.000,9999.000
202603021248,   0.188,9999.000,9999.000,9999.000,9999.000,9999.000,9999.000,9999.000,9999.000
202603021254,   0.200,9999.000,9999.000,9999.000,9999.000,9999.000,9999.000,9999.000,9999.000
202603021300,   0.212,9999.000,   0.400,  -0.116,   0.496,   0.300,   0.396,   0.500,   0.596
202603021306,   0.224,9999.000,9999.000,9999.000,9999.000,9999.000,9999.000,9999.000,9999.000
202603021312,   0.235,9999.000,9999.000,9999.000,9999.000,9999.000,9999.000,9999.000,9999.000
202603021318,   0.247,9999.000,9999.000,9999.000,9999.000,9999.000,9999.000,9999.000,9999.000
202603021324,   0.258,9999.000,9999.000,9999.000,9999.000,9999.000,9999.000,9999.000,9999.000
202603021330,   0.269,9999.000,9999.000,9999.000,9999.000,9999.000,9999.000,9999.000,9999.000
202603021336,   0.280,9999.000,9999.000,9999.000,9999.000,9999.000,9999.000,9999.000,9999.000
202603021342,   0.291,9999.000,9999.000,9999.000,9999.000,9999.000,9999.000,9999.000,9999.000
202603021348,   0.301,9999.000,9999.000,9999.000,9999.000,9999.000,9999.000,9999.000,9999.000
202603021354,   0.311,9999.000,9999.000,9999.000,9999.000,9999.000,9999.000,9999.000,9999.000
202603021400,   0.321,9999.000,   0.400,  -0.116,   0.605,   0.300,   0.505,   0.500,   0.705
202603021406,   0.331,9999.000,9999.000,9999.000,9999.000,9999.000,9999.000,9999.000,9999.000
202603021412,   0.340,9999.000,9999.000,9999.000,9999.000,9999.000,9999.000,9999.000,9999.000
202603021418,   0.348,9999.000,9999.000,9999.000,9999.000,9999.000,9999.000,9999.000,9999.000
202603021424,   0.357,9999.000,9999.000,9999.000,9999.000,9999.000,9999.000,9999.000,9999.000
202603021430,   0.365,9999.000,9999.000,9999.000,9999.000,9999.000,9999.000,9999.000,9999.000
202603021436,   0.372,9999.000,9999.000,9999.000,9999.000,9999.000,9999.000,9999.000,9999.000
202603021442,   0.379,9999.000,9999.000,9999.000,9999.000,9999.000,9999.000,9999.000,9999.000
202603021448,   0.385,9999.000,9999.000,9999.000,9999.000,9999.000,9999.000,9999.000,9999.000
202603021454,   0.391,9999.000,9999.000,9999.000,9999.000,9999.000,9999.000,9999.000,9999.000
202603021500,   0.396,9999.000,   0.400,  -0.116,   0.680,   0.300,   0.580,   0.500,   0.780
202603021506,   0.400,9999.000,9999.000,9999.000,9999.000,9999.000,9999.000,9999.000,9999.000
202603021512,   0.404,9999.000,9999.000,9999.000,9999.000,9999.000,9999.000,9999.000,9999.000
202603021518,   0.407,9999.000,9999.000,9999.000,9999.000,9999.000,9999.000,9999.000,9999.000
202603021524,   0.410,9999.000,9999.000,9999.000,9999.000,9999.000,9999.000,9999.000,9999.000
202603021530,   0.412,9999.000,9999.000,9999.000,9999.000,9999.000,9999.000,9999.000,9999.000
202603021536,   0.414,9999.000,9999.000,9999.000,9999.000,9999.000,9999.000,9999.000,9999.000
202603021542,   0.414,9999.000,9999.000,9999.000,9999.000,9999.000,9999.000,9999.000,9999.000
202603021548,   0.414,9999.000,9999.000,9999.000,9999.000,9999.000,9999.000,9999.000,9999.000
202603021554,   0.414,9999.000,9999.000,9999.000,9999.000,9999.000,9999.000,9999.000,9999.000
202603021600,   0.413,9999.000,   0.400,  -0.116,   0.697,   0.300,   0.597,   0.500,   0.797
202603021606,   0.411,9999.000,9999.000,9999.000,9999.000,9999.000,9999.000,9999.000,9999.000
202603021612,   0.409,9999.000,9999.000,9999.000,9999.000,9999.000,9999.000,9999.000,9999.000
202603021618,   0.406,9999.000,9999.000,9999.000,9999.000,9999.000,9999.000,9999.000,9999.000
202603021624,   0.403,9999.000,9999.000,9999.000,9999.000,9999.000,9999.000,9999.000,9999.000
202603021630,   0.399,9999.000,9999.000,9999.000,9999.000,9999.000,9999.000,9999.000,9999.000
202603021636,   0.395,9999.000,9999.000,9999.000,9999.000,9999.000,9999.000,9999.000,9999.000
202603021642,   0.390,9999.000,9999.000,9999.000,9999.000,9999.000,9999.000,9999.000,9999.000
202603021648,   0.385,9999.000,9999.000,9999.000,9999.000,9999.000,9999.000,9999.000,9999.000
202603021654,   0.379,9999.000,9999.000,9999.000,9999.000,9999.000,9999.000,9999.000,9999.000
202603021700,   0.373,9999.000,   0.400,  -0.116,   0.657,   0.300,   0.557,   0.500,   0.757
202603021706,   0.367,9999.000,9999.000,9999.000,9999.000,9999.000,9999.000,9999.000,9999.000
202603021712,   0.360,9999.000,9999.000,9999.000,9999.000,9999.000,9999.000,9999.000,9999.000
202603021718,   0.353,9999.000,9999.000,9999.000,9999.000,9999.000,9999.000,9999.000,9999.000
202603021724,   0.345,9999.000,9999.000,9999.000,9999.000,9999.000,9999.000,9999.000,9999.000
202603021730,   0.338,9999.000,9999.000,9999.000,9999.000,9999.000,9999.000,9999.000,9999.000
202603021736,   0.330,9999.000,9999.000,9999.000,9999.000,9999.000,9999.000,9999.000,9999.000
202603021742,   0.322,9999.000,9999.000,9999.000,9999.000,9999.000,9999.000,9999.000,9999.000
202603021748,   0.314,9999.000,9999.000,9999.000,9999.000,9999.000,9999.000,9999.000,9999.000
202603021754,   0.305,9999.000,9999.000,9999.000,9999.000,9999.000,9999.000,9999.000,9999.000
202603021800,   0.296,9999.000,   0.400,  -0.116,   0.580,   0.300,   0.480,   0.500,   0.680
202603021806,   0.287,9999.000,9999.000,9999.000,9999.000,9999.000,9999.000,9999.000,9999.000
202603021812,   0.279,9999.000,9999.000,9999.000,9999.000,9999.000,9999.000,9999.000,9999.000
202603021818,   0.269,9999.000,9999.000,9999.000,9999.000,9999.000,9999.000,9999.000,9999.000
202603021824,   0.260,9999.000,9999.000,9999.000,9999.000,9999.000,9999.000,9999.000,9999.000
202603021830,   0.251,9999.000,9999.000,9999.000,9999.000,9999.000,9999.000,9999.000,9999.000
202603021836,   0.241,9999.000,9999.000,9999.000,9999.000,9999.000,9999.000,9999.000,9999.000
202603021842,   0.232,9999.000,9999.000,9999.000,9999.000,9999.000,9999.000,9999.000,9999.000
202603021848,   0.222,9999.000,9999.000,9999.000,9999.000,9999.000,9999.000,9999.000,9999.000
202603021854,   0.212,9999.000,9999.000,9999.000,9999.000,9999.000,9999.000,9999.000,9999.000
202603021900,   0.203,9999.000,   0.400,  -0.116,   0.487,   0.300,   0.387,   0.500,   0.587
202603021906,   0.193,9999.000,9999.000,9999.000,9999.000,9999.000,9999.000,9999.000,9999.000
202603021912,   0.183,9999.000,9999.000,9999.000,9999.000,9999.000,9999.000,9999.000,9999.000
202603021918,   0.173,9999.000,9999.000,9999.000,9999.000,9999.000,9999.000,9999.000,9999.000
202603021924,   0.163,9999.000,9999.000,9999.000,9999.000,9999.000,9999.000,9999.000,9999.000
202603021930,   0.153,9999.000,9999.000,9999.000,9999.000,9999.000,9999.000,9999.000,9999.000
202603021936,   0.144,9999.000,9999.000,9999.000,9999.000,9999.000,9999.000,9999.000,9999.000
202603021942,   0.134,9999.000,9999.000,9999.000,9999.000,9999.000,9999.000,9999.000,9999.000
202603021948,   0.124,9999.000,9999.000,9999.000,9999.000,9999.000,9999.000,9999.000,9999.000
202603021954,   0.114,9999.000,9999.000,9999.000,9999.000,9999.000,9999.000,9999.000,9999.000
202603022000,   0.104,9999.000,   0.400,  -0.116,   0.388,   0.300,   0.288,   0.500,   0.488
202603022006,   0.094,9999.000,9999.000,9999.000,9999.000,9999.000,9999.000,9999.000,9999.000
202603022012,   0.085,9999.000,9999.000,9999.000,9999.000,9999.000,9999.000,9999.000,9999.000
202603022018,   0.075,9999.000,9999.000,9999.000,9999.000,9999.000,9999.000,9999.000,9999.000
202603022024,   0.066,9999.000,9999.000,9999.000,9999.000,9999.000,9999.000,9999.000,9999.000
202603022030,   0.056,9999.000,9999.000,9999.000,9999.000,9999.000,9999.000,9999.000,9999.000
202603022036,   0.047,9999.000,9999.000,9999.000,9999.000,9999.000,9999.000,9999.000,9999.000
202603022042,   0.038,9999.000,9999.000,9999.000,9999.000,9999.000,9999.000,9999.000,9999.000
202603022048,   0.029,9999.000,9999.000,9999.000,9999.000,9999.000,9999.000,9999.000,9999.000
202603022054,   0.021,9999.000,9999.000,9999.000,9999.000,9999.000,9999.000,9999.000,9999.000
202603022100,   0.012,9999.000,   0.400,  -0.116,   0.296,   0.300,   0.196,   0.500,   0.396
202603022106,   0.005,9999.000,9999.000,9999.000,9999.000,9999.000,9999.000,9999.000,9999.000
202603022112,  -0.002,9999.000,9999.000,9999.000,9999.000,9999.000,9999.000,9999.000,9999.000
202603022118,  -0.009,9999.000,9999.000,9999.000,9999.000,9999.000,9999.000,9999.000,9999.000
202603022124,  -0.016,9999.000,9999.000,9999.000,9999.000,9999.000,9999.000,9999.000,9999.000
202603022130,  -0.023,9999.000,9999.000,9999.000,9999.000,9999.000,9999.000,9999.000,9999.000
202603022136,  -0.029,9999.000,9999.000,9999.000,9999.000,9999.000,9999.000,9999.000,9999.000
202603022142,  -0.035,9999.000,9999.000,9999.000,9999.000,9999.000,9999.000,9999.000,9999.000
202603022148,  -0.040,9999.000,9999.000,9999.000,9999.000,9999.000,9999.000,9999.000,9999.000
202603022154,  -0.044,9999.000,9999.000,9999.000,9999.000,9999.000,9999.000,9999.000,9999.000
202603022200,  -0.048,9999.000,   0.400,  -0.116,   0.236,   0.300,   0.136,   0.500,   0.336
202603022206,  -0.052,9999.000,9999.000,9999.000,9999.000,9999.000,9999.000,9999.000,9999.000
202603022212,  -0.054,9999.000,9999.000,9999.000,9999.000,9999.000,9999.000,9999.000,9999.000
202603022218,  -0.057,9999.000,9999.000,9999.000,9999.000,9999.000,9999.000,9999.000,9999.000
202603022224,  -0.058,9999.000,9999.000,9999.000,9999.000,9999.000,9999.000,9999.000,9999.000
202603022230,  -0.059,9999.000,9999.000,9999.000,9999.000,9999.000,9999.000,9999.000,9999.000
202603022236,  -0.059,9999.000,9999.000,9999.000,9999.000,9999.000,9999.000,9999.000,9999.000
202603022242,  -0.059,9999.000,9999.000,9999.000,9999.000,9999.000,9999.000,9999.000,9999.000
202603022248,  -0.057,9999.000,9999.000,9999.000,9999.000,9999.000,9999.000,9999.000,9999.000
202603022254,  -0.056,9999.000,9999.000,9999.000,9999.000,9999.000,9999.000,9999.000,9999.000
202603022300,  -0.053,9999.000,   0.400,  -0.116,   0.231,   0.300,   0.131,   0.500,   0.331
202603022306,  -0.050,9999.000,9999.000,9999.000,9999.000,9999.000,9999.000,9999.000,9999.000
202603022312,  -0.045,9999.000,9999.000,9999.000,9999.000,9999.000,9999.000,9999.000,9999.000
202603022318,  -0.041,9999.000,9999.000,9999.000,9999.000,9999.000,9999.000,9999.000,9999.000
202603022324,  -0.035,9999.000,9999.000,9999.000,9999.000,9999.000,9999.000,9999.000,9999.000
202603022330,  -0.029,9999.000,9999.000,9999.000,9999.000,9999.000,9999.000,9999.000,9999.000
202603022336,  -0.022,9999.000,9999.000,9999.000,9999.000,9999.000,9999.000,9999.000,9999.000
202603022342,  -0.015,9999.000,9999.000,9999.000,9999.000,9999.000,9999.000,9999.000,9999.000
202603022348,  -0.007,9999.000,9999.000,9999.000,9999.000,9999.000,9999.000,9999.000,9999.000
202603022354,   0.000,9999.000,9999.000,9999.000,9999.000,9999.000,9999.000,9999.000,9999.000
202603030000,   0.009,9999.000,   0.400,  -0.116,   0.293,   0.300,   0.193,   0.500,   0.393
202603030006,   0.019,9999.000,9999.000,9999.000,9999.000,9999.000,9999.000,9999.000,9999.000
202603030012,   0.029,9999.000,9999.000,9999.000,9999.000,9999.000,9999.000,9999.000,9999.000
202603030018,   0.039,9999.000,9999.000,9999.000,9999.000,9999.000,9999.000,9999.000,9999.000
202603030024,   0.050,9999.000,9999.000,9999.000,9999.000,9999.000,9999.000,9999.000,9999.000
202603030030,   0.061,9999.000,9999.000,9999.000,9999.000,9999.000,9999.000,9999.000,9999.000
202603030036,   0.072,9999.000,9999.000,9999.000,9999.000,9999.000,9999.000,9999.000,9999.000
202603030042,   0.084,9999.000,9999.000,9999.000,9999.000,9999.000,9999.000,9999.000,9999.000
202603030048,   0.095,9999.000,9999.000,9999.000,9999.000,9999.000,9999.000,9999.000,9999.000
202603030054,   0.107,9999.000,9999.000,9999.000,9999.000,9999.000,9999.000,9999.000,9999.000
202603030100,   0.120,9999.000,   0.400,  -0.116,   0.404,   0.300,   0.304,   0.500,   0.504
202603030106,   0.132,9999.000,9999.000,9999.000,9999.000,9999.000,9999.000,9999.000,9999.000
202603030112,   0.144,9999.000,9999.000,9999.000,9999.000,9999.000,9999.000,9999.000,9999.000
202603030118,   0.157,9999.000,9999.000,9999.000,9999.000,9999.000,9999.000,9999.000,9999.000
202603030124,   0.169,9999.000,9999.000,9999.000,9999.000,9999.000,9999.000,9999.000,9999.000
202603030130,   0.182,9999.000,9999.000,9999.000,9999.000,9999.000,9999.000,9999.000,9999.000
202603030136,   0.194,9999.000,9999.000,9999.000,9999.000,9999.000,9999.000,9999.000,9999.000
202603030142,   0.206,9999.000,9999.000,9999.000,9999.000,9999.000,9999.000,9999.000,9999.000
202603030148,   0.219,9999.000,9999.000,9999.000,9999.000,9999.000,9999.000,9999.000,9999.000
202603030154,   0.231,9999.000,9999.000,9999.000,9999.000,9999.000,9999.000,9999.000,9999.000
202603030200,   0.243,9999.000,   0.400,  -0.116,   0.527,   0.300,   0.427,   0.500,   0.627
202603030206,   0.254,9999.000,9999.000,9999.000,9999.000,9999.000,9999.000,9999.000,9999.000
202603030212,   0.266,9999.000,9999.000,9999.000,9999.000,9999.000,9999.000,9999.000,9999.000
202603030218,   0.277,9999.000,9999.000,9999.000,9999.000,9999.000,9999.000,9999.000,9999.000
202603030224,   0.288,9999.000,9999.000,9999.000,9999.000,9999.000,9999.000,9999.000,9999.000
202603030230,   0.298,9999.000,9999.000,9999.000,9999.000,9999.000,9999.000,9999.000,9999.000
202603030236,   0.309,9999.000,9999.000,9999.000,9999.000,9999.000,9999.000,9999.000,9999.000
202603030242,   0.318,9999.000,9999.000,9999.000,9999.000,9999.000,9999.000,9999.000,9999.000
202603030248,   0.328,9999.000,9999.000,9999.000,9999.000,9999.000,9999.000,9999.000,9999.000
202603030254,   0.336,9999.000,9999.000,9999.000,9999.000,9999.000,9999.000,9999.000,9999.000
202603030300,   0.345,9999.000,   0.400,  -0.116,   0.629,   0.300,   0.529,   0.500,   0.729
202603030306,   0.352,9999.000,9999.000,9999.000,9999.000,9999.000,9999.000,9999.000,9999.000
202603030312,   0.360,9999.000,9999.000,9999.000,9999.000,9999.000,9999.000,9999.000,9999.000
202603030318,   0.366,9999.000,9999.000,9999.000,9999.000,9999.000,9999.000,9999.000,9999.000
202603030324,   0.372,9999.000,9999.000,9999.000,9999.000,9999.000,9999.000,9999.000,9999.000
202603030330,   0.377,9999.000,9999.000,9999.000,9999.000,9999.000,9999.000,9999.000,9999.000
202603030336,   0.382,9999.000,9999.000,9999.000,9999.000,9999.000,9999.000,9999.000,9999.000
202603030342,   0.386,9999.000,9999.000,9999.000,9999.000,9999.000,9999.000,9999.000,9999.000
202603030348,   0.389,9999.000,9999.000,9999.000,9999.000,9999.000,9999.000,9999.000,9999.000
202603030354,   0.392,9999.000,9999.000,9999.000,9999.000,9999.000,9999.000,9999.000,9999.000
202603030400,   0.393,9999.000,   0.400,  -0.116,   0.677,   0.300,   0.577,   0.500,   0.777
202603030406,   0.395,9999.000,9999.000,9999.000,9999.000,9999.000,9999.000,9999.000,9999.000
202603030412,   0.395,9999.000,9999.000,9999.000,9999.000,9999.000,9999.000,9999.000,9999.000
202603030418,   0.395,9999.000,9999.000,9999.000,9999.000,9999.000,9999.000,9999.000,9999.000
202603030424,   0.394,9999.000,9999.000,9999.000,9999.000,9999.000,9999.000,9999.000,9999.000
202603030430,   0.393,9999.000,9999.000,9999.000,9999.000,9999.000,9999.000,9999.000,9999.000
202603030436,   0.391,9999.000,9999.000,9999.000,9999.000,9999.000,9999.000,9999.000,9999.000
202603030442,   0.388,9999.000,9999.000,9999.000,9999.000,9999.000,9999.000,9999.000,9999.000
202603030448,   0.385,9999.000,9999.000,9999.000,9999.000,9999.000,9999.000,9999.000,9999.000
202603030454,   0.381,9999.000,9999.000,9999.000,9999.000,9999.000,9999.000,9999.000,9999.000
202603030500,   0.377,9999.000,   0.400,  -0.116,   0.661,   0.300,   0.561,   0.500,   0.761
202603030506,   0.372,9999.000,9999.000,9999.000,9999.000,9999.000,9999.000,9999.000,9999.000
202603030512,   0.367,9999.000,9999.000,9999.000,9999.000,9999.000,9999.000,9999.000,9999.000
202603030518,   0.361,9999.000,9999.000,9999.000,9999.000,9999.000,9999.000,9999.000,9999.000
202603030524,   0.355,9999.000,9999.000,9999.000,9999.000,9999.000,9999.000,9999.000,9999.000
202603030530,   0.349,9999.000,9999.000,9999.000,9999.000,9999.000,9999.000,9999.000,9999.000
202603030536,   0.342,9999.000,9999.000,9999.000,9999.000,9999.000,9999.000,9999.000,9999.000
202603030542,   0.335,9999.000,9999.000,9999.000,9999.000,9999.000,9999.000,9999.000,9999.000
202603030548,   0.327,9999.000,9999.000,9999.000,9999.000,9999.000,9999.000,9999.000,9999.000
202603030554,   0.320,9999.000,9999.000,9999.000,9999.000,9999.000,9999.000,9999.000,9999.000
202603030600,   0.312,9999.000,   0.400,  -0.116,   0.596,   0.200,   0.396,   0.500,   0.696
