        TIME,    TIDE,      OB,   SURGE,    BIAS,     TWL,SURGE90p,  TWL90p,SURGE10p,   TWL10p
202603190600,   1.663,   1.767,   0.300,  -0.196,   1.767,   0.300,   1.767,   0.400,   1.867
202603190606,   1.558,9999.000,9999.000,9999.000,9999.000,9999.000,9999.000,9999.000,9999.000
202603190612,   1.454,   1.580,9999.000,9999.000,9999.000,9999.000,9999.000,9999.000,9999.000
202603190618,   1.351,9999.000,9999.000,9999.000,9999.000,9999.000,9999.000,9999.000,9999.000
202603190624,   1.249,   1.380,9999.000,9999.000,9999.000,9999.000,9999.000,9999.000,9999.000
202603190630,   1.149,9999.000,9999.000,9999.000,9999.000,9999.000,9999.000,9999.000,9999.000
202603190636,   1.051,   1.210,9999.000,9999.000,9999.000,9999.000,9999.000,9999.000,9999.000
202603190642,   0.954,9999.000,9999.000,9999.000,9999.000,9999.000,9999.000,9999.000,9999.000
202603190648,   0.859,   1.020,9999.000,9999.000,9999.000,9999.000,9999.000,9999.000,9999.000
202603190654,   0.765,9999.000,9999.000,9999.000,9999.000,9999.000,9999.000,9999.000,9999.000
202603190700,   0.674,   0.869,   0.300,  -0.105,   0.869,   0.300,   0.869,   0.400,   0.969
202603190706,   0.585,   0.780,9999.000,9999.000,9999.000,9999.000,9999.000,9999.000,9999.000
202603190712,   0.497,   0.698,9999.000,9999.000,9999.000,9999.000,9999.000,9999.000,9999.000
202603190718,   0.413,   0.610,9999.000,9999.000,9999.000,9999.000,9999.000,9999.000,9999.000
202603190724,   0.330,   0.541,9999.000,9999.000,9999.000,9999.000,9999.000,9999.000,9999.000
202603190730,   0.250,   0.478,9999.000,9999.000,9999.000,9999.000,9999.000,9999.000,9999.000
202603190736,   0.174,   0.390,9999.000,9999.000,9999.000,9999.000,9999.000,9999.000,9999.000
202603190742,   0.100,   0.308,9999.000,9999.000,9999.000,9999.000,9999.000,9999.000,9999.000
202603190748,   0.029,   0.249,9999.000,9999.000,9999.000,9999.000,9999.000,9999.000,9999.000
202603190754,  -0.036,   0.170,9999.000,9999.000,9999.000,9999.000,9999.000,9999.000,9999.000
202603190800,  -0.099,   0.098,   0.300,  -0.103,   0.098,   0.300,   0.098,   0.400,   0.198
202603190806,  -0.157,   0.049,9999.000,9999.000,9999.000,9999.000,9999.000,9999.000,9999.000
202603190812,  -0.210,  -0.019,9999.000,9999.000,9999.000,9999.000,9999.000,9999.000,9999.000
202603190818,  -0.258,  -0.078,9999.000,9999.000,9999.000,9999.000,9999.000,9999.000,9999.000
202603190824,  -0.300,  -0.121,9999.000,9999.000,9999.000,9999.000,9999.000,9999.000,9999.000
202603190830,  -0.335,  -0.150,9999.000,9999.000,9999.000,9999.000,9999.000,9999.000,9999.000
202603190836,  -0.364,  -0.190,9999.000,9999.000,9999.000,9999.000,9999.000,9999.000,9999.000
202603190842,  -0.385,  -0.229,9999.000,9999.000,9999.000,9999.000,9999.000,9999.000,9999.000
202603190848,  -0.399,  -0.259,9999.000,9999.000,9999.000,9999.000,9999.000,9999.000,9999.000
202603190854,  -0.404,  -0.278,9999.000,9999.000,9999.000,9999.000,9999.000,9999.000,9999.000
202603190900,  -0.400,  -0.298,   0.300,  -0.198,  -0.298,   0.300,  -0.298,   0.400,  -0.198
202603190906,  -0.388,  -0.298,9999.000,9999.000,9999.000,9999.000,9999.000,9999.000,9999.000
202603190912,  -0.365,  -0.308,9999.000,9999.000,9999.000,9999.000,9999.000,9999.000,9999.000
202603190918,  -0.332,  -0.321,9999.000,9999.000,9999.000,9999.000,9999.000,9999.000,9999.000
202603190924,  -0.290,  -0.298,9999.000,9999.000,9999.000,9999.000,9999.000,9999.000,9999.000
202603190930,  -0.237,  -0.268,9999.000,9999.000,9999.000,9999.000,9999.000,9999.000,9999.000
202603190936,  -0.173,  -0.209,9999.000,9999.000,9999.000,9999.000,9999.000,9999.000,9999.000
202603190942,  -0.099,  -0.150,9999.000,9999.000,9999.000,9999.000,9999.000,9999.000,9999.000
202603190948,  -0.015,  -0.068,9999.000,9999.000,9999.000,9999.000,9999.000,9999.000,9999.000
202603190954,   0.078,   0.039,9999.000,9999.000,9999.000,9999.000,9999.000,9999.000,9999.000
202603191000,   0.181,   0.160,   0.300,  -0.321,   0.160,   0.300,   0.160,   0.300,   0.160
202603191006,   0.294,   0.288,9999.000,9999.000,9999.000,9999.000,9999.000,9999.000,9999.000
202603191012,   0.416,   0.439,9999.000,9999.000,9999.000,9999.000,9999.000,9999.000,9999.000
202603191018,   0.545,   0.580,9999.000,9999.000,9999.000,9999.000,9999.000,9999.000,9999.000
202603191024,   0.682,   0.718,9999.000,9999.000,9999.000,9999.000,9999.000,9999.000,9999.000
202603191030,   0.825,   0.888,9999.000,9999.000,9999.000,9999.000,9999.000,9999.000,9999.000
202603191036,   0.974,   1.049,9999.000,9999.000,9999.000,9999.000,9999.000,9999.000,9999.000
202603191042,   1.127,   1.220,9999.000,9999.000,9999.000,9999.000,9999.000,9999.000,9999.000
202603191048,   1.283,   1.390,9999.000,9999.000,9999.000,9999.000,9999.000,9999.000,9999.000
202603191054,   1.442,   1.580,9999.000,9999.000,9999.000,9999.000,9999.000,9999.000,9999.000
202603191100,   1.603,   1.767,   0.300,  -0.136,   1.767,   0.200,   1.667,   0.300,   1.767
202603191106,   1.764,   1.958,9999.000,9999.000,9999.000,9999.000,9999.000,9999.000,9999.000
202603191112,   1.924,   2.148,9999.000,9999.000,9999.000,9999.000,9999.000,9999.000,9999.000
202603191118,   2.083,   2.318,9999.000,9999.000,9999.000,9999.000,9999.000,9999.000,9999.000
202603191124,   2.239,   2.469,9999.000,9999.000,9999.000,9999.000,9999.000,9999.000,9999.000
202603191130,   2.392,   2.620,9999.000,9999.000,9999.000,9999.000,9999.000,9999.000,9999.000
202603191136,   2.541,   2.758,9999.000,9999.000,9999.000,9999.000,9999.000,9999.000,9999.000
202603191142,   2.685,   2.899,9999.000,9999.000,9999.000,9999.000,9999.000,9999.000,9999.000
202603191148,   2.824,   3.040,9999.000,9999.000,9999.000,9999.000,9999.000,9999.000,9999.000
202603191154,   2.956,   3.178,9999.000,9999.000,9999.000,9999.000,9999.000,9999.000,9999.000
202603191200,   3.083,   3.309,   0.300,  -0.074,   3.309,   0.200,   3.209,   0.300,   3.309
202603191206,   3.203,   3.427,9999.000,9999.000,9999.000,9999.000,9999.000,9999.000,9999.000
202603191212,   3.316,   3.539,9999.000,9999.000,9999.000,9999.000,9999.000,9999.000,9999.000
202603191218,   3.423,   3.650,9999.000,9999.000,9999.000,9999.000,9999.000,9999.000,9999.000
202603191224,   3.522,   3.758,9999.000,9999.000,9999.000,9999.000,9999.000,9999.000,9999.000
202603191230,   3.615,   3.847,9999.000,9999.000,9999.000,9999.000,9999.000,9999.000,9999.000
202603191236,   3.701,   3.929,9999.000,9999.000,9999.000,9999.000,9999.000,9999.000,9999.000
202603191242,   3.781,   4.017,9999.000,9999.000,9999.000,9999.000,9999.000,9999.000,9999.000
202603191248,   3.854,   4.099,9999.000,9999.000,9999.000,9999.000,9999.000,9999.000,9999.000
202603191254,   3.922,   4.188,9999.000,9999.000,9999.000,9999.000,9999.000,9999.000,9999.000
202603191300,   3.984,   4.257,   0.300,  -0.027,   4.257,   0.200,   4.157,   0.300,   4.257
202603191306,   4.040,   4.309,9999.000,9999.000,9999.000,9999.000,9999.000,9999.000,9999.000
202603191312,   4.092,   4.368,9999.000,9999.000,9999.000,9999.000,9999.000,9999.000,9999.000
202603191318,   4.138,   4.427,9999.000,9999.000,9999.000,9999.000,9999.000,9999.000,9999.000
202603191324,   4.181,   4.480,9999.000,9999.000,9999.000,9999.000,9999.000,9999.000,9999.000
202603191330,   4.219,   4.539,9999.000,9999.000,9999.000,9999.000,9999.000,9999.000,9999.000
202603191336,   4.253,   4.598,9999.000,9999.000,9999.000,9999.000,9999.000,9999.000,9999.000
202603191342,   4.283,   4.637,9999.000,9999.000,9999.000,9999.000,9999.000,9999.000,9999.000
202603191348,   4.310,   4.677,9999.000,9999.000,9999.000,9999.000,9999.000,9999.000,9999.000
202603191354,   4.333,   4.710,9999.000,9999.000,9999.000,9999.000,9999.000,9999.000,9999.000
202603191400,   4.353,   4.749,   0.300,   0.096,   4.749,   0.200,   4.649,   0.300,   4.749
202603191406,   4.369,   4.778,9999.000,9999.000,9999.000,9999.000,9999.000,9999.000,9999.000
202603191412,   4.381,   4.808,9999.000,9999.000,9999.000,9999.000,9999.000,9999.000,9999.000
202603191418,   4.390,   4.837,9999.000,9999.000,9999.000,9999.000,9999.000,9999.000,9999.000
202603191424,   4.395,   4.857,9999.000,9999.000,9999.000,9999.000,9999.000,9999.000,9999.000
202603191430,   4.397,   4.867,9999.000,9999.000,9999.000,9999.000,9999.000,9999.000,9999.000
202603191436,   4.394,   4.877,9999.000,9999.000,9999.000,9999.000,9999.000,9999.000,9999.000
202603191442,   4.387,   4.857,9999.000,9999.000,9999.000,9999.000,9999.000,9999.000,9999.000
202603191448,   4.376,   4.867,9999.000,9999.000,9999.000,9999.000,9999.000,9999.000,9999.000
202603191454,   4.360,   4.867,9999.000,9999.000,9999.000,9999.000,9999.000,9999.000,9999.000
202603191500,   4.340,   4.857,   0.300,   0.217,   4.857,   0.200,   4.757,   0.300,   4.857
202603191506,   4.315,   4.837,9999.000,9999.000,9999.000,9999.000,9999.000,9999.000,9999.000
202603191512,   4.285,   4.818,9999.000,9999.000,9999.000,9999.000,9999.000,9999.000,9999.000
202603191518,   4.251,   4.798,9999.000,9999.000,9999.000,9999.000,9999.000,9999.000,9999.000
202603191524,   4.211,   4.759,9999.000,9999.000,9999.000,9999.000,9999.000,9999.000,9999.000
202603191530,   4.167,   4.710,9999.000,9999.000,9999.000,9999.000,9999.000,9999.000,9999.000
202603191536,   4.118,   4.667,9999.000,9999.000,9999.000,9999.000,9999.000,9999.000,9999.000
202603191542,   4.064,   4.598,9999.000,9999.000,9999.000,9999.000,9999.000,9999.000,9999.000
202603191548,   4.004,   4.549,9999.000,9999.000,9999.000,9999.000,9999.000,9999.000,9999.000
202603191554,   3.941,   4.480,9999.000,9999.000,9999.000,9999.000,9999.000,9999.000,9999.000
202603191600,   3.872,   4.388,   0.300,   0.216,   4.388,   0.200,   4.288,   0.300,   4.388
202603191606,   3.800,   4.309,9999.000,9999.000,9999.000,9999.000,9999.000,9999.000,9999.000
202603191612,   3.723,   4.227,9999.000,9999.000,9999.000,9999.000,9999.000,9999.000,9999.000
202603191618,   3.642,   4.129,9999.000,9999.000,9999.000,9999.000,9999.000,9999.000,9999.000
202603191624,   3.557,   4.027,9999.000,9999.000,9999.000,9999.000,9999.000,9999.000,9999.000
202603191630,   3.469,   3.919,9999.000,9999.000,9999.000,9999.000,9999.000,9999.000,9999.000
202603191636,   3.377,   3.798,9999.000,9999.000,9999.000,9999.000,9999.000,9999.000,9999.000
202603191642,   3.282,   3.689,9999.000,9999.000,9999.000,9999.000,9999.000,9999.000,9999.000
202603191648,   3.185,   3.588,9999.000,9999.000,9999.000,9999.000,9999.000,9999.000,9999.000
202603191654,   3.085,   3.460,9999.000,9999.000,9999.000,9999.000,9999.000,9999.000,9999.000
202603191700,   2.982,   3.348,   0.300,   0.066,   3.348,   0.200,   3.248,   0.300,   3.348
202603191706,   2.878,   3.230,9999.000,9999.000,9999.000,9999.000,9999.000,9999.000,9999.000
202603191712,   2.772,   3.109,9999.000,9999.000,9999.000,9999.000,9999.000,9999.000,9999.000
202603191718,   2.665,   2.997,9999.000,9999.000,9999.000,9999.000,9999.000,9999.000,9999.000
202603191724,   2.556,   2.869,9999.000,9999.000,9999.000,9999.000,9999.000,9999.000,9999.000
202603191730,   2.447,   2.758,9999.000,9999.000,9999.000,9999.000,9999.000,9999.000,9999.000
202603191736,   2.337,   2.660,9999.000,9999.000,9999.000,9999.000,9999.000,9999.000,9999.000
202603191742,   2.226,   2.548,9999.000,9999.000,9999.000,9999.000,9999.000,9999.000,9999.000
202603191748,   2.116,   2.440,9999.000,9999.000,9999.000,9999.000,9999.000,9999.000,9999.000
202603191754,   2.005,   2.358,9999.000,9999.000,9999.000,9999.000,9999.000,9999.000,9999.000
202603191800,   1.895,   2.259,   0.300,   0.064,   2.259,   0.200,   2.159,   0.300,   2.259
202603191806,   1.785,   2.138,9999.000,9999.000,9999.000,9999.000,9999.000,9999.000,9999.000
202603191812,   1.676,   2.030,9999.000,9999.000,9999.000,9999.000,9999.000,9999.000,9999.000
202603191818,   1.568,   1.918,9999.000,9999.000,9999.000,9999.000,9999.000,9999.000,9999.000
202603191824,   1.461,   1.820,9999.000,9999.000,9999.000,9999.000,9999.000,9999.000,9999.000
202603191830,   1.355,   1.728,9999.000,9999.000,9999.000,9999.000,9999.000,9999.000,9999.000
202603191836,   1.250,   1.620,9999.000,9999.000,9999.000,9999.000,9999.000,9999.000,9999.000
202603191842,   1.147,   1.508,9999.000,9999.000,9999.000,9999.000,9999.000,9999.000,9999.000
202603191848,   1.046,   1.410,9999.000,9999.000,9999.000,9999.000,9999.000,9999.000,9999.000
202603191854,   0.947,   1.328,9999.000,9999.000,9999.000,9999.000,9999.000,9999.000,9999.000
202603191900,   0.850,   1.220,   0.300,   0.070,   1.220,   0.200,   1.120,   0.300,   1.220
202603191906,   0.754,   1.138,9999.000,9999.000,9999.000,9999.000,9999.000,9999.000,9999.000
202603191912,   0.661,   1.039,9999.000,9999.000,9999.000,9999.000,9999.000,9999.000,9999.000
202603191918,   0.571,   0.941,9999.000,9999.000,9999.000,9999.000,9999.000,9999.000,9999.000
202603191924,   0.483,   0.849,9999.000,9999.000,9999.000,9999.000,9999.000,9999.000,9999.000
202603191930,   0.397,   0.741,9999.000,9999.000,9999.000,9999.000,9999.000,9999.000,9999.000
202603191936,   0.314,   0.659,9999.000,9999.000,9999.000,9999.000,9999.000,9999.000,9999.000
202603191942,   0.234,   0.560,9999.000,9999.000,9999.000,9999.000,9999.000,9999.000,9999.000
202603191948,   0.157,   0.488,9999.000,9999.000,9999.000,9999.000,9999.000,9999.000,9999.000
202603191954,   0.084,   0.380,9999.000,9999.000,9999.000,9999.000,9999.000,9999.000,9999.000
202603192000,   0.014,   0.308,   0.300,  -0.006,   0.308,   0.200,   0.208,   0.300,   0.308
202603192006,  -0.052,   0.239,9999.000,9999.000,9999.000,9999.000,9999.000,9999.000,9999.000
202603192012,  -0.114,   0.170,9999.000,9999.000,9999.000,9999.000,9999.000,9999.000,9999.000
202603192018,  -0.172,   0.078,9999.000,9999.000,9999.000,9999.000,9999.000,9999.000,9999.000
202603192024,  -0.226,   0.000,9999.000,9999.000,9999.000,9999.000,9999.000,9999.000,9999.000
202603192030,  -0.274,  -0.059,9999.000,9999.000,9999.000,9999.000,9999.000,9999.000,9999.000
202603192036,  -0.317,  -0.111,9999.000,9999.000,9999.000,9999.000,9999.000,9999.000,9999.000
202603192042,  -0.354,  -0.170,9999.000,9999.000,9999.000,9999.000,9999.000,9999.000,9999.000
202603192048,  -0.385,  -0.229,9999.000,9999.000,9999.000,9999.000,9999.000,9999.000,9999.000
202603192054,  -0.408,  -0.278,9999.000,9999.000,9999.000,9999.000,9999.000,9999.000,9999.000
202603192100,  -0.425,  -0.321,   0.300,  -0.196,  -0.321,   0.200,  -0.421,   0.300,  -0.321
202603192106,  -0.433,  -0.350,9999.000,9999.000,9999.000,9999.000,9999.000,9999.000,9999.000
202603192112,  -0.434,  -0.370,9999.000,9999.000,9999.000,9999.000,9999.000,9999.000,9999.000
202603192118,  -0.425,  -0.380,9999.000,9999.000,9999.000,9999.000,9999.000,9999.000,9999.000
202603192124,  -0.408,  -0.380,9999.000,9999.000,9999.000,9999.000,9999.000,9999.000,9999.000
202603192130,  -0.380,  -0.350,9999.000,9999.000,9999.000,9999.000,9999.000,9999.000,9999.000
202603192136,  -0.343,  -0.308,9999.000,9999.000,9999.000,9999.000,9999.000,9999.000,9999.000
202603192142,  -0.295,  -0.249,9999.000,9999.000,9999.000,9999.000,9999.000,9999.000,9999.000
202603192148,  -0.237,  -0.160,9999.000,9999.000,9999.000,9999.000,9999.000,9999.000,9999.000
202603192154,  -0.169,  -0.049,9999.000,9999.000,9999.000,9999.000,9999.000,9999.000,9999.000
202603192200,  -0.090,   0.068,   0.300,  -0.142,   0.068,   0.200,  -0.032,   0.300,   0.068
202603192206,   0.000,   0.229,9999.000,9999.000,9999.000,9999.000,9999.000,9999.000,9999.000
202603192212,   0.099,   0.390,9999.000,9999.000,9999.000,9999.000,9999.000,9999.000,9999.000
202603192218,   0.210,   0.570,9999.000,9999.000,9999.000,9999.000,9999.000,9999.000,9999.000
202603192224,   0.329,   0.751,9999.000,9999.000,9999.000,9999.000,9999.000,9999.000,9999.000
202603192230,   0.459,   0.951,9999.000,9999.000,9999.000,9999.000,9999.000,9999.000,9999.000
202603192236,   0.596,   1.151,9999.000,9999.000,9999.000,9999.000,9999.000,9999.000,9999.000
202603192242,   0.742,   1.361,9999.000,9999.000,9999.000,9999.000,9999.000,9999.000,9999.000
202603192248,   0.895,   1.557,9999.000,9999.000,9999.000,9999.000,9999.000,9999.000,9999.000
202603192254,   1.054,   1.767,9999.000,9999.000,9999.000,9999.000,9999.000,9999.000,9999.000
202603192300,   1.218,   1.981,   0.300,   0.463,   1.981,   0.200,   1.881,   0.300,   1.981
202603192306,   1.387,   2.168,9999.000,9999.000,9999.000,9999.000,9999.000,9999.000,9999.000
202603192312,   1.558,   2.348,9999.000,9999.000,9999.000,9999.000,9999.000,9999.000,9999.000
202603192318,   1.732,   2.519,9999.000,9999.000,9999.000,9999.000,9999.000,9999.000,9999.000
202603192324,   1.907,   2.689,9999.000,9999.000,9999.000,9999.000,9999.000,9999.000,9999.000
202603192330,   2.082,   2.850,9999.000,9999.000,9999.000,9999.000,9999.000,9999.000,9999.000
202603192336,   2.255,   3.007,9999.000,9999.000,9999.000,9999.000,9999.000,9999.000,9999.000
202603192342,   2.427,   3.148,9999.000,9999.000,9999.000,9999.000,9999.000,9999.000,9999.000
202603192348,   2.595,   3.279,9999.000,9999.000,9999.000,9999.000,9999.000,9999.000,9999.000
202603192354,   2.759,   4.044,9999.000,9999.000,9999.000,9999.000,9999.000,9999.000,9999.000
202603200000,   2.919,   3.539,   0.300,   0.320,   3.539,   0.300,   3.539,   0.400,   3.639
202603200006,   3.073,   3.650,9999.000,9999.000,9999.000,9999.000,9999.000,9999.000,9999.000
202603200012,   3.220,   3.758,9999.000,9999.000,9999.000,9999.000,9999.000,9999.000,9999.000
202603200018,   3.361,   3.847,9999.000,9999.000,9999.000,9999.000,9999.000,9999.000,9999.000
202603200024,   3.495,   3.949,9999.000,9999.000,9999.000,9999.000,9999.000,9999.000,9999.000
202603200030,   3.621,   4.047,9999.000,9999.000,9999.000,9999.000,9999.000,9999.000,9999.000
202603200036,   3.739,   4.129,9999.000,9999.000,9999.000,9999.000,9999.000,9999.000,9999.000
202603200042,   3.850,   4.208,9999.000,9999.000,9999.000,9999.000,9999.000,9999.000,9999.000
202603200048,   3.953,   4.290,9999.000,9999.000,9999.000,9999.000,9999.000,9999.000,9999.000
202603200054,   4.048,   4.349,9999.000,9999.000,9999.000,9999.000,9999.000,9999.000,9999.000
202603200100,   4.136,   4.418,   0.300,  -0.018,   4.418,   0.300,   4.418,   0.400,   4.518
202603200106,   4.216,   4.467,9999.000,9999.000,9999.000,9999.000,9999.000,9999.000,9999.000
202603200112,   4.289,   4.529,9999.000,9999.000,9999.000,9999.000,9999.000,9999.000,9999.000
202603200118,   4.355,   4.598,9999.000,9999.000,9999.000,9999.000,9999.000,9999.000,9999.000
202603200124,   4.415,   4.657,9999.000,9999.000,9999.000,9999.000,9999.000,9999.000,9999.000
202603200130,   4.468,   4.710,9999.000,9999.000,9999.000,9999.000,9999.000,9999.000,9999.000
202603200136,   4.516,   4.759,9999.000,9999.000,9999.000,9999.000,9999.000,9999.000,9999.000
202603200142,   4.559,   4.808,9999.000,9999.000,9999.000,9999.000,9999.000,9999.000,9999.000
202603200148,   4.596,   4.857,9999.000,9999.000,9999.000,9999.000,9999.000,9999.000,9999.000
202603200154,   4.629,   4.887,9999.000,9999.000,9999.000,9999.000,9999.000,9999.000,9999.000
202603200200,   4.657,   4.939,   0.400,  -0.118,   4.939,   0.300,   4.839,   0.400,   4.939
202603200206,   4.682,   4.979,9999.000,9999.000,9999.000,9999.000,9999.000,9999.000,9999.000
202603200212,   4.702,   5.028,9999.000,9999.000,9999.000,9999.000,9999.000,9999.000,9999.000
202603200218,   4.718,   5.057,9999.000,9999.000,9999.000,9999.000,9999.000,9999.000,9999.000
202603200224,   4.731,   5.087,9999.000,9999.000,9999.000,9999.000,9999.000,9999.000,9999.000
202603200230,   4.740,   5.110,9999.000,9999.000,9999.000,9999.000,9999.000,9999.000,9999.000
202603200236,   4.746,   5.129,9999.000,9999.000,9999.000,9999.000,9999.000,9999.000,9999.000
202603200242,   4.748,   5.149,9999.000,9999.000,9999.000,9999.000,9999.000,9999.000,9999.000
202603200248,   4.746,   5.169,9999.000,9999.000,9999.000,9999.000,9999.000,9999.000,9999.000
202603200254,   4.741,   5.179,9999.000,9999.000,9999.000,9999.000,9999.000,9999.000,9999.000
202603200300,   4.732,   5.188,   0.400,   0.056,   5.188,   0.300,   5.088,   0.400,   5.188
202603200306,   4.719,   5.179,9999.000,9999.000,9999.000,9999.000,9999.000,9999.000,9999.000
202603200312,   4.702,   5.179,9999.000,9999.000,9999.000,9999.000,9999.000,9999.000,9999.000
202603200318,   4.681,   5.159,9999.000,9999.000,9999.000,9999.000,9999.000,9999.000,9999.000
202603200324,   4.655,   5.139,9999.000,9999.000,9999.000,9999.000,9999.000,9999.000,9999.000
202603200330,   4.626,   5.097,9999.000,9999.000,9999.000,9999.000,9999.000,9999.000,9999.000
202603200336,   4.592,   5.057,9999.000,9999.000,9999.000,9999.000,9999.000,9999.000,9999.000
202603200342,   4.553,   4.998,9999.000,9999.000,9999.000,9999.000,9999.000,9999.000,9999.000
202603200348,   4.510,   4.939,9999.000,9999.000,9999.000,9999.000,9999.000,9999.000,9999.000
202603200354,   4.462,   4.867,9999.000,9999.000,9999.000,9999.000,9999.000,9999.000,9999.000
202603200400,   4.410,   4.798,   0.400,  -0.012,   4.798,   0.300,   4.698,   0.400,   4.798
202603200406,   4.353,   4.710,9999.000,9999.000,9999.000,9999.000,9999.000,9999.000,9999.000
202603200412,   4.292,   4.628,9999.000,9999.000,9999.000,9999.000,9999.000,9999.000,9999.000
202603200418,   4.227,   4.539,9999.000,9999.000,9999.000,9999.000,9999.000,9999.000,9999.000
202603200424,   4.157,   4.447,9999.000,9999.000,9999.000,9999.000,9999.000,9999.000,9999.000
202603200430,   4.083,   4.349,9999.000,9999.000,9999.000,9999.000,9999.000,9999.000,9999.000
202603200436,   4.005,   4.257,9999.000,9999.000,9999.000,9999.000,9999.000,9999.000,9999.000
202603200442,   3.923,   4.149,9999.000,9999.000,9999.000,9999.000,9999.000,9999.000,9999.000
202603200448,   3.838,   4.037,9999.000,9999.000,9999.000,9999.000,9999.000,9999.000,9999.000
202603200454,   3.750,   3.929,9999.000,9999.000,9999.000,9999.000,9999.000,9999.000,9999.000
202603200500,   3.658,   3.817,   0.400,  -0.241,   3.817,   0.400,   3.817,   0.400,   3.817
202603200506,   3.563,   3.709,9999.000,9999.000,9999.000,9999.000,9999.000,9999.000,9999.000
202603200512,   3.466,   3.598,9999.000,9999.000,9999.000,9999.000,9999.000,9999.000,9999.000
202603200518,   3.366,   3.470,9999.000,9999.000,9999.000,9999.000,9999.000,9999.000,9999.000
202603200524,   3.264,   3.368,9999.000,9999.000,9999.000,9999.000,9999.000,9999.000,9999.000
202603200530,   3.160,   3.250,9999.000,9999.000,9999.000,9999.000,9999.000,9999.000,9999.000
202603200536,   3.055,   3.148,9999.000,9999.000,9999.000,9999.000,9999.000,9999.000,9999.000
202603200542,   2.948,   3.050,9999.000,9999.000,9999.000,9999.000,9999.000,9999.000,9999.000
202603200548,   2.839,   2.958,9999.000,9999.000,9999.000,9999.000,9999.000,9999.000,9999.000
202603200554,   2.730,   2.850,9999.000,9999.000,9999.000,9999.000,9999.000,9999.000,9999.000
202603200600,   2.620,   2.748,   0.300,  -0.172,   2.748,   0.300,   2.748,   0.300,   2.748
202603200606,   2.509,   2.650,9999.000,9999.000,9999.000,9999.000,9999.000,9999.000,9999.000
202603200612,   2.398,   2.558,9999.000,9999.000,9999.000,9999.000,9999.000,9999.000,9999.000
202603200618,   2.286,   2.450,9999.000,9999.000,9999.000,9999.000,9999.000,9999.000,9999.000
202603200624,   2.175,   2.348,9999.000,9999.000,9999.000,9999.000,9999.000,9999.000,9999.000
202603200630,   2.064,   2.250,9999.000,9999.000,9999.000,9999.000,9999.000,9999.000,9999.000
202603200636,   1.953,   2.148,9999.000,9999.000,9999.000,9999.000,9999.000,9999.000,9999.000
202603200642,   1.842,   2.059,9999.000,9999.000,9999.000,9999.000,9999.000,9999.000,9999.000
202603200648,   1.733,   1.958,9999.000,9999.000,9999.000,9999.000,9999.000,9999.000,9999.000
202603200654,   1.624,   1.859,9999.000,9999.000,9999.000,9999.000,9999.000,9999.000,9999.000
202603200700,   1.516,   1.781,   0.300,  -0.035,   1.781,   0.300,   1.781,   0.300,   1.781
202603200706,   1.409,   1.689,9999.000,9999.000,9999.000,9999.000,9999.000,9999.000,9999.000
202603200712,   1.304,   1.600,9999.000,9999.000,9999.000,9999.000,9999.000,9999.000,9999.000
202603200718,   1.199,   1.508,9999.000,9999.000,9999.000,9999.000,9999.000,9999.000,9999.000
202603200724,   1.097,   1.410,9999.000,9999.000,9999.000,9999.000,9999.000,9999.000,9999.000
202603200730,   0.995,   1.328,9999.000,9999.000,9999.000,9999.000,9999.000,9999.000,9999.000
202603200736,   0.896,   1.239,9999.000,9999.000,9999.000,9999.000,9999.000,9999.000,9999.000
202603200742,   0.798,   1.161,9999.000,9999.000,9999.000,9999.000,9999.000,9999.000,9999.000
202603200748,   0.702,   1.069,9999.000,9999.000,9999.000,9999.000,9999.000,9999.000,9999.000
202603200754,   0.608,   0.980,9999.000,9999.000,9999.000,9999.000,9999.000,9999.000,9999.000
202603200800,   0.517,   0.859,   0.300,   0.042,   0.859,   0.300,   0.859,   0.300,   0.859
202603200806,   0.427,   0.780,9999.000,9999.000,9999.000,9999.000,9999.000,9999.000,9999.000
202603200812,   0.341,   0.718,9999.000,9999.000,9999.000,9999.000,9999.000,9999.000,9999.000
202603200818,   0.256,   0.629,9999.000,9999.000,9999.000,9999.000,9999.000,9999.000,9999.000
202603200824,   0.175,   0.541,9999.000,9999.000,9999.000,9999.000,9999.000,9999.000,9999.000
202603200830,   0.097,   0.478,9999.000,9999.000,9999.000,9999.000,9999.000,9999.000,9999.000
202603200836,   0.022,   0.409,9999.000,9999.000,9999.000,9999.000,9999.000,9999.000,9999.000
202603200842,  -0.047,   0.350,9999.000,9999.000,9999.000,9999.000,9999.000,9999.000,9999.000
202603200848,  -0.114,   0.288,9999.000,9999.000,9999.000,9999.000,9999.000,9999.000,9999.000
202603200854,  -0.176,   0.200,9999.000,9999.000,9999.000,9999.000,9999.000,9999.000,9999.000
202603200900,  -0.233,   0.131,   0.300,   0.064,   0.131,   0.300,   0.131,   0.300,   0.131
202603200906,  -0.284,   0.068,9999.000,9999.000,9999.000,9999.000,9999.000,9999.000,9999.000
202603200912,  -0.330,   0.009,9999.000,9999.000,9999.000,9999.000,9999.000,9999.000,9999.000
202603200918,  -0.369,  -0.049,9999.000,9999.000,9999.000,9999.000,9999.000,9999.000,9999.000
202603200924,  -0.401,  -0.098,9999.000,9999.000,9999.000,9999.000,9999.000,9999.000,9999.000
202603200930,  -0.425,  -0.141,9999.000,9999.000,9999.000,9999.000,9999.000,9999.000,9999.000
202603200936,  -0.442,  -0.190,9999.000,9999.000,9999.000,9999.000,9999.000,9999.000,9999.000
202603200942,  -0.449,  -0.229,9999.000,9999.000,9999.000,9999.000,9999.000,9999.000,9999.000
202603200948,  -0.448,  -0.249,9999.000,9999.000,9999.000,9999.000,9999.000,9999.000,9999.000
202603200954,  -0.437,  -0.268,9999.000,9999.000,9999.000,9999.000,9999.000,9999.000,9999.000
202603201000,  -0.416,  -0.278,   0.300,  -0.162,  -0.278,   0.300,  -0.278,   0.300,  -0.278
202603201006,  -0.385,  -0.278,9999.000,9999.000,9999.000,9999.000,9999.000,9999.000,9999.000
202603201012,  -0.344,  -0.259,9999.000,9999.000,9999.000,9999.000,9999.000,9999.000,9999.000
202603201018,  -0.292,  -0.209,9999.000,9999.000,9999.000,9999.000,9999.000,9999.000,9999.000
202603201024,  -0.229,  -0.150,9999.000,9999.000,9999.000,9999.000,9999.000,9999.000,9999.000
202603201030,  -0.155,  -0.068,9999.000,9999.000,9999.000,9999.000,9999.000,9999.000,9999.000
202603201036,  -0.070,   0.029,9999.000,9999.000,9999.000,9999.000,9999.000,9999.000,9999.000
202603201042,   0.024,   0.150,9999.000,9999.000,9999.000,9999.000,9999.000,9999.000,9999.000
202603201048,   0.129,   0.298,9999.000,9999.000,9999.000,9999.000,9999.000,9999.000,9999.000
202603201054,   0.243,   0.449,9999.000,9999.000,9999.000,9999.000,9999.000,9999.000,9999.000
202603201100,   0.367,   0.610,   0.300,  -0.057,   0.610,   0.300,   0.610,   0.300,   0.610
202603201106,   0.499,   0.780,9999.000,9999.000,9999.000,9999.000,9999.000,9999.000,9999.000
202603201112,   0.638,   0.970,9999.000,9999.000,9999.000,9999.000,9999.000,9999.000,9999.000
202603201118,   0.785,   1.151,9999.000,9999.000,9999.000,9999.000,9999.000,9999.000,9999.000
202603201124,   0.937,   1.338,9999.000,9999.000,9999.000,9999.000,9999.000,9999.000,9999.000
202603201130,   1.094,   1.528,9999.000,9999.000,9999.000,9999.000,9999.000,9999.000,9999.000
202603201136,   1.255,   1.718,9999.000,9999.000,9999.000,9999.000,9999.000,9999.000,9999.000
202603201142,   1.418,   1.899,9999.000,9999.000,9999.000,9999.000,9999.000,9999.000,9999.000
202603201148,   1.583,   2.079,9999.000,9999.000,9999.000,9999.000,9999.000,9999.000,9999.000
202603201154,   1.749,   2.259,9999.000,9999.000,9999.000,9999.000,9999.000,9999.000,9999.000
202603201200,   1.914,   2.430,   0.200,   0.316,   2.430,   0.200,   2.430,   0.300,   2.530
202603201206,   2.077,   2.587,9999.000,9999.000,9999.000,9999.000,9999.000,9999.000,9999.000
202603201212,   2.238,   2.738,9999.000,9999.000,9999.000,9999.000,9999.000,9999.000,9999.000
202603201218,   2.396,   2.879,9999.000,9999.000,9999.000,9999.000,9999.000,9999.000,9999.000
202603201224,   2.549,   3.017,9999.000,9999.000,9999.000,9999.000,9999.000,9999.000,9999.000
202603201230,   2.697,   3.138,9999.000,9999.000,9999.000,9999.000,9999.000,9999.000,9999.000
202603201236,   2.839,   3.270,9999.000,9999.000,9999.000,9999.000,9999.000,9999.000,9999.000
202603201242,   2.975,   3.398,9999.000,9999.000,9999.000,9999.000,9999.000,9999.000,9999.000
202603201248,   3.104,   3.509,9999.000,9999.000,9999.000,9999.000,9999.000,9999.000,9999.000
202603201254,   3.226,   3.617,9999.000,9999.000,9999.000,9999.000,9999.000,9999.000,9999.000
202603201300,   3.340,   3.709,   0.200,   0.169,   3.709,   0.200,   3.709,   0.300,   3.809
202603201306,   3.448,   3.798,9999.000,9999.000,9999.000,9999.000,9999.000,9999.000,9999.000
202603201312,   3.547,   3.880,9999.000,9999.000,9999.000,9999.000,9999.000,9999.000,9999.000
202603201318,   3.640,   3.958,9999.000,9999.000,9999.000,9999.000,9999.000,9999.000,9999.000
202603201324,   3.725,   4.037,9999.000,9999.000,9999.000,9999.000,9999.000,9999.000,9999.000
202603201330,   3.803,   4.109,9999.000,9999.000,9999.000,9999.000,9999.000,9999.000,9999.000
202603201336,   3.874,   4.178,9999.000,9999.000,9999.000,9999.000,9999.000,9999.000,9999.000
202603201342,   3.938,   4.237,9999.000,9999.000,9999.000,9999.000,9999.000,9999.000,9999.000
202603201348,   3.996,   4.300,9999.000,9999.000,9999.000,9999.000,9999.000,9999.000,9999.000
202603201354,   4.049,   4.349,9999.000,9999.000,9999.000,9999.000,9999.000,9999.000,9999.000
202603201400,   4.095,   4.408,   0.200,   0.113,   4.408,   0.200,   4.408,   0.300,   4.508
202603201406,   4.137,   4.457,9999.000,9999.000,9999.000,9999.000,9999.000,9999.000,9999.000
202603201412,   4.174,   4.509,9999.000,9999.000,9999.000,9999.000,9999.000,9999.000,9999.000
202603201418,   4.206,   4.559,9999.000,9999.000,9999.000,9999.000,9999.000,9999.000,9999.000
202603201424,   4.234,   4.598,9999.000,9999.000,9999.000,9999.000,9999.000,9999.000,9999.000
202603201430,   4.258,   4.637,9999.000,9999.000,9999.000,9999.000,9999.000,9999.000,9999.000
202603201436,   4.279,   4.677,9999.000,9999.000,9999.000,9999.000,9999.000,9999.000,9999.000
202603201442,   4.295,   4.700,9999.000,9999.000,9999.000,9999.000,9999.000,9999.000,9999.000
202603201448,   4.309,   4.729,9999.000,9999.000,9999.000,9999.000,9999.000,9999.000,9999.000
202603201454,   4.318,   4.759,9999.000,9999.000,9999.000,9999.000,9999.000,9999.000,9999.000
202603201500,   4.325,   4.788,   0.300,   0.163,   4.788,   0.200,   4.688,   0.300,   4.788
202603201506,   4.327,   4.818,9999.000,9999.000,9999.000,9999.000,9999.000,9999.000,9999.000
202603201512,   4.327,   4.847,9999.000,9999.000,9999.000,9999.000,9999.000,9999.000,9999.000
202603201518,   4.322,   4.867,9999.000,9999.000,9999.000,9999.000,9999.000,9999.000,9999.000
202603201524,   4.314,   4.739,9999.000,9999.000,9999.000,9999.000,9999.000,9999.000,9999.000
202603201530,   4.302,   4.837,9999.000,9999.000,9999.000,9999.000,9999.000,9999.000,9999.000
202603201536,   4.286,   4.808,9999.000,9999.000,9999.000,9999.000,9999.000,9999.000,9999.000
202603201542,   4.266,   4.847,9999.000,9999.000,9999.000,9999.000,9999.000,9999.000,9999.000
202603201548,   4.242,   4.818,9999.000,9999.000,9999.000,9999.000,9999.000,9999.000,9999.000
202603201554,   4.213,   4.778,9999.000,9999.000,9999.000,9999.000,9999.000,9999.000,9999.000
202603201600,   4.180,   4.729,   0.300,   0.249,   4.729,   0.200,   4.629,   0.300,   4.729
202603201606,   4.142,   4.690,9999.000,9999.000,9999.000,9999.000,9999.000,9999.000,9999.000
202603201612,   4.099,   4.647,9999.000,9999.000,9999.000,9999.000,9999.000,9999.000,9999.000
202603201618,   4.052,   4.588,9999.000,9999.000,9999.000,9999.000,9999.000,9999.000,9999.000
202603201624,   4.000,   4.509,9999.000,9999.000,9999.000,9999.000,9999.000,9999.000,9999.000
202603201630,   3.943,   4.418,9999.000,9999.000,9999.000,9999.000,9999.000,9999.000,9999.000
202603201636,   3.881,   4.349,9999.000,9999.000,9999.000,9999.000,9999.000,9999.000,9999.000
202603201642,   3.815,   4.257,9999.000,9999.000,9999.000,9999.000,9999.000,9999.000,9999.000
202603201648,   3.745,   4.168,9999.000,9999.000,9999.000,9999.000,9999.000,9999.000,9999.000
202603201654,   3.670,   4.070,9999.000,9999.000,9999.000,9999.000,9999.000,9999.000,9999.000
202603201700,   3.591,   3.958,   0.300,   0.067,   3.958,   0.200,   3.858,   0.300,   3.958
202603201706,   3.508,   3.847,9999.000,9999.000,9999.000,9999.000,9999.000,9999.000,9999.000
202603201712,   3.421,   3.729,9999.000,9999.000,9999.000,9999.000,9999.000,9999.000,9999.000
202603201718,   3.331,   3.617,9999.000,9999.000,9999.000,9999.000,9999.000,9999.000,9999.000
202603201724,   3.238,   3.509,9999.000,9999.000,9999.000,9999.000,9999.000,9999.000,9999.000
202603201730,   3.141,   3.398,9999.000,9999.000,9999.000,9999.000,9999.000,9999.000,9999.000
202603201736,   3.042,   3.279,9999.000,9999.000,9999.000,9999.000,9999.000,9999.000,9999.000
202603201742,   2.940,   3.158,9999.000,9999.000,9999.000,9999.000,9999.000,9999.000,9999.000
202603201748,   2.836,   3.040,9999.000,9999.000,9999.000,9999.000,9999.000,9999.000,9999.000
202603201754,   2.730,   2.929,9999.000,9999.000,9999.000,9999.000,9999.000,9999.000,9999.000
202603201800,   2.622,   2.797,   0.300,  -0.125,   2.797,   0.300,   2.797,   0.300,   2.797
202603201806,   2.513,   2.689,9999.000,9999.000,9999.000,9999.000,9999.000,9999.000,9999.000
202603201812,   2.403,   2.578,9999.000,9999.000,9999.000,9999.000,9999.000,9999.000,9999.000
202603201818,   2.292,   2.469,9999.000,9999.000,9999.000,9999.000,9999.000,9999.000,9999.000
202603201824,   2.181,   2.368,9999.000,9999.000,9999.000,9999.000,9999.000,9999.000,9999.000
202603201830,   2.069,   2.259,9999.000,9999.000,9999.000,9999.000,9999.000,9999.000,9999.000
202603201836,   1.957,   2.148,9999.000,9999.000,9999.000,9999.000,9999.000,9999.000,9999.000
202603201842,   1.845,   2.040,9999.000,9999.000,9999.000,9999.000,9999.000,9999.000,9999.000
202603201848,   1.734,   1.928,9999.000,9999.000,9999.000,9999.000,9999.000,9999.000,9999.000
202603201854,   1.624,   1.820,9999.000,9999.000,9999.000,9999.000,9999.000,9999.000,9999.000
202603201900,   1.514,   1.718,   0.300,  -0.096,   1.718,   0.300,   1.718,   0.300,   1.718
202603201906,   1.405,   1.639,9999.000,9999.000,9999.000,9999.000,9999.000,9999.000,9999.000
202603201912,   1.298,   1.548,9999.000,9999.000,9999.000,9999.000,9999.000,9999.000,9999.000
202603201918,   1.192,   1.449,9999.000,9999.000,9999.000,9999.000,9999.000,9999.000,9999.000
202603201924,   1.088,   1.348,9999.000,9999.000,9999.000,9999.000,9999.000,9999.000,9999.000
202603201930,   0.985,   1.259,9999.000,9999.000,9999.000,9999.000,9999.000,9999.000,9999.000
202603201936,   0.885,   1.161,9999.000,9999.000,9999.000,9999.000,9999.000,9999.000,9999.000
202603201942,   0.787,   1.069,9999.000,9999.000,9999.000,9999.000,9999.000,9999.000,9999.000
202603201948,   0.691,   0.990,9999.000,9999.000,9999.000,9999.000,9999.000,9999.000,9999.000
202603201954,   0.597,   0.908,9999.000,9999.000,9999.000,9999.000,9999.000,9999.000,9999.000
202603202000,   0.506,   0.829,   0.300,   0.023,   0.829,   0.300,   0.829,   0.300,   0.829
202603202006,   0.418,   0.731,9999.000,9999.000,9999.000,9999.000,9999.000,9999.000,9999.000
202603202012,   0.333,   0.659,9999.000,9999.000,9999.000,9999.000,9999.000,9999.000,9999.000
202603202018,   0.250,   0.580,9999.000,9999.000,9999.000,9999.000,9999.000,9999.000,9999.000
202603202024,   0.171,   0.498,9999.000,9999.000,9999.000,9999.000,9999.000,9999.000,9999.000
202603202030,   0.094,   0.409,9999.000,9999.000,9999.000,9999.000,9999.000,9999.000,9999.000
202603202036,   0.022,   0.341,9999.000,9999.000,9999.000,9999.000,9999.000,9999.000,9999.000
202603202042,  -0.046,   0.259,9999.000,9999.000,9999.000,9999.000,9999.000,9999.000,9999.000
202603202048,  -0.112,   0.200,9999.000,9999.000,9999.000,9999.000,9999.000,9999.000,9999.000
202603202054,  -0.173,   0.121,9999.000,9999.000,9999.000,9999.000,9999.000,9999.000,9999.000
202603202100,  -0.230,   0.039,   0.300,  -0.031,   0.039,   0.300,   0.039,   0.300,   0.039
202603202106,  -0.282,  -0.029,9999.000,9999.000,9999.000,9999.000,9999.000,9999.000,9999.000
202603202112,  -0.329,  -0.088,9999.000,9999.000,9999.000,9999.000,9999.000,9999.000,9999.000
202603202118,  -0.371,  -0.121,9999.000,9999.000,9999.000,9999.000,9999.000,9999.000,9999.000
202603202124,  -0.408,  -0.111,9999.000,9999.000,9999.000,9999.000,9999.000,9999.000,9999.000
202603202130,  -0.438,  -0.239,9999.000,9999.000,9999.000,9999.000,9999.000,9999.000,9999.000
202603202136,  -0.461,  -0.341,9999.000,9999.000,9999.000,9999.000,9999.000,9999.000,9999.000
202603202142,  -0.477,  -0.370,9999.000,9999.000,9999.000,9999.000,9999.000,9999.000,9999.000
202603202148,  -0.486,  -0.390,9999.000,9999.000,9999.000,9999.000,9999.000,9999.000,9999.000
202603202154,  -0.487,  -0.409,9999.000,9999.000,9999.000,9999.000,9999.000,9999.000,9999.000
202603202200,  -0.479,  -0.400,   0.300,  -0.221,  -0.400,   0.300,  -0.400,   0.300,  -0.400
202603202206,  -0.462,  -0.419,9999.000,9999.000,9999.000,9999.000,9999.000,9999.000,9999.000
202603202212,  -0.436,  -0.380,9999.000,9999.000,9999.000,9999.000,9999.000,9999.000,9999.000
202603202218,  -0.400,  -0.370,9999.000,9999.000,9999.000,9999.000,9999.000,9999.000,9999.000
202603202224,  -0.354,  -0.308,9999.000,9999.000,9999.000,9999.000,9999.000,9999.000,9999.000
202603202230,  -0.298,  -0.239,9999.000,9999.000,9999.000,9999.000,9999.000,9999.000,9999.000
202603202236,  -0.231,  -0.111,9999.000,9999.000,9999.000,9999.000,9999.000,9999.000,9999.000
202603202242,  -0.153,   0.000,9999.000,9999.000,9999.000,9999.000,9999.000,9999.000,9999.000
202603202248,  -0.065,   0.000,9999.000,9999.000,9999.000,9999.000,9999.000,9999.000,9999.000
202603202254,   0.033,   0.209,9999.000,9999.000,9999.000,9999.000,9999.000,9999.000,9999.000
202603202300,   0.142,   0.449,   0.300,   0.007,   0.449,   0.300,   0.449,   0.300,   0.449
202603202306,   0.262,   0.610,9999.000,9999.000,9999.000,9999.000,9999.000,9999.000,9999.000
202603202312,   0.391,   0.741,9999.000,9999.000,9999.000,9999.000,9999.000,9999.000,9999.000
202603202318,   0.529,   0.980,9999.000,9999.000,9999.000,9999.000,9999.000,9999.000,9999.000
202603202324,   0.676,   1.151,9999.000,9999.000,9999.000,9999.000,9999.000,9999.000,9999.000
202603202330,   0.831,   1.361,9999.000,9999.000,9999.000,9999.000,9999.000,9999.000,9999.000
202603202336,   0.992,   1.557,9999.000,9999.000,9999.000,9999.000,9999.000,9999.000,9999.000
202603202342,   1.160,   1.781,9999.000,9999.000,9999.000,9999.000,9999.000,9999.000,9999.000
202603202348,   1.333,   1.967,9999.000,9999.000,9999.000,9999.000,9999.000,9999.000,9999.000
202603202354,   1.510,   2.158,9999.000,9999.000,9999.000,9999.000,9999.000,9999.000,9999.000
202603210000,   1.690,   2.338,   0.300,   0.348,   2.338,   0.200,   2.238,   0.300,   2.338
202603210006,   1.872,   2.528,9999.000,9999.000,9999.000,9999.000,9999.000,9999.000,9999.000
202603210012,   2.054,   2.689,9999.000,9999.000,9999.000,9999.000,9999.000,9999.000,9999.000
202603210018,   2.236,   2.860,9999.000,9999.000,9999.000,9999.000,9999.000,9999.000,9999.000
202603210024,   2.417,   3.017,9999.000,9999.000,9999.000,9999.000,9999.000,9999.000,9999.000
202603210030,   2.595,   3.168,9999.000,9999.000,9999.000,9999.000,9999.000,9999.000,9999.000
202603210036,   2.769,   3.309,9999.000,9999.000,9999.000,9999.000,9999.000,9999.000,9999.000
202603210042,   2.939,   3.440,9999.000,9999.000,9999.000,9999.000,9999.000,9999.000,9999.000
202603210048,   3.103,   3.578,9999.000,9999.000,9999.000,9999.000,9999.000,9999.000,9999.000
202603210054,   3.261,   3.689,9999.000,9999.000,9999.000,9999.000,9999.000,9999.000,9999.000
202603210100,   3.412,   3.808,   0.300,   0.096,   3.808,   0.300,   3.808,   0.300,   3.808
202603210106,   3.555,   3.909,9999.000,9999.000,9999.000,9999.000,9999.000,9999.000,9999.000
202603210112,   3.691,   4.017,9999.000,9999.000,9999.000,9999.000,9999.000,9999.000,9999.000
202603210118,   3.819,   4.119,9999.000,9999.000,9999.000,9999.000,9999.000,9999.000,9999.000
202603210124,   3.938,   4.208,9999.000,9999.000,9999.000,9999.000,9999.000,9999.000,9999.000
202603210130,   4.048,   4.290,9999.000,9999.000,9999.000,9999.000,9999.000,9999.000,9999.000
202603210136,   4.150,   4.359,9999.000,9999.000,9999.000,9999.000,9999.000,9999.000,9999.000
202603210142,   4.244,   4.437,9999.000,9999.000,9999.000,9999.000,9999.000,9999.000,9999.000
202603210148,   4.329,   4.509,9999.000,9999.000,9999.000,9999.000,9999.000,9999.000,9999.000
202603210154,   4.406,   4.578,9999.000,9999.000,9999.000,9999.000,9999.000,9999.000,9999.000
202603210200,   4.475,   4.647,   0.300,  -0.128,   4.647,   0.300,   4.647,   0.300,   4.647
202603210206,   4.537,   4.710,9999.000,9999.000,9999.000,9999.000,9999.000,9999.000,9999.000
202603210212,   4.593,   4.759,9999.000,9999.000,9999.000,9999.000,9999.000,9999.000,9999.000
202603210218,   4.641,   4.808,9999.000,9999.000,9999.000,9999.000,9999.000,9999.000,9999.000
202603210224,   4.683,   4.867,9999.000,9999.000,9999.000,9999.000,9999.000,9999.000,9999.000
202603210230,   4.720,   4.919,9999.000,9999.000,9999.000,9999.000,9999.000,9999.000,9999.000
202603210236,   4.752,   4.969,9999.000,9999.000,9999.000,9999.000,9999.000,9999.000,9999.000
202603210242,   4.778,   5.028,9999.000,9999.000,9999.000,9999.000,9999.000,9999.000,9999.000
202603210248,   4.800,   5.067,9999.000,9999.000,9999.000,9999.000,9999.000,9999.000,9999.000
202603210254,   4.818,   5.120,9999.000,9999.000,9999.000,9999.000,9999.000,9999.000,9999.000
202603210300,   4.832,   5.159,   0.300,   0.027,   5.159,   0.300,   5.159,   0.300,   5.159
202603210306,   4.842,   5.188,9999.000,9999.000,9999.000,9999.000,9999.000,9999.000,9999.000
202603210312,   4.849,   5.218,9999.000,9999.000,9999.000,9999.000,9999.000,9999.000,9999.000
202603210318,   4.853,   5.247,9999.000,9999.000,9999.000,9999.000,9999.000,9999.000,9999.000
202603210324,   4.853,   5.267,9999.000,9999.000,9999.000,9999.000,9999.000,9999.000,9999.000
202603210330,   4.850,   5.297,9999.000,9999.000,9999.000,9999.000,9999.000,9999.000,9999.000
202603210336,   4.843,   5.307,9999.000,9999.000,9999.000,9999.000,9999.000,9999.000,9999.000
202603210342,   4.833,   5.329,9999.000,9999.000,9999.000,9999.000,9999.000,9999.000,9999.000
202603210348,   4.820,   5.329,9999.000,9999.000,9999.000,9999.000,9999.000,9999.000,9999.000
202603210354,   4.804,   5.339,9999.000,9999.000,9999.000,9999.000,9999.000,9999.000,9999.000
202603210400,   4.783,   5.329,   0.300,   0.246,   5.329,   0.300,   5.329,   0.300,   5.329
202603210406,   4.760,   5.320,9999.000,9999.000,9999.000,9999.000,9999.000,9999.000,9999.000
202603210412,   4.732,   5.307,9999.000,9999.000,9999.000,9999.000,9999.000,9999.000,9999.000
202603210418,   4.700,   5.277,9999.000,9999.000,9999.000,9999.000,9999.000,9999.000,9999.000
202603210424,   4.665,   5.247,9999.000,9999.000,9999.000,9999.000,9999.000,9999.000,9999.000
202603210430,   4.625,   5.208,9999.000,9999.000,9999.000,9999.000,9999.000,9999.000,9999.000
202603210436,   4.581,   5.149,9999.000,9999.000,9999.000,9999.000,9999.000,9999.000,9999.000
202603210442,   4.533,   5.087,9999.000,9999.000,9999.000,9999.000,9999.000,9999.000,9999.000
202603210448,   4.480,   5.018,9999.000,9999.000,9999.000,9999.000,9999.000,9999.000,9999.000
202603210454,   4.424,   4.939,9999.000,9999.000,9999.000,9999.000,9999.000,9999.000,9999.000
202603210500,   4.363,   4.857,   0.300,   0.194,   4.857,   0.300,   4.857,   0.300,   4.857
202603210506,   4.298,   4.778,9999.000,9999.000,9999.000,9999.000,9999.000,9999.000,9999.000
202603210512,   4.229,   4.690,9999.000,9999.000,9999.000,9999.000,9999.000,9999.000,9999.000
202603210518,   4.156,   4.608,9999.000,9999.000,9999.000,9999.000,9999.000,9999.000,9999.000
202603210524,   4.079,   4.529,9999.000,9999.000,9999.000,9999.000,9999.000,9999.000,9999.000
202603210530,   3.998,   4.437,9999.000,9999.000,9999.000,9999.000,9999.000,9999.000,9999.000
202603210536,   3.914,   4.339,9999.000,9999.000,9999.000,9999.000,9999.000,9999.000,9999.000
202603210542,   3.827,   4.227,9999.000,9999.000,9999.000,9999.000,9999.000,9999.000,9999.000
202603210548,   3.736,   4.119,9999.000,9999.000,9999.000,9999.000,9999.000,9999.000,9999.000
202603210554,   3.643,   3.998,9999.000,9999.000,9999.000,9999.000,9999.000,9999.000,9999.000
202603210600,   3.547,   3.919,   0.300,   0.072,   3.919,   0.200,   3.819,   0.300,   3.919
202603210606,   3.449,   3.778,9999.000,9999.000,9999.000,9999.000,9999.000,9999.000,9999.000
202603210612,   3.348,   3.670,9999.000,9999.000,9999.000,9999.000,9999.000,9999.000,9999.000
202603210618,   3.245,   3.588,9999.000,9999.000,9999.000,9999.000,9999.000,9999.000,9999.000
202603210624,   3.140,   3.450,9999.000,9999.000,9999.000,9999.000,9999.000,9999.000,9999.000
202603210630,   3.034,   3.348,9999.000,9999.000,9999.000,9999.000,9999.000,9999.000,9999.000
202603210636,   2.927,   3.207,9999.000,9999.000,9999.000,9999.000,9999.000,9999.000,9999.000
202603210642,   2.818,   3.129,9999.000,9999.000,9999.000,9999.000,9999.000,9999.000,9999.000
202603210648,   2.709,   3.017,9999.000,9999.000,9999.000,9999.000,9999.000,9999.000,9999.000
202603210654,   2.599,   2.929,9999.000,9999.000,9999.000,9999.000,9999.000,9999.000,9999.000
202603210700,   2.488,   2.797,   0.300,   0.009,   2.797,   0.200,   2.697,   0.300,   2.797
202603210706,   2.377,   2.709,9999.000,9999.000,9999.000,9999.000,9999.000,9999.000,9999.000
202603210712,   2.266,   2.597,9999.000,9999.000,9999.000,9999.000,9999.000,9999.000,9999.000
202603210718,   2.154,   2.509,9999.000,9999.000,9999.000,9999.000,9999.000,9999.000,9999.000
202603210724,   2.043,   2.410,9999.000,9999.000,9999.000,9999.000,9999.000,9999.000,9999.000
202603210730,   1.933,   2.309,9999.000,9999.000,9999.000,9999.000,9999.000,9999.000,9999.000
202603210736,   1.823,   2.200,9999.000,9999.000,9999.000,9999.000,9999.000,9999.000,9999.000
202603210742,   1.713,   2.109,9999.000,9999.000,9999.000,9999.000,9999.000,9999.000,9999.000
202603210748,   1.605,   2.020,9999.000,9999.000,9999.000,9999.000,9999.000,9999.000,9999.000
202603210754,   1.497,   1.918,9999.000,9999.000,9999.000,9999.000,9999.000,9999.000,9999.000
202603210800,   1.390,   1.820,   0.300,   0.130,   1.820,   0.200,   1.720,   0.300,   1.820
202603210806,   1.285,   1.738,9999.000,9999.000,9999.000,9999.000,9999.000,9999.000,9999.000
202603210812,   1.181,   1.620,9999.000,9999.000,9999.000,9999.000,9999.000,9999.000,9999.000
202603210818,   1.078,   1.548,9999.000,9999.000,9999.000,9999.000,9999.000,9999.000,9999.000
202603210824,   0.977,   1.449,9999.000,9999.000,9999.000,9999.000,9999.000,9999.000,9999.000
202603210830,   0.878,   1.348,9999.000,9999.000,9999.000,9999.000,9999.000,9999.000,9999.000
202603210836,   0.780,   1.269,9999.000,9999.000,9999.000,9999.000,9999.000,9999.000,9999.000
202603210842,   0.685,   1.180,9999.000,9999.000,9999.000,9999.000,9999.000,9999.000,9999.000
202603210848,   0.591,   1.098,9999.000,9999.000,9999.000,9999.000,9999.000,9999.000,9999.000
202603210854,   0.500,   0.990,9999.000,9999.000,9999.000,9999.000,9999.000,9999.000,9999.000
202603210900,   0.411,   0.888,   0.300,   0.177,   0.888,   0.300,   0.888,   0.300,   0.888
202603210906,   0.325,   0.819,9999.000,9999.000,9999.000,9999.000,9999.000,9999.000,9999.000
202603210912,   0.241,   0.731,9999.000,9999.000,9999.000,9999.000,9999.000,9999.000,9999.000
202603210918,   0.161,   0.678,9999.000,9999.000,9999.000,9999.000,9999.000,9999.000,9999.000
202603210924,   0.084,   0.590,9999.000,9999.000,9999.000,9999.000,9999.000,9999.000,9999.000
202603210930,   0.011,   0.531,9999.000,9999.000,9999.000,9999.000,9999.000,9999.000,9999.000
202603210936,  -0.057,   0.459,9999.000,9999.000,9999.000,9999.000,9999.000,9999.000,9999.000
202603210942,  -0.121,   0.380,9999.000,9999.000,9999.000,9999.000,9999.000,9999.000,9999.000
202603210948,  -0.180,   0.308,9999.000,9999.000,9999.000,9999.000,9999.000,9999.000,9999.000
202603210954,  -0.234,   0.249,9999.000,9999.000,9999.000,9999.000,9999.000,9999.000,9999.000
202603211000,  -0.282,   0.200,   0.300,   0.182,   0.200,   0.300,   0.200,   0.300,   0.200
202603211006,  -0.323,   0.150,9999.000,9999.000,9999.000,9999.000,9999.000,9999.000,9999.000
202603211012,  -0.357,   0.111,9999.000,9999.000,9999.000,9999.000,9999.000,9999.000,9999.000
202603211018,  -0.384,   0.059,9999.000,9999.000,9999.000,9999.000,9999.000,9999.000,9999.000
202603211024,  -0.403,   0.009,9999.000,9999.000,9999.000,9999.000,9999.000,9999.000,9999.000
202603211030,  -0.413,  -0.009,9999.000,9999.000,9999.000,9999.000,9999.000,9999.000,9999.000
202603211036,  -0.414,  -0.029,9999.000,9999.000,9999.000,9999.000,9999.000,9999.000,9999.000
202603211042,  -0.406,  -0.049,9999.000,9999.000,9999.000,9999.000,9999.000,9999.000,9999.000
202603211048,  -0.388,  -0.049,9999.000,9999.000,9999.000,9999.000,9999.000,9999.000,9999.000
202603211054,  -0.359,  -0.039,9999.000,9999.000,9999.000,9999.000,9999.000,9999.000,9999.000
202603211100,  -0.320,  -0.009,   0.300,   0.011,  -0.009,   0.300,  -0.009,   0.300,  -0.009
202603211106,  -0.270,   0.029,9999.000,9999.000,9999.000,9999.000,9999.000,9999.000,9999.000
202603211112,  -0.210,   0.088,9999.000,9999.000,9999.000,9999.000,9999.000,9999.000,9999.000
202603211118,  -0.138,   0.170,9999.000,9999.000,9999.000,9999.000,9999.000,9999.000,9999.000
202603211124,  -0.056,   0.268,9999.000,9999.000,9999.000,9999.000,9999.000,9999.000,9999.000
202603211130,   0.035,   0.390,9999.000,9999.000,9999.000,9999.000,9999.000,9999.000,9999.000
202603211136,   0.138,   0.518,9999.000,9999.000,9999.000,9999.000,9999.000,9999.000,9999.000
202603211142,   0.250,   0.659,9999.000,9999.000,9999.000,9999.000,9999.000,9999.000,9999.000
202603211148,   0.372,   0.800,9999.000,9999.000,9999.000,9999.000,9999.000,9999.000,9999.000
202603211154,   0.502,   0.961,9999.000,9999.000,9999.000,9999.000,9999.000,9999.000,9999.000
202603211200,   0.639,   1.118,   0.300,   0.179,   1.118,   0.200,   1.018,   0.300,   1.118
202603211206,   0.783,   1.289,9999.000,9999.000,9999.000,9999.000,9999.000,9999.000,9999.000
202603211212,   0.933,   1.469,9999.000,9999.000,9999.000,9999.000,9999.000,9999.000,9999.000
202603211218,   1.088,   1.649,9999.000,9999.000,9999.000,9999.000,9999.000,9999.000,9999.000
202603211224,   1.247,   1.840,9999.000,9999.000,9999.000,9999.000,9999.000,9999.000,9999.000
202603211230,   1.409,   2.020,9999.000,9999.000,9999.000,9999.000,9999.000,9999.000,9999.000
202603211236,   1.572,   2.191,9999.000,9999.000,9999.000,9999.000,9999.000,9999.000,9999.000
202603211242,   1.736,   2.358,9999.000,9999.000,9999.000,9999.000,9999.000,9999.000,9999.000
202603211248,   1.899,   2.519,9999.000,9999.000,9999.000,9999.000,9999.000,9999.000,9999.000
202603211254,   2.060,   2.679,9999.000,9999.000,9999.000,9999.000,9999.000,9999.000,9999.000
202603211300,   2.219,   2.830,   0.300,   0.311,   2.830,   0.200,   2.730,   0.300,   2.830
202603211306,   2.374,   2.978,9999.000,9999.000,9999.000,9999.000,9999.000,9999.000,9999.000
202603211312,   2.525,   3.119,9999.000,9999.000,9999.000,9999.000,9999.000,9999.000,9999.000
202603211318,   2.671,   3.250,9999.000,9999.000,9999.000,9999.000,9999.000,9999.000,9999.000
202603211324,   2.811,   3.358,9999.000,9999.000,9999.000,9999.000,9999.000,9999.000,9999.000
202603211330,   2.944,   3.470,9999.000,9999.000,9999.000,9999.000,9999.000,9999.000,9999.000
202603211336,   3.070,   3.568,9999.000,9999.000,9999.000,9999.000,9999.000,9999.000,9999.000
202603211342,   3.189,   3.670,9999.000,9999.000,9999.000,9999.000,9999.000,9999.000,9999.000
202603211348,   3.301,   3.758,9999.000,9999.000,9999.000,9999.000,9999.000,9999.000,9999.000
202603211354,   3.405,   3.847,9999.000,9999.000,9999.000,9999.000,9999.000,9999.000,9999.000
202603211400,   3.501,   3.919,   0.300,   0.118,   3.919,   0.200,   3.819,   0.300,   3.919
202603211406,   3.589,   3.988,9999.000,9999.000,9999.000,9999.000,9999.000,9999.000,9999.000
202603211412,   3.670,   4.057,9999.000,9999.000,9999.000,9999.000,9999.000,9999.000,9999.000
202603211418,   3.744,   4.119,9999.000,9999.000,9999.000,9999.000,9999.000,9999.000,9999.000
202603211424,   3.811,   4.178,9999.000,9999.000,9999.000,9999.000,9999.000,9999.000,9999.000
202603211430,   3.871,   4.237,9999.000,9999.000,9999.000,9999.000,9999.000,9999.000,9999.000
202603211436,   3.925,   4.290,9999.000,9999.000,9999.000,9999.000,9999.000,9999.000,9999.000
202603211442,   3.973,   4.339,9999.000,9999.000,9999.000,9999.000,9999.000,9999.000,9999.000
202603211448,   4.015,   4.378,9999.000,9999.000,9999.000,9999.000,9999.000,9999.000,9999.000
202603211454,   4.052,   4.427,9999.000,9999.000,9999.000,9999.000,9999.000,9999.000,9999.000
202603211500,   4.085,   4.467,   0.300,   0.082,   4.467,   0.200,   4.367,   0.300,   4.467
202603211506,   4.113,   4.509,9999.000,9999.000,9999.000,9999.000,9999.000,9999.000,9999.000
202603211512,   4.136,   4.539,9999.000,9999.000,9999.000,9999.000,9999.000,9999.000,9999.000
202603211518,   4.156,   4.578,9999.000,9999.000,9999.000,9999.000,9999.000,9999.000,9999.000
202603211524,   4.173,   4.588,9999.000,9999.000,9999.000,9999.000,9999.000,9999.000,9999.000
202603211530,   4.186,   4.628,9999.000,9999.000,9999.000,9999.000,9999.000,9999.000,9999.000
202603211536,   4.195,   4.647,9999.000,9999.000,9999.000,9999.000,9999.000,9999.000,9999.000
202603211542,   4.202,   4.677,9999.000,9999.000,9999.000,9999.000,9999.000,9999.000,9999.000
202603211548,   4.205,   4.690,9999.000,9999.000,9999.000,9999.000,9999.000,9999.000,9999.000
202603211554,   4.205,   4.700,9999.000,9999.000,9999.000,9999.000,9999.000,9999.000,9999.000
202603211600,   4.202,   4.700,   0.300,   0.198,   4.700,   0.200,   4.600,   0.300,   4.700
202603211606,   4.195,   4.700,9999.000,9999.000,9999.000,9999.000,9999.000,9999.000,9999.000
202603211612,   4.185,   4.700,9999.000,9999.000,9999.000,9999.000,9999.000,9999.000,9999.000
202603211618,   4.172,   4.700,9999.000,9999.000,9999.000,9999.000,9999.000,9999.000,9999.000
202603211624,   4.154,   4.690,9999.000,9999.000,9999.000,9999.000,9999.000,9999.000,9999.000
202603211630,   4.133,   4.657,9999.000,9999.000,9999.000,9999.000,9999.000,9999.000,9999.000
202603211636,   4.108,   4.628,9999.000,9999.000,9999.000,9999.000,9999.000,9999.000,9999.000
202603211642,   4.078,   4.588,9999.000,9999.000,9999.000,9999.000,9999.000,9999.000,9999.000
202603211648,   4.045,   4.559,9999.000,9999.000,9999.000,9999.000,9999.000,9999.000,9999.000
202603211654,   4.007,   4.500,9999.000,9999.000,9999.000,9999.000,9999.000,9999.000,9999.000
202603211700,   3.964,   4.447,   0.200,   0.283,   4.447,   0.200,   4.447,   0.300,   4.547
202603211706,   3.917,   4.378,9999.000,9999.000,9999.000,9999.000,9999.000,9999.000,9999.000
202603211712,   3.865,   4.300,9999.000,9999.000,9999.000,9999.000,9999.000,9999.000,9999.000
202603211718,   3.808,   4.218,9999.000,9999.000,9999.000,9999.000,9999.000,9999.000,9999.000
202603211724,   3.747,   4.129,9999.000,9999.000,9999.000,9999.000,9999.000,9999.000,9999.000
202603211730,   3.682,   4.027,9999.000,9999.000,9999.000,9999.000,9999.000,9999.000,9999.000
202603211736,   3.612,   3.939,9999.000,9999.000,9999.000,9999.000,9999.000,9999.000,9999.000
202603211742,   3.537,   3.847,9999.000,9999.000,9999.000,9999.000,9999.000,9999.000,9999.000
202603211748,   3.459,   3.729,9999.000,9999.000,9999.000,9999.000,9999.000,9999.000,9999.000
202603211754,   3.376,   3.617,9999.000,9999.000,9999.000,9999.000,9999.000,9999.000,9999.000
202603211800,   3.290,   3.509,   0.200,   0.019,   3.509,   0.200,   3.509,   0.300,   3.609
202603211806,   3.201,   3.417,9999.000,9999.000,9999.000,9999.000,9999.000,9999.000,9999.000
202603211812,   3.108,   3.299,9999.000,9999.000,9999.000,9999.000,9999.000,9999.000,9999.000
202603211818,   3.012,   3.168,9999.000,9999.000,9999.000,9999.000,9999.000,9999.000,9999.000
202603211824,   2.913,   3.050,9999.000,9999.000,9999.000,9999.000,9999.000,9999.000,9999.000
202603211830,   2.812,   2.929,9999.000,9999.000,9999.000,9999.000,9999.000,9999.000,9999.000
202603211836,   2.709,   2.807,9999.000,9999.000,9999.000,9999.000,9999.000,9999.000,9999.000
202603211842,   2.604,   2.709,9999.000,9999.000,9999.000,9999.000,9999.000,9999.000,9999.000
202603211848,   2.497,   2.597,9999.000,9999.000,9999.000,9999.000,9999.000,9999.000,9999.000
202603211854,   2.389,   2.499,9999.000,9999.000,9999.000,9999.000,9999.000,9999.000,9999.000
202603211900,   2.280,   2.387,   0.200,  -0.093,   2.387,   0.200,   2.387,   0.200,   2.387
202603211906,   2.170,   2.279,9999.000,9999.000,9999.000,9999.000,9999.000,9999.000,9999.000
202603211912,   2.060,   2.168,9999.000,9999.000,9999.000,9999.000,9999.000,9999.000,9999.000
202603211918,   1.949,   2.059,9999.000,9999.000,9999.000,9999.000,9999.000,9999.000,9999.000
202603211924,   1.838,   1.948,9999.000,9999.000,9999.000,9999.000,9999.000,9999.000,9999.000
202603211930,   1.728,   1.859,9999.000,9999.000,9999.000,9999.000,9999.000,9999.000,9999.000
202603211936,   1.618,   1.748,9999.000,9999.000,9999.000,9999.000,9999.000,9999.000,9999.000
202603211942,   1.509,   1.659,9999.000,9999.000,9999.000,9999.000,9999.000,9999.000,9999.000
202603211948,   1.402,   1.571,9999.000,9999.000,9999.000,9999.000,9999.000,9999.000,9999.000
202603211954,   1.295,   1.469,9999.000,9999.000,9999.000,9999.000,9999.000,9999.000,9999.000
202603212000,   1.190,   1.380,   0.200,  -0.010,   1.380,   0.200,   1.380,   0.200,   1.380
202603212006,   1.086,   1.279,9999.000,9999.000,9999.000,9999.000,9999.000,9999.000,9999.000
202603212012,   0.984,   1.180,9999.000,9999.000,9999.000,9999.000,9999.000,9999.000,9999.000
202603212018,   0.885,   1.098,9999.000,9999.000,9999.000,9999.000,9999.000,9999.000,9999.000
202603212024,   0.787,   1.010,9999.000,9999.000,9999.000,9999.000,9999.000,9999.000,9999.000
202603212030,   0.692,   0.941,9999.000,9999.000,9999.000,9999.000,9999.000,9999.000,9999.000
202603212036,   0.599,   0.859,9999.000,9999.000,9999.000,9999.000,9999.000,9999.000,9999.000
202603212042,   0.509,   0.770,9999.000,9999.000,9999.000,9999.000,9999.000,9999.000,9999.000
202603212048,   0.422,   0.688,9999.000,9999.000,9999.000,9999.000,9999.000,9999.000,9999.000
202603212054,   0.338,   0.619,9999.000,9999.000,9999.000,9999.000,9999.000,9999.000,9999.000
202603212100,   0.257,   0.541,   0.200,   0.084,   0.541,   0.200,   0.541,   0.200,   0.541
202603212106,   0.179,   0.469,9999.000,9999.000,9999.000,9999.000,9999.000,9999.000,9999.000
202603212112,   0.104,   0.400,9999.000,9999.000,9999.000,9999.000,9999.000,9999.000,9999.000
202603212118,   0.033,   0.321,9999.000,9999.000,9999.000,9999.000,9999.000,9999.000,9999.000
202603212124,  -0.034,   0.239,9999.000,9999.000,9999.000,9999.000,9999.000,9999.000,9999.000
202603212130,  -0.097,   0.170,9999.000,9999.000,9999.000,9999.000,9999.000,9999.000,9999.000
202603212136,  -0.157,   0.098,9999.000,9999.000,9999.000,9999.000,9999.000,9999.000,9999.000
202603212142,  -0.212,   0.049,9999.000,9999.000,9999.000,9999.000,9999.000,9999.000,9999.000
202603212148,  -0.263,  -0.009,9999.000,9999.000,9999.000,9999.000,9999.000,9999.000,9999.000
202603212154,  -0.309,  -0.068,9999.000,9999.000,9999.000,9999.000,9999.000,9999.000,9999.000
202603212200,  -0.349,  -0.121,   0.200,   0.028,  -0.121,   0.200,  -0.121,   0.200,  -0.121
202603212206,  -0.384,  -0.170,9999.000,9999.000,9999.000,9999.000,9999.000,9999.000,9999.000
202603212212,  -0.414,  -0.200,9999.000,9999.000,9999.000,9999.000,9999.000,9999.000,9999.000
202603212218,  -0.437,  -0.209,9999.000,9999.000,9999.000,9999.000,9999.000,9999.000,9999.000
202603212224,  -0.453,  -0.350,9999.000,9999.000,9999.000,9999.000,9999.000,9999.000,9999.000
202603212230,  -0.463,  -0.390,9999.000,9999.000,9999.000,9999.000,9999.000,9999.000,9999.000
202603212236,  -0.465,  -0.390,9999.000,9999.000,9999.000,9999.000,9999.000,9999.000,9999.000
202603212242,  -0.459,  -0.449,9999.000,9999.000,9999.000,9999.000,9999.000,9999.000,9999.000
202603212248,  -0.444,  -0.449,9999.000,9999.000,9999.000,9999.000,9999.000,9999.000,9999.000
202603212254,  -0.421,  -0.419,9999.000,9999.000,9999.000,9999.000,9999.000,9999.000,9999.000
202603212300,  -0.389,  -0.409,   0.200,  -0.220,  -0.409,   0.200,  -0.409,   0.200,  -0.409
202603212306,  -0.347,  -0.380,9999.000,9999.000,9999.000,9999.000,9999.000,9999.000,9999.000
202603212312,  -0.295,  -0.341,9999.000,9999.000,9999.000,9999.000,9999.000,9999.000,9999.000
202603212318,  -0.233,  -0.268,9999.000,9999.000,9999.000,9999.000,9999.000,9999.000,9999.000
202603212324,  -0.161,  -0.170,9999.000,9999.000,9999.000,9999.000,9999.000,9999.000,9999.000
202603212330,  -0.078,  -0.049,9999.000,9999.000,9999.000,9999.000,9999.000,9999.000,9999.000
202603212336,   0.014,   0.098,9999.000,9999.000,9999.000,9999.000,9999.000,9999.000,9999.000
202603212342,   0.117,   0.259,9999.000,9999.000,9999.000,9999.000,9999.000,9999.000,9999.000
202603212348,   0.230,   0.439,9999.000,9999.000,9999.000,9999.000,9999.000,9999.000,9999.000
202603212354,   0.353,   1.866,9999.000,9999.000,9999.000,9999.000,9999.000,9999.000,9999.000
202603220000,   0.485,   0.839,   0.100,   0.254,   0.839,   0.100,   0.839,   0.100,   0.839
202603220006,   0.627,   1.049,9999.000,9999.000,9999.000,9999.000,9999.000,9999.000,9999.000
202603220012,   0.776,   1.249,9999.000,9999.000,9999.000,9999.000,9999.000,9999.000,9999.000
202603220018,   0.933,   1.459,9999.000,9999.000,9999.000,9999.000,9999.000,9999.000,9999.000
202603220024,   1.096,   1.659,9999.000,9999.000,9999.000,9999.000,9999.000,9999.000,9999.000
202603220030,   1.266,   1.869,9999.000,9999.000,9999.000,9999.000,9999.000,9999.000,9999.000
202603220036,   1.440,   2.069,9999.000,9999.000,9999.000,9999.000,9999.000,9999.000,9999.000
202603220042,   1.617,   2.269,9999.000,9999.000,9999.000,9999.000,9999.000,9999.000,9999.000
202603220048,   1.798,   2.450,9999.000,9999.000,9999.000,9999.000,9999.000,9999.000,9999.000
202603220054,   1.980,   2.630,9999.000,9999.000,9999.000,9999.000,9999.000,9999.000,9999.000
202603220100,   2.162,   2.797,   0.100,   0.535,   2.797,   0.100,   2.797,   0.100,   2.797
202603220106,   2.343,   2.958,9999.000,9999.000,9999.000,9999.000,9999.000,9999.000,9999.000
202603220112,   2.523,   3.109,9999.000,9999.000,9999.000,9999.000,9999.000,9999.000,9999.000
202603220118,   2.700,   3.250,9999.000,9999.000,9999.000,9999.000,9999.000,9999.000,9999.000
202603220124,   2.873,   3.388,9999.000,9999.000,9999.000,9999.000,9999.000,9999.000,9999.000
202603220130,   3.041,   3.509,9999.000,9999.000,9999.000,9999.000,9999.000,9999.000,9999.000
202603220136,   3.203,   3.627,9999.000,9999.000,9999.000,9999.000,9999.000,9999.000,9999.000
202603220142,   3.359,   3.739,9999.000,9999.000,9999.000,9999.000,9999.000,9999.000,9999.000
202603220148,   3.508,   3.847,9999.000,9999.000,9999.000,9999.000,9999.000,9999.000,9999.000
202603220154,   3.649,   3.958,9999.000,9999.000,9999.000,9999.000,9999.000,9999.000,9999.000
202603220200,   3.782,   4.057,   0.100,   0.175,   4.057,   0.100,   4.057,   0.100,   4.057
202603220206,   3.907,   4.149,9999.000,9999.000,9999.000,9999.000,9999.000,9999.000,9999.000
202603220212,   4.023,   4.227,9999.000,9999.000,9999.000,9999.000,9999.000,9999.000,9999.000
202603220218,   4.130,   4.309,9999.000,9999.000,9999.000,9999.000,9999.000,9999.000,9999.000
202603220224,   4.228,   4.378,9999.000,9999.000,9999.000,9999.000,9999.000,9999.000,9999.000
202603220230,   4.318,   4.457,9999.000,9999.000,9999.000,9999.000,9999.000,9999.000,9999.000
202603220236,   4.399,   4.529,9999.000,9999.000,9999.000,9999.000,9999.000,9999.000,9999.000
202603220242,   4.473,   4.598,9999.000,9999.000,9999.000,9999.000,9999.000,9999.000,9999.000
202603220248,   4.538,   4.667,9999.000,9999.000,9999.000,9999.000,9999.000,9999.000,9999.000
202603220254,   4.596,   4.719,9999.000,9999.000,9999.000,9999.000,9999.000,9999.000,9999.000
202603220300,   4.647,   4.769,   0.100,   0.022,   4.769,   0.100,   4.769,   0.100,   4.769
202603220306,   4.691,   4.818,9999.000,9999.000,9999.000,9999.000,9999.000,9999.000,9999.000
202603220312,   4.730,   4.877,9999.000,9999.000,9999.000,9999.000,9999.000,9999.000,9999.000
202603220318,   4.763,   4.929,9999.000,9999.000,9999.000,9999.000,9999.000,9999.000,9999.000
202603220324,   4.790,   4.979,9999.000,9999.000,9999.000,9999.000,9999.000,9999.000,9999.000
202603220330,   4.813,   5.028,9999.000,9999.000,9999.000,9999.000,9999.000,9999.000,9999.000
202603220336,   4.832,   5.077,9999.000,9999.000,9999.000,9999.000,9999.000,9999.000,9999.000
202603220342,   4.846,   5.129,9999.000,9999.000,9999.000,9999.000,9999.000,9999.000,9999.000
202603220348,   4.857,   5.169,9999.000,9999.000,9999.000,9999.000,9999.000,9999.000,9999.000
202603220354,   4.865,   5.208,9999.000,9999.000,9999.000,9999.000,9999.000,9999.000,9999.000
202603220400,   4.869,   5.228,   0.100,   0.259,   5.228,   0.100,   5.228,   0.100,   5.228
202603220406,   4.870,   5.257,9999.000,9999.000,9999.000,9999.000,9999.000,9999.000,9999.000
202603220412,   4.869,   5.277,9999.000,9999.000,9999.000,9999.000,9999.000,9999.000,9999.000
202603220418,   4.864,   5.297,9999.000,9999.000,9999.000,9999.000,9999.000,9999.000,9999.000
202603220424,   4.857,   5.307,9999.000,9999.000,9999.000,9999.000,9999.000,9999.000,9999.000
202603220430,   4.846,   5.329,9999.000,9999.000,9999.000,9999.000,9999.000,9999.000,9999.000
202603220436,   4.833,   5.359,9999.000,9999.000,9999.000,9999.000,9999.000,9999.000,9999.000
202603220442,   4.816,   5.339,9999.000,9999.000,9999.000,9999.000,9999.000,9999.000,9999.000
202603220448,   4.797,   5.257,9999.000,9999.000,9999.000,9999.000,9999.000,9999.000,9999.000
202603220454,   4.774,   5.307,9999.000,9999.000,9999.000,9999.000,9999.000,9999.000,9999.000
202603220500,   4.747,   5.277,   0.100,   0.430,   5.277,   0.100,   5.277,   0.100,   5.277
202603220506,   4.717,   5.257,9999.000,9999.000,9999.000,9999.000,9999.000,9999.000,9999.000
202603220512,   4.683,   5.228,9999.000,9999.000,9999.000,9999.000,9999.000,9999.000,9999.000
202603220518,   4.645,   5.169,9999.000,9999.000,9999.000,9999.000,9999.000,9999.000,9999.000
202603220524,   4.604,   5.120,9999.000,9999.000,9999.000,9999.000,9999.000,9999.000,9999.000
202603220530,   4.558,   5.047,9999.000,9999.000,9999.000,9999.000,9999.000,9999.000,9999.000
202603220536,   4.509,   4.988,9999.000,9999.000,9999.000,9999.000,9999.000,9999.000,9999.000
202603220542,   4.455,   4.910,9999.000,9999.000,9999.000,9999.000,9999.000,9999.000,9999.000
202603220548,   4.397,   4.847,9999.000,9999.000,9999.000,9999.000,9999.000,9999.000,9999.000
202603220554,   4.336,   4.759,9999.000,9999.000,9999.000,9999.000,9999.000,9999.000,9999.000
202603220600,   4.270,   4.677,   0.000,   0.407,   4.677,   0.000,   4.677,   0.100,   4.777
202603220606,   4.201,   4.569,9999.000,9999.000,9999.000,9999.000,9999.000,9999.000,9999.000
202603220612,   4.128,   4.467,9999.000,9999.000,9999.000,9999.000,9999.000,9999.000,9999.000
202603220618,   4.051,   4.378,9999.000,9999.000,9999.000,9999.000,9999.000,9999.000,9999.000
202603220624,   3.971,   4.267,9999.000,9999.000,9999.000,9999.000,9999.000,9999.000,9999.000
202603220630,   3.887,   4.168,9999.000,9999.000,9999.000,9999.000,9999.000,9999.000,9999.000
202603220636,   3.801,   4.057,9999.000,9999.000,9999.000,9999.000,9999.000,9999.000,9999.000
202603220642,   3.711,   3.949,9999.000,9999.000,9999.000,9999.000,9999.000,9999.000,9999.000
202603220648,   3.619,   3.827,9999.000,9999.000,9999.000,9999.000,9999.000,9999.000,9999.000
202603220654,   3.525,   3.709,9999.000,9999.000,9999.000,9999.000,9999.000,9999.000,9999.000
202603220700,   3.428,   3.607,   0.100,   0.079,   3.607,   0.000,   3.507,   0.100,   3.607
202603220706,   3.329,   3.489,9999.000,9999.000,9999.000,9999.000,9999.000,9999.000,9999.000
202603220712,   3.228,   3.378,9999.000,9999.000,9999.000,9999.000,9999.000,9999.000,9999.000
202603220718,   3.126,   3.270,9999.000,9999.000,9999.000,9999.000,9999.000,9999.000,9999.000
202603220724,   3.022,   3.168,9999.000,9999.000,9999.000,9999.000,9999.000,9999.000,9999.000
202603220730,   2.917,   3.060,9999.000,9999.000,9999.000,9999.000,9999.000,9999.000,9999.000
202603220736,   2.811,   2.958,9999.000,9999.000,9999.000,9999.000,9999.000,9999.000,9999.000
202603220742,   2.704,   2.860,9999.000,9999.000,9999.000,9999.000,9999.000,9999.000,9999.000
202603220748,   2.596,   2.758,9999.000,9999.000,9999.000,9999.000,9999.000,9999.000,9999.000
202603220754,   2.488,   2.650,9999.000,9999.000,9999.000,9999.000,9999.000,9999.000,9999.000
202603220800,   2.380,   2.548,   0.100,   0.068,   2.548,   0.000,   2.448,   0.100,   2.548
202603220806,   2.272,   2.450,9999.000,9999.000,9999.000,9999.000,9999.000,9999.000,9999.000
202603220812,   2.163,   2.358,9999.000,9999.000,9999.000,9999.000,9999.000,9999.000,9999.000
202603220818,   2.055,   2.250,9999.000,9999.000,9999.000,9999.000,9999.000,9999.000,9999.000
202603220824,   1.948,   2.168,9999.000,9999.000,9999.000,9999.000,9999.000,9999.000,9999.000
202603220830,   1.840,   2.069,9999.000,9999.000,9999.000,9999.000,9999.000,9999.000,9999.000
202603220836,   1.734,   1.981,9999.000,9999.000,9999.000,9999.000,9999.000,9999.000,9999.000
202603220842,   1.628,   1.869,9999.000,9999.000,9999.000,9999.000,9999.000,9999.000,9999.000
202603220848,   1.523,   1.800,9999.000,9999.000,9999.000,9999.000,9999.000,9999.000,9999.000
202603220854,   1.419,   1.728,9999.000,9999.000,9999.000,9999.000,9999.000,9999.000,9999.000
202603220900,   1.317,   1.708,   0.100,   0.291,   1.708,   0.000,   1.608,   0.100,   1.708
202603220906,   1.216,   1.518,9999.000,9999.000,9999.000,9999.000,9999.000,9999.000,9999.000
202603220912,   1.116,   1.338,9999.000,9999.000,9999.000,9999.000,9999.000,9999.000,9999.000
202603220918,   1.017,   1.318,9999.000,9999.000,9999.000,9999.000,9999.000,9999.000,9999.000
202603220924,   0.921,   1.190,9999.000,9999.000,9999.000,9999.000,9999.000,9999.000,9999.000
202603220930,   0.826,   1.098,9999.000,9999.000,9999.000,9999.000,9999.000,9999.000,9999.000
202603220936,   0.733,   1.029,9999.000,9999.000,9999.000,9999.000,9999.000,9999.000,9999.000
202603220942,   0.642,   0.951,9999.000,9999.000,9999.000,9999.000,9999.000,9999.000,9999.000
202603220948,   0.554,   0.849,9999.000,9999.000,9999.000,9999.000,9999.000,9999.000,9999.000
202603220954,   0.468,   0.760,9999.000,9999.000,9999.000,9999.000,9999.000,9999.000,9999.000
202603221000,   0.385,   0.698,   0.100,   0.213,   0.698,   0.000,   0.598,   0.100,   0.698
202603221006,   0.305,   0.619,9999.000,9999.000,9999.000,9999.000,9999.000,9999.000,9999.000
202603221012,   0.228,   0.541,9999.000,9999.000,9999.000,9999.000,9999.000,9999.000,9999.000
202603221018,   0.154,   0.469,9999.000,9999.000,9999.000,9999.000,9999.000,9999.000,9999.000
202603221024,   0.085,   0.409,9999.000,9999.000,9999.000,9999.000,9999.000,9999.000,9999.000
202603221030,   0.020,   0.341,9999.000,9999.000,9999.000,9999.000,9999.000,9999.000,9999.000
202603221036,  -0.039,   0.268,9999.000,9999.000,9999.000,9999.000,9999.000,9999.000,9999.000
202603221042,  -0.094,   0.219,9999.000,9999.000,9999.000,9999.000,9999.000,9999.000,9999.000
202603221048,  -0.144,   0.150,9999.000,9999.000,9999.000,9999.000,9999.000,9999.000,9999.000
202603221054,  -0.187,   0.098,9999.000,9999.000,9999.000,9999.000,9999.000,9999.000,9999.000
202603221100,  -0.224,   0.049,   0.100,   0.173,   0.049,   0.100,   0.049,   0.100,   0.049
202603221106,  -0.253,   0.009,9999.000,9999.000,9999.000,9999.000,9999.000,9999.000,9999.000
202603221112,  -0.275,  -0.029,9999.000,9999.000,9999.000,9999.000,9999.000,9999.000,9999.000
202603221118,  -0.289,  -0.049,9999.000,9999.000,9999.000,9999.000,9999.000,9999.000,9999.000
202603221124,  -0.294,  -0.078,9999.000,9999.000,9999.000,9999.000,9999.000,9999.000,9999.000
202603221130,  -0.290,  -0.088,9999.000,9999.000,9999.000,9999.000,9999.000,9999.000,9999.000
202603221136,  -0.277,  -0.088,9999.000,9999.000,9999.000,9999.000,9999.000,9999.000,9999.000
202603221142,  -0.253,  -0.078,9999.000,9999.000,9999.000,9999.000,9999.000,9999.000,9999.000
202603221148,  -0.220,  -0.059,9999.000,9999.000,9999.000,9999.000,9999.000,9999.000,9999.000
202603221154,  -0.177,  -0.019,9999.000,9999.000,9999.000,9999.000,9999.000,9999.000,9999.000
202603221200,  -0.123,   0.029,   0.100,   0.052,   0.029,   0.100,   0.029,   0.100,   0.029
202603221206,  -0.059,   0.121,9999.000,9999.000,9999.000,9999.000,9999.000,9999.000,9999.000
202603221212,   0.015,   0.239,9999.000,9999.000,9999.000,9999.000,9999.000,9999.000,9999.000
202603221218,   0.099,   0.380,9999.000,9999.000,9999.000,9999.000,9999.000,9999.000,9999.000
202603221224,   0.194,   0.518,9999.000,9999.000,9999.000,9999.000,9999.000,9999.000,9999.000
202603221230,   0.297,   0.678,9999.000,9999.000,9999.000,9999.000,9999.000,9999.000,9999.000
202603221236,   0.410,   0.839,9999.000,9999.000,9999.000,9999.000,9999.000,9999.000,9999.000
202603221242,   0.531,   1.010,9999.000,9999.000,9999.000,9999.000,9999.000,9999.000,9999.000
202603221248,   0.659,   1.180,9999.000,9999.000,9999.000,9999.000,9999.000,9999.000,9999.000
202603221254,   0.794,   1.361,9999.000,9999.000,9999.000,9999.000,9999.000,9999.000,9999.000
202603221300,   0.935,   1.538,   0.100,   0.503,   1.538,   0.100,   1.538,   0.100,   1.538
202603221306,   1.080,   1.718,9999.000,9999.000,9999.000,9999.000,9999.000,9999.000,9999.000
202603221312,   1.230,   1.899,9999.000,9999.000,9999.000,9999.000,9999.000,9999.000,9999.000
202603221318,   1.382,   2.079,9999.000,9999.000,9999.000,9999.000,9999.000,9999.000,9999.000
202603221324,   1.537,   2.259,9999.000,9999.000,9999.000,9999.000,9999.000,9999.000,9999.000
202603221330,   1.692,   2.420,9999.000,9999.000,9999.000,9999.000,9999.000,9999.000,9999.000
202603221336,   1.846,   2.568,9999.000,9999.000,9999.000,9999.000,9999.000,9999.000,9999.000
202603221342,   1.999,   2.699,9999.000,9999.000,9999.000,9999.000,9999.000,9999.000,9999.000
202603221348,   2.150,   2.840,9999.000,9999.000,9999.000,9999.000,9999.000,9999.000,9999.000
202603221354,   2.298,   2.978,9999.000,9999.000,9999.000,9999.000,9999.000,9999.000,9999.000
202603221400,   2.441,   3.109,   0.100,   0.568,   3.109,   0.100,   3.109,   0.100,   3.109
202603221406,   2.580,   3.240,9999.000,9999.000,9999.000,9999.000,9999.000,9999.000,9999.000
202603221412,   2.713,   3.358,9999.000,9999.000,9999.000,9999.000,9999.000,9999.000,9999.000
202603221418,   2.840,   3.470,9999.000,9999.000,9999.000,9999.000,9999.000,9999.000,9999.000
202603221424,   2.960,   3.578,9999.000,9999.000,9999.000,9999.000,9999.000,9999.000,9999.000
202603221430,   3.073,   3.680,9999.000,9999.000,9999.000,9999.000,9999.000,9999.000,9999.000
202603221436,   3.180,   3.768,9999.000,9999.000,9999.000,9999.000,9999.000,9999.000,9999.000
202603221442,   3.279,   3.847,9999.000,9999.000,9999.000,9999.000,9999.000,9999.000,9999.000
202603221448,   3.371,   3.919,9999.000,9999.000,9999.000,9999.000,9999.000,9999.000,9999.000
202603221454,   3.455,   3.988,9999.000,9999.000,9999.000,9999.000,9999.000,9999.000,9999.000
202603221500,   3.532,   4.057,   0.100,   0.425,   4.057,   0.100,   4.057,   0.100,   4.057
202603221506,   3.603,   4.109,9999.000,9999.000,9999.000,9999.000,9999.000,9999.000,9999.000
202603221512,   3.666,   4.168,9999.000,9999.000,9999.000,9999.000,9999.000,9999.000,9999.000
202603221518,   3.723,   4.218,9999.000,9999.000,9999.000,9999.000,9999.000,9999.000,9999.000
202603221524,   3.775,   4.267,9999.000,9999.000,9999.000,9999.000,9999.000,9999.000,9999.000
202603221530,   3.820,   4.319,9999.000,9999.000,9999.000,9999.000,9999.000,9999.000,9999.000
202603221536,   3.861,   4.359,9999.000,9999.000,9999.000,9999.000,9999.000,9999.000,9999.000
202603221542,   3.897,   4.398,9999.000,9999.000,9999.000,9999.000,9999.000,9999.000,9999.000
202603221548,   3.928,   4.437,9999.000,9999.000,9999.000,9999.000,9999.000,9999.000,9999.000
202603221554,   3.955,   4.480,9999.000,9999.000,9999.000,9999.000,9999.000,9999.000,9999.000
202603221600,   3.978,   4.500,   0.100,   0.422,   4.500,   0.100,   4.500,   0.200,   4.600
202603221606,   3.998,   4.529,9999.000,9999.000,9999.000,9999.000,9999.000,9999.000,9999.000
202603221612,   4.014,   4.559,9999.000,9999.000,9999.000,9999.000,9999.000,9999.000,9999.000
202603221618,   4.027,   4.578,9999.000,9999.000,9999.000,9999.000,9999.000,9999.000,9999.000
202603221624,   4.038,   4.588,9999.000,9999.000,9999.000,9999.000,9999.000,9999.000,9999.000
202603221630,   4.045,   4.608,9999.000,9999.000,9999.000,9999.000,9999.000,9999.000,9999.000
202603221636,   4.049,   4.618,9999.000,9999.000,9999.000,9999.000,9999.000,9999.000,9999.000
202603221642,   4.051,   4.628,9999.000,9999.000,9999.000,9999.000,9999.000,9999.000,9999.000
202603221648,   4.049,   4.637,9999.000,9999.000,9999.000,9999.000,9999.000,9999.000,9999.000
202603221654,   4.045,   4.637,9999.000,9999.000,9999.000,9999.000,9999.000,9999.000,9999.000
202603221700,   4.037,   4.618,   0.100,   0.481,   4.618,   0.100,   4.618,   0.200,   4.718
202603221706,   4.026,   4.618,9999.000,9999.000,9999.000,9999.000,9999.000,9999.000,9999.000
202603221712,   4.011,   4.588,9999.000,9999.000,9999.000,9999.000,9999.000,9999.000,9999.000
202603221718,   3.993,   4.569,9999.000,9999.000,9999.000,9999.000,9999.000,9999.000,9999.000
202603221724,   3.971,   4.529,9999.000,9999.000,9999.000,9999.000,9999.000,9999.000,9999.000
202603221730,   3.944,   4.500,9999.000,9999.000,9999.000,9999.000,9999.000,9999.000,9999.000
202603221736,   3.914,   4.457,9999.000,9999.000,9999.000,9999.000,9999.000,9999.000,9999.000
202603221742,   3.879,   4.398,9999.000,9999.000,9999.000,9999.000,9999.000,9999.000,9999.000
202603221748,   3.840,   4.339,9999.000,9999.000,9999.000,9999.000,9999.000,9999.000,9999.000
202603221754,   3.796,   4.257,9999.000,9999.000,9999.000,9999.000,9999.000,9999.000,9999.000
202603221800,   3.748,   4.188,   0.200,   0.240,   4.188,   0.200,   4.188,   0.300,   4.288
202603221806,   3.695,   4.109,9999.000,9999.000,9999.000,9999.000,9999.000,9999.000,9999.000
202603221812,   3.637,   4.017,9999.000,9999.000,9999.000,9999.000,9999.000,9999.000,9999.000
202603221818,   3.575,   3.919,9999.000,9999.000,9999.000,9999.000,9999.000,9999.000,9999.000
202603221824,   3.509,   3.817,9999.000,9999.000,9999.000,9999.000,9999.000,9999.000,9999.000
202603221830,   3.438,   3.709,9999.000,9999.000,9999.000,9999.000,9999.000,9999.000,9999.000
202603221836,   3.363,   3.598,9999.000,9999.000,9999.000,9999.000,9999.000,9999.000,9999.000
202603221842,   3.285,   3.489,9999.000,9999.000,9999.000,9999.000,9999.000,9999.000,9999.000
202603221848,   3.202,   3.388,9999.000,9999.000,9999.000,9999.000,9999.000,9999.000,9999.000
202603221854,   3.116,   3.279,9999.000,9999.000,9999.000,9999.000,9999.000,9999.000,9999.000
202603221900,   3.026,   3.148,   0.200,  -0.078,   3.148,   0.200,   3.148,   0.300,   3.248
202603221906,   2.934,   3.030,9999.000,9999.000,9999.000,9999.000,9999.000,9999.000,9999.000
202603221912,   2.838,   2.909,9999.000,9999.000,9999.000,9999.000,9999.000,9999.000,9999.000
202603221918,   2.741,   2.807,9999.000,9999.000,9999.000,9999.000,9999.000,9999.000,9999.000
202603221924,   2.640,   2.689,9999.000,9999.000,9999.000,9999.000,9999.000,9999.000,9999.000
202603221930,   2.538,   2.587,9999.000,9999.000,9999.000,9999.000,9999.000,9999.000,9999.000
202603221936,   2.435,   2.479,9999.000,9999.000,9999.000,9999.000,9999.000,9999.000,9999.000
202603221942,   2.330,   2.377,9999.000,9999.000,9999.000,9999.000,9999.000,9999.000,9999.000
202603221948,   2.224,   2.269,9999.000,9999.000,9999.000,9999.000,9999.000,9999.000,9999.000
202603221954,   2.117,   2.158,9999.000,9999.000,9999.000,9999.000,9999.000,9999.000,9999.000
202603222000,   2.009,   2.059,   0.300,  -0.250,   2.059,   0.200,   1.959,   0.300,   2.059
202603222006,   1.902,   1.967,9999.000,9999.000,9999.000,9999.000,9999.000,9999.000,9999.000
202603222012,   1.794,   1.869,9999.000,9999.000,9999.000,9999.000,9999.000,9999.000,9999.000
202603222018,   1.687,   1.781,9999.000,9999.000,9999.000,9999.000,9999.000,9999.000,9999.000
202603222024,   1.581,   1.689,9999.000,9999.000,9999.000,9999.000,9999.000,9999.000,9999.000
202603222030,   1.475,   1.610,9999.000,9999.000,9999.000,9999.000,9999.000,9999.000,9999.000
202603222036,   1.370,   1.528,9999.000,9999.000,9999.000,9999.000,9999.000,9999.000,9999.000
202603222042,   1.267,   1.430,9999.000,9999.000,9999.000,9999.000,9999.000,9999.000,9999.000
202603222048,   1.165,   1.338,9999.000,9999.000,9999.000,9999.000,9999.000,9999.000,9999.000
202603222054,   1.065,   1.249,9999.000,9999.000,9999.000,9999.000,9999.000,9999.000,9999.000
202603222100,   0.967,   1.161,   0.300,  -0.106,   1.161,   0.200,   1.061,   0.300,   1.161
202603222106,   0.871,   1.079,9999.000,9999.000,9999.000,9999.000,9999.000,9999.000,9999.000
202603222112,   0.778,   1.010,9999.000,9999.000,9999.000,9999.000,9999.000,9999.000,9999.000
202603222118,   0.687,   0.918,9999.000,9999.000,9999.000,9999.000,9999.000,9999.000,9999.000
202603222124,   0.598,   0.829,9999.000,9999.000,9999.000,9999.000,9999.000,9999.000,9999.000
202603222130,   0.513,   0.760,9999.000,9999.000,9999.000,9999.000,9999.000,9999.000,9999.000
202603222136,   0.430,   0.698,9999.000,9999.000,9999.000,9999.000,9999.000,9999.000,9999.000
202603222142,   0.351,   0.619,9999.000,9999.000,9999.000,9999.000,9999.000,9999.000,9999.000
202603222148,   0.275,   0.541,9999.000,9999.000,9999.000,9999.000,9999.000,9999.000,9999.000
202603222154,   0.202,   0.469,9999.000,9999.000,9999.000,9999.000,9999.000,9999.000,9999.000
202603222200,   0.133,   0.400,   0.300,  -0.033,   0.400,   0.300,   0.400,   0.300,   0.400
202603222206,   0.067,   0.321,9999.000,9999.000,9999.000,9999.000,9999.000,9999.000,9999.000
202603222212,   0.005,   0.259,9999.000,9999.000,9999.000,9999.000,9999.000,9999.000,9999.000
202603222218,  -0.052,   0.200,9999.000,9999.000,9999.000,9999.000,9999.000,9999.000,9999.000
202603222224,  -0.105,   0.141,9999.000,9999.000,9999.000,9999.000,9999.000,9999.000,9999.000
202603222230,  -0.155,   0.078,9999.000,9999.000,9999.000,9999.000,9999.000,9999.000,9999.000
202603222236,  -0.200,   0.039,9999.000,9999.000,9999.000,9999.000,9999.000,9999.000,9999.000
202603222242,  -0.240,  -0.019,9999.000,9999.000,9999.000,9999.000,9999.000,9999.000,9999.000
202603222248,  -0.275,  -0.049,9999.000,9999.000,9999.000,9999.000,9999.000,9999.000,9999.000
202603222254,  -0.305,  -0.111,9999.000,9999.000,9999.000,9999.000,9999.000,9999.000,9999.000
202603222300,  -0.330,  -0.160,   0.300,  -0.130,  -0.160,   0.300,  -0.160,   0.300,  -0.160
202603222306,  -0.348,  -0.190,9999.000,9999.000,9999.000,9999.000,9999.000,9999.000,9999.000
202603222312,  -0.360,  -0.219,9999.000,9999.000,9999.000,9999.000,9999.000,9999.000,9999.000
202603222318,  -0.365,  -0.239,9999.000,9999.000,9999.000,9999.000,9999.000,9999.000,9999.000
202603222324,  -0.364,  -0.239,9999.000,9999.000,9999.000,9999.000,9999.000,9999.000,9999.000
202603222330,  -0.355,  -0.229,9999.000,9999.000,9999.000,9999.000,9999.000,9999.000,9999.000
202603222336,  -0.338,  -0.200,9999.000,9999.000,9999.000,9999.000,9999.000,9999.000,9999.000
202603222342,  -0.313,  -0.150,9999.000,9999.000,9999.000,9999.000,9999.000,9999.000,9999.000
202603222348,  -0.279,  -0.098,9999.000,9999.000,9999.000,9999.000,9999.000,9999.000,9999.000
202603222354,  -0.237,  -0.019,9999.000,9999.000,9999.000,9999.000,9999.000,9999.000,9999.000
202603230000,  -0.185,   0.078,   0.300,  -0.037,   0.078,   0.300,   0.078,   0.300,   0.078
202603230006,  -0.124,   0.190,9999.000,9999.000,9999.000,9999.000,9999.000,9999.000,9999.000
202603230012,  -0.054,   0.321,9999.000,9999.000,9999.000,9999.000,9999.000,9999.000,9999.000
202603230018,   0.026,   0.459,9999.000,9999.000,9999.000,9999.000,9999.000,9999.000,9999.000
202603230024,   0.115,   0.610,9999.000,9999.000,9999.000,9999.000,9999.000,9999.000,9999.000
202603230030,   0.215,   0.780,9999.000,9999.000,9999.000,9999.000,9999.000,9999.000,9999.000
202603230036,   0.323,   0.970,9999.000,9999.000,9999.000,9999.000,9999.000,9999.000,9999.000
202603230042,   0.441,   1.128,9999.000,9999.000,9999.000,9999.000,9999.000,9999.000,9999.000
202603230048,   0.568,   1.200,9999.000,9999.000,9999.000,9999.000,9999.000,9999.000,9999.000
202603230054,   0.703,   1.469,9999.000,9999.000,9999.000,9999.000,9999.000,9999.000,9999.000
202603230100,   0.846,   1.639,   0.300,   0.493,   1.639,   0.300,   1.639,   0.400,   1.739
202603230106,   0.996,   1.859,9999.000,9999.000,9999.000,9999.000,9999.000,9999.000,9999.000
202603230112,   1.152,   2.040,9999.000,9999.000,9999.000,9999.000,9999.000,9999.000,9999.000
202603230118,   1.313,   2.230,9999.000,9999.000,9999.000,9999.000,9999.000,9999.000,9999.000
202603230124,   1.480,   2.377,9999.000,9999.000,9999.000,9999.000,9999.000,9999.000,9999.000
202603230130,   1.650,   2.568,9999.000,9999.000,9999.000,9999.000,9999.000,9999.000,9999.000
202603230136,   1.822,   2.719,9999.000,9999.000,9999.000,9999.000,9999.000,9999.000,9999.000
202603230142,   1.996,   2.879,9999.000,9999.000,9999.000,9999.000,9999.000,9999.000,9999.000
202603230148,   2.170,   3.017,9999.000,9999.000,9999.000,9999.000,9999.000,9999.000,9999.000
202603230154,   2.344,   3.148,9999.000,9999.000,9999.000,9999.000,9999.000,9999.000,9999.000
202603230200,   2.516,   3.279,   0.300,   0.463,   3.279,   0.300,   3.279,   0.400,   3.379
202603230206,   2.686,   3.407,9999.000,9999.000,9999.000,9999.000,9999.000,9999.000,9999.000
202603230212,   2.851,   3.519,9999.000,9999.000,9999.000,9999.000,9999.000,9999.000,9999.000
202603230218,   3.013,   3.650,9999.000,9999.000,9999.000,9999.000,9999.000,9999.000,9999.000
202603230224,   3.168,   3.749,9999.000,9999.000,9999.000,9999.000,9999.000,9999.000,9999.000
202603230230,   3.318,   3.847,9999.000,9999.000,9999.000,9999.000,9999.000,9999.000,9999.000
202603230236,   3.461,   3.949,9999.000,9999.000,9999.000,9999.000,9999.000,9999.000,9999.000
202603230242,   3.597,   4.037,9999.000,9999.000,9999.000,9999.000,9999.000,9999.000,9999.000
202603230248,   3.725,   4.119,9999.000,9999.000,9999.000,9999.000,9999.000,9999.000,9999.000
202603230254,   3.845,   4.198,9999.000,9999.000,9999.000,9999.000,9999.000,9999.000,9999.000
202603230300,   3.956,   4.267,   0.400,  -0.089,   4.267,   0.300,   4.167,   0.400,   4.267
202603230306,   4.060,   4.339,9999.000,9999.000,9999.000,9999.000,9999.000,9999.000,9999.000
202603230312,   4.155,   4.408,9999.000,9999.000,9999.000,9999.000,9999.000,9999.000,9999.000
202603230318,   4.241,   4.480,9999.000,9999.000,9999.000,9999.000,9999.000,9999.000,9999.000
202603230324,   4.320,   4.549,9999.000,9999.000,9999.000,9999.000,9999.000,9999.000,9999.000
202603230330,   4.391,   4.608,9999.000,9999.000,9999.000,9999.000,9999.000,9999.000,9999.000
202603230336,   4.454,   4.667,9999.000,9999.000,9999.000,9999.000,9999.000,9999.000,9999.000
202603230342,   4.511,   4.729,9999.000,9999.000,9999.000,9999.000,9999.000,9999.000,9999.000
202603230348,   4.560,   4.778,9999.000,9999.000,9999.000,9999.000,9999.000,9999.000,9999.000
202603230354,   4.604,   4.837,9999.000,9999.000,9999.000,9999.000,9999.000,9999.000,9999.000
202603230400,   4.642,   4.877,   0.400,  -0.165,   4.877,   0.300,   4.777,   0.400,   4.877
202603230406,   4.674,   4.929,9999.000,9999.000,9999.000,9999.000,9999.000,9999.000,9999.000
202603230412,   4.702,   4.979,9999.000,9999.000,9999.000,9999.000,9999.000,9999.000,9999.000
202603230418,   4.725,   5.028,9999.000,9999.000,9999.000,9999.000,9999.000,9999.000,9999.000
202603230424,   4.744,   5.077,9999.000,9999.000,9999.000,9999.000,9999.000,9999.000,9999.000
202603230430,   4.760,   5.120,9999.000,9999.000,9999.000,9999.000,9999.000,9999.000,9999.000
202603230436,   4.772,   5.159,9999.000,9999.000,9999.000,9999.000,9999.000,9999.000,9999.000
202603230442,   4.781,   5.198,9999.000,9999.000,9999.000,9999.000,9999.000,9999.000,9999.000
202603230448,   4.788,   5.228,9999.000,9999.000,9999.000,9999.000,9999.000,9999.000,9999.000
202603230454,   4.791,   5.247,9999.000,9999.000,9999.000,9999.000,9999.000,9999.000,9999.000
202603230500,   4.793,   5.277,   0.400,   0.084,   5.277,   0.300,   5.177,   0.400,   5.277
202603230506,   4.791,   5.297,9999.000,9999.000,9999.000,9999.000,9999.000,9999.000,9999.000
202603230512,   4.787,   5.320,9999.000,9999.000,9999.000,9999.000,9999.000,9999.000,9999.000
202603230518,   4.780,   5.339,9999.000,9999.000,9999.000,9999.000,9999.000,9999.000,9999.000
202603230524,   4.771,   5.359,9999.000,9999.000,9999.000,9999.000,9999.000,9999.000,9999.000
202603230530,   4.759,   5.369,9999.000,9999.000,9999.000,9999.000,9999.000,9999.000,9999.000
202603230536,   4.744,   5.379,9999.000,9999.000,9999.000,9999.000,9999.000,9999.000,9999.000
202603230542,   4.726,   5.379,9999.000,9999.000,9999.000,9999.000,9999.000,9999.000,9999.000
202603230548,   4.704,   5.359,9999.000,9999.000,9999.000,9999.000,9999.000,9999.000,9999.000
202603230554,   4.680,   5.329,9999.000,9999.000,9999.000,9999.000,9999.000,9999.000,9999.000
202603230600,   4.652,   5.307,   0.400,   0.255,   5.307,   0.300,   5.207,   0.400,   5.307
202603230606,   4.620,   5.267,9999.000,9999.000,9999.000,9999.000,9999.000,9999.000,9999.000
202603230612,   4.585,   5.228,9999.000,9999.000,9999.000,9999.000,9999.000,9999.000,9999.000
202603230618,   4.545,   5.179,9999.000,9999.000,9999.000,9999.000,9999.000,9999.000,9999.000
202603230624,   4.502,   5.120,9999.000,9999.000,9999.000,9999.000,9999.000,9999.000,9999.000
202603230630,   4.455,   5.047,9999.000,9999.000,9999.000,9999.000,9999.000,9999.000,9999.000
202603230636,   4.404,   4.979,9999.000,9999.000,9999.000,9999.000,9999.000,9999.000,9999.000
202603230642,   4.350,   4.910,9999.000,9999.000,9999.000,9999.000,9999.000,9999.000,9999.000
202603230648,   4.291,   4.828,9999.000,9999.000,9999.000,9999.000,9999.000,9999.000,9999.000
202603230654,   4.228,   4.749,9999.000,9999.000,9999.000,9999.000,9999.000,9999.000,9999.000
202603230700,   4.162,   4.667,   0.400,   0.105,   4.667,   0.300,   4.567,   0.400,   4.667
202603230706,   4.092,   4.578,9999.000,9999.000,9999.000,9999.000,9999.000,9999.000,9999.000
202603230712,   4.019,   4.480,9999.000,9999.000,9999.000,9999.000,9999.000,9999.000,9999.000
202603230718,   3.943,   4.378,9999.000,9999.000,9999.000,9999.000,9999.000,9999.000,9999.000
202603230724,   3.863,   4.290,9999.000,9999.000,9999.000,9999.000,9999.000,9999.000,9999.000
202603230730,   3.780,   4.168,9999.000,9999.000,9999.000,9999.000,9999.000,9999.000,9999.000
202603230736,   3.695,   4.070,9999.000,9999.000,9999.000,9999.000,9999.000,9999.000,9999.000
202603230742,   3.607,   3.978,9999.000,9999.000,9999.000,9999.000,9999.000,9999.000,9999.000
202603230748,   3.517,   3.870,9999.000,9999.000,9999.000,9999.000,9999.000,9999.000,9999.000
202603230754,   3.424,   3.749,9999.000,9999.000,9999.000,9999.000,9999.000,9999.000,9999.000
202603230800,   3.330,   3.637,   0.400,  -0.093,   3.637,   0.300,   3.537,   0.400,   3.637
202603230806,   3.233,   3.529,9999.000,9999.000,9999.000,9999.000,9999.000,9999.000,9999.000
202603230812,   3.135,   3.417,9999.000,9999.000,9999.000,9999.000,9999.000,9999.000,9999.000
202603230818,   3.036,   3.309,9999.000,9999.000,9999.000,9999.000,9999.000,9999.000,9999.000
202603230824,   2.936,   3.207,9999.000,9999.000,9999.000,9999.000,9999.000,9999.000,9999.000
202603230830,   2.835,   3.099,9999.000,9999.000,9999.000,9999.000,9999.000,9999.000,9999.000
202603230836,   2.733,   2.997,9999.000,9999.000,9999.000,9999.000,9999.000,9999.000,9999.000
202603230842,   2.630,   2.899,9999.000,9999.000,9999.000,9999.000,9999.000,9999.000,9999.000
202603230848,   2.527,   2.797,9999.000,9999.000,9999.000,9999.000,9999.000,9999.000,9999.000
202603230854,   2.424,   2.679,9999.000,9999.000,9999.000,9999.000,9999.000,9999.000,9999.000
202603230900,   2.320,   2.587,   0.300,  -0.033,   2.587,   0.300,   2.587,   0.400,   2.687
202603230906,   2.217,   2.479,9999.000,9999.000,9999.000,9999.000,9999.000,9999.000,9999.000
202603230912,   2.114,   2.387,9999.000,9999.000,9999.000,9999.000,9999.000,9999.000,9999.000
202603230918,   2.012,   2.299,9999.000,9999.000,9999.000,9999.000,9999.000,9999.000,9999.000
202603230924,   1.910,   2.210,9999.000,9999.000,9999.000,9999.000,9999.000,9999.000,9999.000
202603230930,   1.808,   2.109,9999.000,9999.000,9999.000,9999.000,9999.000,9999.000,9999.000
202603230936,   1.708,   2.010,9999.000,9999.000,9999.000,9999.000,9999.000,9999.000,9999.000
202603230942,   1.608,   1.899,9999.000,9999.000,9999.000,9999.000,9999.000,9999.000,9999.000
202603230948,   1.510,   1.800,9999.000,9999.000,9999.000,9999.000,9999.000,9999.000,9999.000
202603230954,   1.413,   1.708,9999.000,9999.000,9999.000,9999.000,9999.000,9999.000,9999.000
202603231000,   1.317,   1.610,   0.300,  -0.007,   1.610,   0.300,   1.610,   0.300,   1.610
202603231006,   1.222,   1.538,9999.000,9999.000,9999.000,9999.000,9999.000,9999.000,9999.000
202603231012,   1.129,   1.459,9999.000,9999.000,9999.000,9999.000,9999.000,9999.000,9999.000
202603231018,   1.038,   1.348,9999.000,9999.000,9999.000,9999.000,9999.000,9999.000,9999.000
202603231024,   0.948,   1.289,9999.000,9999.000,9999.000,9999.000,9999.000,9999.000,9999.000
202603231030,   0.860,   1.200,9999.000,9999.000,9999.000,9999.000,9999.000,9999.000,9999.000
202603231036,   0.775,   1.108,9999.000,9999.000,9999.000,9999.000,9999.000,9999.000,9999.000
202603231042,   0.691,   1.029,9999.000,9999.000,9999.000,9999.000,9999.000,9999.000,9999.000
202603231048,   0.610,   0.961,9999.000,9999.000,9999.000,9999.000,9999.000,9999.000,9999.000
202603231054,   0.532,   0.888,9999.000,9999.000,9999.000,9999.000,9999.000,9999.000,9999.000
202603231100,   0.456,   0.810,   0.300,   0.054,   0.810,   0.300,   0.810,   0.300,   0.810
202603231106,   0.383,   0.731,9999.000,9999.000,9999.000,9999.000,9999.000,9999.000,9999.000
202603231112,   0.314,   0.659,9999.000,9999.000,9999.000,9999.000,9999.000,9999.000,9999.000
202603231118,   0.249,   0.590,9999.000,9999.000,9999.000,9999.000,9999.000,9999.000,9999.000
202603231124,   0.188,   0.531,9999.000,9999.000,9999.000,9999.000,9999.000,9999.000,9999.000
202603231130,   0.131,   0.459,9999.000,9999.000,9999.000,9999.000,9999.000,9999.000,9999.000
202603231136,   0.079,   0.409,9999.000,9999.000,9999.000,9999.000,9999.000,9999.000,9999.000
202603231142,   0.032,   0.350,9999.000,9999.000,9999.000,9999.000,9999.000,9999.000,9999.000
202603231148,  -0.008,   0.308,9999.000,9999.000,9999.000,9999.000,9999.000,9999.000,9999.000
202603231154,  -0.042,   0.259,9999.000,9999.000,9999.000,9999.000,9999.000,9999.000,9999.000
202603231200,  -0.070,   0.219,   0.400,  -0.111,   0.219,   0.400,   0.219,   0.400,   0.219
202603231206,  -0.091,   0.180,9999.000,9999.000,9999.000,9999.000,9999.000,9999.000,9999.000
202603231212,  -0.103,   0.150,9999.000,9999.000,9999.000,9999.000,9999.000,9999.000,9999.000
202603231218,  -0.108,   0.131,9999.000,9999.000,9999.000,9999.000,9999.000,9999.000,9999.000
202603231224,  -0.104,   0.131,9999.000,9999.000,9999.000,9999.000,9999.000,9999.000,9999.000
202603231230,  -0.092,   0.141,9999.000,9999.000,9999.000,9999.000,9999.000,9999.000,9999.000
202603231236,  -0.070,   0.160,9999.000,9999.000,9999.000,9999.000,9999.000,9999.000,9999.000
202603231242,  -0.039,   0.209,9999.000,9999.000,9999.000,9999.000,9999.000,9999.000,9999.000
202603231248,   0.001,   0.278,9999.000,9999.000,9999.000,9999.000,9999.000,9999.000,9999.000
202603231254,   0.052,   0.360,9999.000,9999.000,9999.000,9999.000,9999.000,9999.000,9999.000
202603231300,   0.112,   0.459,   0.400,  -0.053,   0.459,   0.300,   0.359,   0.400,   0.459
202603231306,   0.182,   0.570,9999.000,9999.000,9999.000,9999.000,9999.000,9999.000,9999.000
202603231312,   0.261,   0.678,9999.000,9999.000,9999.000,9999.000,9999.000,9999.000,9999.000
202603231318,   0.349,   0.800,9999.000,9999.000,9999.000,9999.000,9999.000,9999.000,9999.000
202603231324,   0.446,   0.928,9999.000,9999.000,9999.000,9999.000,9999.000,9999.000,9999.000
202603231330,   0.550,   1.059,9999.000,9999.000,9999.000,9999.000,9999.000,9999.000,9999.000
202603231336,   0.663,   1.190,9999.000,9999.000,9999.000,9999.000,9999.000,9999.000,9999.000
202603231342,   0.782,   1.338,9999.000,9999.000,9999.000,9999.000,9999.000,9999.000,9999.000
202603231348,   0.907,   1.489,9999.000,9999.000,9999.000,9999.000,9999.000,9999.000,9999.000
202603231354,   1.037,   1.639,9999.000,9999.000,9999.000,9999.000,9999.000,9999.000,9999.000
202603231400,   1.172,   1.790,   0.300,   0.318,   1.790,   0.300,   1.790,   0.400,   1.890
202603231406,   1.309,   1.938,9999.000,9999.000,9999.000,9999.000,9999.000,9999.000,9999.000
202603231412,   1.449,   2.089,9999.000,9999.000,9999.000,9999.000,9999.000,9999.000,9999.000
202603231418,   1.591,   2.240,9999.000,9999.000,9999.000,9999.000,9999.000,9999.000,9999.000
202603231424,   1.732,   2.387,9999.000,9999.000,9999.000,9999.000,9999.000,9999.000,9999.000
202603231430,   1.874,   2.528,9999.000,9999.000,9999.000,9999.000,9999.000,9999.000,9999.000
202603231436,   2.013,   2.669,9999.000,9999.000,9999.000,9999.000,9999.000,9999.000,9999.000
202603231442,   2.150,   2.807,9999.000,9999.000,9999.000,9999.000,9999.000,9999.000,9999.000
202603231448,   2.284,   2.919,9999.000,9999.000,9999.000,9999.000,9999.000,9999.000,9999.000
202603231454,   2.414,   3.050,9999.000,9999.000,9999.000,9999.000,9999.000,9999.000,9999.000
202603231500,   2.539,   3.168,   0.300,   0.329,   3.168,   0.300,   3.168,   0.300,   3.168
202603231506,   2.659,   3.270,9999.000,9999.000,9999.000,9999.000,9999.000,9999.000,9999.000
202603231512,   2.773,   3.378,9999.000,9999.000,9999.000,9999.000,9999.000,9999.000,9999.000
202603231518,   2.881,   3.470,9999.000,9999.000,9999.000,9999.000,9999.000,9999.000,9999.000
202603231524,   2.983,   3.558,9999.000,9999.000,9999.000,9999.000,9999.000,9999.000,9999.000
202603231530,   3.078,   3.650,9999.000,9999.000,9999.000,9999.000,9999.000,9999.000,9999.000
202603231536,   3.167,   3.729,9999.000,9999.000,9999.000,9999.000,9999.000,9999.000,9999.000
202603231542,   3.249,   3.808,9999.000,9999.000,9999.000,9999.000,9999.000,9999.000,9999.000
202603231548,   3.325,   3.880,9999.000,9999.000,9999.000,9999.000,9999.000,9999.000,9999.000
202603231554,   3.394,   3.939,9999.000,9999.000,9999.000,9999.000,9999.000,9999.000,9999.000
202603231600,   3.458,   4.008,   0.300,   0.250,   4.008,   0.300,   4.008,   0.300,   4.008
202603231606,   3.515,   4.057,9999.000,9999.000,9999.000,9999.000,9999.000,9999.000,9999.000
202603231612,   3.568,   4.099,9999.000,9999.000,9999.000,9999.000,9999.000,9999.000,9999.000
202603231618,   3.615,   4.149,9999.000,9999.000,9999.000,9999.000,9999.000,9999.000,9999.000
202603231624,   3.657,   4.198,9999.000,9999.000,9999.000,9999.000,9999.000,9999.000,9999.000
202603231630,   3.695,   4.227,9999.000,9999.000,9999.000,9999.000,9999.000,9999.000,9999.000
202603231636,   3.730,   4.257,9999.000,9999.000,9999.000,9999.000,9999.000,9999.000,9999.000
202603231642,   3.760,   4.290,9999.000,9999.000,9999.000,9999.000,9999.000,9999.000,9999.000
202603231648,   3.787,   4.319,9999.000,9999.000,9999.000,9999.000,9999.000,9999.000,9999.000
202603231654,   3.810,   4.339,9999.000,9999.000,9999.000,9999.000,9999.000,9999.000,9999.000
202603231700,   3.831,   4.359,   0.300,   0.228,   4.359,   0.300,   4.359,   0.300,   4.359
202603231706,   3.849,   4.388,9999.000,9999.000,9999.000,9999.000,9999.000,9999.000,9999.000
202603231712,   3.864,   4.398,9999.000,9999.000,9999.000,9999.000,9999.000,9999.000,9999.000
202603231718,   3.877,   4.408,9999.000,9999.000,9999.000,9999.000,9999.000,9999.000,9999.000
202603231724,   3.887,   4.418,9999.000,9999.000,9999.000,9999.000,9999.000,9999.000,9999.000
202603231730,   3.894,   4.427,9999.000,9999.000,9999.000,9999.000,9999.000,9999.000,9999.000
202603231736,   3.899,   4.418,9999.000,9999.000,9999.000,9999.000,9999.000,9999.000,9999.000
202603231742,   3.901,   4.418,9999.000,9999.000,9999.000,9999.000,9999.000,9999.000,9999.000
202603231748,   3.899,   4.418,9999.000,9999.000,9999.000,9999.000,9999.000,9999.000,9999.000
202603231754,   3.895,   4.408,9999.000,9999.000,9999.000,9999.000,9999.000,9999.000,9999.000
202603231800,   3.887,   4.398,   0.300,   0.211,   4.398,   0.300,   4.398,   0.300,   4.398
202603231806,   3.875,   4.388,9999.000,9999.000,9999.000,9999.000,9999.000,9999.000,9999.000
202603231812,   3.860,   4.359,9999.000,9999.000,9999.000,9999.000,9999.000,9999.000,9999.000
202603231818,   3.841,   4.319,9999.000,9999.000,9999.000,9999.000,9999.000,9999.000,9999.000
202603231824,   3.818,   4.290,9999.000,9999.000,9999.000,9999.000,9999.000,9999.000,9999.000
202603231830,   3.790,   4.247,9999.000,9999.000,9999.000,9999.000,9999.000,9999.000,9999.000
202603231836,   3.758,   4.198,9999.000,9999.000,9999.000,9999.000,9999.000,9999.000,9999.000
202603231842,   3.721,   4.149,9999.000,9999.000,9999.000,9999.000,9999.000,9999.000,9999.000
202603231848,   3.680,   4.080,9999.000,9999.000,9999.000,9999.000,9999.000,9999.000,9999.000
202603231854,   3.634,   4.017,9999.000,9999.000,9999.000,9999.000,9999.000,9999.000,9999.000
202603231900,   3.584,   3.939,   0.300,   0.055,   3.939,   0.200,   3.839,   0.300,   3.939
202603231906,   3.529,   3.860,9999.000,9999.000,9999.000,9999.000,9999.000,9999.000,9999.000
202603231912,   3.469,   3.778,9999.000,9999.000,9999.000,9999.000,9999.000,9999.000,9999.000
202603231918,   3.405,   3.699,9999.000,9999.000,9999.000,9999.000,9999.000,9999.000,9999.000
202603231924,   3.336,   3.598,9999.000,9999.000,9999.000,9999.000,9999.000,9999.000,9999.000
202603231930,   3.264,   3.489,9999.000,9999.000,9999.000,9999.000,9999.000,9999.000,9999.000
202603231936,   3.187,   3.388,9999.000,9999.000,9999.000,9999.000,9999.000,9999.000,9999.000
202603231942,   3.107,   3.279,9999.000,9999.000,9999.000,9999.000,9999.000,9999.000,9999.000
202603231948,   3.023,   3.168,9999.000,9999.000,9999.000,9999.000,9999.000,9999.000,9999.000
202603231954,   2.936,   3.070,9999.000,9999.000,9999.000,9999.000,9999.000,9999.000,9999.000
202603232000,   2.846,   2.958,   0.300,  -0.188,   2.958,   0.200,   2.858,   0.300,   2.958
202603232006,   2.753,   2.850,9999.000,9999.000,9999.000,9999.000,9999.000,9999.000,9999.000
202603232012,   2.657,   2.728,9999.000,9999.000,9999.000,9999.000,9999.000,9999.000,9999.000
202603232018,   2.560,   2.630,9999.000,9999.000,9999.000,9999.000,9999.000,9999.000,9999.000
202603232024,   2.461,   2.538,9999.000,9999.000,9999.000,9999.000,9999.000,9999.000,9999.000
202603232030,   2.360,   2.450,9999.000,9999.000,9999.000,9999.000,9999.000,9999.000,9999.000
202603232036,   2.259,   2.358,9999.000,9999.000,9999.000,9999.000,9999.000,9999.000,9999.000
202603232042,   2.156,   2.250,9999.000,9999.000,9999.000,9999.000,9999.000,9999.000,9999.000
202603232048,   2.053,   2.148,9999.000,9999.000,9999.000,9999.000,9999.000,9999.000,9999.000
202603232054,   1.949,   2.059,9999.000,9999.000,9999.000,9999.000,9999.000,9999.000,9999.000
202603232100,   1.846,   1.981,   0.200,  -0.065,   1.981,   0.200,   1.981,   0.300,   2.081
202603232106,   1.743,   1.889,9999.000,9999.000,9999.000,9999.000,9999.000,9999.000,9999.000
202603232112,   1.640,   1.800,9999.000,9999.000,9999.000,9999.000,9999.000,9999.000,9999.000
202603232118,   1.538,   1.708,9999.000,9999.000,9999.000,9999.000,9999.000,9999.000,9999.000
202603232124,   1.438,   1.610,9999.000,9999.000,9999.000,9999.000,9999.000,9999.000,9999.000
202603232130,   1.339,   1.518,9999.000,9999.000,9999.000,9999.000,9999.000,9999.000,9999.000
202603232136,   1.241,   1.430,9999.000,9999.000,9999.000,9999.000,9999.000,9999.000,9999.000
202603232142,   1.146,   1.348,9999.000,9999.000,9999.000,9999.000,9999.000,9999.000,9999.000
202603232148,   1.052,   1.259,9999.000,9999.000,9999.000,9999.000,9999.000,9999.000,9999.000
202603232154,   0.961,   1.170,9999.000,9999.000,9999.000,9999.000,9999.000,9999.000,9999.000
202603232200,   0.872,   1.079,   0.200,   0.007,   1.079,   0.200,   1.079,   0.300,   1.179
202603232206,   0.786,   0.990,9999.000,9999.000,9999.000,9999.000,9999.000,9999.000,9999.000
202603232212,   0.703,   0.908,9999.000,9999.000,9999.000,9999.000,9999.000,9999.000,9999.000
202603232218,   0.622,   0.829,9999.000,9999.000,9999.000,9999.000,9999.000,9999.000,9999.000
202603232224,   0.545,   0.741,9999.000,9999.000,9999.000,9999.000,9999.000,9999.000,9999.000
202603232230,   0.470,   0.659,9999.000,9999.000,9999.000,9999.000,9999.000,9999.000,9999.000
202603232236,   0.399,   0.580,9999.000,9999.000,9999.000,9999.000,9999.000,9999.000,9999.000
202603232242,   0.331,   0.498,9999.000,9999.000,9999.000,9999.000,9999.000,9999.000,9999.000
202603232248,   0.267,   0.429,9999.000,9999.000,9999.000,9999.000,9999.000,9999.000,9999.000
202603232254,   0.206,   0.360,9999.000,9999.000,9999.000,9999.000,9999.000,9999.000,9999.000
202603232300,   0.149,   0.298,   0.200,  -0.051,   0.298,   0.200,   0.298,   0.200,   0.298
202603232306,   0.095,   0.229,9999.000,9999.000,9999.000,9999.000,9999.000,9999.000,9999.000
202603232312,   0.045,   0.160,9999.000,9999.000,9999.000,9999.000,9999.000,9999.000,9999.000
202603232318,   0.000,   0.098,9999.000,9999.000,9999.000,9999.000,9999.000,9999.000,9999.000
202603232324,  -0.041,   0.039,9999.000,9999.000,9999.000,9999.000,9999.000,9999.000,9999.000
202603232330,  -0.079,  -0.019,9999.000,9999.000,9999.000,9999.000,9999.000,9999.000,9999.000
202603232336,  -0.112,  -0.068,9999.000,9999.000,9999.000,9999.000,9999.000,9999.000,9999.000
202603232342,  -0.140,  -0.111,9999.000,9999.000,9999.000,9999.000,9999.000,9999.000,9999.000
202603232348,  -0.164,  -0.160,9999.000,9999.000,9999.000,9999.000,9999.000,9999.000,9999.000
202603232354,  -0.182,  -0.203,9999.000,9999.000,9999.000,9999.000,9999.000,9999.000,9999.000
202603240000,  -0.195,  -0.200,   0.100,  -0.105,  -0.200,   0.100,  -0.200,   0.100,  -0.200
202603240006,  -0.202,  -0.219,9999.000,9999.000,9999.000,9999.000,9999.000,9999.000,9999.000
202603240012,  -0.203,  -0.229,9999.000,9999.000,9999.000,9999.000,9999.000,9999.000,9999.000
202603240018,  -0.197,  -0.239,9999.000,9999.000,9999.000,9999.000,9999.000,9999.000,9999.000
202603240024,  -0.185,  -0.219,9999.000,9999.000,9999.000,9999.000,9999.000,9999.000,9999.000
202603240030,  -0.166,  -0.200,9999.000,9999.000,9999.000,9999.000,9999.000,9999.000,9999.000
202603240036,  -0.139,  -0.180,9999.000,9999.000,9999.000,9999.000,9999.000,9999.000,9999.000
202603240042,  -0.104,  -0.141,9999.000,9999.000,9999.000,9999.000,9999.000,9999.000,9999.000
202603240048,  -0.061,  -0.098,9999.000,9999.000,9999.000,9999.000,9999.000,9999.000,9999.000
202603240054,  -0.010,  -0.029,9999.000,9999.000,9999.000,9999.000,9999.000,9999.000,9999.000
202603240100,   0.049,   0.049,   0.100,  -0.100,   0.049,   0.100,   0.049,   0.100,   0.049
202603240106,   0.118,   0.141,9999.000,9999.000,9999.000,9999.000,9999.000,9999.000,9999.000
202603240112,   0.195,   0.239,9999.000,9999.000,9999.000,9999.000,9999.000,9999.000,9999.000
202603240118,   0.281,   0.350,9999.000,9999.000,9999.000,9999.000,9999.000,9999.000,9999.000
202603240124,   0.376,   0.469,9999.000,9999.000,9999.000,9999.000,9999.000,9999.000,9999.000
202603240130,   0.480,   0.619,9999.000,9999.000,9999.000,9999.000,9999.000,9999.000,9999.000
202603240136,   0.592,   0.770,9999.000,9999.000,9999.000,9999.000,9999.000,9999.000,9999.000
202603240142,   0.712,   0.918,9999.000,9999.000,9999.000,9999.000,9999.000,9999.000,9999.000
202603240148,   0.839,   1.098,9999.000,9999.000,9999.000,9999.000,9999.000,9999.000,9999.000
202603240154,   0.974,   1.259,9999.000,9999.000,9999.000,9999.000,9999.000,9999.000,9999.000
202603240200,   1.115,   1.430,   0.100,   0.215,   1.430,   0.000,   1.330,   0.100,   1.430
202603240206,   1.261,   1.600,9999.000,9999.000,9999.000,9999.000,9999.000,9999.000,9999.000
202603240212,   1.412,   1.767,9999.000,9999.000,9999.000,9999.000,9999.000,9999.000,9999.000
202603240218,   1.567,   1.948,9999.000,9999.000,9999.000,9999.000,9999.000,9999.000,9999.000
202603240224,   1.725,   2.118,9999.000,9999.000,9999.000,9999.000,9999.000,9999.000,9999.000
202603240230,   1.885,   2.259,9999.000,9999.000,9999.000,9999.000,9999.000,9999.000,9999.000
202603240236,   2.046,   2.387,9999.000,9999.000,9999.000,9999.000,9999.000,9999.000,9999.000
202603240242,   2.207,   2.499,9999.000,9999.000,9999.000,9999.000,9999.000,9999.000,9999.000
202603240248,   2.368,   2.620,9999.000,9999.000,9999.000,9999.000,9999.000,9999.000,9999.000
202603240254,   2.526,   2.768,9999.000,9999.000,9999.000,9999.000,9999.000,9999.000,9999.000
202603240300,   2.682,   2.899,   0.100,   0.117,   2.899,   0.000,   2.799,   0.100,   2.899
202603240306,   2.834,   3.017,9999.000,9999.000,9999.000,9999.000,9999.000,9999.000,9999.000
202603240312,   2.981,   3.148,9999.000,9999.000,9999.000,9999.000,9999.000,9999.000,9999.000
202603240318,   3.123,   3.270,9999.000,9999.000,9999.000,9999.000,9999.000,9999.000,9999.000
202603240324,   3.259,   3.378,9999.000,9999.000,9999.000,9999.000,9999.000,9999.000,9999.000
202603240330,   3.389,   3.489,9999.000,9999.000,9999.000,9999.000,9999.000,9999.000,9999.000
202603240336,   3.512,   3.578,9999.000,9999.000,9999.000,9999.000,9999.000,9999.000,9999.000
202603240342,   3.628,   3.670,9999.000,9999.000,9999.000,9999.000,9999.000,9999.000,9999.000
202603240348,   3.737,   3.739,9999.000,9999.000,9999.000,9999.000,9999.000,9999.000,9999.000
202603240354,   3.838,   3.817,9999.000,9999.000,9999.000,9999.000,9999.000,9999.000,9999.000
202603240400,   3.931,   3.899,   0.000,  -0.032,   3.899,   0.000,   3.899,   0.100,   3.999
202603240406,   4.017,   3.968,9999.000,9999.000,9999.000,9999.000,9999.000,9999.000,9999.000
202603240412,   4.096,   4.027,9999.000,9999.000,9999.000,9999.000,9999.000,9999.000,9999.000
202603240418,   4.167,   4.080,9999.000,9999.000,9999.000,9999.000,9999.000,9999.000,9999.000
202603240424,   4.231,   4.129,9999.000,9999.000,9999.000,9999.000,9999.000,9999.000,9999.000
202603240430,   4.290,   4.188,9999.000,9999.000,9999.000,9999.000,9999.000,9999.000,9999.000
202603240436,   4.342,   4.247,9999.000,9999.000,9999.000,9999.000,9999.000,9999.000,9999.000
202603240442,   4.388,   4.300,9999.000,9999.000,9999.000,9999.000,9999.000,9999.000,9999.000
202603240448,   4.429,   4.359,9999.000,9999.000,9999.000,9999.000,9999.000,9999.000,9999.000
202603240454,   4.465,   4.418,9999.000,9999.000,9999.000,9999.000,9999.000,9999.000,9999.000
202603240500,   4.497,   4.457,   0.000,  -0.040,   4.457,   0.000,   4.457,   0.000,   4.457
202603240506,   4.525,   4.500,9999.000,9999.000,9999.000,9999.000,9999.000,9999.000,9999.000
202603240512,   4.550,   4.539,9999.000,9999.000,9999.000,9999.000,9999.000,9999.000,9999.000
202603240518,   4.571,   4.578,9999.000,9999.000,9999.000,9999.000,9999.000,9999.000,9999.000
202603240524,   4.589,   4.608,9999.000,9999.000,9999.000,9999.000,9999.000,9999.000,9999.000
202603240530,   4.605,   4.628,9999.000,9999.000,9999.000,9999.000,9999.000,9999.000,9999.000
202603240536,   4.618,   4.667,9999.000,9999.000,9999.000,9999.000,9999.000,9999.000,9999.000
202603240542,   4.628,   4.719,9999.000,9999.000,9999.000,9999.000,9999.000,9999.000,9999.000
202603240548,   4.637,   4.739,9999.000,9999.000,9999.000,9999.000,9999.000,9999.000,9999.000
202603240554,   4.643,   4.759,9999.000,9999.000,9999.000,9999.000,9999.000,9999.000,9999.000
202603240600,   4.647,   4.769,   0.000,   0.122,   4.769,   0.000,   4.769,   0.000,   4.769
202603240606,   4.649,   4.788,9999.000,9999.000,9999.000,9999.000,9999.000,9999.000,9999.000
202603240612,   4.648,   4.788,9999.000,9999.000,9999.000,9999.000,9999.000,9999.000,9999.000
202603240618,   4.645,   4.798,9999.000,9999.000,9999.000,9999.000,9999.000,9999.000,9999.000
202603240624,   4.639,   4.788,9999.000,9999.000,9999.000,9999.000,9999.000,9999.000,9999.000
202603240630,   4.630,   4.788,9999.000,9999.000,9999.000,9999.000,9999.000,9999.000,9999.000
202603240636,   4.618,   4.749,9999.000,9999.000,9999.000,9999.000,9999.000,9999.000,9999.000
202603240642,   4.603,   4.729,9999.000,9999.000,9999.000,9999.000,9999.000,9999.000,9999.000
202603240648,   4.585,   4.647,9999.000,9999.000,9999.000,9999.000,9999.000,9999.000,9999.000
202603240654,   4.563,   4.618,9999.000,9999.000,9999.000,9999.000,9999.000,9999.000,9999.000
202603240700,   4.538,   4.549,   0.000,   0.011,   4.549,   0.000,   4.549,   0.000,   4.549
202603240706,   4.509,   4.519,9999.000,9999.000,9999.000,9999.000,9999.000,9999.000,9999.000
202603240712,   4.476,   4.480,9999.000,9999.000,9999.000,9999.000,9999.000,9999.000,9999.000
202603240718,   4.439,   4.418,9999.000,9999.000,9999.000,9999.000,9999.000,9999.000,9999.000
202603240724,   4.398,   4.378,9999.000,9999.000,9999.000,9999.000,9999.000,9999.000,9999.000
202603240730,   4.353,   4.290,9999.000,9999.000,9999.000,9999.000,9999.000,9999.000,9999.000
202603240736,   4.304,   4.227,9999.000,9999.000,9999.000,9999.000,9999.000,9999.000,9999.000
202603240742,   4.252,   4.139,9999.000,9999.000,9999.000,9999.000,9999.000,9999.000,9999.000
202603240748,   4.195,   4.047,9999.000,9999.000,9999.000,9999.000,9999.000,9999.000,9999.000
202603240754,   4.135,   3.968,9999.000,9999.000,9999.000,9999.000,9999.000,9999.000,9999.000
202603240800,   4.071,   3.880,   0.000,  -0.191,   3.880,   0.000,   3.880,   0.000,   3.880
202603240806,   4.003,   3.788,9999.000,9999.000,9999.000,9999.000,9999.000,9999.000,9999.000
202603240812,   3.933,   3.709,9999.000,9999.000,9999.000,9999.000,9999.000,9999.000,9999.000
202603240818,   3.859,   3.607,9999.000,9999.000,9999.000,9999.000,9999.000,9999.000,9999.000
202603240824,   3.782,   3.450,9999.000,9999.000,9999.000,9999.000,9999.000,9999.000,9999.000
202603240830,   3.702,   3.368,9999.000,9999.000,9999.000,9999.000,9999.000,9999.000,9999.000
202603240836,   3.620,   3.250,9999.000,9999.000,9999.000,9999.000,9999.000,9999.000,9999.000
202603240842,   3.536,   3.168,9999.000,9999.000,9999.000,9999.000,9999.000,9999.000,9999.000
202603240848,   3.449,   3.070,9999.000,9999.000,9999.000,9999.000,9999.000,9999.000,9999.000
202603240854,   3.361,   2.958,9999.000,9999.000,9999.000,9999.000,9999.000,9999.000,9999.000
202603240900,   3.271,   2.840,   0.000,  -0.431,   2.840,   0.000,   2.840,   0.000,   2.840
202603240906,   3.179,   2.748,9999.000,9999.000,9999.000,9999.000,9999.000,9999.000,9999.000
202603240912,   3.086,   2.650,9999.000,9999.000,9999.000,9999.000,9999.000,9999.000,9999.000
202603240918,   2.993,   2.568,9999.000,9999.000,9999.000,9999.000,9999.000,9999.000,9999.000
202603240924,   2.898,   2.479,9999.000,9999.000,9999.000,9999.000,9999.000,9999.000,9999.000
202603240930,   2.803,   2.377,9999.000,9999.000,9999.000,9999.000,9999.000,9999.000,9999.000
202603240936,   2.707,   2.289,9999.000,9999.000,9999.000,9999.000,9999.000,9999.000,9999.000
202603240942,   2.611,   2.210,9999.000,9999.000,9999.000,9999.000,9999.000,9999.000,9999.000
202603240948,   2.514,   2.118,9999.000,9999.000,9999.000,9999.000,9999.000,9999.000,9999.000
202603240954,   2.418,   2.040,9999.000,9999.000,9999.000,9999.000,9999.000,9999.000,9999.000
202603241000,   2.322,   1.967,   0.000,  -0.355,   1.967,   0.000,   1.967,   0.000,   1.967
202603241006,   2.227,   1.889,9999.000,9999.000,9999.000,9999.000,9999.000,9999.000,9999.000
202603241012,   2.132,   1.800,9999.000,9999.000,9999.000,9999.000,9999.000,9999.000,9999.000
202603241018,   2.037,   1.649,9999.000,9999.000,9999.000,9999.000,9999.000,9999.000,9999.000
202603241024,   1.944,   1.620,9999.000,9999.000,9999.000,9999.000,9999.000,9999.000,9999.000
202603241030,   1.851,   1.528,9999.000,9999.000,9999.000,9999.000,9999.000,9999.000,9999.000
202603241036,   1.759,   1.489,9999.000,9999.000,9999.000,9999.000,9999.000,9999.000,9999.000
202603241042,   1.668,   1.430,9999.000,9999.000,9999.000,9999.000,9999.000,9999.000,9999.000
202603241048,   1.578,   1.361,9999.000,9999.000,9999.000,9999.000,9999.000,9999.000,9999.000
202603241054,   1.489,   1.279,9999.000,9999.000,9999.000,9999.000,9999.000,9999.000,9999.000
202603241100,   1.402,   1.210,   0.000,  -0.192,   1.210,  -0.100,   1.110,   0.000,   1.210
202603241106,   1.315,   1.138,9999.000,9999.000,9999.000,9999.000,9999.000,9999.000,9999.000
202603241112,   1.230,   1.069,9999.000,9999.000,9999.000,9999.000,9999.000,9999.000,9999.000
202603241118,   1.147,   1.000,9999.000,9999.000,9999.000,9999.000,9999.000,9999.000,9999.000
202603241124,   1.064,   0.941,9999.000,9999.000,9999.000,9999.000,9999.000,9999.000,9999.000
202603241130,   0.984,   0.869,9999.000,9999.000,9999.000,9999.000,9999.000,9999.000,9999.000
202603241136,   0.905,   0.800,9999.000,9999.000,9999.000,9999.000,9999.000,9999.000,9999.000
202603241142,   0.828,   0.751,9999.000,9999.000,9999.000,9999.000,9999.000,9999.000,9999.000
202603241148,   0.753,   0.688,9999.000,9999.000,9999.000,9999.000,9999.000,9999.000,9999.000
202603241154,   0.680,   0.629,9999.000,9999.000,9999.000,9999.000,9999.000,9999.000,9999.000
202603241200,   0.610,   0.629,   0.000,   0.019,   0.629,  -0.100,   0.529,   0.000,   0.629
202603241206,   0.542,9999.000,9999.000,9999.000,9999.000,9999.000,9999.000,9999.000,9999.000
202603241212,   0.477,9999.000,9999.000,9999.000,9999.000,9999.000,9999.000,9999.000,9999.000
202603241218,   0.416,9999.000,9999.000,9999.000,9999.000,9999.000,9999.000,9999.000,9999.000
202603241224,   0.358,9999.000,9999.000,9999.000,9999.000,9999.000,9999.000,9999.000,9999.000
202603241230,   0.305,9999.000,9999.000,9999.000,9999.000,9999.000,9999.000,9999.000,9999.000
202603241236,   0.256,9999.000,9999.000,9999.000,9999.000,9999.000,9999.000,9999.000,9999.000
202603241242,   0.212,9999.000,9999.000,9999.000,9999.000,9999.000,9999.000,9999.000,9999.000
202603241248,   0.174,9999.000,9999.000,9999.000,9999.000,9999.000,9999.000,9999.000,9999.000
202603241254,   0.141,9999.000,9999.000,9999.000,9999.000,9999.000,9999.000,9999.000,9999.000
202603241300,   0.115,9999.000,   0.000,   0.023,   0.138,  -0.100,   0.038,   0.000,   0.138
202603241306,   0.097,9999.000,9999.000,9999.000,9999.000,9999.000,9999.000,9999.000,9999.000
202603241312,   0.085,9999.000,9999.000,9999.000,9999.000,9999.000,9999.000,9999.000,9999.000
202603241318,   0.082,9999.000,9999.000,9999.000,9999.000,9999.000,9999.000,9999.000,9999.000
202603241324,   0.086,9999.000,9999.000,9999.000,9999.000,9999.000,9999.000,9999.000,9999.000
202603241330,   0.100,9999.000,9999.000,9999.000,9999.000,9999.000,9999.000,9999.000,9999.000
202603241336,   0.122,9999.000,9999.000,9999.000,9999.000,9999.000,9999.000,9999.000,9999.000
202603241342,   0.153,9999.000,9999.000,9999.000,9999.000,9999.000,9999.000,9999.000,9999.000
202603241348,   0.193,9999.000,9999.000,9999.000,9999.000,9999.000,9999.000,9999.000,9999.000
202603241354,   0.243,9999.000,9999.000,9999.000,9999.000,9999.000,9999.000,9999.000,9999.000
202603241400,   0.302,9999.000,   0.000,   0.027,   0.329,   0.000,   0.329,   0.000,   0.329
202603241406,   0.369,9999.000,9999.000,9999.000,9999.000,9999.000,9999.000,9999.000,9999.000
202603241412,   0.445,9999.000,9999.000,9999.000,9999.000,9999.000,9999.000,9999.000,9999.000
202603241418,   0.529,9999.000,9999.000,9999.000,9999.000,9999.000,9999.000,9999.000,9999.000
202603241424,   0.622,9999.000,9999.000,9999.000,9999.000,9999.000,9999.000,9999.000,9999.000
202603241430,   0.721,9999.000,9999.000,9999.000,9999.000,9999.000,9999.000,9999.000,9999.000
202603241436,   0.827,9999.000,9999.000,9999.000,9999.000,9999.000,9999.000,9999.000,9999.000
202603241442,   0.938,9999.000,9999.000,9999.000,9999.000,9999.000,9999.000,9999.000,9999.000
202603241448,   1.055,9999.000,9999.000,9999.000,9999.000,9999.000,9999.000,9999.000,9999.000
202603241454,   1.176,9999.000,9999.000,9999.000,9999.000,9999.000,9999.000,9999.000,9999.000
202603241500,   1.300,9999.000,   0.000,   0.031,   1.331,   0.000,   1.331,   0.000,   1.331
202603241506,   1.426,9999.000,9999.000,9999.000,9999.000,9999.000,9999.000,9999.000,9999.000
202603241512,   1.554,9999.000,9999.000,9999.000,9999.000,9999.000,9999.000,9999.000,9999.000
202603241518,   1.682,9999.000,9999.000,9999.000,9999.000,9999.000,9999.000,9999.000,9999.000
202603241524,   1.810,9999.000,9999.000,9999.000,9999.000,9999.000,9999.000,9999.000,9999.000
202603241530,   1.936,9999.000,9999.000,9999.000,9999.000,9999.000,9999.000,9999.000,9999.000
202603241536,   2.061,9999.000,9999.000,9999.000,9999.000,9999.000,9999.000,9999.000,9999.000
202603241542,   2.183,9999.000,9999.000,9999.000,9999.000,9999.000,9999.000,9999.000,9999.000
202603241548,   2.301,9999.000,9999.000,9999.000,9999.000,9999.000,9999.000,9999.000,9999.000
202603241554,   2.415,9999.000,9999.000,9999.000,9999.000,9999.000,9999.000,9999.000,9999.000
202603241600,   2.525,9999.000,   0.000,   0.035,   2.560,   0.000,   2.560,   0.000,   2.560
202603241606,   2.630,9999.000,9999.000,9999.000,9999.000,9999.000,9999.000,9999.000,9999.000
202603241612,   2.730,9999.000,9999.000,9999.000,9999.000,9999.000,9999.000,9999.000,9999.000
202603241618,   2.824,9999.000,9999.000,9999.000,9999.000,9999.000,9999.000,9999.000,9999.000
202603241624,   2.912,9999.000,9999.000,9999.000,9999.000,9999.000,9999.000,9999.000,9999.000
202603241630,   2.995,9999.000,9999.000,9999.000,9999.000,9999.000,9999.000,9999.000,9999.000
202603241636,   3.073,9999.000,9999.000,9999.000,9999.000,9999.000,9999.000,9999.000,9999.000
202603241642,   3.145,9999.000,9999.000,9999.000,9999.000,9999.000,9999.000,9999.000,9999.000
202603241648,   3.211,9999.000,9999.000,9999.000,9999.000,9999.000,9999.000,9999.000,9999.000
202603241654,   3.273,9999.000,9999.000,9999.000,9999.000,9999.000,9999.000,9999.000,9999.000
202603241700,   3.330,9999.000,   0.000,   0.038,   3.368,   0.000,   3.368,   0.100,   3.468
202603241706,   3.382,9999.000,9999.000,9999.000,9999.000,9999.000,9999.000,9999.000,9999.000
202603241712,   3.431,9999.000,9999.000,9999.000,9999.000,9999.000,9999.000,9999.000,9999.000
202603241718,   3.475,9999.000,9999.000,9999.000,9999.000,9999.000,9999.000,9999.000,9999.000
202603241724,   3.516,9999.000,9999.000,9999.000,9999.000,9999.000,9999.000,9999.000,9999.000
202603241730,   3.554,9999.000,9999.000,9999.000,9999.000,9999.000,9999.000,9999.000,9999.000
202603241736,   3.589,9999.000,9999.000,9999.000,9999.000,9999.000,9999.000,9999.000,9999.000
202603241742,   3.621,9999.000,9999.000,9999.000,9999.000,9999.000,9999.000,9999.000,9999.000
202603241748,   3.650,9999.000,9999.000,9999.000,9999.000,9999.000,9999.000,9999.000,9999.000
202603241754,   3.677,9999.000,9999.000,9999.000,9999.000,9999.000,9999.000,9999.000,9999.000
202603241800,   3.702,9999.000,   0.100,   0.042,   3.844,   0.000,   3.744,   0.200,   3.944
202603241806,   3.724,9999.000,9999.000,9999.000,9999.000,9999.000,9999.000,9999.000,9999.000
202603241812,   3.744,9999.000,9999.000,9999.000,9999.000,9999.000,9999.000,9999.000,9999.000
202603241818,   3.761,9999.000,9999.000,9999.000,9999.000,9999.000,9999.000,9999.000,9999.000
202603241824,   3.776,9999.000,9999.000,9999.000,9999.000,9999.000,9999.000,9999.000,9999.000
202603241830,   3.788,9999.000,9999.000,9999.000,9999.000,9999.000,9999.000,9999.000,9999.000
202603241836,   3.797,9999.000,9999.000,9999.000,9999.000,9999.000,9999.000,9999.000,9999.000
202603241842,   3.803,9999.000,9999.000,9999.000,9999.000,9999.000,9999.000,9999.000,9999.000
202603241848,   3.806,9999.000,9999.000,9999.000,9999.000,9999.000,9999.000,9999.000,9999.000
202603241854,   3.805,9999.000,9999.000,9999.000,9999.000,9999.000,9999.000,9999.000,9999.000
202603241900,   3.801,9999.000,   0.100,   0.046,   3.947,   0.100,   3.947,   0.200,   4.047
202603241906,   3.792,9999.000,9999.000,9999.000,9999.000,9999.000,9999.000,9999.000,9999.000
202603241912,   3.780,9999.000,9999.000,9999.000,9999.000,9999.000,9999.000,9999.000,9999.000
202603241918,   3.763,9999.000,9999.000,9999.000,9999.000,9999.000,9999.000,9999.000,9999.000
202603241924,   3.741,9999.000,9999.000,9999.000,9999.000,9999.000,9999.000,9999.000,9999.000
202603241930,   3.714,9999.000,9999.000,9999.000,9999.000,9999.000,9999.000,9999.000,9999.000
202603241936,   3.683,9999.000,9999.000,9999.000,9999.000,9999.000,9999.000,9999.000,9999.000
202603241942,   3.647,9999.000,9999.000,9999.000,9999.000,9999.000,9999.000,9999.000,9999.000
202603241948,   3.606,9999.000,9999.000,9999.000,9999.000,9999.000,9999.000,9999.000,9999.000
202603241954,   3.560,9999.000,9999.000,9999.000,9999.000,9999.000,9999.000,9999.000,9999.000
202603242000,   3.509,9999.000,   0.200,   0.050,   3.759,   0.100,   3.659,   0.300,   3.859
202603242006,   3.454,9999.000,9999.000,9999.000,9999.000,9999.000,9999.000,9999.000,9999.000
202603242012,   3.393,9999.000,9999.000,9999.000,9999.000,9999.000,9999.000,9999.000,9999.000
202603242018,   3.328,9999.000,9999.000,9999.000,9999.000,9999.000,9999.000,9999.000,9999.000
202603242024,   3.259,9999.000,9999.000,9999.000,9999.000,9999.000,9999.000,9999.000,9999.000
202603242030,   3.186,9999.000,9999.000,9999.000,9999.000,9999.000,9999.000,9999.000,9999.000
202603242036,   3.109,9999.000,9999.000,9999.000,9999.000,9999.000,9999.000,9999.000,9999.000
202603242042,   3.029,9999.000,9999.000,9999.000,9999.000,9999.000,9999.000,9999.000,9999.000
202603242048,   2.945,9999.000,9999.000,9999.000,9999.000,9999.000,9999.000,9999.000,9999.000
202603242054,   2.858,9999.000,9999.000,9999.000,9999.000,9999.000,9999.000,9999.000,9999.000
202603242100,   2.769,9999.000,   0.200,   0.054,   3.023,   0.200,   3.023,   0.300,   3.123
202603242106,   2.677,9999.000,9999.000,9999.000,9999.000,9999.000,9999.000,9999.000,9999.000
202603242112,   2.583,9999.000,9999.000,9999.000,9999.000,9999.000,9999.000,9999.000,9999.000
202603242118,   2.488,9999.000,9999.000,9999.000,9999.000,9999.000,9999.000,9999.000,9999.000
202603242124,   2.391,9999.000,9999.000,9999.000,9999.000,9999.000,9999.000,9999.000,9999.000
202603242130,   2.294,9999.000,9999.000,9999.000,9999.000,9999.000,9999.000,9999.000,9999.000
202603242136,   2.195,9999.000,9999.000,9999.000,9999.000,9999.000,9999.000,9999.000,9999.000
202603242142,   2.097,9999.000,9999.000,9999.000,9999.000,9999.000,9999.000,9999.000,9999.000
202603242148,   1.998,9999.000,9999.000,9999.000,9999.000,9999.000,9999.000,9999.000,9999.000
202603242154,   1.900,9999.000,9999.000,9999.000,9999.000,9999.000,9999.000,9999.000,9999.000
202603242200,   1.803,9999.000,   0.300,   0.058,   2.161,   0.200,   2.061,   0.400,   2.261
202603242206,   1.706,9999.000,9999.000,9999.000,9999.000,9999.000,9999.000,9999.000,9999.000
202603242212,   1.610,9999.000,9999.000,9999.000,9999.000,9999.000,9999.000,9999.000,9999.000
202603242218,   1.516,9999.000,9999.000,9999.000,9999.000,9999.000,9999.000,9999.000,9999.000
202603242224,   1.424,9999.000,9999.000,9999.000,9999.000,9999.000,9999.000,9999.000,9999.000
202603242230,   1.333,9999.000,9999.000,9999.000,9999.000,9999.000,9999.000,9999.000,9999.000
202603242236,   1.245,9999.000,9999.000,9999.000,9999.000,9999.000,9999.000,9999.000,9999.000
202603242242,   1.159,9999.000,9999.000,9999.000,9999.000,9999.000,9999.000,9999.000,9999.000
202603242248,   1.075,9999.000,9999.000,9999.000,9999.000,9999.000,9999.000,9999.000,9999.000
202603242254,   0.993,9999.000,9999.000,9999.000,9999.000,9999.000,9999.000,9999.000,9999.000
202603242300,   0.915,9999.000,   0.300,   0.062,   1.277,   0.200,   1.177,   0.400,   1.377
202603242306,   0.839,9999.000,9999.000,9999.000,9999.000,9999.000,9999.000,9999.000,9999.000
202603242312,   0.765,9999.000,9999.000,9999.000,9999.000,9999.000,9999.000,9999.000,9999.000
202603242318,   0.695,9999.000,9999.000,9999.000,9999.000,9999.000,9999.000,9999.000,9999.000
202603242324,   0.627,9999.000,9999.000,9999.000,9999.000,9999.000,9999.000,9999.000,9999.000
202603242330,   0.563,9999.000,9999.000,9999.000,9999.000,9999.000,9999.000,9999.000,9999.000
202603242336,   0.501,9999.000,9999.000,9999.000,9999.000,9999.000,9999.000,9999.000,9999.000
202603242342,   0.442,9999.000,9999.000,9999.000,9999.000,9999.000,9999.000,9999.000,9999.000
202603242348,   0.387,9999.000,9999.000,9999.000,9999.000,9999.000,9999.000,9999.000,9999.000
202603242354,   0.334,9999.000,9999.000,9999.000,9999.000,9999.000,9999.000,9999.000,9999.000
202603250000,   0.285,9999.000,   0.400,   0.066,   0.751,   0.300,   0.651,   0.500,   0.851
202603250006,   0.238,9999.000,9999.000,9999.000,9999.000,9999.000,9999.000,9999.000,9999.000
202603250012,   0.195,9999.000,9999.000,9999.000,9999.000,9999.000,9999.000,9999.000,9999.000
202603250018,   0.155,9999.000,9999.000,9999.000,9999.000,9999.000,9999.000,9999.000,9999.000
202603250024,   0.118,9999.000,9999.000,9999.000,9999.000,9999.000,9999.000,9999.000,9999.000
202603250030,   0.085,9999.000,9999.000,9999.000,9999.000,9999.000,9999.000,9999.000,9999.000
202603250036,   0.056,9999.000,9999.000,9999.000,9999.000,9999.000,9999.000,9999.000,9999.000
202603250042,   0.031,9999.000,9999.000,9999.000,9999.000,9999.000,9999.000,9999.000,9999.000
202603250048,   0.010,9999.000,9999.000,9999.000,9999.000,9999.000,9999.000,9999.000,9999.000
202603250054,  -0.005,9999.000,9999.000,9999.000,9999.000,9999.000,9999.000,9999.000,9999.000
202603250100,  -0.017,9999.000,   0.400,   0.066,   0.449,   0.300,   0.349,   0.500,   0.549
202603250106,  -0.023,9999.000,9999.000,9999.000,9999.000,9999.000,9999.000,9999.000,9999.000
202603250112,  -0.023,9999.000,9999.000,9999.000,9999.000,9999.000,9999.000,9999.000,9999.000
202603250118,  -0.018,9999.000,9999.000,9999.000,9999.000,9999.000,9999.000,9999.000,9999.000
202603250124,  -0.006,9999.000,9999.000,9999.000,9999.000,9999.000,9999.000,9999.000,9999.000
202603250130,   0.012,9999.000,9999.000,9999.000,9999.000,9999.000,9999.000,9999.000,9999.000
202603250136,   0.038,9999.000,9999.000,9999.000,9999.000,9999.000,9999.000,9999.000,9999.000
202603250142,   0.071,9999.000,9999.000,9999.000,9999.000,9999.000,9999.000,9999.000,9999.000
202603250148,   0.112,9999.000,9999.000,9999.000,9999.000,9999.000,9999.000,9999.000,9999.000
202603250154,   0.161,9999.000,9999.000,9999.000,9999.000,9999.000,9999.000,9999.000,9999.000
202603250200,   0.219,9999.000,   0.400,   0.066,   0.685,   0.300,   0.585,   0.500,   0.785
202603250206,   0.285,9999.000,9999.000,9999.000,9999.000,9999.000,9999.000,9999.000,9999.000
202603250212,   0.359,9999.000,9999.000,9999.000,9999.000,9999.000,9999.000,9999.000,9999.000
202603250218,   0.441,9999.000,9999.000,9999.000,9999.000,9999.000,9999.000,9999.000,9999.000
202603250224,   0.532,9999.000,9999.000,9999.000,9999.000,9999.000,9999.000,9999.000,9999.000
202603250230,   0.631,9999.000,9999.000,9999.000,9999.000,9999.000,9999.000,9999.000,9999.000
202603250236,   0.737,9999.000,9999.000,9999.000,9999.000,9999.000,9999.000,9999.000,9999.000
202603250242,   0.851,9999.000,9999.000,9999.000,9999.000,9999.000,9999.000,9999.000,9999.000
202603250248,   0.971,9999.000,9999.000,9999.000,9999.000,9999.000,9999.000,9999.000,9999.000
202603250254,   1.097,9999.000,9999.000,9999.000,9999.000,9999.000,9999.000,9999.000,9999.000
202603250300,   1.229,9999.000,   0.400,   0.066,   1.695,   0.300,   1.595,   0.500,   1.795
202603250306,   1.366,9999.000,9999.000,9999.000,9999.000,9999.000,9999.000,9999.000,9999.000
202603250312,   1.506,9999.000,9999.000,9999.000,9999.000,9999.000,9999.000,9999.000,9999.000
202603250318,   1.650,9999.000,9999.000,9999.000,9999.000,9999.000,9999.000,9999.000,9999.000
202603250324,   1.795,9999.000,9999.000,9999.000,9999.000,9999.000,9999.000,9999.000,9999.000
202603250330,   1.942,9999.000,9999.000,9999.000,9999.000,9999.000,9999.000,9999.000,9999.000
202603250336,   2.089,9999.000,9999.000,9999.000,9999.000,9999.000,9999.000,9999.000,9999.000
202603250342,   2.235,9999.000,9999.000,9999.000,9999.000,9999.000,9999.000,9999.000,9999.000
202603250348,   2.380,9999.000,9999.000,9999.000,9999.000,9999.000,9999.000,9999.000,9999.000
202603250354,   2.522,9999.000,9999.000,9999.000,9999.000,9999.000,9999.000,9999.000,9999.000
202603250400,   2.661,9999.000,   0.500,   0.066,   3.227,   0.400,   3.127,   0.500,   3.227
202603250406,   2.796,9999.000,9999.000,9999.000,9999.000,9999.000,9999.000,9999.000,9999.000
202603250412,   2.927,9999.000,9999.000,9999.000,9999.000,9999.000,9999.000,9999.000,9999.000
202603250418,   3.052,9999.000,9999.000,9999.000,9999.000,9999.000,9999.000,9999.000,9999.000
202603250424,   3.171,9999.000,9999.000,9999.000,9999.000,9999.000,9999.000,9999.000,9999.000
202603250430,   3.285,9999.000,9999.000,9999.000,9999.000,9999.000,9999.000,9999.000,9999.000
202603250436,   3.392,9999.000,9999.000,9999.000,9999.000,9999.000,9999.000,9999.000,9999.000
202603250442,   3.493,9999.000,9999.000,9999.000,9999.000,9999.000,9999.000,9999.000,9999.000
202603250448,   3.587,9999.000,9999.000,9999.000,9999.000,9999.000,9999.000,9999.000,9999.000
202603250454,   3.675,9999.000,9999.000,9999.000,9999.000,9999.000,9999.000,9999.000,9999.000
202603250500,   3.756,9999.000,   0.500,   0.066,   4.322,   0.400,   4.222,   0.500,   4.322
202603250506,   3.831,9999.000,9999.000,9999.000,9999.000,9999.000,9999.000,9999.000,9999.000
202603250512,   3.900,9999.000,9999.000,9999.000,9999.000,9999.000,9999.000,9999.000,9999.000
202603250518,   3.964,9999.000,9999.000,9999.000,9999.000,9999.000,9999.000,9999.000,9999.000
202603250524,   4.022,9999.000,9999.000,9999.000,9999.000,9999.000,9999.000,9999.000,9999.000
202603250530,   4.075,9999.000,9999.000,9999.000,9999.000,9999.000,9999.000,9999.000,9999.000
202603250536,   4.123,9999.000,9999.000,9999.000,9999.000,9999.000,9999.000,9999.000,9999.000
202603250542,   4.167,9999.000,9999.000,9999.000,9999.000,9999.000,9999.000,9999.000,9999.000
202603250548,   4.207,9999.000,9999.000,9999.000,9999.000,9999.000,9999.000,9999.000,9999.000
202603250554,   4.244,9999.000,9999.000,9999.000,9999.000,9999.000,9999.000,9999.000,9999.000
202603250600,   4.278,9999.000,   0.500,   0.066,   4.844,   0.400,   4.744,   0.500,   4.844
202603250606,   4.309,9999.000,9999.000,9999.000,9999.000,9999.000,9999.000,9999.000,9999.000
202603250612,   4.337,9999.000,9999.000,9999.000,9999.000,9999.000,9999.000,9999.000,9999.000
202603250618,   4.364,9999.000,9999.000,9999.000,9999.000,9999.000,9999.000,9999.000,9999.000
202603250624,   4.388,9999.000,9999.000,9999.000,9999.000,9999.000,9999.000,9999.000,9999.000
202603250630,   4.410,9999.000,9999.000,9999.000,9999.000,9999.000,9999.000,9999.000,9999.000
202603250636,   4.430,9999.000,9999.000,9999.000,9999.000,9999.000,9999.000,9999.000,9999.000
202603250642,   4.448,9999.000,9999.000,9999.000,9999.000,9999.000,9999.000,9999.000,9999.000
202603250648,   4.464,9999.000,9999.000,9999.000,9999.000,9999.000,9999.000,9999.000,9999.000
202603250654,   4.478,9999.000,9999.000,9999.000,9999.000,9999.000,9999.000,9999.000,9999.000
202603250700,   4.490,9999.000,   0.500,   0.066,   5.056,   0.400,   4.956,   0.500,   5.056
202603250706,   4.499,9999.000,9999.000,9999.000,9999.000,9999.000,9999.000,9999.000,9999.000
202603250712,   4.506,9999.000,9999.000,9999.000,9999.000,9999.000,9999.000,9999.000,9999.000
202603250718,   4.510,9999.000,9999.000,9999.000,9999.000,9999.000,9999.000,9999.000,9999.000
202603250724,   4.511,9999.000,9999.000,9999.000,9999.000,9999.000,9999.000,9999.000,9999.000
202603250730,   4.509,9999.000,9999.000,9999.000,9999.000,9999.000,9999.000,9999.000,9999.000
202603250736,   4.504,9999.000,9999.000,9999.000,9999.000,9999.000,9999.000,9999.000,9999.000
202603250742,   4.495,9999.000,9999.000,9999.000,9999.000,9999.000,9999.000,9999.000,9999.000
202603250748,   4.482,9999.000,9999.000,9999.000,9999.000,9999.000,9999.000,9999.000,9999.000
202603250754,   4.465,9999.000,9999.000,9999.000,9999.000,9999.000,9999.000,9999.000,9999.000
202603250800,   4.445,9999.000,   0.500,   0.066,   5.011,   0.400,   4.911,   0.500,   5.011
202603250806,   4.420,9999.000,9999.000,9999.000,9999.000,9999.000,9999.000,9999.000,9999.000
202603250812,   4.391,9999.000,9999.000,9999.000,9999.000,9999.000,9999.000,9999.000,9999.000
202603250818,   4.358,9999.000,9999.000,9999.000,9999.000,9999.000,9999.000,9999.000,9999.000
202603250824,   4.320,9999.000,9999.000,9999.000,9999.000,9999.000,9999.000,9999.000,9999.000
202603250830,   4.279,9999.000,9999.000,9999.000,9999.000,9999.000,9999.000,9999.000,9999.000
202603250836,   4.233,9999.000,9999.000,9999.000,9999.000,9999.000,9999.000,9999.000,9999.000
202603250842,   4.184,9999.000,9999.000,9999.000,9999.000,9999.000,9999.000,9999.000,9999.000
202603250848,   4.130,9999.000,9999.000,9999.000,9999.000,9999.000,9999.000,9999.000,9999.000
202603250854,   4.073,9999.000,9999.000,9999.000,9999.000,9999.000,9999.000,9999.000,9999.000
202603250900,   4.012,9999.000,   0.500,   0.066,   4.578,   0.400,   4.478,   0.500,   4.578
202603250906,   3.948,9999.000,9999.000,9999.000,9999.000,9999.000,9999.000,9999.000,9999.000
202603250912,   3.881,9999.000,9999.000,9999.000,9999.000,9999.000,9999.000,9999.000,9999.000
202603250918,   3.811,9999.000,9999.000,9999.000,9999.000,9999.000,9999.000,9999.000,9999.000
202603250924,   3.738,9999.000,9999.000,9999.000,9999.000,9999.000,9999.000,9999.000,9999.000
202603250930,   3.663,9999.000,9999.000,9999.000,9999.000,9999.000,9999.000,9999.000,9999.000
202603250936,   3.586,9999.000,9999.000,9999.000,9999.000,9999.000,9999.000,9999.000,9999.000
202603250942,   3.506,9999.000,9999.000,9999.000,9999.000,9999.000,9999.000,9999.000,9999.000
202603250948,   3.425,9999.000,9999.000,9999.000,9999.000,9999.000,9999.000,9999.000,9999.000
202603250954,   3.343,9999.000,9999.000,9999.000,9999.000,9999.000,9999.000,9999.000,9999.000
202603251000,   3.259,9999.000,   0.500,   0.066,   3.825,   0.400,   3.725,   0.500,   3.825
202603251006,   3.174,9999.000,9999.000,9999.000,9999.000,9999.000,9999.000,9999.000,9999.000
202603251012,   3.088,9999.000,9999.000,9999.000,9999.000,9999.000,9999.000,9999.000,9999.000
202603251018,   3.001,9999.000,9999.000,9999.000,9999.000,9999.000,9999.000,9999.000,9999.000
202603251024,   2.915,9999.000,9999.000,9999.000,9999.000,9999.000,9999.000,9999.000,9999.000
202603251030,   2.827,9999.000,9999.000,9999.000,9999.000,9999.000,9999.000,9999.000,9999.000
202603251036,   2.740,9999.000,9999.000,9999.000,9999.000,9999.000,9999.000,9999.000,9999.000
202603251042,   2.653,9999.000,9999.000,9999.000,9999.000,9999.000,9999.000,9999.000,9999.000
202603251048,   2.565,9999.000,9999.000,9999.000,9999.000,9999.000,9999.000,9999.000,9999.000
202603251054,   2.478,9999.000,9999.000,9999.000,9999.000,9999.000,9999.000,9999.000,9999.000
202603251100,   2.392,9999.000,   0.500,   0.066,   2.958,   0.400,   2.858,   0.500,   2.958
202603251106,   2.305,9999.000,9999.000,9999.000,9999.000,9999.000,9999.000,9999.000,9999.000
202603251112,   2.220,9999.000,9999.000,9999.000,9999.000,9999.000,9999.000,9999.000,9999.000
202603251118,   2.134,9999.000,9999.000,9999.000,9999.000,9999.000,9999.000,9999.000,9999.000
202603251124,   2.049,9999.000,9999.000,9999.000,9999.000,9999.000,9999.000,9999.000,9999.000
202603251130,   1.965,9999.000,9999.000,9999.000,9999.000,9999.000,9999.000,9999.000,9999.000
202603251136,   1.882,9999.000,9999.000,9999.000,9999.000,9999.000,9999.000,9999.000,9999.000
202603251142,   1.799,9999.000,9999.000,9999.000,9999.000,9999.000,9999.000,9999.000,9999.000
202603251148,   1.716,9999.000,9999.000,9999.000,9999.000,9999.000,9999.000,9999.000,9999.000
202603251154,   1.634,9999.000,9999.000,9999.000,9999.000,9999.000,9999.000,9999.000,9999.000
202603251200,   1.553,9999.000,   0.400,   0.066,   2.019,   0.400,   2.019,   0.500,   2.119
202603251206,   1.472,9999.000,9999.000,9999.000,9999.000,9999.000,9999.000,9999.000,9999.000
202603251212,   1.392,9999.000,9999.000,9999.000,9999.000,9999.000,9999.000,9999.000,9999.000
202603251218,   1.312,9999.000,9999.000,9999.000,9999.000,9999.000,9999.000,9999.000,9999.000
202603251224,   1.233,9999.000,9999.000,9999.000,9999.000,9999.000,9999.000,9999.000,9999.000
202603251230,   1.155,9999.000,9999.000,9999.000,9999.000,9999.000,9999.000,9999.000,9999.000
202603251236,   1.078,9999.000,9999.000,9999.000,9999.000,9999.000,9999.000,9999.000,9999.000
202603251242,   1.001,9999.000,9999.000,9999.000,9999.000,9999.000,9999.000,9999.000,9999.000
202603251248,   0.926,9999.000,9999.000,9999.000,9999.000,9999.000,9999.000,9999.000,9999.000
202603251254,   0.852,9999.000,9999.000,9999.000,9999.000,9999.000,9999.000,9999.000,9999.000
202603251300,   0.780,9999.000,   0.400,   0.066,   1.246,   0.400,   1.246,   0.500,   1.346
202603251306,   0.710,9999.000,9999.000,9999.000,9999.000,9999.000,9999.000,9999.000,9999.000
202603251312,   0.643,9999.000,9999.000,9999.000,9999.000,9999.000,9999.000,9999.000,9999.000
202603251318,   0.578,9999.000,9999.000,9999.000,9999.000,9999.000,9999.000,9999.000,9999.000
202603251324,   0.517,9999.000,9999.000,9999.000,9999.000,9999.000,9999.000,9999.000,9999.000
202603251330,   0.459,9999.000,9999.000,9999.000,9999.000,9999.000,9999.000,9999.000,9999.000
202603251336,   0.406,9999.000,9999.000,9999.000,9999.000,9999.000,9999.000,9999.000,9999.000
202603251342,   0.358,9999.000,9999.000,9999.000,9999.000,9999.000,9999.000,9999.000,9999.000
202603251348,   0.315,9999.000,9999.000,9999.000,9999.000,9999.000,9999.000,9999.000,9999.000
202603251354,   0.278,9999.000,9999.000,9999.000,9999.000,9999.000,9999.000,9999.000,9999.000
202603251400,   0.248,9999.000,   0.400,   0.066,   0.714,   0.400,   0.714,   0.500,   0.814
202603251406,   0.224,9999.000,9999.000,9999.000,9999.000,9999.000,9999.000,9999.000,9999.000
202603251412,   0.208,9999.000,9999.000,9999.000,9999.000,9999.000,9999.000,9999.000,9999.000
202603251418,   0.200,9999.000,9999.000,9999.000,9999.000,9999.000,9999.000,9999.000,9999.000
202603251424,   0.201,9999.000,9999.000,9999.000,9999.000,9999.000,9999.000,9999.000,9999.000
202603251430,   0.210,9999.000,9999.000,9999.000,9999.000,9999.000,9999.000,9999.000,9999.000
202603251436,   0.228,9999.000,9999.000,9999.000,9999.000,9999.000,9999.000,9999.000,9999.000
202603251442,   0.255,9999.000,9999.000,9999.000,9999.000,9999.000,9999.000,9999.000,9999.000
202603251448,   0.291,9999.000,9999.000,9999.000,9999.000,9999.000,9999.000,9999.000,9999.000
202603251454,   0.336,9999.000,9999.000,9999.000,9999.000,9999.000,9999.000,9999.000,9999.000
202603251500,   0.390,9999.000,   0.400,   0.066,   0.856,   0.300,   0.756,   0.500,   0.956
202603251506,   0.453,9999.000,9999.000,9999.000,9999.000,9999.000,9999.000,9999.000,9999.000
202603251512,   0.524,9999.000,9999.000,9999.000,9999.000,9999.000,9999.000,9999.000,9999.000
202603251518,   0.603,9999.000,9999.000,9999.000,9999.000,9999.000,9999.000,9999.000,9999.000
202603251524,   0.689,9999.000,9999.000,9999.000,9999.000,9999.000,9999.000,9999.000,9999.000
202603251530,   0.782,9999.000,9999.000,9999.000,9999.000,9999.000,9999.000,9999.000,9999.000
202603251536,   0.881,9999.000,9999.000,9999.000,9999.000,9999.000,9999.000,9999.000,9999.000
202603251542,   0.986,9999.000,9999.000,9999.000,9999.000,9999.000,9999.000,9999.000,9999.000
202603251548,   1.094,9999.000,9999.000,9999.000,9999.000,9999.000,9999.000,9999.000,9999.000
202603251554,   1.207,9999.000,9999.000,9999.000,9999.000,9999.000,9999.000,9999.000,9999.000
202603251600,   1.322,9999.000,   0.400,   0.066,   1.788,   0.300,   1.688,   0.500,   1.888
202603251606,   1.438,9999.000,9999.000,9999.000,9999.000,9999.000,9999.000,9999.000,9999.000
202603251612,   1.556,9999.000,9999.000,9999.000,9999.000,9999.000,9999.000,9999.000,9999.000
202603251618,   1.674,9999.000,9999.000,9999.000,9999.000,9999.000,9999.000,9999.000,9999.000
202603251624,   1.791,9999.000,9999.000,9999.000,9999.000,9999.000,9999.000,9999.000,9999.000
202603251630,   1.907,9999.000,9999.000,9999.000,9999.000,9999.000,9999.000,9999.000,9999.000
202603251636,   2.021,9999.000,9999.000,9999.000,9999.000,9999.000,9999.000,9999.000,9999.000
202603251642,   2.132,9999.000,9999.000,9999.000,9999.000,9999.000,9999.000,9999.000,9999.000
202603251648,   2.240,9999.000,9999.000,9999.000,9999.000,9999.000,9999.000,9999.000,9999.000
202603251654,   2.344,9999.000,9999.000,9999.000,9999.000,9999.000,9999.000,9999.000,9999.000
202603251700,   2.444,9999.000,   0.400,   0.066,   2.910,   0.300,   2.810,   0.500,   3.010
202603251706,   2.540,9999.000,9999.000,9999.000,9999.000,9999.000,9999.000,9999.000,9999.000
202603251712,   2.632,9999.000,9999.000,9999.000,9999.000,9999.000,9999.000,9999.000,9999.000
202603251718,   2.718,9999.000,9999.000,9999.000,9999.000,9999.000,9999.000,9999.000,9999.000
202603251724,   2.801,9999.000,9999.000,9999.000,9999.000,9999.000,9999.000,9999.000,9999.000
202603251730,   2.878,9999.000,9999.000,9999.000,9999.000,9999.000,9999.000,9999.000,9999.000
202603251736,   2.952,9999.000,9999.000,9999.000,9999.000,9999.000,9999.000,9999.000,9999.000
202603251742,   3.021,9999.000,9999.000,9999.000,9999.000,9999.000,9999.000,9999.000,9999.000
202603251748,   3.086,9999.000,9999.000,9999.000,9999.000,9999.000,9999.000,9999.000,9999.000
202603251754,   3.147,9999.000,9999.000,9999.000,9999.000,9999.000,9999.000,9999.000,9999.000
202603251800,   3.205,9999.000,   0.400,   0.066,   3.671,   0.300,   3.571,   0.400,   3.671
202603251806,   3.260,9999.000,9999.000,9999.000,9999.000,9999.000,9999.000,9999.000,9999.000
202603251812,   3.311,9999.000,9999.000,9999.000,9999.000,9999.000,9999.000,9999.000,9999.000
202603251818,   3.360,9999.000,9999.000,9999.000,9999.000,9999.000,9999.000,9999.000,9999.000
202603251824,   3.407,9999.000,9999.000,9999.000,9999.000,9999.000,9999.000,9999.000,9999.000
202603251830,   3.450,9999.000,9999.000,9999.000,9999.000,9999.000,9999.000,9999.000,9999.000
202603251836,   3.492,9999.000,9999.000,9999.000,9999.000,9999.000,9999.000,9999.000,9999.000
202603251842,   3.532,9999.000,9999.000,9999.000,9999.000,9999.000,9999.000,9999.000,9999.000
202603251848,   3.569,9999.000,9999.000,9999.000,9999.000,9999.000,9999.000,9999.000,9999.000
202603251854,   3.604,9999.000,9999.000,9999.000,9999.000,9999.000,9999.000,9999.000,9999.000
202603251900,   3.638,9999.000,   0.400,   0.066,   4.104,   0.300,   4.004,   0.400,   4.104
202603251906,   3.668,9999.000,9999.000,9999.000,9999.000,9999.000,9999.000,9999.000,9999.000
202603251912,   3.697,9999.000,9999.000,9999.000,9999.000,9999.000,9999.000,9999.000,9999.000
202603251918,   3.722,9999.000,9999.000,9999.000,9999.000,9999.000,9999.000,9999.000,9999.000
202603251924,   3.745,9999.000,9999.000,9999.000,9999.000,9999.000,9999.000,9999.000,9999.000
202603251930,   3.765,9999.000,9999.000,9999.000,9999.000,9999.000,9999.000,9999.000,9999.000
202603251936,   3.781,9999.000,9999.000,9999.000,9999.000,9999.000,9999.000,9999.000,9999.000
202603251942,   3.794,9999.000,9999.000,9999.000,9999.000,9999.000,9999.000,9999.000,9999.000
202603251948,   3.802,9999.000,9999.000,9999.000,9999.000,9999.000,9999.000,9999.000,9999.000
202603251954,   3.807,9999.000,9999.000,9999.000,9999.000,9999.000,9999.000,9999.000,9999.000
202603252000,   3.807,9999.000,   0.400,   0.066,   4.273,   0.300,   4.173,   0.400,   4.273
202603252006,   3.802,9999.000,9999.000,9999.000,9999.000,9999.000,9999.000,9999.000,9999.000
202603252012,   3.793,9999.000,9999.000,9999.000,9999.000,9999.000,9999.000,9999.000,9999.000
202603252018,   3.778,9999.000,9999.000,9999.000,9999.000,9999.000,9999.000,9999.000,9999.000
202603252024,   3.759,9999.000,9999.000,9999.000,9999.000,9999.000,9999.000,9999.000,9999.000
202603252030,   3.734,9999.000,9999.000,9999.000,9999.000,9999.000,9999.000,9999.000,9999.000
202603252036,   3.703,9999.000,9999.000,9999.000,9999.000,9999.000,9999.000,9999.000,9999.000
202603252042,   3.668,9999.000,9999.000,9999.000,9999.000,9999.000,9999.000,9999.000,9999.000
202603252048,   3.627,9999.000,9999.000,9999.000,9999.000,9999.000,9999.000,9999.000,9999.000
202603252054,   3.581,9999.000,9999.000,9999.000,9999.000,9999.000,9999.000,9999.000,9999.000
202603252100,   3.530,9999.000,   0.400,   0.066,   3.996,   0.300,   3.896,   0.400,   3.996
202603252106,   3.474,9999.000,9999.000,9999.000,9999.000,9999.000,9999.000,9999.000,9999.000
202603252112,   3.413,9999.000,9999.000,9999.000,9999.000,9999.000,9999.000,9999.000,9999.000
202603252118,   3.348,9999.000,9999.000,9999.000,9999.000,9999.000,9999.000,9999.000,9999.000
202603252124,   3.279,9999.000,9999.000,9999.000,9999.000,9999.000,9999.000,9999.000,9999.000
202603252130,   3.206,9999.000,9999.000,9999.000,9999.000,9999.000,9999.000,9999.000,9999.000
202603252136,   3.130,9999.000,9999.000,9999.000,9999.000,9999.000,9999.000,9999.000,9999.000
202603252142,   3.050,9999.000,9999.000,9999.000,9999.000,9999.000,9999.000,9999.000,9999.000
202603252148,   2.967,9999.000,9999.000,9999.000,9999.000,9999.000,9999.000,9999.000,9999.000
202603252154,   2.882,9999.000,9999.000,9999.000,9999.000,9999.000,9999.000,9999.000,9999.000
202603252200,   2.795,9999.000,   0.300,   0.066,   3.161,   0.300,   3.161,   0.400,   3.261
202603252206,   2.706,9999.000,9999.000,9999.000,9999.000,9999.000,9999.000,9999.000,9999.000
202603252212,   2.616,9999.000,9999.000,9999.000,9999.000,9999.000,9999.000,9999.000,9999.000
202603252218,   2.524,9999.000,9999.000,9999.000,9999.000,9999.000,9999.000,9999.000,9999.000
202603252224,   2.432,9999.000,9999.000,9999.000,9999.000,9999.000,9999.000,9999.000,9999.000
202603252230,   2.340,9999.000,9999.000,9999.000,9999.000,9999.000,9999.000,9999.000,9999.000
202603252236,   2.247,9999.000,9999.000,9999.000,9999.000,9999.000,9999.000,9999.000,9999.000
202603252242,   2.155,9999.000,9999.000,9999.000,9999.000,9999.000,9999.000,9999.000,9999.000
202603252248,   2.063,9999.000,9999.000,9999.000,9999.000,9999.000,9999.000,9999.000,9999.000
202603252254,   1.972,9999.000,9999.000,9999.000,9999.000,9999.000,9999.000,9999.000,9999.000
202603252300,   1.882,9999.000,   0.300,   0.066,   2.248,   0.300,   2.248,   0.400,   2.348
202603252306,   1.793,9999.000,9999.000,9999.000,9999.000,9999.000,9999.000,9999.000,9999.000
202603252312,   1.706,9999.000,9999.000,9999.000,9999.000,9999.000,9999.000,9999.000,9999.000
202603252318,   1.620,9999.000,9999.000,9999.000,9999.000,9999.000,9999.000,9999.000,9999.000
202603252324,   1.536,9999.000,9999.000,9999.000,9999.000,9999.000,9999.000,9999.000,9999.000
202603252330,   1.454,9999.000,9999.000,9999.000,9999.000,9999.000,9999.000,9999.000,9999.000
202603252336,   1.374,9999.000,9999.000,9999.000,9999.000,9999.000,9999.000,9999.000,9999.000
202603252342,   1.296,9999.000,9999.000,9999.000,9999.000,9999.000,9999.000,9999.000,9999.000
202603252348,   1.220,9999.000,9999.000,9999.000,9999.000,9999.000,9999.000,9999.000,9999.000
202603252354,   1.146,9999.000,9999.000,9999.000,9999.000,9999.000,9999.000,9999.000,9999.000
202603260000,   1.075,9999.000,   0.300,   0.066,   1.441,   0.300,   1.441,   0.400,   1.541
202603260006,   1.005,9999.000,9999.000,9999.000,9999.000,9999.000,9999.000,9999.000,9999.000
202603260012,   0.938,9999.000,9999.000,9999.000,9999.000,9999.000,9999.000,9999.000,9999.000
202603260018,   0.873,9999.000,9999.000,9999.000,9999.000,9999.000,9999.000,9999.000,9999.000
202603260024,   0.810,9999.000,9999.000,9999.000,9999.000,9999.000,9999.000,9999.000,9999.000
202603260030,   0.749,9999.000,9999.000,9999.000,9999.000,9999.000,9999.000,9999.000,9999.000
202603260036,   0.690,9999.000,9999.000,9999.000,9999.000,9999.000,9999.000,9999.000,9999.000
202603260042,   0.633,9999.000,9999.000,9999.000,9999.000,9999.000,9999.000,9999.000,9999.000
202603260048,   0.578,9999.000,9999.000,9999.000,9999.000,9999.000,9999.000,9999.000,9999.000
202603260054,   0.525,9999.000,9999.000,9999.000,9999.000,9999.000,9999.000,9999.000,9999.000
202603260100,   0.474,9999.000,   0.300,   0.066,   0.840,   0.300,   0.840,   0.400,   0.940
202603260106,   0.426,9999.000,9999.000,9999.000,9999.000,9999.000,9999.000,9999.000,9999.000
202603260112,   0.379,9999.000,9999.000,9999.000,9999.000,9999.000,9999.000,9999.000,9999.000
202603260118,   0.335,9999.000,9999.000,9999.000,9999.000,9999.000,9999.000,9999.000,9999.000
202603260124,   0.294,9999.000,9999.000,9999.000,9999.000,9999.000,9999.000,9999.000,9999.000
202603260130,   0.255,9999.000,9999.000,9999.000,9999.000,9999.000,9999.000,9999.000,9999.000
202603260136,   0.219,9999.000,9999.000,9999.000,9999.000,9999.000,9999.000,9999.000,9999.000
202603260142,   0.187,9999.000,9999.000,9999.000,9999.000,9999.000,9999.000,9999.000,9999.000
202603260148,   0.159,9999.000,9999.000,9999.000,9999.000,9999.000,9999.000,9999.000,9999.000
202603260154,   0.135,9999.000,9999.000,9999.000,9999.000,9999.000,9999.000,9999.000,9999.000
202603260200,   0.116,9999.000,   0.300,   0.066,   0.482,   0.300,   0.482,   0.400,   0.582
202603260206,   0.101,9999.000,9999.000,9999.000,9999.000,9999.000,9999.000,9999.000,9999.000
202603260212,   0.092,9999.000,9999.000,9999.000,9999.000,9999.000,9999.000,9999.000,9999.000
202603260218,   0.089,9999.000,9999.000,9999.000,9999.000,9999.000,9999.000,9999.000,9999.000
202603260224,   0.093,9999.000,9999.000,9999.000,9999.000,9999.000,9999.000,9999.000,9999.000
202603260230,   0.103,9999.000,9999.000,9999.000,9999.000,9999.000,9999.000,9999.000,9999.000
202603260236,   0.121,9999.000,9999.000,9999.000,9999.000,9999.000,9999.000,9999.000,9999.000
202603260242,   0.146,9999.000,9999.000,9999.000,9999.000,9999.000,9999.000,9999.000,9999.000
202603260248,   0.179,9999.000,9999.000,9999.000,9999.000,9999.000,9999.000,9999.000,9999.000
202603260254,   0.221,9999.000,9999.000,9999.000,9999.000,9999.000,9999.000,9999.000,9999.000
202603260300,   0.270,9999.000,   0.300,   0.066,   0.636,   0.300,   0.636,   0.300,   0.636
202603260306,   0.328,9999.000,9999.000,9999.000,9999.000,9999.000,9999.000,9999.000,9999.000
202603260312,   0.395,9999.000,9999.000,9999.000,9999.000,9999.000,9999.000,9999.000,9999.000
202603260318,   0.470,9999.000,9999.000,9999.000,9999.000,9999.000,9999.000,9999.000,9999.000
202603260324,   0.553,9999.000,9999.000,9999.000,9999.000,9999.000,9999.000,9999.000,9999.000
202603260330,   0.643,9999.000,9999.000,9999.000,9999.000,9999.000,9999.000,9999.000,9999.000
202603260336,   0.742,9999.000,9999.000,9999.000,9999.000,9999.000,9999.000,9999.000,9999.000
202603260342,   0.847,9999.000,9999.000,9999.000,9999.000,9999.000,9999.000,9999.000,9999.000
202603260348,   0.958,9999.000,9999.000,9999.000,9999.000,9999.000,9999.000,9999.000,9999.000
202603260354,   1.075,9999.000,9999.000,9999.000,9999.000,9999.000,9999.000,9999.000,9999.000
202603260400,   1.198,9999.000,   0.300,   0.066,   1.564,   0.200,   1.464,   0.300,   1.564
202603260406,   1.324,9999.000,9999.000,9999.000,9999.000,9999.000,9999.000,9999.000,9999.000
202603260412,   1.454,9999.000,9999.000,9999.000,9999.000,9999.000,9999.000,9999.000,9999.000
202603260418,   1.586,9999.000,9999.000,9999.000,9999.000,9999.000,9999.000,9999.000,9999.000
202603260424,   1.720,9999.000,9999.000,9999.000,9999.000,9999.000,9999.000,9999.000,9999.000
202603260430,   1.855,9999.000,9999.000,9999.000,9999.000,9999.000,9999.000,9999.000,9999.000
202603260436,   1.989,9999.000,9999.000,9999.000,9999.000,9999.000,9999.000,9999.000,9999.000
202603260442,   2.123,9999.000,9999.000,9999.000,9999.000,9999.000,9999.000,9999.000,9999.000
202603260448,   2.254,9999.000,9999.000,9999.000,9999.000,9999.000,9999.000,9999.000,9999.000
202603260454,   2.384,9999.000,9999.000,9999.000,9999.000,9999.000,9999.000,9999.000,9999.000
202603260500,   2.510,9999.000,   0.300,   0.066,   2.876,   0.200,   2.776,   0.300,   2.876
202603260506,   2.632,9999.000,9999.000,9999.000,9999.000,9999.000,9999.000,9999.000,9999.000
202603260512,   2.750,9999.000,9999.000,9999.000,9999.000,9999.000,9999.000,9999.000,9999.000
202603260518,   2.863,9999.000,9999.000,9999.000,9999.000,9999.000,9999.000,9999.000,9999.000
202603260524,   2.971,9999.000,9999.000,9999.000,9999.000,9999.000,9999.000,9999.000,9999.000
202603260530,   3.074,9999.000,9999.000,9999.000,9999.000,9999.000,9999.000,9999.000,9999.000
202603260536,   3.172,9999.000,9999.000,9999.000,9999.000,9999.000,9999.000,9999.000,9999.000
202603260542,   3.264,9999.000,9999.000,9999.000,9999.000,9999.000,9999.000,9999.000,9999.000
202603260548,   3.351,9999.000,9999.000,9999.000,9999.000,9999.000,9999.000,9999.000,9999.000
202603260554,   3.432,9999.000,9999.000,9999.000,9999.000,9999.000,9999.000,9999.000,9999.000
202603260600,   3.509,9999.000,   0.300,   0.066,   3.875,   0.200,   3.775,   0.300,   3.875
202603260606,   3.580,9999.000,9999.000,9999.000,9999.000,9999.000,9999.000,9999.000,9999.000
202603260612,   3.647,9999.000,9999.000,9999.000,9999.000,9999.000,9999.000,9999.000,9999.000
202603260618,   3.710,9999.000,9999.000,9999.000,9999.000,9999.000,9999.000,9999.000,9999.000
202603260624,   3.769,9999.000,9999.000,9999.000,9999.000,9999.000,9999.000,9999.000,9999.000
202603260630,   3.824,9999.000,9999.000,9999.000,9999.000,9999.000,9999.000,9999.000,9999.000
202603260636,   3.876,9999.000,9999.000,9999.000,9999.000,9999.000,9999.000,9999.000,9999.000
202603260642,   3.925,9999.000,9999.000,9999.000,9999.000,9999.000,9999.000,9999.000,9999.000
202603260648,   3.972,9999.000,9999.000,9999.000,9999.000,9999.000,9999.000,9999.000,9999.000
202603260654,   4.016,9999.000,9999.000,9999.000,9999.000,9999.000,9999.000,9999.000,9999.000
202603260700,   4.057,9999.000,   0.300,   0.066,   4.423,   0.200,   4.323,   0.300,   4.423
202603260706,   4.097,9999.000,9999.000,9999.000,9999.000,9999.000,9999.000,9999.000,9999.000
202603260712,   4.135,9999.000,9999.000,9999.000,9999.000,9999.000,9999.000,9999.000,9999.000
202603260718,   4.172,9999.000,9999.000,9999.000,9999.000,9999.000,9999.000,9999.000,9999.000
202603260724,   4.206,9999.000,9999.000,9999.000,9999.000,9999.000,9999.000,9999.000,9999.000
202603260730,   4.239,9999.000,9999.000,9999.000,9999.000,9999.000,9999.000,9999.000,9999.000
202603260736,   4.269,9999.000,9999.000,9999.000,9999.000,9999.000,9999.000,9999.000,9999.000
202603260742,   4.298,9999.000,9999.000,9999.000,9999.000,9999.000,9999.000,9999.000,9999.000
202603260748,   4.324,9999.000,9999.000,9999.000,9999.000,9999.000,9999.000,9999.000,9999.000
202603260754,   4.348,9999.000,9999.000,9999.000,9999.000,9999.000,9999.000,9999.000,9999.000
202603260800,   4.370,9999.000,   0.200,   0.066,   4.636,   0.200,   4.636,   0.300,   4.736
202603260806,   4.388,9999.000,9999.000,9999.000,9999.000,9999.000,9999.000,9999.000,9999.000
202603260812,   4.404,9999.000,9999.000,9999.000,9999.000,9999.000,9999.000,9999.000,9999.000
202603260818,   4.416,9999.000,9999.000,9999.000,9999.000,9999.000,9999.000,9999.000,9999.000
202603260824,   4.425,9999.000,9999.000,9999.000,9999.000,9999.000,9999.000,9999.000,9999.000
202603260830,   4.429,9999.000,9999.000,9999.000,9999.000,9999.000,9999.000,9999.000,9999.000
202603260836,   4.430,9999.000,9999.000,9999.000,9999.000,9999.000,9999.000,9999.000,9999.000
202603260842,   4.427,9999.000,9999.000,9999.000,9999.000,9999.000,9999.000,9999.000,9999.000
202603260848,   4.419,9999.000,9999.000,9999.000,9999.000,9999.000,9999.000,9999.000,9999.000
202603260854,   4.407,9999.000,9999.000,9999.000,9999.000,9999.000,9999.000,9999.000,9999.000
202603260900,   4.390,9999.000,   0.200,   0.066,   4.656,   0.200,   4.656,   0.300,   4.756
202603260906,   4.369,9999.000,9999.000,9999.000,9999.000,9999.000,9999.000,9999.000,9999.000
202603260912,   4.344,9999.000,9999.000,9999.000,9999.000,9999.000,9999.000,9999.000,9999.000
202603260918,   4.314,9999.000,9999.000,9999.000,9999.000,9999.000,9999.000,9999.000,9999.000
202603260924,   4.280,9999.000,9999.000,9999.000,9999.000,9999.000,9999.000,9999.000,9999.000
202603260930,   4.241,9999.000,9999.000,9999.000,9999.000,9999.000,9999.000,9999.000,9999.000
202603260936,   4.198,9999.000,9999.000,9999.000,9999.000,9999.000,9999.000,9999.000,9999.000
202603260942,   4.152,9999.000,9999.000,9999.000,9999.000,9999.000,9999.000,9999.000,9999.000
202603260948,   4.102,9999.000,9999.000,9999.000,9999.000,9999.000,9999.000,9999.000,9999.000
202603260954,   4.048,9999.000,9999.000,9999.000,9999.000,9999.000,9999.000,9999.000,9999.000
202603261000,   3.991,9999.000,   0.200,   0.066,   4.257,   0.200,   4.257,   0.300,   4.357
202603261006,   3.931,9999.000,9999.000,9999.000,9999.000,9999.000,9999.000,9999.000,9999.000
202603261012,   3.868,9999.000,9999.000,9999.000,9999.000,9999.000,9999.000,9999.000,9999.000
202603261018,   3.803,9999.000,9999.000,9999.000,9999.000,9999.000,9999.000,9999.000,9999.000
202603261024,   3.735,9999.000,9999.000,9999.000,9999.000,9999.000,9999.000,9999.000,9999.000
202603261030,   3.665,9999.000,9999.000,9999.000,9999.000,9999.000,9999.000,9999.000,9999.000
202603261036,   3.594,9999.000,9999.000,9999.000,9999.000,9999.000,9999.000,9999.000,9999.000
202603261042,   3.521,9999.000,9999.000,9999.000,9999.000,9999.000,9999.000,9999.000,9999.000
202603261048,   3.447,9999.000,9999.000,9999.000,9999.000,9999.000,9999.000,9999.000,9999.000
202603261054,   3.371,9999.000,9999.000,9999.000,9999.000,9999.000,9999.000,9999.000,9999.000
202603261100,   3.295,9999.000,   0.200,   0.066,   3.561,   0.200,   3.561,   0.300,   3.661
202603261106,   3.218,9999.000,9999.000,9999.000,9999.000,9999.000,9999.000,9999.000,9999.000
202603261112,   3.140,9999.000,9999.000,9999.000,9999.000,9999.000,9999.000,9999.000,9999.000
202603261118,   3.062,9999.000,9999.000,9999.000,9999.000,9999.000,9999.000,9999.000,9999.000
202603261124,   2.983,9999.000,9999.000,9999.000,9999.000,9999.000,9999.000,9999.000,9999.000
202603261130,   2.904,9999.000,9999.000,9999.000,9999.000,9999.000,9999.000,9999.000,9999.000
202603261136,   2.825,9999.000,9999.000,9999.000,9999.000,9999.000,9999.000,9999.000,9999.000
202603261142,   2.746,9999.000,9999.000,9999.000,9999.000,9999.000,9999.000,9999.000,9999.000
202603261148,   2.667,9999.000,9999.000,9999.000,9999.000,9999.000,9999.000,9999.000,9999.000
202603261154,   2.588,9999.000,9999.000,9999.000,9999.000,9999.000,9999.000,9999.000,9999.000
202603261200,   2.509,9999.000,   0.200,   0.066,   2.775,   0.200,   2.775,   0.300,   2.875
202603261206,   2.429,9999.000,9999.000,9999.000,9999.000,9999.000,9999.000,9999.000,9999.000
202603261212,   2.350,9999.000,9999.000,9999.000,9999.000,9999.000,9999.000,9999.000,9999.000
202603261218,   2.271,9999.000,9999.000,9999.000,9999.000,9999.000,9999.000,9999.000,9999.000
202603261224,   2.191,9999.000,9999.000,9999.000,9999.000,9999.000,9999.000,9999.000,9999.000
202603261230,   2.111,9999.000,9999.000,9999.000,9999.000,9999.000,9999.000,9999.000,9999.000
202603261236,   2.031,9999.000,9999.000,9999.000,9999.000,9999.000,9999.000,9999.000,9999.000
202603261242,   1.950,9999.000,9999.000,9999.000,9999.000,9999.000,9999.000,9999.000,9999.000
202603261248,   1.869,9999.000,9999.000,9999.000,9999.000,9999.000,9999.000,9999.000,9999.000
202603261254,   1.788,9999.000,9999.000,9999.000,9999.000,9999.000,9999.000,9999.000,9999.000
202603261300,   1.706,9999.000,   0.200,   0.066,   1.972,   0.100,   1.872,   0.200,   1.972
202603261306,   1.624,9999.000,9999.000,9999.000,9999.000,9999.000,9999.000,9999.000,9999.000
202603261312,   1.541,9999.000,9999.000,9999.000,9999.000,9999.000,9999.000,9999.000,9999.000
202603261318,   1.458,9999.000,9999.000,9999.000,9999.000,9999.000,9999.000,9999.000,9999.000
202603261324,   1.375,9999.000,9999.000,9999.000,9999.000,9999.000,9999.000,9999.000,9999.000
202603261330,   1.291,9999.000,9999.000,9999.000,9999.000,9999.000,9999.000,9999.000,9999.000
202603261336,   1.208,9999.000,9999.000,9999.000,9999.000,9999.000,9999.000,9999.000,9999.000
202603261342,   1.125,9999.000,9999.000,9999.000,9999.000,9999.000,9999.000,9999.000,9999.000
202603261348,   1.043,9999.000,9999.000,9999.000,9999.000,9999.000,9999.000,9999.000,9999.000
202603261354,   0.961,9999.000,9999.000,9999.000,9999.000,9999.000,9999.000,9999.000,9999.000
202603261400,   0.881,9999.000,   0.200,   0.066,   1.147,   0.100,   1.047,   0.200,   1.147
202603261406,   0.802,9999.000,9999.000,9999.000,9999.000,9999.000,9999.000,9999.000,9999.000
202603261412,   0.726,9999.000,9999.000,9999.000,9999.000,9999.000,9999.000,9999.000,9999.000
202603261418,   0.653,9999.000,9999.000,9999.000,9999.000,9999.000,9999.000,9999.000,9999.000
202603261424,   0.583,9999.000,9999.000,9999.000,9999.000,9999.000,9999.000,9999.000,9999.000
202603261430,   0.517,9999.000,9999.000,9999.000,9999.000,9999.000,9999.000,9999.000,9999.000
202603261436,   0.456,9999.000,9999.000,9999.000,9999.000,9999.000,9999.000,9999.000,9999.000
202603261442,   0.399,9999.000,9999.000,9999.000,9999.000,9999.000,9999.000,9999.000,9999.000
202603261448,   0.349,9999.000,9999.000,9999.000,9999.000,9999.000,9999.000,9999.000,9999.000
202603261454,   0.305,9999.000,9999.000,9999.000,9999.000,9999.000,9999.000,9999.000,9999.000
202603261500,   0.269,9999.000,   0.200,   0.066,   0.535,   0.100,   0.435,   0.200,   0.535
202603261506,   0.239,9999.000,9999.000,9999.000,9999.000,9999.000,9999.000,9999.000,9999.000
202603261512,   0.218,9999.000,9999.000,9999.000,9999.000,9999.000,9999.000,9999.000,9999.000
202603261518,   0.206,9999.000,9999.000,9999.000,9999.000,9999.000,9999.000,9999.000,9999.000
202603261524,   0.202,9999.000,9999.000,9999.000,9999.000,9999.000,9999.000,9999.000,9999.000
202603261530,   0.208,9999.000,9999.000,9999.000,9999.000,9999.000,9999.000,9999.000,9999.000
202603261536,   0.223,9999.000,9999.000,9999.000,9999.000,9999.000,9999.000,9999.000,9999.000
202603261542,   0.247,9999.000,9999.000,9999.000,9999.000,9999.000,9999.000,9999.000,9999.000
202603261548,   0.281,9999.000,9999.000,9999.000,9999.000,9999.000,9999.000,9999.000,9999.000
202603261554,   0.324,9999.000,9999.000,9999.000,9999.000,9999.000,9999.000,9999.000,9999.000
202603261600,   0.376,9999.000,   0.200,   0.066,   0.642,   0.100,   0.542,   0.200,   0.642
202603261606,   0.436,9999.000,9999.000,9999.000,9999.000,9999.000,9999.000,9999.000,9999.000
202603261612,   0.505,9999.000,9999.000,9999.000,9999.000,9999.000,9999.000,9999.000,9999.000
202603261618,   0.582,9999.000,9999.000,9999.000,9999.000,9999.000,9999.000,9999.000,9999.000
202603261624,   0.665,9999.000,9999.000,9999.000,9999.000,9999.000,9999.000,9999.000,9999.000
202603261630,   0.755,9999.000,9999.000,9999.000,9999.000,9999.000,9999.000,9999.000,9999.000
202603261636,   0.851,9999.000,9999.000,9999.000,9999.000,9999.000,9999.000,9999.000,9999.000
202603261642,   0.952,9999.000,9999.000,9999.000,9999.000,9999.000,9999.000,9999.000,9999.000
202603261648,   1.056,9999.000,9999.000,9999.000,9999.000,9999.000,9999.000,9999.000,9999.000
202603261654,   1.164,9999.000,9999.000,9999.000,9999.000,9999.000,9999.000,9999.000,9999.000
202603261700,   1.274,9999.000,   0.200,   0.066,   1.540,   0.100,   1.440,   0.200,   1.540
202603261706,   1.386,9999.000,9999.000,9999.000,9999.000,9999.000,9999.000,9999.000,9999.000
202603261712,   1.499,9999.000,9999.000,9999.000,9999.000,9999.000,9999.000,9999.000,9999.000
202603261718,   1.611,9999.000,9999.000,9999.000,9999.000,9999.000,9999.000,9999.000,9999.000
202603261724,   1.723,9999.000,9999.000,9999.000,9999.000,9999.000,9999.000,9999.000,9999.000
202603261730,   1.834,9999.000,9999.000,9999.000,9999.000,9999.000,9999.000,9999.000,9999.000
202603261736,   1.942,9999.000,9999.000,9999.000,9999.000,9999.000,9999.000,9999.000,9999.000
202603261742,   2.049,9999.000,9999.000,9999.000,9999.000,9999.000,9999.000,9999.000,9999.000
202603261748,   2.152,9999.000,9999.000,9999.000,9999.000,9999.000,9999.000,9999.000,9999.000
202603261754,   2.253,9999.000,9999.000,9999.000,9999.000,9999.000,9999.000,9999.000,9999.000
202603261800,   2.350,9999.000,   0.100,   0.066,   2.516,   0.100,   2.516,   0.200,   2.616
202603261806,   2.443,9999.000,9999.000,9999.000,9999.000,9999.000,9999.000,9999.000,9999.000
202603261812,   2.533,9999.000,9999.000,9999.000,9999.000,9999.000,9999.000,9999.000,9999.000
202603261818,   2.620,9999.000,9999.000,9999.000,9999.000,9999.000,9999.000,9999.000,9999.000
202603261824,   2.703,9999.000,9999.000,9999.000,9999.000,9999.000,9999.000,9999.000,9999.000
202603261830,   2.782,9999.000,9999.000,9999.000,9999.000,9999.000,9999.000,9999.000,9999.000
202603261836,   2.858,9999.000,9999.000,9999.000,9999.000,9999.000,9999.000,9999.000,9999.000
202603261842,   2.932,9999.000,9999.000,9999.000,9999.000,9999.000,9999.000,9999.000,9999.000
202603261848,   3.002,9999.000,9999.000,9999.000,9999.000,9999.000,9999.000,9999.000,9999.000
202603261854,   3.069,9999.000,9999.000,9999.000,9999.000,9999.000,9999.000,9999.000,9999.000
202603261900,   3.134,9999.000,   0.100,   0.066,   3.300,   0.100,   3.300,   0.200,   3.400
202603261906,   3.197,9999.000,9999.000,9999.000,9999.000,9999.000,9999.000,9999.000,9999.000
202603261912,   3.257,9999.000,9999.000,9999.000,9999.000,9999.000,9999.000,9999.000,9999.000
202603261918,   3.316,9999.000,9999.000,9999.000,9999.000,9999.000,9999.000,9999.000,9999.000
202603261924,   3.372,9999.000,9999.000,9999.000,9999.000,9999.000,9999.000,9999.000,9999.000
202603261930,   3.427,9999.000,9999.000,9999.000,9999.000,9999.000,9999.000,9999.000,9999.000
202603261936,   3.479,9999.000,9999.000,9999.000,9999.000,9999.000,9999.000,9999.000,9999.000
202603261942,   3.529,9999.000,9999.000,9999.000,9999.000,9999.000,9999.000,9999.000,9999.000
202603261948,   3.577,9999.000,9999.000,9999.000,9999.000,9999.000,9999.000,9999.000,9999.000
202603261954,   3.623,9999.000,9999.000,9999.000,9999.000,9999.000,9999.000,9999.000,9999.000
202603262000,   3.667,9999.000,   0.100,   0.066,   3.833,   0.100,   3.833,   0.200,   3.933
202603262006,   3.707,9999.000,9999.000,9999.000,9999.000,9999.000,9999.000,9999.000,9999.000
202603262012,   3.745,9999.000,9999.000,9999.000,9999.000,9999.000,9999.000,9999.000,9999.000
202603262018,   3.779,9999.000,9999.000,9999.000,9999.000,9999.000,9999.000,9999.000,9999.000
202603262024,   3.810,9999.000,9999.000,9999.000,9999.000,9999.000,9999.000,9999.000,9999.000
202603262030,   3.837,9999.000,9999.000,9999.000,9999.000,9999.000,9999.000,9999.000,9999.000
202603262036,   3.859,9999.000,9999.000,9999.000,9999.000,9999.000,9999.000,9999.000,9999.000
202603262042,   3.878,9999.000,9999.000,9999.000,9999.000,9999.000,9999.000,9999.000,9999.000
202603262048,   3.891,9999.000,9999.000,9999.000,9999.000,9999.000,9999.000,9999.000,9999.000
202603262054,   3.899,9999.000,9999.000,9999.000,9999.000,9999.000,9999.000,9999.000,9999.000
202603262100,   3.903,9999.000,   0.100,   0.066,   4.069,   0.100,   4.069,   0.200,   4.169
202603262106,   3.901,9999.000,9999.000,9999.000,9999.000,9999.000,9999.000,9999.000,9999.000
202603262112,   3.893,9999.000,9999.000,9999.000,9999.000,9999.000,9999.000,9999.000,9999.000
202603262118,   3.880,9999.000,9999.000,9999.000,9999.000,9999.000,9999.000,9999.000,9999.000
202603262124,   3.861,9999.000,9999.000,9999.000,9999.000,9999.000,9999.000,9999.000,9999.000
202603262130,   3.836,9999.000,9999.000,9999.000,9999.000,9999.000,9999.000,9999.000,9999.000
202603262136,   3.806,9999.000,9999.000,9999.000,9999.000,9999.000,9999.000,9999.000,9999.000
202603262142,   3.771,9999.000,9999.000,9999.000,9999.000,9999.000,9999.000,9999.000,9999.000
202603262148,   3.730,9999.000,9999.000,9999.000,9999.000,9999.000,9999.000,9999.000,9999.000
202603262154,   3.683,9999.000,9999.000,9999.000,9999.000,9999.000,9999.000,9999.000,9999.000
202603262200,   3.632,9999.000,   0.100,   0.066,   3.798,   0.100,   3.798,   0.200,   3.898
202603262206,   3.577,9999.000,9999.000,9999.000,9999.000,9999.000,9999.000,9999.000,9999.000
202603262212,   3.516,9999.000,9999.000,9999.000,9999.000,9999.000,9999.000,9999.000,9999.000
202603262218,   3.452,9999.000,9999.000,9999.000,9999.000,9999.000,9999.000,9999.000,9999.000
202603262224,   3.384,9999.000,9999.000,9999.000,9999.000,9999.000,9999.000,9999.000,9999.000
202603262230,   3.313,9999.000,9999.000,9999.000,9999.000,9999.000,9999.000,9999.000,9999.000
202603262236,   3.238,9999.000,9999.000,9999.000,9999.000,9999.000,9999.000,9999.000,9999.000
202603262242,   3.161,9999.000,9999.000,9999.000,9999.000,9999.000,9999.000,9999.000,9999.000
202603262248,   3.081,9999.000,9999.000,9999.000,9999.000,9999.000,9999.000,9999.000,9999.000
202603262254,   3.000,9999.000,9999.000,9999.000,9999.000,9999.000,9999.000,9999.000,9999.000
202603262300,   2.917,9999.000,   0.100,   0.066,   3.083,   0.100,   3.083,   0.200,   3.183
202603262306,   2.832,9999.000,9999.000,9999.000,9999.000,9999.000,9999.000,9999.000,9999.000
202603262312,   2.747,9999.000,9999.000,9999.000,9999.000,9999.000,9999.000,9999.000,9999.000
202603262318,   2.661,9999.000,9999.000,9999.000,9999.000,9999.000,9999.000,9999.000,9999.000
202603262324,   2.574,9999.000,9999.000,9999.000,9999.000,9999.000,9999.000,9999.000,9999.000
202603262330,   2.488,9999.000,9999.000,9999.000,9999.000,9999.000,9999.000,9999.000,9999.000
202603262336,   2.401,9999.000,9999.000,9999.000,9999.000,9999.000,9999.000,9999.000,9999.000
202603262342,   2.315,9999.000,9999.000,9999.000,9999.000,9999.000,9999.000,9999.000,9999.000
202603262348,   2.230,9999.000,9999.000,9999.000,9999.000,9999.000,9999.000,9999.000,9999.000
202603262354,   2.145,9999.000,9999.000,9999.000,9999.000,9999.000,9999.000,9999.000,9999.000
202603270000,   2.061,9999.000,   0.100,   0.066,   2.227,   0.100,   2.227,   0.200,   2.327
202603270006,   1.979,9999.000,9999.000,9999.000,9999.000,9999.000,9999.000,9999.000,9999.000
202603270012,   1.897,9999.000,9999.000,9999.000,9999.000,9999.000,9999.000,9999.000,9999.000
202603270018,   1.817,9999.000,9999.000,9999.000,9999.000,9999.000,9999.000,9999.000,9999.000
202603270024,   1.738,9999.000,9999.000,9999.000,9999.000,9999.000,9999.000,9999.000,9999.000
202603270030,   1.660,9999.000,9999.000,9999.000,9999.000,9999.000,9999.000,9999.000,9999.000
202603270036,   1.583,9999.000,9999.000,9999.000,9999.000,9999.000,9999.000,9999.000,9999.000
202603270042,   1.508,9999.000,9999.000,9999.000,9999.000,9999.000,9999.000,9999.000,9999.000
202603270048,   1.434,9999.000,9999.000,9999.000,9999.000,9999.000,9999.000,9999.000,9999.000
202603270054,   1.362,9999.000,9999.000,9999.000,9999.000,9999.000,9999.000,9999.000,9999.000
202603270100,   1.290,9999.000,   0.100,   0.066,   1.456,   0.100,   1.456,   0.200,   1.556
202603270106,   1.220,9999.000,9999.000,9999.000,9999.000,9999.000,9999.000,9999.000,9999.000
202603270112,   1.151,9999.000,9999.000,9999.000,9999.000,9999.000,9999.000,9999.000,9999.000
202603270118,   1.083,9999.000,9999.000,9999.000,9999.000,9999.000,9999.000,9999.000,9999.000
202603270124,   1.016,9999.000,9999.000,9999.000,9999.000,9999.000,9999.000,9999.000,9999.000
202603270130,   0.949,9999.000,9999.000,9999.000,9999.000,9999.000,9999.000,9999.000,9999.000
202603270136,   0.884,9999.000,9999.000,9999.000,9999.000,9999.000,9999.000,9999.000,9999.000
202603270142,   0.820,9999.000,9999.000,9999.000,9999.000,9999.000,9999.000,9999.000,9999.000
202603270148,   0.757,9999.000,9999.000,9999.000,9999.000,9999.000,9999.000,9999.000,9999.000
202603270154,   0.695,9999.000,9999.000,9999.000,9999.000,9999.000,9999.000,9999.000,9999.000
202603270200,   0.634,9999.000,   0.200,   0.066,   0.900,   0.100,   0.800,   0.200,   0.900
202603270206,   0.574,9999.000,9999.000,9999.000,9999.000,9999.000,9999.000,9999.000,9999.000
202603270212,   0.516,9999.000,9999.000,9999.000,9999.000,9999.000,9999.000,9999.000,9999.000
202603270218,   0.460,9999.000,9999.000,9999.000,9999.000,9999.000,9999.000,9999.000,9999.000
202603270224,   0.407,9999.000,9999.000,9999.000,9999.000,9999.000,9999.000,9999.000,9999.000
202603270230,   0.355,9999.000,9999.000,9999.000,9999.000,9999.000,9999.000,9999.000,9999.000
202603270236,   0.307,9999.000,9999.000,9999.000,9999.000,9999.000,9999.000,9999.000,9999.000
202603270242,   0.262,9999.000,9999.000,9999.000,9999.000,9999.000,9999.000,9999.000,9999.000
202603270248,   0.221,9999.000,9999.000,9999.000,9999.000,9999.000,9999.000,9999.000,9999.000
202603270254,   0.184,9999.000,9999.000,9999.000,9999.000,9999.000,9999.000,9999.000,9999.000
202603270300,   0.153,9999.000,   0.200,   0.066,   0.419,   0.100,   0.319,   0.200,   0.419
202603270306,   0.126,9999.000,9999.000,9999.000,9999.000,9999.000,9999.000,9999.000,9999.000
202603270312,   0.106,9999.000,9999.000,9999.000,9999.000,9999.000,9999.000,9999.000,9999.000
202603270318,   0.092,9999.000,9999.000,9999.000,9999.000,9999.000,9999.000,9999.000,9999.000
202603270324,   0.085,9999.000,9999.000,9999.000,9999.000,9999.000,9999.000,9999.000,9999.000
202603270330,   0.086,9999.000,9999.000,9999.000,9999.000,9999.000,9999.000,9999.000,9999.000
202603270336,   0.094,9999.000,9999.000,9999.000,9999.000,9999.000,9999.000,9999.000,9999.000
202603270342,   0.111,9999.000,9999.000,9999.000,9999.000,9999.000,9999.000,9999.000,9999.000
202603270348,   0.136,9999.000,9999.000,9999.000,9999.000,9999.000,9999.000,9999.000,9999.000
202603270354,   0.169,9999.000,9999.000,9999.000,9999.000,9999.000,9999.000,9999.000,9999.000
202603270400,   0.212,9999.000,   0.200,   0.066,   0.478,   0.100,   0.378,   0.200,   0.478
202603270406,   0.263,9999.000,9999.000,9999.000,9999.000,9999.000,9999.000,9999.000,9999.000
202603270412,   0.323,9999.000,9999.000,9999.000,9999.000,9999.000,9999.000,9999.000,9999.000
202603270418,   0.391,9999.000,9999.000,9999.000,9999.000,9999.000,9999.000,9999.000,9999.000
202603270424,   0.468,9999.000,9999.000,9999.000,9999.000,9999.000,9999.000,9999.000,9999.000
202603270430,   0.552,9999.000,9999.000,9999.000,9999.000,9999.000,9999.000,9999.000,9999.000
202603270436,   0.644,9999.000,9999.000,9999.000,9999.000,9999.000,9999.000,9999.000,9999.000
202603270442,   0.743,9999.000,9999.000,9999.000,9999.000,9999.000,9999.000,9999.000,9999.000
202603270448,   0.848,9999.000,9999.000,9999.000,9999.000,9999.000,9999.000,9999.000,9999.000
202603270454,   0.959,9999.000,9999.000,9999.000,9999.000,9999.000,9999.000,9999.000,9999.000
202603270500,   1.074,9999.000,   0.200,   0.066,   1.340,   0.100,   1.240,   0.200,   1.340
202603270506,   1.193,9999.000,9999.000,9999.000,9999.000,9999.000,9999.000,9999.000,9999.000
202603270512,   1.315,9999.000,9999.000,9999.000,9999.000,9999.000,9999.000,9999.000,9999.000
202603270518,   1.439,9999.000,9999.000,9999.000,9999.000,9999.000,9999.000,9999.000,9999.000
202603270524,   1.565,9999.000,9999.000,9999.000,9999.000,9999.000,9999.000,9999.000,9999.000
202603270530,   1.691,9999.000,9999.000,9999.000,9999.000,9999.000,9999.000,9999.000,9999.000
202603270536,   1.817,9999.000,9999.000,9999.000,9999.000,9999.000,9999.000,9999.000,9999.000
202603270542,   1.942,9999.000,9999.000,9999.000,9999.000,9999.000,9999.000,9999.000,9999.000
202603270548,   2.066,9999.000,9999.000,9999.000,9999.000,9999.000,9999.000,9999.000,9999.000
202603270554,   2.187,9999.000,9999.000,9999.000,9999.000,9999.000,9999.000,9999.000,9999.000
202603270600,   2.305,9999.000,   0.200,   0.066,   2.571,   0.100,   2.471,   0.200,   2.571
202603270606,   2.420,9999.000,9999.000,9999.000,9999.000,9999.000,9999.000,9999.000,9999.000
202603270612,   2.532,9999.000,9999.000,9999.000,9999.000,9999.000,9999.000,9999.000,9999.000
202603270618,   2.639,9999.000,9999.000,9999.000,9999.000,9999.000,9999.000,9999.000,9999.000
202603270624,   2.742,9999.000,9999.000,9999.000,9999.000,9999.000,9999.000,9999.000,9999.000
202603270630,   2.841,9999.000,9999.000,9999.000,9999.000,9999.000,9999.000,9999.000,9999.000
202603270636,   2.936,9999.000,9999.000,9999.000,9999.000,9999.000,9999.000,9999.000,9999.000
202603270642,   3.026,9999.000,9999.000,9999.000,9999.000,9999.000,9999.000,9999.000,9999.000
202603270648,   3.112,9999.000,9999.000,9999.000,9999.000,9999.000,9999.000,9999.000,9999.000
202603270654,   3.194,9999.000,9999.000,9999.000,9999.000,9999.000,9999.000,9999.000,9999.000
202603270700,   3.272,9999.000,   0.200,   0.066,   3.538,   0.100,   3.438,   0.200,   3.538
202603270706,   3.347,9999.000,9999.000,9999.000,9999.000,9999.000,9999.000,9999.000,9999.000
202603270712,   3.418,9999.000,9999.000,9999.000,9999.000,9999.000,9999.000,9999.000,9999.000
202603270718,   3.486,9999.000,9999.000,9999.000,9999.000,9999.000,9999.000,9999.000,9999.000
202603270724,   3.552,9999.000,9999.000,9999.000,9999.000,9999.000,9999.000,9999.000,9999.000
202603270730,   3.615,9999.000,9999.000,9999.000,9999.000,9999.000,9999.000,9999.000,9999.000
202603270736,   3.675,9999.000,9999.000,9999.000,9999.000,9999.000,9999.000,9999.000,9999.000
202603270742,   3.734,9999.000,9999.000,9999.000,9999.000,9999.000,9999.000,9999.000,9999.000
202603270748,   3.790,9999.000,9999.000,9999.000,9999.000,9999.000,9999.000,9999.000,9999.000
202603270754,   3.845,9999.000,9999.000,9999.000,9999.000,9999.000,9999.000,9999.000,9999.000
202603270800,   3.898,9999.000,   0.100,   0.066,   4.064,   0.100,   4.064,   0.200,   4.164
202603270806,   3.949,9999.000,9999.000,9999.000,9999.000,9999.000,9999.000,9999.000,9999.000
202603270812,   3.998,9999.000,9999.000,9999.000,9999.000,9999.000,9999.000,9999.000,9999.000
202603270818,   4.046,9999.000,9999.000,9999.000,9999.000,9999.000,9999.000,9999.000,9999.000
202603270824,   4.091,9999.000,9999.000,9999.000,9999.000,9999.000,9999.000,9999.000,9999.000
202603270830,   4.135,9999.000,9999.000,9999.000,9999.000,9999.000,9999.000,9999.000,9999.000
202603270836,   4.176,9999.000,9999.000,9999.000,9999.000,9999.000,9999.000,9999.000,9999.000
202603270842,   4.214,9999.000,9999.000,9999.000,9999.000,9999.000,9999.000,9999.000,9999.000
202603270848,   4.250,9999.000,9999.000,9999.000,9999.000,9999.000,9999.000,9999.000,9999.000
202603270854,   4.282,9999.000,9999.000,9999.000,9999.000,9999.000,9999.000,9999.000,9999.000
202603270900,   4.312,9999.000,   0.100,   0.066,   4.478,   0.100,   4.478,   0.200,   4.578
202603270906,   4.337,9999.000,9999.000,9999.000,9999.000,9999.000,9999.000,9999.000,9999.000
202603270912,   4.359,9999.000,9999.000,9999.000,9999.000,9999.000,9999.000,9999.000,9999.000
202603270918,   4.377,9999.000,9999.000,9999.000,9999.000,9999.000,9999.000,9999.000,9999.000
202603270924,   4.391,9999.000,9999.000,9999.000,9999.000,9999.000,9999.000,9999.000,9999.000
202603270930,   4.400,9999.000,9999.000,9999.000,9999.000,9999.000,9999.000,9999.000,9999.000
202603270936,   4.405,9999.000,9999.000,9999.000,9999.000,9999.000,9999.000,9999.000,9999.000
202603270942,   4.405,9999.000,9999.000,9999.000,9999.000,9999.000,9999.000,9999.000,9999.000
202603270948,   4.400,9999.000,9999.000,9999.000,9999.000,9999.000,9999.000,9999.000,9999.000
202603270954,   4.391,9999.000,9999.000,9999.000,9999.000,9999.000,9999.000,9999.000,9999.000
202603271000,   4.377,9999.000,   0.100,   0.066,   4.543,   0.100,   4.543,   0.200,   4.643
202603271006,   4.358,9999.000,9999.000,9999.000,9999.000,9999.000,9999.000,9999.000,9999.000
202603271012,   4.335,9999.000,9999.000,9999.000,9999.000,9999.000,9999.000,9999.000,9999.000
202603271018,   4.307,9999.000,9999.000,9999.000,9999.000,9999.000,9999.000,9999.000,9999.000
202603271024,   4.275,9999.000,9999.000,9999.000,9999.000,9999.000,9999.000,9999.000,9999.000
202603271030,   4.239,9999.000,9999.000,9999.000,9999.000,9999.000,9999.000,9999.000,9999.000
202603271036,   4.199,9999.000,9999.000,9999.000,9999.000,9999.000,9999.000,9999.000,9999.000
202603271042,   4.156,9999.000,9999.000,9999.000,9999.000,9999.000,9999.000,9999.000,9999.000
202603271048,   4.109,9999.000,9999.000,9999.000,9999.000,9999.000,9999.000,9999.000,9999.000
202603271054,   4.058,9999.000,9999.000,9999.000,9999.000,9999.000,9999.000,9999.000,9999.000
202603271100,   4.005,9999.000,   0.100,   0.066,   4.171,   0.100,   4.171,   0.200,   4.271
202603271106,   3.949,9999.000,9999.000,9999.000,9999.000,9999.000,9999.000,9999.000,9999.000
202603271112,   3.891,9999.000,9999.000,9999.000,9999.000,9999.000,9999.000,9999.000,9999.000
202603271118,   3.830,9999.000,9999.000,9999.000,9999.000,9999.000,9999.000,9999.000,9999.000
202603271124,   3.768,9999.000,9999.000,9999.000,9999.000,9999.000,9999.000,9999.000,9999.000
202603271130,   3.703,9999.000,9999.000,9999.000,9999.000,9999.000,9999.000,9999.000,9999.000
202603271136,   3.637,9999.000,9999.000,9999.000,9999.000,9999.000,9999.000,9999.000,9999.000
202603271142,   3.570,9999.000,9999.000,9999.000,9999.000,9999.000,9999.000,9999.000,9999.000
202603271148,   3.502,9999.000,9999.000,9999.000,9999.000,9999.000,9999.000,9999.000,9999.000
202603271154,   3.432,9999.000,9999.000,9999.000,9999.000,9999.000,9999.000,9999.000,9999.000
202603271200,   3.361,9999.000,   0.100,   0.066,   3.527,   0.100,   3.527,   0.200,   3.627
202603271206,   3.290,9999.000,9999.000,9999.000,9999.000,9999.000,9999.000,9999.000,9999.000
202603271212,   3.217,9999.000,9999.000,9999.000,9999.000,9999.000,9999.000,9999.000,9999.000
202603271218,   3.144,9999.000,9999.000,9999.000,9999.000,9999.000,9999.000,9999.000,9999.000
202603271224,   3.071,9999.000,9999.000,9999.000,9999.000,9999.000,9999.000,9999.000,9999.000
202603271230,   2.996,9999.000,9999.000,9999.000,9999.000,9999.000,9999.000,9999.000,9999.000
202603271236,   2.921,9999.000,9999.000,9999.000,9999.000,9999.000,9999.000,9999.000,9999.000
202603271242,   2.846,9999.000,9999.000,9999.000,9999.000,9999.000,9999.000,9999.000,9999.000
202603271248,   2.769,9999.000,9999.000,9999.000,9999.000,9999.000,9999.000,9999.000,9999.000
202603271254,   2.692,9999.000,9999.000,9999.000,9999.000,9999.000,9999.000,9999.000,9999.000
202603271300,   2.614,9999.000,   0.100,   0.066,   2.780,   0.100,   2.780,   0.200,   2.880
202603271306,   2.535,9999.000,9999.000,9999.000,9999.000,9999.000,9999.000,9999.000,9999.000
202603271312,   2.456,9999.000,9999.000,9999.000,9999.000,9999.000,9999.000,9999.000,9999.000
202603271318,   2.375,9999.000,9999.000,9999.000,9999.000,9999.000,9999.000,9999.000,9999.000
202603271324,   2.293,9999.000,9999.000,9999.000,9999.000,9999.000,9999.000,9999.000,9999.000
202603271330,   2.210,9999.000,9999.000,9999.000,9999.000,9999.000,9999.000,9999.000,9999.000
202603271336,   2.126,9999.000,9999.000,9999.000,9999.000,9999.000,9999.000,9999.000,9999.000
202603271342,   2.041,9999.000,9999.000,9999.000,9999.000,9999.000,9999.000,9999.000,9999.000
202603271348,   1.954,9999.000,9999.000,9999.000,9999.000,9999.000,9999.000,9999.000,9999.000
202603271354,   1.867,9999.000,9999.000,9999.000,9999.000,9999.000,9999.000,9999.000,9999.000
202603271400,   1.777,9999.000,   0.100,   0.066,   1.943,   0.100,   1.943,   0.200,   2.043
202603271406,   1.687,9999.000,9999.000,9999.000,9999.000,9999.000,9999.000,9999.000,9999.000
202603271412,   1.596,9999.000,9999.000,9999.000,9999.000,9999.000,9999.000,9999.000,9999.000
202603271418,   1.503,9999.000,9999.000,9999.000,9999.000,9999.000,9999.000,9999.000,9999.000
202603271424,   1.410,9999.000,9999.000,9999.000,9999.000,9999.000,9999.000,9999.000,9999.000
202603271430,   1.317,9999.000,9999.000,9999.000,9999.000,9999.000,9999.000,9999.000,9999.000
202603271436,   1.223,9999.000,9999.000,9999.000,9999.000,9999.000,9999.000,9999.000,9999.000
202603271442,   1.129,9999.000,9999.000,9999.000,9999.000,9999.000,9999.000,9999.000,9999.000
202603271448,   1.036,9999.000,9999.000,9999.000,9999.000,9999.000,9999.000,9999.000,9999.000
202603271454,   0.944,9999.000,9999.000,9999.000,9999.000,9999.000,9999.000,9999.000,9999.000
202603271500,   0.854,9999.000,   0.100,   0.066,   1.020,   0.100,   1.020,   0.200,   1.120
202603271506,   0.766,9999.000,9999.000,9999.000,9999.000,9999.000,9999.000,9999.000,9999.000
202603271512,   0.680,9999.000,9999.000,9999.000,9999.000,9999.000,9999.000,9999.000,9999.000
202603271518,   0.598,9999.000,9999.000,9999.000,9999.000,9999.000,9999.000,9999.000,9999.000
202603271524,   0.520,9999.000,9999.000,9999.000,9999.000,9999.000,9999.000,9999.000,9999.000
202603271530,   0.447,9999.000,9999.000,9999.000,9999.000,9999.000,9999.000,9999.000,9999.000
202603271536,   0.379,9999.000,9999.000,9999.000,9999.000,9999.000,9999.000,9999.000,9999.000
202603271542,   0.317,9999.000,9999.000,9999.000,9999.000,9999.000,9999.000,9999.000,9999.000
202603271548,   0.262,9999.000,9999.000,9999.000,9999.000,9999.000,9999.000,9999.000,9999.000
202603271554,   0.215,9999.000,9999.000,9999.000,9999.000,9999.000,9999.000,9999.000,9999.000
202603271600,   0.176,9999.000,   0.100,   0.066,   0.342,   0.000,   0.242,   0.200,   0.442
202603271606,   0.145,9999.000,9999.000,9999.000,9999.000,9999.000,9999.000,9999.000,9999.000
202603271612,   0.122,9999.000,9999.000,9999.000,9999.000,9999.000,9999.000,9999.000,9999.000
202603271618,   0.110,9999.000,9999.000,9999.000,9999.000,9999.000,9999.000,9999.000,9999.000
202603271624,   0.107,9999.000,9999.000,9999.000,9999.000,9999.000,9999.000,9999.000,9999.000
202603271630,   0.113,9999.000,9999.000,9999.000,9999.000,9999.000,9999.000,9999.000,9999.000
202603271636,   0.130,9999.000,9999.000,9999.000,9999.000,9999.000,9999.000,9999.000,9999.000
202603271642,   0.156,9999.000,9999.000,9999.000,9999.000,9999.000,9999.000,9999.000,9999.000
202603271648,   0.192,9999.000,9999.000,9999.000,9999.000,9999.000,9999.000,9999.000,9999.000
202603271654,   0.238,9999.000,9999.000,9999.000,9999.000,9999.000,9999.000,9999.000,9999.000
202603271700,   0.293,9999.000,   0.100,   0.066,   0.459,   0.000,   0.359,   0.200,   0.559
202603271706,   0.356,9999.000,9999.000,9999.000,9999.000,9999.000,9999.000,9999.000,9999.000
202603271712,   0.427,9999.000,9999.000,9999.000,9999.000,9999.000,9999.000,9999.000,9999.000
202603271718,   0.506,9999.000,9999.000,9999.000,9999.000,9999.000,9999.000,9999.000,9999.000
202603271724,   0.592,9999.000,9999.000,9999.000,9999.000,9999.000,9999.000,9999.000,9999.000
202603271730,   0.684,9999.000,9999.000,9999.000,9999.000,9999.000,9999.000,9999.000,9999.000
202603271736,   0.782,9999.000,9999.000,9999.000,9999.000,9999.000,9999.000,9999.000,9999.000
202603271742,   0.884,9999.000,9999.000,9999.000,9999.000,9999.000,9999.000,9999.000,9999.000
202603271748,   0.990,9999.000,9999.000,9999.000,9999.000,9999.000,9999.000,9999.000,9999.000
202603271754,   1.098,9999.000,9999.000,9999.000,9999.000,9999.000,9999.000,9999.000,9999.000
202603271800,   1.209,9999.000,   0.100,   0.066,   1.375,   0.000,   1.275,   0.100,   1.375
202603271806,   1.321,9999.000,9999.000,9999.000,9999.000,9999.000,9999.000,9999.000,9999.000
202603271812,   1.434,9999.000,9999.000,9999.000,9999.000,9999.000,9999.000,9999.000,9999.000
202603271818,   1.547,9999.000,9999.000,9999.000,9999.000,9999.000,9999.000,9999.000,9999.000
202603271824,   1.659,9999.000,9999.000,9999.000,9999.000,9999.000,9999.000,9999.000,9999.000
202603271830,   1.770,9999.000,9999.000,9999.000,9999.000,9999.000,9999.000,9999.000,9999.000
202603271836,   1.880,9999.000,9999.000,9999.000,9999.000,9999.000,9999.000,9999.000,9999.000
202603271842,   1.988,9999.000,9999.000,9999.000,9999.000,9999.000,9999.000,9999.000,9999.000
202603271848,   2.093,9999.000,9999.000,9999.000,9999.000,9999.000,9999.000,9999.000,9999.000
202603271854,   2.195,9999.000,9999.000,9999.000,9999.000,9999.000,9999.000,9999.000,9999.000
202603271900,   2.296,9999.000,   0.100,   0.066,   2.462,   0.000,   2.362,   0.100,   2.462
202603271906,   2.393,9999.000,9999.000,9999.000,9999.000,9999.000,9999.000,9999.000,9999.000
202603271912,   2.487,9999.000,9999.000,9999.000,9999.000,9999.000,9999.000,9999.000,9999.000
202603271918,   2.579,9999.000,9999.000,9999.000,9999.000,9999.000,9999.000,9999.000,9999.000
202603271924,   2.668,9999.000,9999.000,9999.000,9999.000,9999.000,9999.000,9999.000,9999.000
202603271930,   2.755,9999.000,9999.000,9999.000,9999.000,9999.000,9999.000,9999.000,9999.000
202603271936,   2.839,9999.000,9999.000,9999.000,9999.000,9999.000,9999.000,9999.000,9999.000
202603271942,   2.920,9999.000,9999.000,9999.000,9999.000,9999.000,9999.000,9999.000,9999.000
202603271948,   2.999,9999.000,9999.000,9999.000,9999.000,9999.000,9999.000,9999.000,9999.000
202603271954,   3.077,9999.000,9999.000,9999.000,9999.000,9999.000,9999.000,9999.000,9999.000
202603272000,   3.152,9999.000,   0.100,   0.066,   3.318,   0.000,   3.218,   0.100,   3.318
202603272006,   3.225,9999.000,9999.000,9999.000,9999.000,9999.000,9999.000,9999.000,9999.000
202603272012,   3.296,9999.000,9999.000,9999.000,9999.000,9999.000,9999.000,9999.000,9999.000
202603272018,   3.366,9999.000,9999.000,9999.000,9999.000,9999.000,9999.000,9999.000,9999.000
202603272024,   3.433,9999.000,9999.000,9999.000,9999.000,9999.000,9999.000,9999.000,9999.000
202603272030,   3.498,9999.000,9999.000,9999.000,9999.000,9999.000,9999.000,9999.000,9999.000
202603272036,   3.561,9999.000,9999.000,9999.000,9999.000,9999.000,9999.000,9999.000,9999.000
202603272042,   3.622,9999.000,9999.000,9999.000,9999.000,9999.000,9999.000,9999.000,9999.000
202603272048,   3.680,9999.000,9999.000,9999.000,9999.000,9999.000,9999.000,9999.000,9999.000
202603272054,   3.735,9999.000,9999.000,9999.000,9999.000,9999.000,9999.000,9999.000,9999.000
202603272100,   3.787,9999.000,   0.100,   0.066,   3.953,   0.000,   3.853,   0.100,   3.953
202603272106,   3.835,9999.000,9999.000,9999.000,9999.000,9999.000,9999.000,9999.000,9999.000
202603272112,   3.880,9999.000,9999.000,9999.000,9999.000,9999.000,9999.000,9999.000,9999.000
202603272118,   3.921,9999.000,9999.000,9999.000,9999.000,9999.000,9999.000,9999.000,9999.000
202603272124,   3.957,9999.000,9999.000,9999.000,9999.000,9999.000,9999.000,9999.000,9999.000
202603272130,   3.988,9999.000,9999.000,9999.000,9999.000,9999.000,9999.000,9999.000,9999.000
202603272136,   4.015,9999.000,9999.000,9999.000,9999.000,9999.000,9999.000,9999.000,9999.000
202603272142,   4.037,9999.000,9999.000,9999.000,9999.000,9999.000,9999.000,9999.000,9999.000
202603272148,   4.053,9999.000,9999.000,9999.000,9999.000,9999.000,9999.000,9999.000,9999.000
202603272154,   4.063,9999.000,9999.000,9999.000,9999.000,9999.000,9999.000,9999.000,9999.000
202603272200,   4.068,9999.000,   0.000,   0.066,   4.134,   0.000,   4.134,   0.100,   4.234
202603272206,   4.066,9999.000,9999.000,9999.000,9999.000,9999.000,9999.000,9999.000,9999.000
202603272212,   4.059,9999.000,9999.000,9999.000,9999.000,9999.000,9999.000,9999.000,9999.000
202603272218,   4.047,9999.000,9999.000,9999.000,9999.000,9999.000,9999.000,9999.000,9999.000
202603272224,   4.028,9999.000,9999.000,9999.000,9999.000,9999.000,9999.000,9999.000,9999.000
202603272230,   4.003,9999.000,9999.000,9999.000,9999.000,9999.000,9999.000,9999.000,9999.000
202603272236,   3.973,9999.000,9999.000,9999.000,9999.000,9999.000,9999.000,9999.000,9999.000
202603272242,   3.938,9999.000,9999.000,9999.000,9999.000,9999.000,9999.000,9999.000,9999.000
202603272248,   3.897,9999.000,9999.000,9999.000,9999.000,9999.000,9999.000,9999.000,9999.000
202603272254,   3.851,9999.000,9999.000,9999.000,9999.000,9999.000,9999.000,9999.000,9999.000
202603272300,   3.801,9999.000,   0.000,   0.066,   3.867,   0.000,   3.867,   0.100,   3.967
202603272306,   3.746,9999.000,9999.000,9999.000,9999.000,9999.000,9999.000,9999.000,9999.000
202603272312,   3.687,9999.000,9999.000,9999.000,9999.000,9999.000,9999.000,9999.000,9999.000
202603272318,   3.624,9999.000,9999.000,9999.000,9999.000,9999.000,9999.000,9999.000,9999.000
202603272324,   3.558,9999.000,9999.000,9999.000,9999.000,9999.000,9999.000,9999.000,9999.000
202603272330,   3.489,9999.000,9999.000,9999.000,9999.000,9999.000,9999.000,9999.000,9999.000
202603272336,   3.417,9999.000,9999.000,9999.000,9999.000,9999.000,9999.000,9999.000,9999.000
202603272342,   3.342,9999.000,9999.000,9999.000,9999.000,9999.000,9999.000,9999.000,9999.000
202603272348,   3.266,9999.000,9999.000,9999.000,9999.000,9999.000,9999.000,9999.000,9999.000
202603272354,   3.188,9999.000,9999.000,9999.000,9999.000,9999.000,9999.000,9999.000,9999.000
202603280000,   3.108,9999.000,   0.000,   0.066,   3.174,   0.000,   3.174,   0.100,   3.274
202603280006,   3.027,9999.000,9999.000,9999.000,9999.000,9999.000,9999.000,9999.000,9999.000
202603280012,   2.945,9999.000,9999.000,9999.000,9999.000,9999.000,9999.000,9999.000,9999.000
202603280018,   2.863,9999.000,9999.000,9999.000,9999.000,9999.000,9999.000,9999.000,9999.000
202603280024,   2.779,9999.000,9999.000,9999.000,9999.000,9999.000,9999.000,9999.000,9999.000
202603280030,   2.696,9999.000,9999.000,9999.000,9999.000,9999.000,9999.000,9999.000,9999.000
202603280036,   2.613,9999.000,9999.000,9999.000,9999.000,9999.000,9999.000,9999.000,9999.000
202603280042,   2.529,9999.000,9999.000,9999.000,9999.000,9999.000,9999.000,9999.000,9999.000
202603280048,   2.446,9999.000,9999.000,9999.000,9999.000,9999.000,9999.000,9999.000,9999.000
202603280054,   2.363,9999.000,9999.000,9999.000,9999.000,9999.000,9999.000,9999.000,9999.000
202603280100,   2.280,9999.000,   0.000,   0.066,   2.346,   0.000,   2.346,   0.100,   2.446
202603280106,   2.198,9999.000,9999.000,9999.000,9999.000,9999.000,9999.000,9999.000,9999.000
202603280112,   2.116,9999.000,9999.000,9999.000,9999.000,9999.000,9999.000,9999.000,9999.000
202603280118,   2.035,9999.000,9999.000,9999.000,9999.000,9999.000,9999.000,9999.000,9999.000
202603280124,   1.954,9999.000,9999.000,9999.000,9999.000,9999.000,9999.000,9999.000,9999.000
202603280130,   1.874,9999.000,9999.000,9999.000,9999.000,9999.000,9999.000,9999.000,9999.000
202603280136,   1.794,9999.000,9999.000,9999.000,9999.000,9999.000,9999.000,9999.000,9999.000
202603280142,   1.715,9999.000,9999.000,9999.000,9999.000,9999.000,9999.000,9999.000,9999.000
202603280148,   1.636,9999.000,9999.000,9999.000,9999.000,9999.000,9999.000,9999.000,9999.000
202603280154,   1.557,9999.000,9999.000,9999.000,9999.000,9999.000,9999.000,9999.000,9999.000
202603280200,   1.479,9999.000,   0.000,   0.066,   1.545,   0.000,   1.545,   0.100,   1.645
202603280206,   1.400,9999.000,9999.000,9999.000,9999.000,9999.000,9999.000,9999.000,9999.000
202603280212,   1.322,9999.000,9999.000,9999.000,9999.000,9999.000,9999.000,9999.000,9999.000
202603280218,   1.244,9999.000,9999.000,9999.000,9999.000,9999.000,9999.000,9999.000,9999.000
202603280224,   1.167,9999.000,9999.000,9999.000,9999.000,9999.000,9999.000,9999.000,9999.000
202603280230,   1.089,9999.000,9999.000,9999.000,9999.000,9999.000,9999.000,9999.000,9999.000
202603280236,   1.012,9999.000,9999.000,9999.000,9999.000,9999.000,9999.000,9999.000,9999.000
202603280242,   0.935,9999.000,9999.000,9999.000,9999.000,9999.000,9999.000,9999.000,9999.000
202603280248,   0.858,9999.000,9999.000,9999.000,9999.000,9999.000,9999.000,9999.000,9999.000
202603280254,   0.783,9999.000,9999.000,9999.000,9999.000,9999.000,9999.000,9999.000,9999.000
202603280300,   0.708,9999.000,   0.000,   0.066,   0.774,  -0.100,   0.674,   0.100,   0.874
202603280306,   0.634,9999.000,9999.000,9999.000,9999.000,9999.000,9999.000,9999.000,9999.000
202603280312,   0.562,9999.000,9999.000,9999.000,9999.000,9999.000,9999.000,9999.000,9999.000
202603280318,   0.492,9999.000,9999.000,9999.000,9999.000,9999.000,9999.000,9999.000,9999.000
202603280324,   0.424,9999.000,9999.000,9999.000,9999.000,9999.000,9999.000,9999.000,9999.000
202603280330,   0.359,9999.000,9999.000,9999.000,9999.000,9999.000,9999.000,9999.000,9999.000
202603280336,   0.297,9999.000,9999.000,9999.000,9999.000,9999.000,9999.000,9999.000,9999.000
202603280342,   0.239,9999.000,9999.000,9999.000,9999.000,9999.000,9999.000,9999.000,9999.000
202603280348,   0.186,9999.000,9999.000,9999.000,9999.000,9999.000,9999.000,9999.000,9999.000
202603280354,   0.137,9999.000,9999.000,9999.000,9999.000,9999.000,9999.000,9999.000,9999.000
202603280400,   0.095,9999.000,   0.000,   0.066,   0.161,  -0.100,   0.061,   0.000,   0.161
202603280406,   0.058,9999.000,9999.000,9999.000,9999.000,9999.000,9999.000,9999.000,9999.000
202603280412,   0.028,9999.000,9999.000,9999.000,9999.000,9999.000,9999.000,9999.000,9999.000
202603280418,   0.006,9999.000,9999.000,9999.000,9999.000,9999.000,9999.000,9999.000,9999.000
202603280424,  -0.008,9999.000,9999.000,9999.000,9999.000,9999.000,9999.000,9999.000,9999.000
202603280430,  -0.014,9999.000,9999.000,9999.000,9999.000,9999.000,9999.000,9999.000,9999.000
202603280436,  -0.012,9999.000,9999.000,9999.000,9999.000,9999.000,9999.000,9999.000,9999.000
202603280442,   0.000,9999.000,9999.000,9999.000,9999.000,9999.000,9999.000,9999.000,9999.000
202603280448,   0.019,9999.000,9999.000,9999.000,9999.000,9999.000,9999.000,9999.000,9999.000
202603280454,   0.049,9999.000,9999.000,9999.000,9999.000,9999.000,9999.000,9999.000,9999.000
202603280500,   0.088,9999.000,   0.000,   0.066,   0.154,  -0.100,   0.054,   0.000,   0.154
202603280506,   0.136,9999.000,9999.000,9999.000,9999.000,9999.000,9999.000,9999.000,9999.000
202603280512,   0.194,9999.000,9999.000,9999.000,9999.000,9999.000,9999.000,9999.000,9999.000
202603280518,   0.260,9999.000,9999.000,9999.000,9999.000,9999.000,9999.000,9999.000,9999.000
202603280524,   0.334,9999.000,9999.000,9999.000,9999.000,9999.000,9999.000,9999.000,9999.000
202603280530,   0.417,9999.000,9999.000,9999.000,9999.000,9999.000,9999.000,9999.000,9999.000
202603280536,   0.507,9999.000,9999.000,9999.000,9999.000,9999.000,9999.000,9999.000,9999.000
202603280542,   0.604,9999.000,9999.000,9999.000,9999.000,9999.000,9999.000,9999.000,9999.000
202603280548,   0.706,9999.000,9999.000,9999.000,9999.000,9999.000,9999.000,9999.000,9999.000
202603280554,   0.814,9999.000,9999.000,9999.000,9999.000,9999.000,9999.000,9999.000,9999.000
202603280600,   0.927,9999.000,   0.000,   0.066,   0.993,  -0.100,   0.893,   0.000,   0.993
202603280606,   1.043,9999.000,9999.000,9999.000,9999.000,9999.000,9999.000,9999.000,9999.000
202603280612,   1.163,9999.000,9999.000,9999.000,9999.000,9999.000,9999.000,9999.000,9999.000
202603280618,   1.284,9999.000,9999.000,9999.000,9999.000,9999.000,9999.000,9999.000,9999.000
202603280624,   1.406,9999.000,9999.000,9999.000,9999.000,9999.000,9999.000,9999.000,9999.000
202603280630,   1.529,9999.000,9999.000,9999.000,9999.000,9999.000,9999.000,9999.000,9999.000
202603280636,   1.652,9999.000,9999.000,9999.000,9999.000,9999.000,9999.000,9999.000,9999.000
202603280642,   1.774,9999.000,9999.000,9999.000,9999.000,9999.000,9999.000,9999.000,9999.000
202603280648,   1.895,9999.000,9999.000,9999.000,9999.000,9999.000,9999.000,9999.000,9999.000
202603280654,   2.013,9999.000,9999.000,9999.000,9999.000,9999.000,9999.000,9999.000,9999.000
202603280700,   2.129,9999.000,  -0.100,   0.066,   2.095,  -0.200,   1.995,   0.000,   2.195
202603280706,   2.243,9999.000,9999.000,9999.000,9999.000,9999.000,9999.000,9999.000,9999.000
202603280712,   2.353,9999.000,9999.000,9999.000,9999.000,9999.000,9999.000,9999.000,9999.000
202603280718,   2.460,9999.000,9999.000,9999.000,9999.000,9999.000,9999.000,9999.000,9999.000
202603280724,   2.563,9999.000,9999.000,9999.000,9999.000,9999.000,9999.000,9999.000,9999.000
202603280730,   2.663,9999.000,9999.000,9999.000,9999.000,9999.000,9999.000,9999.000,9999.000
202603280736,   2.760,9999.000,9999.000,9999.000,9999.000,9999.000,9999.000,9999.000,9999.000
202603280742,   2.853,9999.000,9999.000,9999.000,9999.000,9999.000,9999.000,9999.000,9999.000
202603280748,   2.943,9999.000,9999.000,9999.000,9999.000,9999.000,9999.000,9999.000,9999.000
202603280754,   3.030,9999.000,9999.000,9999.000,9999.000,9999.000,9999.000,9999.000,9999.000
202603280800,   3.113,9999.000,  -0.100,   0.066,   3.079,  -0.200,   2.979,   0.000,   3.179
202603280806,   3.195,9999.000,9999.000,9999.000,9999.000,9999.000,9999.000,9999.000,9999.000
202603280812,   3.273,9999.000,9999.000,9999.000,9999.000,9999.000,9999.000,9999.000,9999.000
202603280818,   3.349,9999.000,9999.000,9999.000,9999.000,9999.000,9999.000,9999.000,9999.000
202603280824,   3.423,9999.000,9999.000,9999.000,9999.000,9999.000,9999.000,9999.000,9999.000
202603280830,   3.495,9999.000,9999.000,9999.000,9999.000,9999.000,9999.000,9999.000,9999.000
202603280836,   3.565,9999.000,9999.000,9999.000,9999.000,9999.000,9999.000,9999.000,9999.000
202603280842,   3.634,9999.000,9999.000,9999.000,9999.000,9999.000,9999.000,9999.000,9999.000
202603280848,   3.700,9999.000,9999.000,9999.000,9999.000,9999.000,9999.000,9999.000,9999.000
202603280854,   3.765,9999.000,9999.000,9999.000,9999.000,9999.000,9999.000,9999.000,9999.000
202603280900,   3.827,9999.000,  -0.100,   0.066,   3.793,  -0.200,   3.693,   0.000,   3.893
202603280906,   3.888,9999.000,9999.000,9999.000,9999.000,9999.000,9999.000,9999.000,9999.000
202603280912,   3.947,9999.000,9999.000,9999.000,9999.000,9999.000,9999.000,9999.000,9999.000
202603280918,   4.003,9999.000,9999.000,9999.000,9999.000,9999.000,9999.000,9999.000,9999.000
202603280924,   4.057,9999.000,9999.000,9999.000,9999.000,9999.000,9999.000,9999.000,9999.000
202603280930,   4.109,9999.000,9999.000,9999.000,9999.000,9999.000,9999.000,9999.000,9999.000
202603280936,   4.157,9999.000,9999.000,9999.000,9999.000,9999.000,9999.000,9999.000,9999.000
202603280942,   4.202,9999.000,9999.000,9999.000,9999.000,9999.000,9999.000,9999.000,9999.000
202603280948,   4.244,9999.000,9999.000,9999.000,9999.000,9999.000,9999.000,9999.000,9999.000
202603280954,   4.282,9999.000,9999.000,9999.000,9999.000,9999.000,9999.000,9999.000,9999.000
202603281000,   4.316,9999.000,  -0.100,   0.066,   4.282,  -0.300,   4.082,   0.000,   4.382
202603281006,   4.346,9999.000,9999.000,9999.000,9999.000,9999.000,9999.000,9999.000,9999.000
202603281012,   4.371,9999.000,9999.000,9999.000,9999.000,9999.000,9999.000,9999.000,9999.000
202603281018,   4.392,9999.000,9999.000,9999.000,9999.000,9999.000,9999.000,9999.000,9999.000
202603281024,   4.408,9999.000,9999.000,9999.000,9999.000,9999.000,9999.000,9999.000,9999.000
202603281030,   4.419,9999.000,9999.000,9999.000,9999.000,9999.000,9999.000,9999.000,9999.000
202603281036,   4.425,9999.000,9999.000,9999.000,9999.000,9999.000,9999.000,9999.000,9999.000
202603281042,   4.426,9999.000,9999.000,9999.000,9999.000,9999.000,9999.000,9999.000,9999.000
202603281048,   4.423,9999.000,9999.000,9999.000,9999.000,9999.000,9999.000,9999.000,9999.000
202603281054,   4.414,9999.000,9999.000,9999.000,9999.000,9999.000,9999.000,9999.000,9999.000
202603281100,   4.401,9999.000,  -0.200,   0.066,   4.267,  -0.300,   4.167,  -0.100,   4.367
202603281106,   4.383,9999.000,9999.000,9999.000,9999.000,9999.000,9999.000,9999.000,9999.000
202603281112,   4.360,9999.000,9999.000,9999.000,9999.000,9999.000,9999.000,9999.000,9999.000
202603281118,   4.333,9999.000,9999.000,9999.000,9999.000,9999.000,9999.000,9999.000,9999.000
202603281124,   4.302,9999.000,9999.000,9999.000,9999.000,9999.000,9999.000,9999.000,9999.000
202603281130,   4.267,9999.000,9999.000,9999.000,9999.000,9999.000,9999.000,9999.000,9999.000
202603281136,   4.228,9999.000,9999.000,9999.000,9999.000,9999.000,9999.000,9999.000,9999.000
202603281142,   4.185,9999.000,9999.000,9999.000,9999.000,9999.000,9999.000,9999.000,9999.000
202603281148,   4.139,9999.000,9999.000,9999.000,9999.000,9999.000,9999.000,9999.000,9999.000
202603281154,   4.090,9999.000,9999.000,9999.000,9999.000,9999.000,9999.000,9999.000,9999.000
202603281200,   4.038,9999.000,  -0.200,   0.066,   3.904,  -0.300,   3.804,  -0.100,   4.004
