        TIME,    TIDE,      OB,   SURGE,    BIAS,     TWL,SURGE90p,  TWL90p,SURGE10p,   TWL10p
202602131800,   1.212,   1.790,   0.600,  -0.022,   1.790,   0.500,   1.690,   0.600,   1.790
202602131806,   1.288,9999.000,9999.000,9999.000,9999.000,9999.000,9999.000,9999.000,9999.000
202602131812,   1.365,   1.967,9999.000,9999.000,9999.000,9999.000,9999.000,9999.000,9999.000
202602131818,   1.442,9999.000,9999.000,9999.000,9999.000,9999.000,9999.000,9999.000,9999.000
202602131824,   1.519,   2.118,9999.000,9999.000,9999.000,9999.000,9999.000,9999.000,9999.000
202602131830,   1.596,9999.000,9999.000,9999.000,9999.000,9999.000,9999.000,9999.000,9999.000
202602131836,   1.672,   2.338,9999.000,9999.000,9999.000,9999.000,9999.000,9999.000,9999.000
202602131842,   1.748,9999.000,9999.000,9999.000,9999.000,9999.000,9999.000,9999.000,9999.000
202602131848,   1.824,   2.548,9999.000,9999.000,9999.000,9999.000,9999.000,9999.000,9999.000
202602131854,   1.898,9999.000,9999.000,9999.000,9999.000,9999.000,9999.000,9999.000,9999.000
202602131900,   1.971,   2.738,   0.600,   0.167,   2.738,   0.500,   2.638,   0.600,   2.738
202602131906,   2.044,   2.830,9999.000,9999.000,9999.000,9999.000,9999.000,9999.000,9999.000
202602131912,   2.115,   2.948,9999.000,9999.000,9999.000,9999.000,9999.000,9999.000,9999.000
202602131918,   2.185,   3.040,9999.000,9999.000,9999.000,9999.000,9999.000,9999.000,9999.000
202602131924,   2.253,   3.099,9999.000,9999.000,9999.000,9999.000,9999.000,9999.000,9999.000
202602131930,   2.321,   3.168,9999.000,9999.000,9999.000,9999.000,9999.000,9999.000,9999.000
202602131936,   2.387,   3.230,9999.000,9999.000,9999.000,9999.000,9999.000,9999.000,9999.000
202602131942,   2.451,   3.289,9999.000,9999.000,9999.000,9999.000,9999.000,9999.000,9999.000
202602131948,   2.515,   3.348,9999.000,9999.000,9999.000,9999.000,9999.000,9999.000,9999.000
202602131954,   2.577,   3.440,9999.000,9999.000,9999.000,9999.000,9999.000,9999.000,9999.000
202602132000,   2.638,   3.499,   0.600,   0.261,   3.499,   0.500,   3.399,   0.600,   3.499
202602132006,   2.697,   3.548,9999.000,9999.000,9999.000,9999.000,9999.000,9999.000,9999.000
202602132012,   2.755,   3.607,9999.000,9999.000,9999.000,9999.000,9999.000,9999.000,9999.000
202602132018,   2.811,   3.670,9999.000,9999.000,9999.000,9999.000,9999.000,9999.000,9999.000
202602132024,   2.865,   3.749,9999.000,9999.000,9999.000,9999.000,9999.000,9999.000,9999.000
202602132030,   2.918,   3.817,9999.000,9999.000,9999.000,9999.000,9999.000,9999.000,9999.000
202602132036,   2.969,   3.847,9999.000,9999.000,9999.000,9999.000,9999.000,9999.000,9999.000
202602132042,   3.018,   3.919,9999.000,9999.000,9999.000,9999.000,9999.000,9999.000,9999.000
202602132048,   3.065,   3.939,9999.000,9999.000,9999.000,9999.000,9999.000,9999.000,9999.000
202602132054,   3.109,   4.008,9999.000,9999.000,9999.000,9999.000,9999.000,9999.000,9999.000
202602132100,   3.151,   4.027,   0.600,   0.276,   4.027,   0.600,   4.027,   0.600,   4.027
202602132106,   3.190,   4.057,9999.000,9999.000,9999.000,9999.000,9999.000,9999.000,9999.000
202602132112,   3.227,   4.027,9999.000,9999.000,9999.000,9999.000,9999.000,9999.000,9999.000
202602132118,   3.260,   4.080,9999.000,9999.000,9999.000,9999.000,9999.000,9999.000,9999.000
202602132124,   3.291,   4.080,9999.000,9999.000,9999.000,9999.000,9999.000,9999.000,9999.000
202602132130,   3.317,   4.090,9999.000,9999.000,9999.000,9999.000,9999.000,9999.000,9999.000
202602132136,   3.340,   4.109,9999.000,9999.000,9999.000,9999.000,9999.000,9999.000,9999.000
202602132142,   3.360,   4.119,9999.000,9999.000,9999.000,9999.000,9999.000,9999.000,9999.000
202602132148,   3.375,   4.119,9999.000,9999.000,9999.000,9999.000,9999.000,9999.000,9999.000
202602132154,   3.386,   4.139,9999.000,9999.000,9999.000,9999.000,9999.000,9999.000,9999.000
202602132200,   3.393,   4.149,   0.600,   0.156,   4.149,   0.600,   4.149,   0.700,   4.249
202602132206,   3.395,   4.119,9999.000,9999.000,9999.000,9999.000,9999.000,9999.000,9999.000
202602132212,   3.393,   4.168,9999.000,9999.000,9999.000,9999.000,9999.000,9999.000,9999.000
202602132218,   3.387,   4.149,9999.000,9999.000,9999.000,9999.000,9999.000,9999.000,9999.000
202602132224,   3.376,   4.129,9999.000,9999.000,9999.000,9999.000,9999.000,9999.000,9999.000
202602132230,   3.360,   4.119,9999.000,9999.000,9999.000,9999.000,9999.000,9999.000,9999.000
202602132236,   3.340,   4.109,9999.000,9999.000,9999.000,9999.000,9999.000,9999.000,9999.000
202602132242,   3.316,   4.080,9999.000,9999.000,9999.000,9999.000,9999.000,9999.000,9999.000
202602132248,   3.287,   4.057,9999.000,9999.000,9999.000,9999.000,9999.000,9999.000,9999.000
202602132254,   3.254,   4.008,9999.000,9999.000,9999.000,9999.000,9999.000,9999.000,9999.000
202602132300,   3.217,   4.017,   0.600,   0.200,   4.017,   0.600,   4.017,   0.700,   4.117
202602132306,   3.176,   3.919,9999.000,9999.000,9999.000,9999.000,9999.000,9999.000,9999.000
202602132312,   3.132,   3.909,9999.000,9999.000,9999.000,9999.000,9999.000,9999.000,9999.000
202602132318,   3.084,   3.870,9999.000,9999.000,9999.000,9999.000,9999.000,9999.000,9999.000
202602132324,   3.033,   3.847,9999.000,9999.000,9999.000,9999.000,9999.000,9999.000,9999.000
202602132330,   2.979,   3.788,9999.000,9999.000,9999.000,9999.000,9999.000,9999.000,9999.000
202602132336,   2.922,   3.749,9999.000,9999.000,9999.000,9999.000,9999.000,9999.000,9999.000
202602132342,   2.863,   3.719,9999.000,9999.000,9999.000,9999.000,9999.000,9999.000,9999.000
202602132348,   2.802,   3.660,9999.000,9999.000,9999.000,9999.000,9999.000,9999.000,9999.000
202602132354,   2.739,   3.306,9999.000,9999.000,9999.000,9999.000,9999.000,9999.000,9999.000
202602140000,   2.674,   3.568,   0.500,   0.394,   3.568,   0.500,   3.568,   0.500,   3.568
202602140006,   2.608,   3.539,9999.000,9999.000,9999.000,9999.000,9999.000,9999.000,9999.000
202602140012,   2.541,   3.480,9999.000,9999.000,9999.000,9999.000,9999.000,9999.000,9999.000
202602140018,   2.473,   3.398,9999.000,9999.000,9999.000,9999.000,9999.000,9999.000,9999.000
202602140024,   2.404,   3.358,9999.000,9999.000,9999.000,9999.000,9999.000,9999.000,9999.000
202602140030,   2.335,   3.309,9999.000,9999.000,9999.000,9999.000,9999.000,9999.000,9999.000
202602140036,   2.265,   3.240,9999.000,9999.000,9999.000,9999.000,9999.000,9999.000,9999.000
202602140042,   2.195,   3.158,9999.000,9999.000,9999.000,9999.000,9999.000,9999.000,9999.000
202602140048,   2.125,   3.119,9999.000,9999.000,9999.000,9999.000,9999.000,9999.000,9999.000
202602140054,   2.055,   3.060,9999.000,9999.000,9999.000,9999.000,9999.000,9999.000,9999.000
202602140100,   1.986,   2.978,   0.500,   0.492,   2.978,   0.500,   2.978,   0.500,   2.978
202602140106,   1.916,   2.909,9999.000,9999.000,9999.000,9999.000,9999.000,9999.000,9999.000
202602140112,   1.847,   2.850,9999.000,9999.000,9999.000,9999.000,9999.000,9999.000,9999.000
202602140118,   1.779,   2.787,9999.000,9999.000,9999.000,9999.000,9999.000,9999.000,9999.000
202602140124,   1.710,   2.689,9999.000,9999.000,9999.000,9999.000,9999.000,9999.000,9999.000
202602140130,   1.643,   2.620,9999.000,9999.000,9999.000,9999.000,9999.000,9999.000,9999.000
202602140136,   1.575,   2.558,9999.000,9999.000,9999.000,9999.000,9999.000,9999.000,9999.000
202602140142,   1.509,   2.489,9999.000,9999.000,9999.000,9999.000,9999.000,9999.000,9999.000
202602140148,   1.442,   2.400,9999.000,9999.000,9999.000,9999.000,9999.000,9999.000,9999.000
202602140154,   1.377,   2.348,9999.000,9999.000,9999.000,9999.000,9999.000,9999.000,9999.000
202602140200,   1.312,   2.279,   0.500,   0.467,   2.279,   0.500,   2.279,   0.500,   2.279
202602140206,   1.248,   2.200,9999.000,9999.000,9999.000,9999.000,9999.000,9999.000,9999.000
202602140212,   1.185,   2.118,9999.000,9999.000,9999.000,9999.000,9999.000,9999.000,9999.000
202602140218,   1.124,   2.059,9999.000,9999.000,9999.000,9999.000,9999.000,9999.000,9999.000
202602140224,   1.063,   1.981,9999.000,9999.000,9999.000,9999.000,9999.000,9999.000,9999.000
202602140230,   1.004,   1.899,9999.000,9999.000,9999.000,9999.000,9999.000,9999.000,9999.000
202602140236,   0.946,   1.820,9999.000,9999.000,9999.000,9999.000,9999.000,9999.000,9999.000
202602140242,   0.890,   1.748,9999.000,9999.000,9999.000,9999.000,9999.000,9999.000,9999.000
202602140248,   0.836,   1.689,9999.000,9999.000,9999.000,9999.000,9999.000,9999.000,9999.000
202602140254,   0.784,   1.590,9999.000,9999.000,9999.000,9999.000,9999.000,9999.000,9999.000
202602140300,   0.734,   1.528,   0.500,   0.294,   1.528,   0.400,   1.428,   0.500,   1.528
202602140306,   0.688,   1.469,9999.000,9999.000,9999.000,9999.000,9999.000,9999.000,9999.000
202602140312,   0.644,   1.420,9999.000,9999.000,9999.000,9999.000,9999.000,9999.000,9999.000
202602140318,   0.604,   1.348,9999.000,9999.000,9999.000,9999.000,9999.000,9999.000,9999.000
202602140324,   0.568,   1.298,9999.000,9999.000,9999.000,9999.000,9999.000,9999.000,9999.000
202602140330,   0.535,   1.279,9999.000,9999.000,9999.000,9999.000,9999.000,9999.000,9999.000
202602140336,   0.507,   1.229,9999.000,9999.000,9999.000,9999.000,9999.000,9999.000,9999.000
202602140342,   0.483,   1.200,9999.000,9999.000,9999.000,9999.000,9999.000,9999.000,9999.000
202602140348,   0.464,   1.170,9999.000,9999.000,9999.000,9999.000,9999.000,9999.000,9999.000
202602140354,   0.450,   1.151,9999.000,9999.000,9999.000,9999.000,9999.000,9999.000,9999.000
202602140400,   0.442,   1.138,   0.400,   0.296,   1.138,   0.400,   1.138,   0.400,   1.138
202602140406,   0.438,   1.108,9999.000,9999.000,9999.000,9999.000,9999.000,9999.000,9999.000
202602140412,   0.441,   1.088,9999.000,9999.000,9999.000,9999.000,9999.000,9999.000,9999.000
202602140418,   0.449,   1.088,9999.000,9999.000,9999.000,9999.000,9999.000,9999.000,9999.000
202602140424,   0.464,   1.098,9999.000,9999.000,9999.000,9999.000,9999.000,9999.000,9999.000
202602140430,   0.484,   1.108,9999.000,9999.000,9999.000,9999.000,9999.000,9999.000,9999.000
202602140436,   0.510,   1.118,9999.000,9999.000,9999.000,9999.000,9999.000,9999.000,9999.000
202602140442,   0.542,   1.161,9999.000,9999.000,9999.000,9999.000,9999.000,9999.000,9999.000
202602140448,   0.580,   1.220,9999.000,9999.000,9999.000,9999.000,9999.000,9999.000,9999.000
202602140454,   0.624,   1.269,9999.000,9999.000,9999.000,9999.000,9999.000,9999.000,9999.000
202602140500,   0.673,   1.328,   0.400,   0.255,   1.328,   0.300,   1.228,   0.400,   1.328
202602140506,   0.728,   1.400,9999.000,9999.000,9999.000,9999.000,9999.000,9999.000,9999.000
202602140512,   0.788,   1.489,9999.000,9999.000,9999.000,9999.000,9999.000,9999.000,9999.000
202602140518,   0.853,   1.557,9999.000,9999.000,9999.000,9999.000,9999.000,9999.000,9999.000
202602140524,   0.922,   1.649,9999.000,9999.000,9999.000,9999.000,9999.000,9999.000,9999.000
202602140530,   0.996,   1.738,9999.000,9999.000,9999.000,9999.000,9999.000,9999.000,9999.000
202602140536,   1.073,   1.810,9999.000,9999.000,9999.000,9999.000,9999.000,9999.000,9999.000
202602140542,   1.155,   1.899,9999.000,9999.000,9999.000,9999.000,9999.000,9999.000,9999.000
202602140548,   1.239,   1.990,9999.000,9999.000,9999.000,9999.000,9999.000,9999.000,9999.000
202602140554,   1.326,   2.089,9999.000,9999.000,9999.000,9999.000,9999.000,9999.000,9999.000
202602140600,   1.416,   2.168,   0.400,   0.352,   2.168,   0.300,   2.068,   0.400,   2.168
202602140606,   1.507,   2.250,9999.000,9999.000,9999.000,9999.000,9999.000,9999.000,9999.000
202602140612,   1.600,   2.368,9999.000,9999.000,9999.000,9999.000,9999.000,9999.000,9999.000
202602140618,   1.694,   2.459,9999.000,9999.000,9999.000,9999.000,9999.000,9999.000,9999.000
202602140624,   1.790,   2.558,9999.000,9999.000,9999.000,9999.000,9999.000,9999.000,9999.000
202602140630,   1.885,   2.660,9999.000,9999.000,9999.000,9999.000,9999.000,9999.000,9999.000
202602140636,   1.981,   2.768,9999.000,9999.000,9999.000,9999.000,9999.000,9999.000,9999.000
202602140642,   2.077,   2.889,9999.000,9999.000,9999.000,9999.000,9999.000,9999.000,9999.000
202602140648,   2.172,   2.997,9999.000,9999.000,9999.000,9999.000,9999.000,9999.000,9999.000
202602140654,   2.267,   3.099,9999.000,9999.000,9999.000,9999.000,9999.000,9999.000,9999.000
202602140700,   2.361,   3.207,   0.400,   0.446,   3.207,   0.300,   3.107,   0.400,   3.207
202602140706,   2.454,   3.319,9999.000,9999.000,9999.000,9999.000,9999.000,9999.000,9999.000
202602140712,   2.545,   3.417,9999.000,9999.000,9999.000,9999.000,9999.000,9999.000,9999.000
202602140718,   2.636,   3.499,9999.000,9999.000,9999.000,9999.000,9999.000,9999.000,9999.000
202602140724,   2.724,   3.578,9999.000,9999.000,9999.000,9999.000,9999.000,9999.000,9999.000
202602140730,   2.812,   3.670,9999.000,9999.000,9999.000,9999.000,9999.000,9999.000,9999.000
202602140736,   2.897,   3.709,9999.000,9999.000,9999.000,9999.000,9999.000,9999.000,9999.000
202602140742,   2.981,   3.837,9999.000,9999.000,9999.000,9999.000,9999.000,9999.000,9999.000
202602140748,   3.064,   3.870,9999.000,9999.000,9999.000,9999.000,9999.000,9999.000,9999.000
202602140754,   3.144,   3.939,9999.000,9999.000,9999.000,9999.000,9999.000,9999.000,9999.000
202602140800,   3.223,   3.998,   0.300,   0.475,   3.998,   0.300,   3.998,   0.400,   4.098
202602140806,   3.300,   4.070,9999.000,9999.000,9999.000,9999.000,9999.000,9999.000,9999.000
202602140812,   3.375,   4.149,9999.000,9999.000,9999.000,9999.000,9999.000,9999.000,9999.000
202602140818,   3.449,   4.198,9999.000,9999.000,9999.000,9999.000,9999.000,9999.000,9999.000
202602140824,   3.520,   4.300,9999.000,9999.000,9999.000,9999.000,9999.000,9999.000,9999.000
202602140830,   3.590,   4.319,9999.000,9999.000,9999.000,9999.000,9999.000,9999.000,9999.000
202602140836,   3.657,   4.398,9999.000,9999.000,9999.000,9999.000,9999.000,9999.000,9999.000
202602140842,   3.723,   4.437,9999.000,9999.000,9999.000,9999.000,9999.000,9999.000,9999.000
202602140848,   3.786,   4.490,9999.000,9999.000,9999.000,9999.000,9999.000,9999.000,9999.000
202602140854,   3.847,   4.549,9999.000,9999.000,9999.000,9999.000,9999.000,9999.000,9999.000
202602140900,   3.905,   4.569,   0.300,   0.364,   4.569,   0.300,   4.569,   0.400,   4.669
202602140906,   3.961,   4.588,9999.000,9999.000,9999.000,9999.000,9999.000,9999.000,9999.000
202602140912,   4.015,   4.657,9999.000,9999.000,9999.000,9999.000,9999.000,9999.000,9999.000
202602140918,   4.065,   4.710,9999.000,9999.000,9999.000,9999.000,9999.000,9999.000,9999.000
202602140924,   4.112,   4.677,9999.000,9999.000,9999.000,9999.000,9999.000,9999.000,9999.000
202602140930,   4.156,   4.778,9999.000,9999.000,9999.000,9999.000,9999.000,9999.000,9999.000
202602140936,   4.196,   4.798,9999.000,9999.000,9999.000,9999.000,9999.000,9999.000,9999.000
202602140942,   4.233,   4.837,9999.000,9999.000,9999.000,9999.000,9999.000,9999.000,9999.000
202602140948,   4.265,   4.828,9999.000,9999.000,9999.000,9999.000,9999.000,9999.000,9999.000
202602140954,   4.294,   4.887,9999.000,9999.000,9999.000,9999.000,9999.000,9999.000,9999.000
202602141000,   4.318,   4.900,   0.300,   0.282,   4.900,   0.300,   4.900,   0.400,   5.000
202602141006,   4.338,   4.919,9999.000,9999.000,9999.000,9999.000,9999.000,9999.000,9999.000
202602141012,   4.352,   4.919,9999.000,9999.000,9999.000,9999.000,9999.000,9999.000,9999.000
202602141018,   4.362,   4.939,9999.000,9999.000,9999.000,9999.000,9999.000,9999.000,9999.000
202602141024,   4.367,   4.959,9999.000,9999.000,9999.000,9999.000,9999.000,9999.000,9999.000
202602141030,   4.366,   4.959,9999.000,9999.000,9999.000,9999.000,9999.000,9999.000,9999.000
202602141036,   4.361,   4.959,9999.000,9999.000,9999.000,9999.000,9999.000,9999.000,9999.000
202602141042,   4.350,   4.969,9999.000,9999.000,9999.000,9999.000,9999.000,9999.000,9999.000
202602141048,   4.333,   4.939,9999.000,9999.000,9999.000,9999.000,9999.000,9999.000,9999.000
202602141054,   4.311,   4.919,9999.000,9999.000,9999.000,9999.000,9999.000,9999.000,9999.000
202602141100,   4.284,   4.910,   0.300,   0.326,   4.910,   0.200,   4.810,   0.300,   4.910
202602141106,   4.252,   4.867,9999.000,9999.000,9999.000,9999.000,9999.000,9999.000,9999.000
202602141112,   4.214,   4.818,9999.000,9999.000,9999.000,9999.000,9999.000,9999.000,9999.000
202602141118,   4.172,   4.788,9999.000,9999.000,9999.000,9999.000,9999.000,9999.000,9999.000
202602141124,   4.124,   4.739,9999.000,9999.000,9999.000,9999.000,9999.000,9999.000,9999.000
202602141130,   4.072,   4.667,9999.000,9999.000,9999.000,9999.000,9999.000,9999.000,9999.000
202602141136,   4.015,   4.637,9999.000,9999.000,9999.000,9999.000,9999.000,9999.000,9999.000
202602141142,   3.954,   4.578,9999.000,9999.000,9999.000,9999.000,9999.000,9999.000,9999.000
202602141148,   3.889,   4.519,9999.000,9999.000,9999.000,9999.000,9999.000,9999.000,9999.000
202602141154,   3.820,   4.437,9999.000,9999.000,9999.000,9999.000,9999.000,9999.000,9999.000
202602141200,   3.748,   4.368,   0.300,   0.320,   4.368,   0.300,   4.368,   0.400,   4.468
202602141206,   3.673,   4.319,9999.000,9999.000,9999.000,9999.000,9999.000,9999.000,9999.000
202602141212,   3.594,   4.237,9999.000,9999.000,9999.000,9999.000,9999.000,9999.000,9999.000
202602141218,   3.513,   4.149,9999.000,9999.000,9999.000,9999.000,9999.000,9999.000,9999.000
202602141224,   3.430,   4.057,9999.000,9999.000,9999.000,9999.000,9999.000,9999.000,9999.000
202602141230,   3.344,   3.978,9999.000,9999.000,9999.000,9999.000,9999.000,9999.000,9999.000
202602141236,   3.257,   3.890,9999.000,9999.000,9999.000,9999.000,9999.000,9999.000,9999.000
202602141242,   3.168,   3.788,9999.000,9999.000,9999.000,9999.000,9999.000,9999.000,9999.000
202602141248,   3.078,   3.699,9999.000,9999.000,9999.000,9999.000,9999.000,9999.000,9999.000
202602141254,   2.986,   3.617,9999.000,9999.000,9999.000,9999.000,9999.000,9999.000,9999.000
202602141300,   2.894,   3.519,   0.300,   0.325,   3.519,   0.300,   3.519,   0.400,   3.619
202602141306,   2.801,   3.427,9999.000,9999.000,9999.000,9999.000,9999.000,9999.000,9999.000
202602141312,   2.707,   3.348,9999.000,9999.000,9999.000,9999.000,9999.000,9999.000,9999.000
202602141318,   2.613,   3.250,9999.000,9999.000,9999.000,9999.000,9999.000,9999.000,9999.000
202602141324,   2.518,   3.148,9999.000,9999.000,9999.000,9999.000,9999.000,9999.000,9999.000
202602141330,   2.424,   3.070,9999.000,9999.000,9999.000,9999.000,9999.000,9999.000,9999.000
202602141336,   2.329,   2.958,9999.000,9999.000,9999.000,9999.000,9999.000,9999.000,9999.000
202602141342,   2.234,   2.869,9999.000,9999.000,9999.000,9999.000,9999.000,9999.000,9999.000
202602141348,   2.139,   2.778,9999.000,9999.000,9999.000,9999.000,9999.000,9999.000,9999.000
202602141354,   2.044,   2.699,9999.000,9999.000,9999.000,9999.000,9999.000,9999.000,9999.000
202602141400,   1.949,   2.610,   0.300,   0.361,   2.610,   0.300,   2.610,   0.300,   2.610
202602141406,   1.855,   2.548,9999.000,9999.000,9999.000,9999.000,9999.000,9999.000,9999.000
202602141412,   1.761,   2.450,9999.000,9999.000,9999.000,9999.000,9999.000,9999.000,9999.000
202602141418,   1.667,   2.368,9999.000,9999.000,9999.000,9999.000,9999.000,9999.000,9999.000
202602141424,   1.574,   2.299,9999.000,9999.000,9999.000,9999.000,9999.000,9999.000,9999.000
202602141430,   1.482,   2.220,9999.000,9999.000,9999.000,9999.000,9999.000,9999.000,9999.000
202602141436,   1.391,   2.138,9999.000,9999.000,9999.000,9999.000,9999.000,9999.000,9999.000
202602141442,   1.300,   2.040,9999.000,9999.000,9999.000,9999.000,9999.000,9999.000,9999.000
202602141448,   1.211,   1.948,9999.000,9999.000,9999.000,9999.000,9999.000,9999.000,9999.000
202602141454,   1.123,   1.869,9999.000,9999.000,9999.000,9999.000,9999.000,9999.000,9999.000
202602141500,   1.036,   1.781,   0.300,   0.445,   1.781,   0.200,   1.681,   0.300,   1.781
202602141506,   0.952,   1.699,9999.000,9999.000,9999.000,9999.000,9999.000,9999.000,9999.000
202602141512,   0.869,   1.620,9999.000,9999.000,9999.000,9999.000,9999.000,9999.000,9999.000
202602141518,   0.789,   1.557,9999.000,9999.000,9999.000,9999.000,9999.000,9999.000,9999.000
202602141524,   0.712,   1.469,9999.000,9999.000,9999.000,9999.000,9999.000,9999.000,9999.000
202602141530,   0.637,   1.420,9999.000,9999.000,9999.000,9999.000,9999.000,9999.000,9999.000
202602141536,   0.566,   1.371,9999.000,9999.000,9999.000,9999.000,9999.000,9999.000,9999.000
202602141542,   0.498,   1.298,9999.000,9999.000,9999.000,9999.000,9999.000,9999.000,9999.000
202602141548,   0.435,   1.239,9999.000,9999.000,9999.000,9999.000,9999.000,9999.000,9999.000
202602141554,   0.375,   1.180,9999.000,9999.000,9999.000,9999.000,9999.000,9999.000,9999.000
202602141600,   0.320,   1.118,   0.300,   0.498,   1.118,   0.200,   1.018,   0.300,   1.118
202602141606,   0.271,   1.059,9999.000,9999.000,9999.000,9999.000,9999.000,9999.000,9999.000
202602141612,   0.226,   0.980,9999.000,9999.000,9999.000,9999.000,9999.000,9999.000,9999.000
202602141618,   0.187,9999.000,9999.000,9999.000,9999.000,9999.000,9999.000,9999.000,9999.000
202602141624,   0.153,   0.708,9999.000,9999.000,9999.000,9999.000,9999.000,9999.000,9999.000
202602141630,   0.126,   0.859,9999.000,9999.000,9999.000,9999.000,9999.000,9999.000,9999.000
202602141636,   0.104,   0.819,9999.000,9999.000,9999.000,9999.000,9999.000,9999.000,9999.000
202602141642,   0.089,   0.780,9999.000,9999.000,9999.000,9999.000,9999.000,9999.000,9999.000
202602141648,   0.081,   0.760,9999.000,9999.000,9999.000,9999.000,9999.000,9999.000,9999.000
202602141654,   0.079,   0.731,9999.000,9999.000,9999.000,9999.000,9999.000,9999.000,9999.000
202602141700,   0.083,   0.708,   0.300,   0.325,   0.708,   0.200,   0.608,   0.400,   0.808
202602141706,   0.094,   0.698,9999.000,9999.000,9999.000,9999.000,9999.000,9999.000,9999.000
202602141712,   0.111,   0.698,9999.000,9999.000,9999.000,9999.000,9999.000,9999.000,9999.000
202602141718,   0.135,   0.698,9999.000,9999.000,9999.000,9999.000,9999.000,9999.000,9999.000
202602141724,   0.165,   0.698,9999.000,9999.000,9999.000,9999.000,9999.000,9999.000,9999.000
202602141730,   0.201,   0.731,9999.000,9999.000,9999.000,9999.000,9999.000,9999.000,9999.000
202602141736,   0.243,   0.770,9999.000,9999.000,9999.000,9999.000,9999.000,9999.000,9999.000
202602141742,   0.291,   0.790,9999.000,9999.000,9999.000,9999.000,9999.000,9999.000,9999.000
202602141748,   0.343,   0.829,9999.000,9999.000,9999.000,9999.000,9999.000,9999.000,9999.000
202602141754,   0.401,   0.888,9999.000,9999.000,9999.000,9999.000,9999.000,9999.000,9999.000
202602141800,   0.463,   0.941,   0.300,   0.178,   0.941,   0.300,   0.941,   0.400,   1.041
202602141806,   0.530,   0.990,9999.000,9999.000,9999.000,9999.000,9999.000,9999.000,9999.000
202602141812,   0.600,   1.049,9999.000,9999.000,9999.000,9999.000,9999.000,9999.000,9999.000
202602141818,   0.674,   1.138,9999.000,9999.000,9999.000,9999.000,9999.000,9999.000,9999.000
202602141824,   0.751,   1.229,9999.000,9999.000,9999.000,9999.000,9999.000,9999.000,9999.000
202602141830,   0.831,   1.318,9999.000,9999.000,9999.000,9999.000,9999.000,9999.000,9999.000
202602141836,   0.913,   1.390,9999.000,9999.000,9999.000,9999.000,9999.000,9999.000,9999.000
202602141842,   0.997,   1.498,9999.000,9999.000,9999.000,9999.000,9999.000,9999.000,9999.000
202602141848,   1.082,   1.590,9999.000,9999.000,9999.000,9999.000,9999.000,9999.000,9999.000
202602141854,   1.169,   1.689,9999.000,9999.000,9999.000,9999.000,9999.000,9999.000,9999.000
202602141900,   1.257,   1.781,   0.300,   0.224,   1.781,   0.300,   1.781,   0.400,   1.881
202602141906,   1.345,   1.879,9999.000,9999.000,9999.000,9999.000,9999.000,9999.000,9999.000
202602141912,   1.434,   1.958,9999.000,9999.000,9999.000,9999.000,9999.000,9999.000,9999.000
202602141918,   1.522,   2.049,9999.000,9999.000,9999.000,9999.000,9999.000,9999.000,9999.000
202602141924,   1.611,   2.148,9999.000,9999.000,9999.000,9999.000,9999.000,9999.000,9999.000
202602141930,   1.699,   2.240,9999.000,9999.000,9999.000,9999.000,9999.000,9999.000,9999.000
202602141936,   1.786,   2.318,9999.000,9999.000,9999.000,9999.000,9999.000,9999.000,9999.000
202602141942,   1.873,   2.400,9999.000,9999.000,9999.000,9999.000,9999.000,9999.000,9999.000
202602141948,   1.959,   2.499,9999.000,9999.000,9999.000,9999.000,9999.000,9999.000,9999.000
202602141954,   2.044,   2.587,9999.000,9999.000,9999.000,9999.000,9999.000,9999.000,9999.000
202602142000,   2.128,   2.669,   0.300,   0.241,   2.669,   0.200,   2.569,   0.300,   2.669
202602142006,   2.211,   2.738,9999.000,9999.000,9999.000,9999.000,9999.000,9999.000,9999.000
202602142012,   2.293,   2.830,9999.000,9999.000,9999.000,9999.000,9999.000,9999.000,9999.000
202602142018,   2.373,   2.899,9999.000,9999.000,9999.000,9999.000,9999.000,9999.000,9999.000
202602142024,   2.452,   2.948,9999.000,9999.000,9999.000,9999.000,9999.000,9999.000,9999.000
202602142030,   2.530,   3.017,9999.000,9999.000,9999.000,9999.000,9999.000,9999.000,9999.000
202602142036,   2.606,   3.099,9999.000,9999.000,9999.000,9999.000,9999.000,9999.000,9999.000
202602142042,   2.681,   3.148,9999.000,9999.000,9999.000,9999.000,9999.000,9999.000,9999.000
202602142048,   2.754,   3.217,9999.000,9999.000,9999.000,9999.000,9999.000,9999.000,9999.000
202602142054,   2.826,   3.309,9999.000,9999.000,9999.000,9999.000,9999.000,9999.000,9999.000
202602142100,   2.896,   3.339,   0.300,   0.143,   3.339,   0.200,   3.239,   0.300,   3.339
202602142106,   2.964,   3.388,9999.000,9999.000,9999.000,9999.000,9999.000,9999.000,9999.000
202602142112,   3.030,   3.470,9999.000,9999.000,9999.000,9999.000,9999.000,9999.000,9999.000
202602142118,   3.094,   3.529,9999.000,9999.000,9999.000,9999.000,9999.000,9999.000,9999.000
202602142124,   3.155,   3.578,9999.000,9999.000,9999.000,9999.000,9999.000,9999.000,9999.000
202602142130,   3.214,   3.627,9999.000,9999.000,9999.000,9999.000,9999.000,9999.000,9999.000
202602142136,   3.271,   3.729,9999.000,9999.000,9999.000,9999.000,9999.000,9999.000,9999.000
202602142142,   3.325,   3.768,9999.000,9999.000,9999.000,9999.000,9999.000,9999.000,9999.000
202602142148,   3.375,   3.808,9999.000,9999.000,9999.000,9999.000,9999.000,9999.000,9999.000
202602142154,   3.423,   3.870,9999.000,9999.000,9999.000,9999.000,9999.000,9999.000,9999.000
202602142200,   3.467,   3.949,   0.200,   0.282,   3.949,   0.200,   3.949,   0.300,   4.049
202602142206,   3.507,   3.978,9999.000,9999.000,9999.000,9999.000,9999.000,9999.000,9999.000
202602142212,   3.543,   4.017,9999.000,9999.000,9999.000,9999.000,9999.000,9999.000,9999.000
202602142218,   3.575,   4.080,9999.000,9999.000,9999.000,9999.000,9999.000,9999.000,9999.000
202602142224,   3.603,   4.129,9999.000,9999.000,9999.000,9999.000,9999.000,9999.000,9999.000
202602142230,   3.626,   4.159,9999.000,9999.000,9999.000,9999.000,9999.000,9999.000,9999.000
202602142236,   3.645,   4.159,9999.000,9999.000,9999.000,9999.000,9999.000,9999.000,9999.000
202602142242,   3.658,   4.247,9999.000,9999.000,9999.000,9999.000,9999.000,9999.000,9999.000
202602142248,   3.666,   4.237,9999.000,9999.000,9999.000,9999.000,9999.000,9999.000,9999.000
202602142254,   3.670,   4.257,9999.000,9999.000,9999.000,9999.000,9999.000,9999.000,9999.000
202602142300,   3.667,   4.247,   0.200,   0.380,   4.247,   0.200,   4.247,   0.300,   4.347
202602142306,   3.660,   4.329,9999.000,9999.000,9999.000,9999.000,9999.000,9999.000,9999.000
202602142312,   3.647,   4.319,9999.000,9999.000,9999.000,9999.000,9999.000,9999.000,9999.000
202602142318,   3.629,   4.329,9999.000,9999.000,9999.000,9999.000,9999.000,9999.000,9999.000
202602142324,   3.606,   4.319,9999.000,9999.000,9999.000,9999.000,9999.000,9999.000,9999.000
202602142330,   3.577,   4.319,9999.000,9999.000,9999.000,9999.000,9999.000,9999.000,9999.000
202602142336,   3.544,   4.319,9999.000,9999.000,9999.000,9999.000,9999.000,9999.000,9999.000
202602142342,   3.505,   4.319,9999.000,9999.000,9999.000,9999.000,9999.000,9999.000,9999.000
202602142348,   3.462,   4.267,9999.000,9999.000,9999.000,9999.000,9999.000,9999.000,9999.000
202602142354,   3.414,   4.267,9999.000,9999.000,9999.000,9999.000,9999.000,9999.000,9999.000
202602150000,   3.362,   4.227,   0.300,   0.565,   4.227,   0.300,   4.227,   0.400,   4.327
202602150006,   3.305,   4.188,9999.000,9999.000,9999.000,9999.000,9999.000,9999.000,9999.000
202602150012,   3.245,   4.159,9999.000,9999.000,9999.000,9999.000,9999.000,9999.000,9999.000
202602150018,   3.182,   4.109,9999.000,9999.000,9999.000,9999.000,9999.000,9999.000,9999.000
202602150024,   3.115,   4.070,9999.000,9999.000,9999.000,9999.000,9999.000,9999.000,9999.000
202602150030,   3.045,   4.008,9999.000,9999.000,9999.000,9999.000,9999.000,9999.000,9999.000
202602150036,   2.973,   3.968,9999.000,9999.000,9999.000,9999.000,9999.000,9999.000,9999.000
202602150042,   2.898,   3.890,9999.000,9999.000,9999.000,9999.000,9999.000,9999.000,9999.000
202602150048,   2.821,   3.788,9999.000,9999.000,9999.000,9999.000,9999.000,9999.000,9999.000
202602150054,   2.743,   3.729,9999.000,9999.000,9999.000,9999.000,9999.000,9999.000,9999.000
202602150100,   2.663,   3.680,   0.300,   0.717,   3.680,   0.300,   3.680,   0.400,   3.780
202602150106,   2.582,   3.568,9999.000,9999.000,9999.000,9999.000,9999.000,9999.000,9999.000
202602150112,   2.500,   3.480,9999.000,9999.000,9999.000,9999.000,9999.000,9999.000,9999.000
202602150118,   2.417,   3.440,9999.000,9999.000,9999.000,9999.000,9999.000,9999.000,9999.000
202602150124,   2.334,   3.339,9999.000,9999.000,9999.000,9999.000,9999.000,9999.000,9999.000
202602150130,   2.250,   3.230,9999.000,9999.000,9999.000,9999.000,9999.000,9999.000,9999.000
202602150136,   2.167,   3.138,9999.000,9999.000,9999.000,9999.000,9999.000,9999.000,9999.000
202602150142,   2.083,   3.030,9999.000,9999.000,9999.000,9999.000,9999.000,9999.000,9999.000
202602150148,   2.000,   2.929,9999.000,9999.000,9999.000,9999.000,9999.000,9999.000,9999.000
202602150154,   1.917,   2.820,9999.000,9999.000,9999.000,9999.000,9999.000,9999.000,9999.000
202602150200,   1.834,   2.709,   0.400,   0.475,   2.709,   0.300,   2.609,   0.400,   2.709
202602150206,   1.752,   2.620,9999.000,9999.000,9999.000,9999.000,9999.000,9999.000,9999.000
202602150212,   1.670,   2.509,9999.000,9999.000,9999.000,9999.000,9999.000,9999.000,9999.000
202602150218,   1.590,   2.430,9999.000,9999.000,9999.000,9999.000,9999.000,9999.000,9999.000
202602150224,   1.509,   2.328,9999.000,9999.000,9999.000,9999.000,9999.000,9999.000,9999.000
202602150230,   1.430,   2.250,9999.000,9999.000,9999.000,9999.000,9999.000,9999.000,9999.000
202602150236,   1.352,   2.168,9999.000,9999.000,9999.000,9999.000,9999.000,9999.000,9999.000
202602150242,   1.275,   2.079,9999.000,9999.000,9999.000,9999.000,9999.000,9999.000,9999.000
202602150248,   1.199,   2.010,9999.000,9999.000,9999.000,9999.000,9999.000,9999.000,9999.000
202602150254,   1.124,   1.928,9999.000,9999.000,9999.000,9999.000,9999.000,9999.000,9999.000
202602150300,   1.051,   1.849,   0.400,   0.398,   1.849,   0.400,   1.849,   0.400,   1.849
202602150306,   0.979,   1.758,9999.000,9999.000,9999.000,9999.000,9999.000,9999.000,9999.000
202602150312,   0.909,   1.699,9999.000,9999.000,9999.000,9999.000,9999.000,9999.000,9999.000
202602150318,   0.841,   1.630,9999.000,9999.000,9999.000,9999.000,9999.000,9999.000,9999.000
202602150324,   0.775,   1.557,9999.000,9999.000,9999.000,9999.000,9999.000,9999.000,9999.000
202602150330,   0.711,   1.479,9999.000,9999.000,9999.000,9999.000,9999.000,9999.000,9999.000
202602150336,   0.650,   1.420,9999.000,9999.000,9999.000,9999.000,9999.000,9999.000,9999.000
202602150342,   0.591,   1.361,9999.000,9999.000,9999.000,9999.000,9999.000,9999.000,9999.000
202602150348,   0.536,   1.298,9999.000,9999.000,9999.000,9999.000,9999.000,9999.000,9999.000
202602150354,   0.484,   1.259,9999.000,9999.000,9999.000,9999.000,9999.000,9999.000,9999.000
202602150400,   0.435,   1.229,   0.400,   0.394,   1.229,   0.400,   1.229,   0.400,   1.229
202602150406,   0.391,   1.190,9999.000,9999.000,9999.000,9999.000,9999.000,9999.000,9999.000
202602150412,   0.351,   1.161,9999.000,9999.000,9999.000,9999.000,9999.000,9999.000,9999.000
202602150418,   0.315,   1.138,9999.000,9999.000,9999.000,9999.000,9999.000,9999.000,9999.000
202602150424,   0.285,   1.108,9999.000,9999.000,9999.000,9999.000,9999.000,9999.000,9999.000
202602150430,   0.259,   1.108,9999.000,9999.000,9999.000,9999.000,9999.000,9999.000,9999.000
202602150436,   0.239,   1.098,9999.000,9999.000,9999.000,9999.000,9999.000,9999.000,9999.000
202602150442,   0.224,   1.088,9999.000,9999.000,9999.000,9999.000,9999.000,9999.000,9999.000
202602150448,   0.215,   1.088,9999.000,9999.000,9999.000,9999.000,9999.000,9999.000,9999.000
202602150454,   0.213,   1.088,9999.000,9999.000,9999.000,9999.000,9999.000,9999.000,9999.000
202602150500,   0.216,   1.108,   0.400,   0.492,   1.108,   0.400,   1.108,   0.400,   1.108
202602150506,   0.226,   1.128,9999.000,9999.000,9999.000,9999.000,9999.000,9999.000,9999.000
202602150512,   0.242,   1.138,9999.000,9999.000,9999.000,9999.000,9999.000,9999.000,9999.000
202602150518,   0.265,   1.180,9999.000,9999.000,9999.000,9999.000,9999.000,9999.000,9999.000
202602150524,   0.294,   1.229,9999.000,9999.000,9999.000,9999.000,9999.000,9999.000,9999.000
202602150530,   0.330,   1.289,9999.000,9999.000,9999.000,9999.000,9999.000,9999.000,9999.000
202602150536,   0.372,   1.348,9999.000,9999.000,9999.000,9999.000,9999.000,9999.000,9999.000
202602150542,   0.420,   1.420,9999.000,9999.000,9999.000,9999.000,9999.000,9999.000,9999.000
202602150548,   0.474,   1.498,9999.000,9999.000,9999.000,9999.000,9999.000,9999.000,9999.000
202602150554,   0.534,   1.571,9999.000,9999.000,9999.000,9999.000,9999.000,9999.000,9999.000
202602150600,   0.600,   1.659,   0.400,   0.659,   1.659,   0.400,   1.659,   0.500,   1.759
202602150606,   0.671,   1.748,9999.000,9999.000,9999.000,9999.000,9999.000,9999.000,9999.000
202602150612,   0.748,   1.781,9999.000,9999.000,9999.000,9999.000,9999.000,9999.000,9999.000
202602150618,   0.829,   1.889,9999.000,9999.000,9999.000,9999.000,9999.000,9999.000,9999.000
202602150624,   0.914,   1.990,9999.000,9999.000,9999.000,9999.000,9999.000,9999.000,9999.000
202602150630,   1.003,   2.049,9999.000,9999.000,9999.000,9999.000,9999.000,9999.000,9999.000
202602150636,   1.096,   2.138,9999.000,9999.000,9999.000,9999.000,9999.000,9999.000,9999.000
202602150642,   1.192,   2.230,9999.000,9999.000,9999.000,9999.000,9999.000,9999.000,9999.000
202602150648,   1.291,   2.348,9999.000,9999.000,9999.000,9999.000,9999.000,9999.000,9999.000
202602150654,   1.392,   2.440,9999.000,9999.000,9999.000,9999.000,9999.000,9999.000,9999.000
202602150700,   1.496,   2.538,   0.400,   0.642,   2.538,   0.400,   2.538,   0.500,   2.638
202602150706,   1.601,   2.660,9999.000,9999.000,9999.000,9999.000,9999.000,9999.000,9999.000
202602150712,   1.707,   2.758,9999.000,9999.000,9999.000,9999.000,9999.000,9999.000,9999.000
202602150718,   1.814,   2.860,9999.000,9999.000,9999.000,9999.000,9999.000,9999.000,9999.000
202602150724,   1.922,   2.978,9999.000,9999.000,9999.000,9999.000,9999.000,9999.000,9999.000
202602150730,   2.029,   3.089,9999.000,9999.000,9999.000,9999.000,9999.000,9999.000,9999.000
202602150736,   2.137,   3.207,9999.000,9999.000,9999.000,9999.000,9999.000,9999.000,9999.000
202602150742,   2.244,   3.299,9999.000,9999.000,9999.000,9999.000,9999.000,9999.000,9999.000
202602150748,   2.351,   3.417,9999.000,9999.000,9999.000,9999.000,9999.000,9999.000,9999.000
202602150754,   2.457,   3.529,9999.000,9999.000,9999.000,9999.000,9999.000,9999.000,9999.000
202602150800,   2.562,   3.627,   0.400,   0.665,   3.627,   0.400,   3.627,   0.500,   3.727
202602150806,   2.666,   3.729,9999.000,9999.000,9999.000,9999.000,9999.000,9999.000,9999.000
202602150812,   2.768,   3.817,9999.000,9999.000,9999.000,9999.000,9999.000,9999.000,9999.000
202602150818,   2.869,   3.949,9999.000,9999.000,9999.000,9999.000,9999.000,9999.000,9999.000
202602150824,   2.968,   4.047,9999.000,9999.000,9999.000,9999.000,9999.000,9999.000,9999.000
202602150830,   3.066,   4.139,9999.000,9999.000,9999.000,9999.000,9999.000,9999.000,9999.000
202602150836,   3.162,   4.227,9999.000,9999.000,9999.000,9999.000,9999.000,9999.000,9999.000
202602150842,   3.255,   4.349,9999.000,9999.000,9999.000,9999.000,9999.000,9999.000,9999.000
202602150848,   3.347,   4.418,9999.000,9999.000,9999.000,9999.000,9999.000,9999.000,9999.000
202602150854,   3.437,   4.490,9999.000,9999.000,9999.000,9999.000,9999.000,9999.000,9999.000
202602150900,   3.525,   4.578,   0.400,   0.653,   4.578,   0.400,   4.578,   0.500,   4.678
202602150906,   3.610,   4.677,9999.000,9999.000,9999.000,9999.000,9999.000,9999.000,9999.000
202602150912,   3.693,   4.749,9999.000,9999.000,9999.000,9999.000,9999.000,9999.000,9999.000
202602150918,   3.774,   4.818,9999.000,9999.000,9999.000,9999.000,9999.000,9999.000,9999.000
202602150924,   3.852,   4.900,9999.000,9999.000,9999.000,9999.000,9999.000,9999.000,9999.000
202602150930,   3.928,   4.969,9999.000,9999.000,9999.000,9999.000,9999.000,9999.000,9999.000
202602150936,   4.001,   5.038,9999.000,9999.000,9999.000,9999.000,9999.000,9999.000,9999.000
202602150942,   4.071,   5.097,9999.000,9999.000,9999.000,9999.000,9999.000,9999.000,9999.000
202602150948,   4.138,   5.169,9999.000,9999.000,9999.000,9999.000,9999.000,9999.000,9999.000
202602150954,   4.201,   5.228,9999.000,9999.000,9999.000,9999.000,9999.000,9999.000,9999.000
202602151000,   4.261,   5.287,   0.400,   0.626,   5.287,   0.400,   5.287,   0.500,   5.387
202602151006,   4.318,   5.339,9999.000,9999.000,9999.000,9999.000,9999.000,9999.000,9999.000
202602151012,   4.370,   5.379,9999.000,9999.000,9999.000,9999.000,9999.000,9999.000,9999.000
202602151018,   4.418,   5.389,9999.000,9999.000,9999.000,9999.000,9999.000,9999.000,9999.000
202602151024,   4.462,   5.448,9999.000,9999.000,9999.000,9999.000,9999.000,9999.000,9999.000
202602151030,   4.502,   5.477,9999.000,9999.000,9999.000,9999.000,9999.000,9999.000,9999.000
202602151036,   4.537,   5.507,9999.000,9999.000,9999.000,9999.000,9999.000,9999.000,9999.000
202602151042,   4.566,   5.516,9999.000,9999.000,9999.000,9999.000,9999.000,9999.000,9999.000
202602151048,   4.590,   5.589,9999.000,9999.000,9999.000,9999.000,9999.000,9999.000,9999.000
202602151054,   4.609,   5.589,9999.000,9999.000,9999.000,9999.000,9999.000,9999.000,9999.000
202602151100,   4.623,   5.598,   0.400,   0.575,   5.598,   0.400,   5.598,   0.500,   5.698
202602151106,   4.630,   5.638,9999.000,9999.000,9999.000,9999.000,9999.000,9999.000,9999.000
202602151112,   4.632,   5.589,9999.000,9999.000,9999.000,9999.000,9999.000,9999.000,9999.000
202602151118,   4.628,   5.628,9999.000,9999.000,9999.000,9999.000,9999.000,9999.000,9999.000
202602151124,   4.617,   5.569,9999.000,9999.000,9999.000,9999.000,9999.000,9999.000,9999.000
202602151130,   4.601,   5.569,9999.000,9999.000,9999.000,9999.000,9999.000,9999.000,9999.000
202602151136,   4.578,   5.539,9999.000,9999.000,9999.000,9999.000,9999.000,9999.000,9999.000
202602151142,   4.549,   5.507,9999.000,9999.000,9999.000,9999.000,9999.000,9999.000,9999.000
202602151148,   4.515,   5.487,9999.000,9999.000,9999.000,9999.000,9999.000,9999.000,9999.000
202602151154,   4.474,   5.438,9999.000,9999.000,9999.000,9999.000,9999.000,9999.000,9999.000
202602151200,   4.427,   5.408,   0.400,   0.581,   5.408,   0.400,   5.408,   0.400,   5.408
202602151206,   4.375,   5.369,9999.000,9999.000,9999.000,9999.000,9999.000,9999.000,9999.000
202602151212,   4.318,   5.339,9999.000,9999.000,9999.000,9999.000,9999.000,9999.000,9999.000
202602151218,   4.255,   5.257,9999.000,9999.000,9999.000,9999.000,9999.000,9999.000,9999.000
202602151224,   4.187,   5.208,9999.000,9999.000,9999.000,9999.000,9999.000,9999.000,9999.000
202602151230,   4.114,   5.159,9999.000,9999.000,9999.000,9999.000,9999.000,9999.000,9999.000
202602151236,   4.037,   5.067,9999.000,9999.000,9999.000,9999.000,9999.000,9999.000,9999.000
202602151242,   3.955,   4.988,9999.000,9999.000,9999.000,9999.000,9999.000,9999.000,9999.000
202602151248,   3.870,   4.910,9999.000,9999.000,9999.000,9999.000,9999.000,9999.000,9999.000
202602151254,   3.781,   4.808,9999.000,9999.000,9999.000,9999.000,9999.000,9999.000,9999.000
202602151300,   3.689,   4.729,   0.400,   0.640,   4.729,   0.400,   4.729,   0.400,   4.729
202602151306,   3.594,   4.647,9999.000,9999.000,9999.000,9999.000,9999.000,9999.000,9999.000
202602151312,   3.496,   4.539,9999.000,9999.000,9999.000,9999.000,9999.000,9999.000,9999.000
202602151318,   3.396,   4.437,9999.000,9999.000,9999.000,9999.000,9999.000,9999.000,9999.000
202602151324,   3.295,   4.349,9999.000,9999.000,9999.000,9999.000,9999.000,9999.000,9999.000
202602151330,   3.191,   4.237,9999.000,9999.000,9999.000,9999.000,9999.000,9999.000,9999.000
202602151336,   3.086,   4.129,9999.000,9999.000,9999.000,9999.000,9999.000,9999.000,9999.000
202602151342,   2.980,   4.027,9999.000,9999.000,9999.000,9999.000,9999.000,9999.000,9999.000
202602151348,   2.873,   3.919,9999.000,9999.000,9999.000,9999.000,9999.000,9999.000,9999.000
202602151354,   2.765,   3.808,9999.000,9999.000,9999.000,9999.000,9999.000,9999.000,9999.000
202602151400,   2.656,   3.689,   0.400,   0.633,   3.689,   0.400,   3.689,   0.400,   3.689
202602151406,   2.548,   3.578,9999.000,9999.000,9999.000,9999.000,9999.000,9999.000,9999.000
202602151412,   2.439,   3.480,9999.000,9999.000,9999.000,9999.000,9999.000,9999.000,9999.000
202602151418,   2.330,   3.378,9999.000,9999.000,9999.000,9999.000,9999.000,9999.000,9999.000
202602151424,   2.222,   3.260,9999.000,9999.000,9999.000,9999.000,9999.000,9999.000,9999.000
202602151430,   2.113,   3.178,9999.000,9999.000,9999.000,9999.000,9999.000,9999.000,9999.000
202602151436,   2.005,   3.070,9999.000,9999.000,9999.000,9999.000,9999.000,9999.000,9999.000
202602151442,   1.898,   2.958,9999.000,9999.000,9999.000,9999.000,9999.000,9999.000,9999.000
202602151448,   1.791,   2.850,9999.000,9999.000,9999.000,9999.000,9999.000,9999.000,9999.000
202602151454,   1.685,   2.748,9999.000,9999.000,9999.000,9999.000,9999.000,9999.000,9999.000
202602151500,   1.580,   2.650,   0.400,   0.670,   2.650,   0.400,   2.650,   0.400,   2.650
202602151506,   1.476,   2.548,9999.000,9999.000,9999.000,9999.000,9999.000,9999.000,9999.000
202602151512,   1.373,   2.440,9999.000,9999.000,9999.000,9999.000,9999.000,9999.000,9999.000
202602151518,   1.271,   2.348,9999.000,9999.000,9999.000,9999.000,9999.000,9999.000,9999.000
202602151524,   1.170,   2.250,9999.000,9999.000,9999.000,9999.000,9999.000,9999.000,9999.000
202602151530,   1.072,   2.148,9999.000,9999.000,9999.000,9999.000,9999.000,9999.000,9999.000
202602151536,   0.975,   2.059,9999.000,9999.000,9999.000,9999.000,9999.000,9999.000,9999.000
202602151542,   0.880,   1.967,9999.000,9999.000,9999.000,9999.000,9999.000,9999.000,9999.000
202602151548,   0.787,   1.879,9999.000,9999.000,9999.000,9999.000,9999.000,9999.000,9999.000
202602151554,   0.697,   1.800,9999.000,9999.000,9999.000,9999.000,9999.000,9999.000,9999.000
202602151600,   0.609,   1.718,   0.400,   0.709,   1.718,   0.400,   1.718,   0.500,   1.818
202602151606,   0.525,   1.639,9999.000,9999.000,9999.000,9999.000,9999.000,9999.000,9999.000
202602151612,   0.443,   1.557,9999.000,9999.000,9999.000,9999.000,9999.000,9999.000,9999.000
202602151618,   0.366,   1.479,9999.000,9999.000,9999.000,9999.000,9999.000,9999.000,9999.000
202602151624,   0.292,   1.400,9999.000,9999.000,9999.000,9999.000,9999.000,9999.000,9999.000
202602151630,   0.223,   1.328,9999.000,9999.000,9999.000,9999.000,9999.000,9999.000,9999.000
202602151636,   0.158,   1.249,9999.000,9999.000,9999.000,9999.000,9999.000,9999.000,9999.000
202602151642,   0.098,   1.170,9999.000,9999.000,9999.000,9999.000,9999.000,9999.000,9999.000
202602151648,   0.043,   1.098,9999.000,9999.000,9999.000,9999.000,9999.000,9999.000,9999.000
202602151654,  -0.005,   1.020,9999.000,9999.000,9999.000,9999.000,9999.000,9999.000,9999.000
202602151700,  -0.048,   0.961,   0.400,   0.609,   0.961,   0.400,   0.961,   0.500,   1.061
202602151706,  -0.086,   0.908,9999.000,9999.000,9999.000,9999.000,9999.000,9999.000,9999.000
202602151712,  -0.117,   0.869,9999.000,9999.000,9999.000,9999.000,9999.000,9999.000,9999.000
202602151718,  -0.142,   0.829,9999.000,9999.000,9999.000,9999.000,9999.000,9999.000,9999.000
202602151724,  -0.160,   0.790,9999.000,9999.000,9999.000,9999.000,9999.000,9999.000,9999.000
202602151730,  -0.171,   0.780,9999.000,9999.000,9999.000,9999.000,9999.000,9999.000,9999.000
202602151736,  -0.175,   0.741,9999.000,9999.000,9999.000,9999.000,9999.000,9999.000,9999.000
202602151742,  -0.172,   0.751,9999.000,9999.000,9999.000,9999.000,9999.000,9999.000,9999.000
202602151748,  -0.162,   0.760,9999.000,9999.000,9999.000,9999.000,9999.000,9999.000,9999.000
202602151754,  -0.145,   0.770,9999.000,9999.000,9999.000,9999.000,9999.000,9999.000,9999.000
202602151800,  -0.121,   0.790,   0.500,   0.411,   0.790,   0.400,   0.690,   0.500,   0.790
202602151806,  -0.091,   0.800,9999.000,9999.000,9999.000,9999.000,9999.000,9999.000,9999.000
202602151812,  -0.053,   0.829,9999.000,9999.000,9999.000,9999.000,9999.000,9999.000,9999.000
202602151818,  -0.009,   0.869,9999.000,9999.000,9999.000,9999.000,9999.000,9999.000,9999.000
202602151824,   0.040,   0.898,9999.000,9999.000,9999.000,9999.000,9999.000,9999.000,9999.000
202602151830,   0.097,   0.951,9999.000,9999.000,9999.000,9999.000,9999.000,9999.000,9999.000
202602151836,   0.159,   0.990,9999.000,9999.000,9999.000,9999.000,9999.000,9999.000,9999.000
202602151842,   0.227,   1.108,9999.000,9999.000,9999.000,9999.000,9999.000,9999.000,9999.000
202602151848,   0.300,   1.180,9999.000,9999.000,9999.000,9999.000,9999.000,9999.000,9999.000
202602151854,   0.377,   1.269,9999.000,9999.000,9999.000,9999.000,9999.000,9999.000,9999.000
202602151900,   0.459,   1.380,   0.500,   0.421,   1.380,   0.400,   1.280,   0.500,   1.380
202602151906,   0.545,   1.469,9999.000,9999.000,9999.000,9999.000,9999.000,9999.000,9999.000
202602151912,   0.635,   1.590,9999.000,9999.000,9999.000,9999.000,9999.000,9999.000,9999.000
202602151918,   0.727,   1.699,9999.000,9999.000,9999.000,9999.000,9999.000,9999.000,9999.000
202602151924,   0.823,   1.810,9999.000,9999.000,9999.000,9999.000,9999.000,9999.000,9999.000
202602151930,   0.921,   1.908,9999.000,9999.000,9999.000,9999.000,9999.000,9999.000,9999.000
202602151936,   1.020,   2.020,9999.000,9999.000,9999.000,9999.000,9999.000,9999.000,9999.000
202602151942,   1.122,   2.109,9999.000,9999.000,9999.000,9999.000,9999.000,9999.000,9999.000
202602151948,   1.224,   2.191,9999.000,9999.000,9999.000,9999.000,9999.000,9999.000,9999.000
202602151954,   1.328,   2.299,9999.000,9999.000,9999.000,9999.000,9999.000,9999.000,9999.000
202602152000,   1.432,   2.387,   0.500,   0.455,   2.387,   0.500,   2.387,   0.600,   2.487
202602152006,   1.536,   2.479,9999.000,9999.000,9999.000,9999.000,9999.000,9999.000,9999.000
202602152012,   1.641,   2.587,9999.000,9999.000,9999.000,9999.000,9999.000,9999.000,9999.000
202602152018,   1.745,   2.709,9999.000,9999.000,9999.000,9999.000,9999.000,9999.000,9999.000
202602152024,   1.848,   2.830,9999.000,9999.000,9999.000,9999.000,9999.000,9999.000,9999.000
202602152030,   1.951,   2.938,9999.000,9999.000,9999.000,9999.000,9999.000,9999.000,9999.000
202602152036,   2.053,   3.050,9999.000,9999.000,9999.000,9999.000,9999.000,9999.000,9999.000
202602152042,   2.154,   3.168,9999.000,9999.000,9999.000,9999.000,9999.000,9999.000,9999.000
202602152048,   2.253,   3.270,9999.000,9999.000,9999.000,9999.000,9999.000,9999.000,9999.000
202602152054,   2.351,   3.388,9999.000,9999.000,9999.000,9999.000,9999.000,9999.000,9999.000
202602152100,   2.448,   3.450,   0.600,   0.402,   3.450,   0.500,   3.350,   0.600,   3.450
202602152106,   2.543,   3.548,9999.000,9999.000,9999.000,9999.000,9999.000,9999.000,9999.000
202602152112,   2.636,   3.650,9999.000,9999.000,9999.000,9999.000,9999.000,9999.000,9999.000
202602152118,   2.727,   3.749,9999.000,9999.000,9999.000,9999.000,9999.000,9999.000,9999.000
202602152124,   2.816,   3.817,9999.000,9999.000,9999.000,9999.000,9999.000,9999.000,9999.000
202602152130,   2.903,   3.909,9999.000,9999.000,9999.000,9999.000,9999.000,9999.000,9999.000
202602152136,   2.988,   4.017,9999.000,9999.000,9999.000,9999.000,9999.000,9999.000,9999.000
202602152142,   3.070,   4.090,9999.000,9999.000,9999.000,9999.000,9999.000,9999.000,9999.000
202602152148,   3.150,   4.159,9999.000,9999.000,9999.000,9999.000,9999.000,9999.000,9999.000
202602152154,   3.227,   4.257,9999.000,9999.000,9999.000,9999.000,9999.000,9999.000,9999.000
202602152200,   3.302,   4.329,   0.600,   0.427,   4.329,   0.600,   4.329,   0.700,   4.429
202602152206,   3.373,   4.408,9999.000,9999.000,9999.000,9999.000,9999.000,9999.000,9999.000
202602152212,   3.442,   4.490,9999.000,9999.000,9999.000,9999.000,9999.000,9999.000,9999.000
202602152218,   3.507,   4.549,9999.000,9999.000,9999.000,9999.000,9999.000,9999.000,9999.000
202602152224,   3.568,   4.618,9999.000,9999.000,9999.000,9999.000,9999.000,9999.000,9999.000
202602152230,   3.626,   4.677,9999.000,9999.000,9999.000,9999.000,9999.000,9999.000,9999.000
202602152236,   3.679,   4.749,9999.000,9999.000,9999.000,9999.000,9999.000,9999.000,9999.000
202602152242,   3.729,   4.788,9999.000,9999.000,9999.000,9999.000,9999.000,9999.000,9999.000
202602152248,   3.774,   4.837,9999.000,9999.000,9999.000,9999.000,9999.000,9999.000,9999.000
202602152254,   3.815,   4.887,9999.000,9999.000,9999.000,9999.000,9999.000,9999.000,9999.000
202602152300,   3.850,   4.919,   0.700,   0.369,   4.919,   0.700,   4.919,   0.800,   5.019
202602152306,   3.881,   4.969,9999.000,9999.000,9999.000,9999.000,9999.000,9999.000,9999.000
202602152312,   3.907,   4.939,9999.000,9999.000,9999.000,9999.000,9999.000,9999.000,9999.000
202602152318,   3.927,   4.998,9999.000,9999.000,9999.000,9999.000,9999.000,9999.000,9999.000
202602152324,   3.941,   5.008,9999.000,9999.000,9999.000,9999.000,9999.000,9999.000,9999.000
202602152330,   3.950,   4.998,9999.000,9999.000,9999.000,9999.000,9999.000,9999.000,9999.000
202602152336,   3.953,   5.047,9999.000,9999.000,9999.000,9999.000,9999.000,9999.000,9999.000
202602152342,   3.950,   5.077,9999.000,9999.000,9999.000,9999.000,9999.000,9999.000,9999.000
202602152348,   3.941,   5.077,9999.000,9999.000,9999.000,9999.000,9999.000,9999.000,9999.000
202602152354,   3.927,   5.044,9999.000,9999.000,9999.000,9999.000,9999.000,9999.000,9999.000
202602160000,   3.906,   5.139,   0.700,   0.533,   5.139,   0.600,   5.039,   0.800,   5.239
202602160006,   3.879,   5.120,9999.000,9999.000,9999.000,9999.000,9999.000,9999.000,9999.000
202602160012,   3.847,   5.120,9999.000,9999.000,9999.000,9999.000,9999.000,9999.000,9999.000
202602160018,   3.809,   5.097,9999.000,9999.000,9999.000,9999.000,9999.000,9999.000,9999.000
202602160024,   3.765,   5.087,9999.000,9999.000,9999.000,9999.000,9999.000,9999.000,9999.000
202602160030,   3.716,   5.047,9999.000,9999.000,9999.000,9999.000,9999.000,9999.000,9999.000
202602160036,   3.662,   4.988,9999.000,9999.000,9999.000,9999.000,9999.000,9999.000,9999.000
202602160042,   3.603,   4.969,9999.000,9999.000,9999.000,9999.000,9999.000,9999.000,9999.000
202602160048,   3.539,   4.929,9999.000,9999.000,9999.000,9999.000,9999.000,9999.000,9999.000
202602160054,   3.470,   4.900,9999.000,9999.000,9999.000,9999.000,9999.000,9999.000,9999.000
202602160100,   3.398,   4.808,   0.700,   0.710,   4.808,   0.600,   4.708,   0.800,   4.908
202602160106,   3.321,   4.778,9999.000,9999.000,9999.000,9999.000,9999.000,9999.000,9999.000
202602160112,   3.242,   4.700,9999.000,9999.000,9999.000,9999.000,9999.000,9999.000,9999.000
202602160118,   3.159,   4.628,9999.000,9999.000,9999.000,9999.000,9999.000,9999.000,9999.000
202602160124,   3.073,   4.549,9999.000,9999.000,9999.000,9999.000,9999.000,9999.000,9999.000
202602160130,   2.985,   4.457,9999.000,9999.000,9999.000,9999.000,9999.000,9999.000,9999.000
202602160136,   2.895,   4.349,9999.000,9999.000,9999.000,9999.000,9999.000,9999.000,9999.000
202602160142,   2.802,   4.267,9999.000,9999.000,9999.000,9999.000,9999.000,9999.000,9999.000
202602160148,   2.709,   4.139,9999.000,9999.000,9999.000,9999.000,9999.000,9999.000,9999.000
202602160154,   2.614,   4.047,9999.000,9999.000,9999.000,9999.000,9999.000,9999.000,9999.000
202602160200,   2.518,   3.939,   0.800,   0.621,   3.939,   0.700,   3.839,   0.900,   4.039
202602160206,   2.422,   3.827,9999.000,9999.000,9999.000,9999.000,9999.000,9999.000,9999.000
202602160212,   2.325,   3.709,9999.000,9999.000,9999.000,9999.000,9999.000,9999.000,9999.000
202602160218,   2.228,   3.607,9999.000,9999.000,9999.000,9999.000,9999.000,9999.000,9999.000
202602160224,   2.131,   3.509,9999.000,9999.000,9999.000,9999.000,9999.000,9999.000,9999.000
202602160230,   2.035,   3.417,9999.000,9999.000,9999.000,9999.000,9999.000,9999.000,9999.000
202602160236,   1.939,   3.329,9999.000,9999.000,9999.000,9999.000,9999.000,9999.000,9999.000
202602160242,   1.843,   3.207,9999.000,9999.000,9999.000,9999.000,9999.000,9999.000,9999.000
202602160248,   1.748,   3.119,9999.000,9999.000,9999.000,9999.000,9999.000,9999.000,9999.000
202602160254,   1.655,   3.007,9999.000,9999.000,9999.000,9999.000,9999.000,9999.000,9999.000
202602160300,   1.562,   2.938,   0.900,   0.476,   2.938,   0.800,   2.838,   1.000,   3.038
202602160306,   1.470,   2.850,9999.000,9999.000,9999.000,9999.000,9999.000,9999.000,9999.000
202602160312,   1.379,   2.778,9999.000,9999.000,9999.000,9999.000,9999.000,9999.000,9999.000
202602160318,   1.290,   2.660,9999.000,9999.000,9999.000,9999.000,9999.000,9999.000,9999.000
202602160324,   1.203,   2.578,9999.000,9999.000,9999.000,9999.000,9999.000,9999.000,9999.000
202602160330,   1.116,   2.499,9999.000,9999.000,9999.000,9999.000,9999.000,9999.000,9999.000
202602160336,   1.032,   4.837,9999.000,9999.000,9999.000,9999.000,9999.000,9999.000,9999.000
202602160342,   0.949,   2.368,9999.000,9999.000,9999.000,9999.000,9999.000,9999.000,9999.000
202602160348,   0.868,   2.289,9999.000,9999.000,9999.000,9999.000,9999.000,9999.000,9999.000
202602160354,   0.790,   2.230,9999.000,9999.000,9999.000,9999.000,9999.000,9999.000,9999.000
202602160400,   0.713,   2.138,   0.900,   0.525,   2.138,   0.800,   2.038,   1.000,   2.238
202602160406,   0.639,   2.099,9999.000,9999.000,9999.000,9999.000,9999.000,9999.000,9999.000
202602160412,   0.568,   2.040,9999.000,9999.000,9999.000,9999.000,9999.000,9999.000,9999.000
202602160418,   0.500,   1.967,9999.000,9999.000,9999.000,9999.000,9999.000,9999.000,9999.000
202602160424,   0.434,   1.928,9999.000,9999.000,9999.000,9999.000,9999.000,9999.000,9999.000
202602160430,   0.372,   2.538,9999.000,9999.000,9999.000,9999.000,9999.000,9999.000,9999.000
202602160436,   0.314,   1.840,9999.000,9999.000,9999.000,9999.000,9999.000,9999.000,9999.000
202602160442,   0.260,   1.790,9999.000,9999.000,9999.000,9999.000,9999.000,9999.000,9999.000
202602160448,   0.209,   1.748,9999.000,9999.000,9999.000,9999.000,9999.000,9999.000,9999.000
202602160454,   0.163,   1.708,9999.000,9999.000,9999.000,9999.000,9999.000,9999.000,9999.000
202602160500,   0.122,   1.669,   0.900,   0.647,   1.669,   0.800,   1.569,   1.000,   1.769
202602160506,   0.086,   1.659,9999.000,9999.000,9999.000,9999.000,9999.000,9999.000,9999.000
202602160512,   0.055,   1.630,9999.000,9999.000,9999.000,9999.000,9999.000,9999.000,9999.000
202602160518,   0.030,   1.620,9999.000,9999.000,9999.000,9999.000,9999.000,9999.000,9999.000
202602160524,   0.011,   1.590,9999.000,9999.000,9999.000,9999.000,9999.000,9999.000,9999.000
202602160530,  -0.002,   1.580,9999.000,9999.000,9999.000,9999.000,9999.000,9999.000,9999.000
202602160536,  -0.009,   1.571,9999.000,9999.000,9999.000,9999.000,9999.000,9999.000,9999.000
202602160542,  -0.009,   1.580,9999.000,9999.000,9999.000,9999.000,9999.000,9999.000,9999.000
202602160548,  -0.003,   1.590,9999.000,9999.000,9999.000,9999.000,9999.000,9999.000,9999.000
202602160554,   0.009,   1.610,9999.000,9999.000,9999.000,9999.000,9999.000,9999.000,9999.000
202602160600,   0.029,   1.639,   0.900,   0.710,   1.639,   0.800,   1.539,   1.000,   1.739
202602160606,   0.055,   1.669,9999.000,9999.000,9999.000,9999.000,9999.000,9999.000,9999.000
202602160612,   0.089,   1.708,9999.000,9999.000,9999.000,9999.000,9999.000,9999.000,9999.000
202602160618,   0.130,   1.728,9999.000,9999.000,9999.000,9999.000,9999.000,9999.000,9999.000
202602160624,   0.177,   1.781,9999.000,9999.000,9999.000,9999.000,9999.000,9999.000,9999.000
202602160630,   0.231,   1.840,9999.000,9999.000,9999.000,9999.000,9999.000,9999.000,9999.000
202602160636,   0.292,   1.899,9999.000,9999.000,9999.000,9999.000,9999.000,9999.000,9999.000
202602160642,   0.360,   1.948,9999.000,9999.000,9999.000,9999.000,9999.000,9999.000,9999.000
202602160648,   0.433,   2.020,9999.000,9999.000,9999.000,9999.000,9999.000,9999.000,9999.000
202602160654,   0.512,   2.069,9999.000,9999.000,9999.000,9999.000,9999.000,9999.000,9999.000
202602160700,   0.598,   2.128,   0.900,   0.630,   2.128,   0.800,   2.028,   1.000,   2.228
202602160706,   0.688,   2.430,9999.000,9999.000,9999.000,9999.000,9999.000,9999.000,9999.000
202602160712,   0.783,   2.289,9999.000,9999.000,9999.000,9999.000,9999.000,9999.000,9999.000
202602160718,   0.883,   2.377,9999.000,9999.000,9999.000,9999.000,9999.000,9999.000,9999.000
202602160724,   0.987,   2.459,9999.000,9999.000,9999.000,9999.000,9999.000,9999.000,9999.000
202602160730,   1.095,   2.568,9999.000,9999.000,9999.000,9999.000,9999.000,9999.000,9999.000
202602160736,   1.206,   2.669,9999.000,9999.000,9999.000,9999.000,9999.000,9999.000,9999.000
202602160742,   1.320,   2.797,9999.000,9999.000,9999.000,9999.000,9999.000,9999.000,9999.000
202602160748,   1.437,   2.929,9999.000,9999.000,9999.000,9999.000,9999.000,9999.000,9999.000
202602160754,   1.555,   3.040,9999.000,9999.000,9999.000,9999.000,9999.000,9999.000,9999.000
202602160800,   1.676,   3.129,   1.000,   0.453,   3.129,   0.800,   2.929,   1.100,   3.229
202602160806,   1.797,   3.250,9999.000,9999.000,9999.000,9999.000,9999.000,9999.000,9999.000
202602160812,   1.919,   3.378,9999.000,9999.000,9999.000,9999.000,9999.000,9999.000,9999.000
202602160818,   2.042,   3.489,9999.000,9999.000,9999.000,9999.000,9999.000,9999.000,9999.000
202602160824,   2.165,   3.588,9999.000,9999.000,9999.000,9999.000,9999.000,9999.000,9999.000
202602160830,   2.288,   3.709,9999.000,9999.000,9999.000,9999.000,9999.000,9999.000,9999.000
202602160836,   2.410,   3.847,9999.000,9999.000,9999.000,9999.000,9999.000,9999.000,9999.000
202602160842,   2.531,   3.978,9999.000,9999.000,9999.000,9999.000,9999.000,9999.000,9999.000
202602160848,   2.651,   4.070,9999.000,9999.000,9999.000,9999.000,9999.000,9999.000,9999.000
202602160854,   2.770,   4.227,9999.000,9999.000,9999.000,9999.000,9999.000,9999.000,9999.000
202602160900,   2.887,   4.319,   1.000,   0.432,   4.319,   0.900,   4.219,   1.100,   4.419
202602160906,   3.002,   4.418,9999.000,9999.000,9999.000,9999.000,9999.000,9999.000,9999.000
202602160912,   3.115,   4.598,9999.000,9999.000,9999.000,9999.000,9999.000,9999.000,9999.000
202602160918,   3.226,   4.710,9999.000,9999.000,9999.000,9999.000,9999.000,9999.000,9999.000
202602160924,   3.335,   4.769,9999.000,9999.000,9999.000,9999.000,9999.000,9999.000,9999.000
202602160930,   3.441,   4.919,9999.000,9999.000,9999.000,9999.000,9999.000,9999.000,9999.000
202602160936,   3.545,   5.057,9999.000,9999.000,9999.000,9999.000,9999.000,9999.000,9999.000
202602160942,   3.646,   5.139,9999.000,9999.000,9999.000,9999.000,9999.000,9999.000,9999.000
202602160948,   3.744,   5.257,9999.000,9999.000,9999.000,9999.000,9999.000,9999.000,9999.000
202602160954,   3.838,   5.389,9999.000,9999.000,9999.000,9999.000,9999.000,9999.000,9999.000
202602161000,   3.930,   5.448,   1.000,   0.518,   5.448,   0.900,   5.348,   1.200,   5.648
202602161006,   4.018,   5.516,9999.000,9999.000,9999.000,9999.000,9999.000,9999.000,9999.000
202602161012,   4.103,   5.608,9999.000,9999.000,9999.000,9999.000,9999.000,9999.000,9999.000
202602161018,   4.185,   5.697,9999.000,9999.000,9999.000,9999.000,9999.000,9999.000,9999.000
202602161024,   4.262,   5.717,9999.000,9999.000,9999.000,9999.000,9999.000,9999.000,9999.000
202602161030,   4.336,   5.818,9999.000,9999.000,9999.000,9999.000,9999.000,9999.000,9999.000
202602161036,   4.405,   5.887,9999.000,9999.000,9999.000,9999.000,9999.000,9999.000,9999.000
202602161042,   4.471,   5.959,9999.000,9999.000,9999.000,9999.000,9999.000,9999.000,9999.000
202602161048,   4.531,   6.018,9999.000,9999.000,9999.000,9999.000,9999.000,9999.000,9999.000
202602161054,   4.588,   6.058,9999.000,9999.000,9999.000,9999.000,9999.000,9999.000,9999.000
202602161100,   4.639,   6.097,   1.000,   0.458,   6.097,   0.900,   5.997,   1.100,   6.197
202602161106,   4.685,   6.136,9999.000,9999.000,9999.000,9999.000,9999.000,9999.000,9999.000
202602161112,   4.726,   6.169,9999.000,9999.000,9999.000,9999.000,9999.000,9999.000,9999.000
202602161118,   4.762,   6.199,9999.000,9999.000,9999.000,9999.000,9999.000,9999.000,9999.000
202602161124,   4.792,   6.189,9999.000,9999.000,9999.000,9999.000,9999.000,9999.000,9999.000
202602161130,   4.816,   6.218,9999.000,9999.000,9999.000,9999.000,9999.000,9999.000,9999.000
202602161136,   4.834,   6.268,9999.000,9999.000,9999.000,9999.000,9999.000,9999.000,9999.000
202602161142,   4.846,   6.248,9999.000,9999.000,9999.000,9999.000,9999.000,9999.000,9999.000
202602161148,   4.852,   6.258,9999.000,9999.000,9999.000,9999.000,9999.000,9999.000,9999.000
202602161154,   4.852,   6.277,9999.000,9999.000,9999.000,9999.000,9999.000,9999.000,9999.000
202602161200,   4.844,   6.258,   1.000,   0.414,   6.258,   0.900,   6.158,   1.100,   6.358
202602161206,   4.831,   6.209,9999.000,9999.000,9999.000,9999.000,9999.000,9999.000,9999.000
202602161212,   4.810,   6.209,9999.000,9999.000,9999.000,9999.000,9999.000,9999.000,9999.000
202602161218,   4.783,   6.209,9999.000,9999.000,9999.000,9999.000,9999.000,9999.000,9999.000
202602161224,   4.750,   6.149,9999.000,9999.000,9999.000,9999.000,9999.000,9999.000,9999.000
202602161230,   4.710,   6.136,9999.000,9999.000,9999.000,9999.000,9999.000,9999.000,9999.000
202602161236,   4.663,   6.117,9999.000,9999.000,9999.000,9999.000,9999.000,9999.000,9999.000
202602161242,   4.611,   6.058,9999.000,9999.000,9999.000,9999.000,9999.000,9999.000,9999.000
202602161248,   4.552,   6.028,9999.000,9999.000,9999.000,9999.000,9999.000,9999.000,9999.000
202602161254,   4.487,   6.028,9999.000,9999.000,9999.000,9999.000,9999.000,9999.000,9999.000
202602161300,   4.416,   5.969,   1.000,   0.553,   5.969,   0.900,   5.869,   1.100,   6.069
202602161306,   4.340,   5.907,9999.000,9999.000,9999.000,9999.000,9999.000,9999.000,9999.000
202602161312,   4.258,   5.867,9999.000,9999.000,9999.000,9999.000,9999.000,9999.000,9999.000
202602161318,   4.172,   5.779,9999.000,9999.000,9999.000,9999.000,9999.000,9999.000,9999.000
202602161324,   4.081,   5.677,9999.000,9999.000,9999.000,9999.000,9999.000,9999.000,9999.000
202602161330,   3.985,   5.608,9999.000,9999.000,9999.000,9999.000,9999.000,9999.000,9999.000
202602161336,   3.886,   5.497,9999.000,9999.000,9999.000,9999.000,9999.000,9999.000,9999.000
202602161342,   3.783,   5.389,9999.000,9999.000,9999.000,9999.000,9999.000,9999.000,9999.000
202602161348,   3.677,   5.287,9999.000,9999.000,9999.000,9999.000,9999.000,9999.000,9999.000
202602161354,   3.568,   5.188,9999.000,9999.000,9999.000,9999.000,9999.000,9999.000,9999.000
202602161400,   3.456,   5.067,   1.000,   0.611,   5.067,   0.900,   4.967,   1.100,   5.167
202602161406,   3.342,   4.939,9999.000,9999.000,9999.000,9999.000,9999.000,9999.000,9999.000
202602161412,   3.226,   4.837,9999.000,9999.000,9999.000,9999.000,9999.000,9999.000,9999.000
202602161418,   3.109,   4.749,9999.000,9999.000,9999.000,9999.000,9999.000,9999.000,9999.000
202602161424,   2.990,   4.628,9999.000,9999.000,9999.000,9999.000,9999.000,9999.000,9999.000
202602161430,   2.871,   4.509,9999.000,9999.000,9999.000,9999.000,9999.000,9999.000,9999.000
202602161436,   2.751,   4.388,9999.000,9999.000,9999.000,9999.000,9999.000,9999.000,9999.000
202602161442,   2.630,   4.267,9999.000,9999.000,9999.000,9999.000,9999.000,9999.000,9999.000
202602161448,   2.509,   4.159,9999.000,9999.000,9999.000,9999.000,9999.000,9999.000,9999.000
202602161454,   2.389,   4.057,9999.000,9999.000,9999.000,9999.000,9999.000,9999.000,9999.000
202602161500,   2.268,   3.949,   1.100,   0.581,   3.949,   1.000,   3.849,   1.200,   4.049
202602161506,   2.148,   3.817,9999.000,9999.000,9999.000,9999.000,9999.000,9999.000,9999.000
202602161512,   2.029,   3.729,9999.000,9999.000,9999.000,9999.000,9999.000,9999.000,9999.000
202602161518,   1.910,   3.660,9999.000,9999.000,9999.000,9999.000,9999.000,9999.000,9999.000
202602161524,   1.793,   3.568,9999.000,9999.000,9999.000,9999.000,9999.000,9999.000,9999.000
202602161530,   1.676,   3.460,9999.000,9999.000,9999.000,9999.000,9999.000,9999.000,9999.000
202602161536,   1.561,   3.339,9999.000,9999.000,9999.000,9999.000,9999.000,9999.000,9999.000
202602161542,   1.447,   3.217,9999.000,9999.000,9999.000,9999.000,9999.000,9999.000,9999.000
202602161548,   1.335,   3.119,9999.000,9999.000,9999.000,9999.000,9999.000,9999.000,9999.000
202602161554,   1.224,   2.968,9999.000,9999.000,9999.000,9999.000,9999.000,9999.000,9999.000
202602161600,   1.115,   2.850,   1.200,   0.535,   2.850,   1.100,   2.750,   1.300,   2.950
202602161606,   1.008,   2.738,9999.000,9999.000,9999.000,9999.000,9999.000,9999.000,9999.000
202602161612,   0.903,   2.620,9999.000,9999.000,9999.000,9999.000,9999.000,9999.000,9999.000
202602161618,   0.800,   2.509,9999.000,9999.000,9999.000,9999.000,9999.000,9999.000,9999.000
202602161624,   0.700,   2.410,9999.000,9999.000,9999.000,9999.000,9999.000,9999.000,9999.000
202602161630,   0.602,   2.309,9999.000,9999.000,9999.000,9999.000,9999.000,9999.000,9999.000
202602161636,   0.507,   2.230,9999.000,9999.000,9999.000,9999.000,9999.000,9999.000,9999.000
202602161642,   0.415,   2.148,9999.000,9999.000,9999.000,9999.000,9999.000,9999.000,9999.000
202602161648,   0.327,   2.069,9999.000,9999.000,9999.000,9999.000,9999.000,9999.000,9999.000
202602161654,   0.242,   1.967,9999.000,9999.000,9999.000,9999.000,9999.000,9999.000,9999.000
202602161700,   0.161,   1.869,   1.200,   0.508,   1.869,   1.100,   1.769,   1.300,   1.969
202602161706,   0.084,   1.790,9999.000,9999.000,9999.000,9999.000,9999.000,9999.000,9999.000
202602161712,   0.012,   1.669,9999.000,9999.000,9999.000,9999.000,9999.000,9999.000,9999.000
202602161718,  -0.054,   1.571,9999.000,9999.000,9999.000,9999.000,9999.000,9999.000,9999.000
202602161724,  -0.117,   1.489,9999.000,9999.000,9999.000,9999.000,9999.000,9999.000,9999.000
202602161730,  -0.174,   1.390,9999.000,9999.000,9999.000,9999.000,9999.000,9999.000,9999.000
202602161736,  -0.225,   1.318,9999.000,9999.000,9999.000,9999.000,9999.000,9999.000,9999.000
202602161742,  -0.271,   1.259,9999.000,9999.000,9999.000,9999.000,9999.000,9999.000,9999.000
202602161748,  -0.310,   1.220,9999.000,9999.000,9999.000,9999.000,9999.000,9999.000,9999.000
202602161754,  -0.342,   1.170,9999.000,9999.000,9999.000,9999.000,9999.000,9999.000,9999.000
202602161800,  -0.368,   1.151,   1.200,   0.319,   1.151,   1.100,   1.051,   1.300,   1.251
202602161806,  -0.387,   1.128,9999.000,9999.000,9999.000,9999.000,9999.000,9999.000,9999.000
202602161812,  -0.398,   1.098,9999.000,9999.000,9999.000,9999.000,9999.000,9999.000,9999.000
202602161818,  -0.402,   1.118,9999.000,9999.000,9999.000,9999.000,9999.000,9999.000,9999.000
202602161824,  -0.399,   1.118,9999.000,9999.000,9999.000,9999.000,9999.000,9999.000,9999.000
202602161830,  -0.388,   1.138,9999.000,9999.000,9999.000,9999.000,9999.000,9999.000,9999.000
202602161836,  -0.370,   1.118,9999.000,9999.000,9999.000,9999.000,9999.000,9999.000,9999.000
202602161842,  -0.343,   1.138,9999.000,9999.000,9999.000,9999.000,9999.000,9999.000,9999.000
202602161848,  -0.310,   1.161,9999.000,9999.000,9999.000,9999.000,9999.000,9999.000,9999.000
202602161854,  -0.269,   1.190,9999.000,9999.000,9999.000,9999.000,9999.000,9999.000,9999.000
202602161900,  -0.220,   1.210,   1.200,   0.230,   1.210,   1.100,   1.110,   1.300,   1.310
202602161906,  -0.165,   1.229,9999.000,9999.000,9999.000,9999.000,9999.000,9999.000,9999.000
202602161912,  -0.102,   1.269,9999.000,9999.000,9999.000,9999.000,9999.000,9999.000,9999.000
202602161918,  -0.033,   1.338,9999.000,9999.000,9999.000,9999.000,9999.000,9999.000,9999.000
202602161924,   0.041,   1.400,9999.000,9999.000,9999.000,9999.000,9999.000,9999.000,9999.000
202602161930,   0.123,   1.459,9999.000,9999.000,9999.000,9999.000,9999.000,9999.000,9999.000
202602161936,   0.210,   1.538,9999.000,9999.000,9999.000,9999.000,9999.000,9999.000,9999.000
202602161942,   0.303,   1.630,9999.000,9999.000,9999.000,9999.000,9999.000,9999.000,9999.000
202602161948,   0.401,   1.728,9999.000,9999.000,9999.000,9999.000,9999.000,9999.000,9999.000
202602161954,   0.503,   1.830,9999.000,9999.000,9999.000,9999.000,9999.000,9999.000,9999.000
202602162000,   0.609,   1.928,   1.200,   0.119,   1.928,   1.100,   1.828,   1.300,   2.028
202602162006,   0.718,   2.040,9999.000,9999.000,9999.000,9999.000,9999.000,9999.000,9999.000
202602162012,   0.831,   2.177,9999.000,9999.000,9999.000,9999.000,9999.000,9999.000,9999.000
202602162018,   0.946,   2.259,9999.000,9999.000,9999.000,9999.000,9999.000,9999.000,9999.000
202602162024,   1.064,   2.387,9999.000,9999.000,9999.000,9999.000,9999.000,9999.000,9999.000
202602162030,   1.183,   2.479,9999.000,9999.000,9999.000,9999.000,9999.000,9999.000,9999.000
202602162036,   1.304,   2.620,9999.000,9999.000,9999.000,9999.000,9999.000,9999.000,9999.000
202602162042,   1.425,   2.728,9999.000,9999.000,9999.000,9999.000,9999.000,9999.000,9999.000
202602162048,   1.547,   2.830,9999.000,9999.000,9999.000,9999.000,9999.000,9999.000,9999.000
202602162054,   1.669,   2.958,9999.000,9999.000,9999.000,9999.000,9999.000,9999.000,9999.000
202602162100,   1.791,   3.089,   1.200,   0.098,   3.089,   1.000,   2.889,   1.500,   3.389
202602162106,   1.912,   3.207,9999.000,9999.000,9999.000,9999.000,9999.000,9999.000,9999.000
202602162112,   2.033,   3.339,9999.000,9999.000,9999.000,9999.000,9999.000,9999.000,9999.000
202602162118,   2.152,   3.450,9999.000,9999.000,9999.000,9999.000,9999.000,9999.000,9999.000
202602162124,   2.269,   3.558,9999.000,9999.000,9999.000,9999.000,9999.000,9999.000,9999.000
202602162130,   2.385,   3.680,9999.000,9999.000,9999.000,9999.000,9999.000,9999.000,9999.000
202602162136,   2.499,   3.808,9999.000,9999.000,9999.000,9999.000,9999.000,9999.000,9999.000
202602162142,   2.610,   3.899,9999.000,9999.000,9999.000,9999.000,9999.000,9999.000,9999.000
202602162148,   2.719,   4.008,9999.000,9999.000,9999.000,9999.000,9999.000,9999.000,9999.000
202602162154,   2.826,   4.129,9999.000,9999.000,9999.000,9999.000,9999.000,9999.000,9999.000
202602162200,   2.930,   4.237,   1.200,   0.107,   4.237,   1.000,   4.037,   1.500,   4.537
202602162206,   3.031,   4.349,9999.000,9999.000,9999.000,9999.000,9999.000,9999.000,9999.000
202602162212,   3.129,   4.447,9999.000,9999.000,9999.000,9999.000,9999.000,9999.000,9999.000
202602162218,   3.223,   4.559,9999.000,9999.000,9999.000,9999.000,9999.000,9999.000,9999.000
202602162224,   3.315,   4.657,9999.000,9999.000,9999.000,9999.000,9999.000,9999.000,9999.000
202602162230,   3.403,   4.729,9999.000,9999.000,9999.000,9999.000,9999.000,9999.000,9999.000
202602162236,   3.487,   4.857,9999.000,9999.000,9999.000,9999.000,9999.000,9999.000,9999.000
202602162242,   3.568,   4.929,9999.000,9999.000,9999.000,9999.000,9999.000,9999.000,9999.000
202602162248,   3.644,   5.008,9999.000,9999.000,9999.000,9999.000,9999.000,9999.000,9999.000
202602162254,   3.717,   5.077,9999.000,9999.000,9999.000,9999.000,9999.000,9999.000,9999.000
202602162300,   3.785,   5.159,   1.200,   0.174,   5.159,   1.000,   4.959,   1.400,   5.359
202602162306,   3.849,   5.228,9999.000,9999.000,9999.000,9999.000,9999.000,9999.000,9999.000
202602162312,   3.909,   5.277,9999.000,9999.000,9999.000,9999.000,9999.000,9999.000,9999.000
202602162318,   3.964,   5.349,9999.000,9999.000,9999.000,9999.000,9999.000,9999.000,9999.000
202602162324,   4.014,   5.389,9999.000,9999.000,9999.000,9999.000,9999.000,9999.000,9999.000
202602162330,   4.059,   5.438,9999.000,9999.000,9999.000,9999.000,9999.000,9999.000,9999.000
202602162336,   4.098,   5.487,9999.000,9999.000,9999.000,9999.000,9999.000,9999.000,9999.000
202602162342,   4.133,   5.539,9999.000,9999.000,9999.000,9999.000,9999.000,9999.000,9999.000
202602162348,   4.162,   5.559,9999.000,9999.000,9999.000,9999.000,9999.000,9999.000,9999.000
202602162354,   4.185,   5.618,9999.000,9999.000,9999.000,9999.000,9999.000,9999.000,9999.000
202602170000,   4.202,   5.638,   1.000,   0.436,   5.638,   0.800,   5.438,   1.200,   5.838
202602170006,   4.213,   5.638,9999.000,9999.000,9999.000,9999.000,9999.000,9999.000,9999.000
202602170012,   4.219,   5.667,9999.000,9999.000,9999.000,9999.000,9999.000,9999.000,9999.000
202602170018,   4.218,   5.657,9999.000,9999.000,9999.000,9999.000,9999.000,9999.000,9999.000
202602170024,   4.210,   5.657,9999.000,9999.000,9999.000,9999.000,9999.000,9999.000,9999.000
202602170030,   4.197,   5.628,9999.000,9999.000,9999.000,9999.000,9999.000,9999.000,9999.000
202602170036,   4.177,   5.598,9999.000,9999.000,9999.000,9999.000,9999.000,9999.000,9999.000
202602170042,   4.151,   5.589,9999.000,9999.000,9999.000,9999.000,9999.000,9999.000,9999.000
202602170048,   4.119,   5.539,9999.000,9999.000,9999.000,9999.000,9999.000,9999.000,9999.000
202602170054,   4.080,   5.497,9999.000,9999.000,9999.000,9999.000,9999.000,9999.000,9999.000
202602170100,   4.036,   5.457,   1.000,   0.421,   5.457,   0.800,   5.257,   1.200,   5.657
202602170106,   3.985,   5.389,9999.000,9999.000,9999.000,9999.000,9999.000,9999.000,9999.000
202602170112,   3.929,   5.339,9999.000,9999.000,9999.000,9999.000,9999.000,9999.000,9999.000
202602170118,   3.867,   5.267,9999.000,9999.000,9999.000,9999.000,9999.000,9999.000,9999.000
202602170124,   3.800,   5.188,9999.000,9999.000,9999.000,9999.000,9999.000,9999.000,9999.000
202602170130,   3.728,   5.097,9999.000,9999.000,9999.000,9999.000,9999.000,9999.000,9999.000
202602170136,   3.650,   5.028,9999.000,9999.000,9999.000,9999.000,9999.000,9999.000,9999.000
202602170142,   3.569,   4.949,9999.000,9999.000,9999.000,9999.000,9999.000,9999.000,9999.000
202602170148,   3.483,   4.847,9999.000,9999.000,9999.000,9999.000,9999.000,9999.000,9999.000
202602170154,   3.394,   4.759,9999.000,9999.000,9999.000,9999.000,9999.000,9999.000,9999.000
202602170200,   3.301,   4.657,   1.000,   0.356,   4.657,   0.800,   4.457,   1.100,   4.757
202602170206,   3.205,   4.559,9999.000,9999.000,9999.000,9999.000,9999.000,9999.000,9999.000
202602170212,   3.106,   4.457,9999.000,9999.000,9999.000,9999.000,9999.000,9999.000,9999.000
202602170218,   3.005,   4.339,9999.000,9999.000,9999.000,9999.000,9999.000,9999.000,9999.000
202602170224,   2.901,   4.218,9999.000,9999.000,9999.000,9999.000,9999.000,9999.000,9999.000
202602170230,   2.796,   4.090,9999.000,9999.000,9999.000,9999.000,9999.000,9999.000,9999.000
202602170236,   2.690,   3.978,9999.000,9999.000,9999.000,9999.000,9999.000,9999.000,9999.000
202602170242,   2.583,   3.860,9999.000,9999.000,9999.000,9999.000,9999.000,9999.000,9999.000
202602170248,   2.475,   3.739,9999.000,9999.000,9999.000,9999.000,9999.000,9999.000,9999.000
202602170254,   2.367,   3.627,9999.000,9999.000,9999.000,9999.000,9999.000,9999.000,9999.000
202602170300,   2.258,   3.519,   0.900,   0.361,   3.519,   0.800,   3.419,   1.000,   3.619
202602170306,   2.150,   3.417,9999.000,9999.000,9999.000,9999.000,9999.000,9999.000,9999.000
202602170312,   2.042,   3.299,9999.000,9999.000,9999.000,9999.000,9999.000,9999.000,9999.000
202602170318,   1.935,   3.188,9999.000,9999.000,9999.000,9999.000,9999.000,9999.000,9999.000
202602170324,   1.828,   3.109,9999.000,9999.000,9999.000,9999.000,9999.000,9999.000,9999.000
202602170330,   1.723,   2.997,9999.000,9999.000,9999.000,9999.000,9999.000,9999.000,9999.000
202602170336,   1.619,   2.889,9999.000,9999.000,9999.000,9999.000,9999.000,9999.000,9999.000
202602170342,   1.516,   2.797,9999.000,9999.000,9999.000,9999.000,9999.000,9999.000,9999.000
202602170348,   1.415,   2.689,9999.000,9999.000,9999.000,9999.000,9999.000,9999.000,9999.000
202602170354,   1.315,   2.597,9999.000,9999.000,9999.000,9999.000,9999.000,9999.000,9999.000
202602170400,   1.217,   2.509,   0.800,   0.492,   2.509,   0.800,   2.509,   0.900,   2.609
202602170406,   1.121,   2.410,9999.000,9999.000,9999.000,9999.000,9999.000,9999.000,9999.000
202602170412,   1.027,   2.299,9999.000,9999.000,9999.000,9999.000,9999.000,9999.000,9999.000
202602170418,   0.934,   2.210,9999.000,9999.000,9999.000,9999.000,9999.000,9999.000,9999.000
202602170424,   0.844,   2.128,9999.000,9999.000,9999.000,9999.000,9999.000,9999.000,9999.000
202602170430,   0.757,   2.040,9999.000,9999.000,9999.000,9999.000,9999.000,9999.000,9999.000
202602170436,   0.671,   1.958,9999.000,9999.000,9999.000,9999.000,9999.000,9999.000,9999.000
202602170442,   0.589,   1.879,9999.000,9999.000,9999.000,9999.000,9999.000,9999.000,9999.000
202602170448,   0.509,   1.800,9999.000,9999.000,9999.000,9999.000,9999.000,9999.000,9999.000
202602170454,   0.432,   1.748,9999.000,9999.000,9999.000,9999.000,9999.000,9999.000,9999.000
202602170500,   0.358,   1.669,   0.800,   0.511,   1.669,   0.700,   1.569,   0.900,   1.769
202602170506,   0.287,   1.610,9999.000,9999.000,9999.000,9999.000,9999.000,9999.000,9999.000
202602170512,   0.220,   1.548,9999.000,9999.000,9999.000,9999.000,9999.000,9999.000,9999.000
202602170518,   0.157,   1.489,9999.000,9999.000,9999.000,9999.000,9999.000,9999.000,9999.000
202602170524,   0.097,   1.420,9999.000,9999.000,9999.000,9999.000,9999.000,9999.000,9999.000
202602170530,   0.042,   1.361,9999.000,9999.000,9999.000,9999.000,9999.000,9999.000,9999.000
202602170536,  -0.007,   1.318,9999.000,9999.000,9999.000,9999.000,9999.000,9999.000,9999.000
202602170542,  -0.053,   1.239,9999.000,9999.000,9999.000,9999.000,9999.000,9999.000,9999.000
202602170548,  -0.093,   1.200,9999.000,9999.000,9999.000,9999.000,9999.000,9999.000,9999.000
202602170554,  -0.129,   1.151,9999.000,9999.000,9999.000,9999.000,9999.000,9999.000,9999.000
202602170600,  -0.158,   1.098,   0.800,   0.456,   1.098,   0.700,   0.998,   0.900,   1.198
202602170606,  -0.181,   1.059,9999.000,9999.000,9999.000,9999.000,9999.000,9999.000,9999.000
202602170612,  -0.199,   1.049,9999.000,9999.000,9999.000,9999.000,9999.000,9999.000,9999.000
202602170618,  -0.209,   1.039,9999.000,9999.000,9999.000,9999.000,9999.000,9999.000,9999.000
202602170624,  -0.213,   1.020,9999.000,9999.000,9999.000,9999.000,9999.000,9999.000,9999.000
202602170630,  -0.210,   1.039,9999.000,9999.000,9999.000,9999.000,9999.000,9999.000,9999.000
202602170636,  -0.200,   1.029,9999.000,9999.000,9999.000,9999.000,9999.000,9999.000,9999.000
202602170642,  -0.182,   1.039,9999.000,9999.000,9999.000,9999.000,9999.000,9999.000,9999.000
202602170648,  -0.157,   1.069,9999.000,9999.000,9999.000,9999.000,9999.000,9999.000,9999.000
202602170654,  -0.125,   1.088,9999.000,9999.000,9999.000,9999.000,9999.000,9999.000,9999.000
202602170700,  -0.085,   1.108,   0.800,   0.393,   1.108,   0.700,   1.008,   0.900,   1.208
202602170706,  -0.037,   1.118,9999.000,9999.000,9999.000,9999.000,9999.000,9999.000,9999.000
202602170712,   0.017,   1.161,9999.000,9999.000,9999.000,9999.000,9999.000,9999.000,9999.000
202602170718,   0.079,   1.210,9999.000,9999.000,9999.000,9999.000,9999.000,9999.000,9999.000
202602170724,   0.149,   1.229,9999.000,9999.000,9999.000,9999.000,9999.000,9999.000,9999.000
202602170730,   0.225,   1.308,9999.000,9999.000,9999.000,9999.000,9999.000,9999.000,9999.000
202602170736,   0.309,   1.361,9999.000,9999.000,9999.000,9999.000,9999.000,9999.000,9999.000
202602170742,   0.399,   1.439,9999.000,9999.000,9999.000,9999.000,9999.000,9999.000,9999.000
202602170748,   0.495,   1.528,9999.000,9999.000,9999.000,9999.000,9999.000,9999.000,9999.000
202602170754,   0.597,   1.649,9999.000,9999.000,9999.000,9999.000,9999.000,9999.000,9999.000
202602170800,   0.705,   1.718,   0.900,   0.113,   1.718,   0.800,   1.618,   0.900,   1.718
202602170806,   0.818,   1.869,9999.000,9999.000,9999.000,9999.000,9999.000,9999.000,9999.000
202602170812,   0.935,   2.000,9999.000,9999.000,9999.000,9999.000,9999.000,9999.000,9999.000
202602170818,   1.057,   2.099,9999.000,9999.000,9999.000,9999.000,9999.000,9999.000,9999.000
202602170824,   1.182,   2.269,9999.000,9999.000,9999.000,9999.000,9999.000,9999.000,9999.000
202602170830,   1.311,   2.309,9999.000,9999.000,9999.000,9999.000,9999.000,9999.000,9999.000
202602170836,   1.442,   2.519,9999.000,9999.000,9999.000,9999.000,9999.000,9999.000,9999.000
202602170842,   1.576,   2.660,9999.000,9999.000,9999.000,9999.000,9999.000,9999.000,9999.000
202602170848,   1.711,   2.748,9999.000,9999.000,9999.000,9999.000,9999.000,9999.000,9999.000
202602170854,   1.848,   2.938,9999.000,9999.000,9999.000,9999.000,9999.000,9999.000,9999.000
202602170900,   1.985,   3.070,   0.900,   0.185,   3.070,   0.800,   2.970,   0.900,   3.070
202602170906,   2.123,   3.188,9999.000,9999.000,9999.000,9999.000,9999.000,9999.000,9999.000
202602170912,   2.260,   3.339,9999.000,9999.000,9999.000,9999.000,9999.000,9999.000,9999.000
202602170918,   2.397,   3.529,9999.000,9999.000,9999.000,9999.000,9999.000,9999.000,9999.000
202602170924,   2.533,   3.670,9999.000,9999.000,9999.000,9999.000,9999.000,9999.000,9999.000
202602170930,   2.668,   3.827,9999.000,9999.000,9999.000,9999.000,9999.000,9999.000,9999.000
202602170936,   2.801,   3.958,9999.000,9999.000,9999.000,9999.000,9999.000,9999.000,9999.000
202602170942,   2.932,   4.119,9999.000,9999.000,9999.000,9999.000,9999.000,9999.000,9999.000
202602170948,   3.061,   4.267,9999.000,9999.000,9999.000,9999.000,9999.000,9999.000,9999.000
202602170954,   3.187,   4.398,9999.000,9999.000,9999.000,9999.000,9999.000,9999.000,9999.000
202602171000,   3.311,   4.539,   0.800,   0.428,   4.539,   0.800,   4.539,   0.900,   4.639
202602171006,   3.431,   4.637,9999.000,9999.000,9999.000,9999.000,9999.000,9999.000,9999.000
202602171012,   3.548,   4.778,9999.000,9999.000,9999.000,9999.000,9999.000,9999.000,9999.000
202602171018,   3.661,   4.910,9999.000,9999.000,9999.000,9999.000,9999.000,9999.000,9999.000
202602171024,   3.771,   5.028,9999.000,9999.000,9999.000,9999.000,9999.000,9999.000,9999.000
202602171030,   3.877,   5.120,9999.000,9999.000,9999.000,9999.000,9999.000,9999.000,9999.000
202602171036,   3.979,   5.247,9999.000,9999.000,9999.000,9999.000,9999.000,9999.000,9999.000
202602171042,   4.077,   5.320,9999.000,9999.000,9999.000,9999.000,9999.000,9999.000,9999.000
202602171048,   4.171,   5.438,9999.000,9999.000,9999.000,9999.000,9999.000,9999.000,9999.000
202602171054,   4.261,   5.530,9999.000,9999.000,9999.000,9999.000,9999.000,9999.000,9999.000
202602171100,   4.345,   5.589,   0.800,   0.444,   5.589,   0.700,   5.489,   0.900,   5.689
202602171106,   4.426,   5.687,9999.000,9999.000,9999.000,9999.000,9999.000,9999.000,9999.000
202602171112,   4.501,   5.769,9999.000,9999.000,9999.000,9999.000,9999.000,9999.000,9999.000
202602171118,   4.572,   5.818,9999.000,9999.000,9999.000,9999.000,9999.000,9999.000,9999.000
202602171124,   4.638,   5.867,9999.000,9999.000,9999.000,9999.000,9999.000,9999.000,9999.000
202602171130,   4.698,   5.959,9999.000,9999.000,9999.000,9999.000,9999.000,9999.000,9999.000
202602171136,   4.754,   5.999,9999.000,9999.000,9999.000,9999.000,9999.000,9999.000,9999.000
202602171142,   4.804,   6.058,9999.000,9999.000,9999.000,9999.000,9999.000,9999.000,9999.000
202602171148,   4.848,   6.067,9999.000,9999.000,9999.000,9999.000,9999.000,9999.000,9999.000
202602171154,   4.886,   6.107,9999.000,9999.000,9999.000,9999.000,9999.000,9999.000,9999.000
202602171200,   4.919,   6.169,   0.800,   0.450,   6.169,   0.700,   6.069,   0.800,   6.169
202602171206,   4.946,   6.169,9999.000,9999.000,9999.000,9999.000,9999.000,9999.000,9999.000
202602171212,   4.966,   6.199,9999.000,9999.000,9999.000,9999.000,9999.000,9999.000,9999.000
202602171218,   4.981,   6.209,9999.000,9999.000,9999.000,9999.000,9999.000,9999.000,9999.000
202602171224,   4.988,   6.248,9999.000,9999.000,9999.000,9999.000,9999.000,9999.000,9999.000
202602171230,   4.990,   6.218,9999.000,9999.000,9999.000,9999.000,9999.000,9999.000,9999.000
202602171236,   4.984,   6.228,9999.000,9999.000,9999.000,9999.000,9999.000,9999.000,9999.000
202602171242,   4.972,   6.218,9999.000,9999.000,9999.000,9999.000,9999.000,9999.000,9999.000
202602171248,   4.953,   6.209,9999.000,9999.000,9999.000,9999.000,9999.000,9999.000,9999.000
202602171254,   4.928,   6.179,9999.000,9999.000,9999.000,9999.000,9999.000,9999.000,9999.000
202602171300,   4.895,   6.159,   0.700,   0.564,   6.159,   0.700,   6.159,   0.800,   6.259
202602171306,   4.856,   6.136,9999.000,9999.000,9999.000,9999.000,9999.000,9999.000,9999.000
202602171312,   4.810,   6.067,9999.000,9999.000,9999.000,9999.000,9999.000,9999.000,9999.000
202602171318,   4.757,   6.058,9999.000,9999.000,9999.000,9999.000,9999.000,9999.000,9999.000
202602171324,   4.698,   5.989,9999.000,9999.000,9999.000,9999.000,9999.000,9999.000,9999.000
202602171330,   4.632,   5.940,9999.000,9999.000,9999.000,9999.000,9999.000,9999.000,9999.000
202602171336,   4.561,   5.877,9999.000,9999.000,9999.000,9999.000,9999.000,9999.000,9999.000
202602171342,   4.483,   5.799,9999.000,9999.000,9999.000,9999.000,9999.000,9999.000,9999.000
202602171348,   4.399,   5.707,9999.000,9999.000,9999.000,9999.000,9999.000,9999.000,9999.000
202602171354,   4.310,   5.618,9999.000,9999.000,9999.000,9999.000,9999.000,9999.000,9999.000
202602171400,   4.216,   5.507,   0.700,   0.591,   5.507,   0.700,   5.507,   0.800,   5.607
202602171406,   4.117,   5.438,9999.000,9999.000,9999.000,9999.000,9999.000,9999.000,9999.000
202602171412,   4.013,   5.307,9999.000,9999.000,9999.000,9999.000,9999.000,9999.000,9999.000
202602171418,   3.905,   5.228,9999.000,9999.000,9999.000,9999.000,9999.000,9999.000,9999.000
202602171424,   3.793,   5.129,9999.000,9999.000,9999.000,9999.000,9999.000,9999.000,9999.000
202602171430,   3.678,   5.028,9999.000,9999.000,9999.000,9999.000,9999.000,9999.000,9999.000
202602171436,   3.560,   4.919,9999.000,9999.000,9999.000,9999.000,9999.000,9999.000,9999.000
202602171442,   3.439,   4.818,9999.000,9999.000,9999.000,9999.000,9999.000,9999.000,9999.000
202602171448,   3.316,   4.690,9999.000,9999.000,9999.000,9999.000,9999.000,9999.000,9999.000
202602171454,   3.190,   4.559,9999.000,9999.000,9999.000,9999.000,9999.000,9999.000,9999.000
202602171500,   3.064,   4.427,   0.700,   0.663,   4.427,   0.700,   4.427,   0.800,   4.527
202602171506,   2.936,   4.309,9999.000,9999.000,9999.000,9999.000,9999.000,9999.000,9999.000
202602171512,   2.807,   4.188,9999.000,9999.000,9999.000,9999.000,9999.000,9999.000,9999.000
202602171518,   2.677,   4.070,9999.000,9999.000,9999.000,9999.000,9999.000,9999.000,9999.000
202602171524,   2.547,   3.929,9999.000,9999.000,9999.000,9999.000,9999.000,9999.000,9999.000
202602171530,   2.418,   3.817,9999.000,9999.000,9999.000,9999.000,9999.000,9999.000,9999.000
202602171536,   2.288,   3.689,9999.000,9999.000,9999.000,9999.000,9999.000,9999.000,9999.000
202602171542,   2.160,   3.558,9999.000,9999.000,9999.000,9999.000,9999.000,9999.000,9999.000
202602171548,   2.032,   3.407,9999.000,9999.000,9999.000,9999.000,9999.000,9999.000,9999.000
202602171554,   1.905,   3.299,9999.000,9999.000,9999.000,9999.000,9999.000,9999.000,9999.000
202602171600,   1.779,   3.178,   0.700,   0.699,   3.178,   0.600,   3.078,   0.700,   3.178
202602171606,   1.654,   3.050,9999.000,9999.000,9999.000,9999.000,9999.000,9999.000,9999.000
202602171612,   1.532,   2.919,9999.000,9999.000,9999.000,9999.000,9999.000,9999.000,9999.000
202602171618,   1.410,   2.807,9999.000,9999.000,9999.000,9999.000,9999.000,9999.000,9999.000
202602171624,   1.291,   2.689,9999.000,9999.000,9999.000,9999.000,9999.000,9999.000,9999.000
202602171630,   1.173,   2.558,9999.000,9999.000,9999.000,9999.000,9999.000,9999.000,9999.000
202602171636,   1.058,   2.440,9999.000,9999.000,9999.000,9999.000,9999.000,9999.000,9999.000
202602171642,   0.945,   2.338,9999.000,9999.000,9999.000,9999.000,9999.000,9999.000,9999.000
202602171648,   0.834,   2.191,9999.000,9999.000,9999.000,9999.000,9999.000,9999.000,9999.000
202602171654,   0.726,   2.079,9999.000,9999.000,9999.000,9999.000,9999.000,9999.000,9999.000
202602171700,   0.620,   1.981,   0.700,   0.661,   1.981,   0.600,   1.881,   0.700,   1.981
202602171706,   0.517,   1.879,9999.000,9999.000,9999.000,9999.000,9999.000,9999.000,9999.000
202602171712,   0.417,   1.718,9999.000,9999.000,9999.000,9999.000,9999.000,9999.000,9999.000
202602171718,   0.321,   1.620,9999.000,9999.000,9999.000,9999.000,9999.000,9999.000,9999.000
202602171724,   0.227,   1.518,9999.000,9999.000,9999.000,9999.000,9999.000,9999.000,9999.000
202602171730,   0.138,   1.390,9999.000,9999.000,9999.000,9999.000,9999.000,9999.000,9999.000
202602171736,   0.052,   1.308,9999.000,9999.000,9999.000,9999.000,9999.000,9999.000,9999.000
202602171742,  -0.029,   1.210,9999.000,9999.000,9999.000,9999.000,9999.000,9999.000,9999.000
202602171748,  -0.106,   1.151,9999.000,9999.000,9999.000,9999.000,9999.000,9999.000,9999.000
202602171754,  -0.179,   1.039,9999.000,9999.000,9999.000,9999.000,9999.000,9999.000,9999.000
202602171800,  -0.246,   0.961,   0.600,   0.607,   0.961,   0.600,   0.961,   0.700,   1.061
202602171806,  -0.309,   0.859,9999.000,9999.000,9999.000,9999.000,9999.000,9999.000,9999.000
202602171812,  -0.366,   0.770,9999.000,9999.000,9999.000,9999.000,9999.000,9999.000,9999.000
202602171818,  -0.416,   0.698,9999.000,9999.000,9999.000,9999.000,9999.000,9999.000,9999.000
202602171824,  -0.461,   0.639,9999.000,9999.000,9999.000,9999.000,9999.000,9999.000,9999.000
202602171830,  -0.499,   0.560,9999.000,9999.000,9999.000,9999.000,9999.000,9999.000,9999.000
202602171836,  -0.530,   0.580,9999.000,9999.000,9999.000,9999.000,9999.000,9999.000,9999.000
202602171842,  -0.554,   0.518,9999.000,9999.000,9999.000,9999.000,9999.000,9999.000,9999.000
202602171848,  -0.571,   0.488,9999.000,9999.000,9999.000,9999.000,9999.000,9999.000,9999.000
202602171854,  -0.580,   0.439,9999.000,9999.000,9999.000,9999.000,9999.000,9999.000,9999.000
202602171900,  -0.582,   0.469,   0.600,   0.451,   0.469,   0.600,   0.469,   0.700,   0.569
202602171906,  -0.575,   0.478,9999.000,9999.000,9999.000,9999.000,9999.000,9999.000,9999.000
202602171912,  -0.561,   0.449,9999.000,9999.000,9999.000,9999.000,9999.000,9999.000,9999.000
202602171918,  -0.538,   0.429,9999.000,9999.000,9999.000,9999.000,9999.000,9999.000,9999.000
202602171924,  -0.507,   0.439,9999.000,9999.000,9999.000,9999.000,9999.000,9999.000,9999.000
202602171930,  -0.467,   0.449,9999.000,9999.000,9999.000,9999.000,9999.000,9999.000,9999.000
202602171936,  -0.420,   0.459,9999.000,9999.000,9999.000,9999.000,9999.000,9999.000,9999.000
202602171942,  -0.365,   0.498,9999.000,9999.000,9999.000,9999.000,9999.000,9999.000,9999.000
202602171948,  -0.301,   0.541,9999.000,9999.000,9999.000,9999.000,9999.000,9999.000,9999.000
202602171954,  -0.230,   0.560,9999.000,9999.000,9999.000,9999.000,9999.000,9999.000,9999.000
202602172000,  -0.151,   0.678,   0.600,   0.229,   0.678,   0.600,   0.678,   0.600,   0.678
202602172006,  -0.066,   0.751,9999.000,9999.000,9999.000,9999.000,9999.000,9999.000,9999.000
202602172012,   0.026,   0.839,9999.000,9999.000,9999.000,9999.000,9999.000,9999.000,9999.000
202602172018,   0.125,   0.980,9999.000,9999.000,9999.000,9999.000,9999.000,9999.000,9999.000
202602172024,   0.230,   1.049,9999.000,9999.000,9999.000,9999.000,9999.000,9999.000,9999.000
202602172030,   0.341,   1.200,9999.000,9999.000,9999.000,9999.000,9999.000,9999.000,9999.000
202602172036,   0.457,   1.289,9999.000,9999.000,9999.000,9999.000,9999.000,9999.000,9999.000
202602172042,   0.578,   1.430,9999.000,9999.000,9999.000,9999.000,9999.000,9999.000,9999.000
202602172048,   0.702,   1.557,9999.000,9999.000,9999.000,9999.000,9999.000,9999.000,9999.000
202602172054,   0.830,   1.659,9999.000,9999.000,9999.000,9999.000,9999.000,9999.000,9999.000
202602172100,   0.962,   1.820,   0.600,   0.258,   1.820,   0.500,   1.720,   0.600,   1.820
202602172106,   1.096,   1.938,9999.000,9999.000,9999.000,9999.000,9999.000,9999.000,9999.000
202602172112,   1.231,   2.049,9999.000,9999.000,9999.000,9999.000,9999.000,9999.000,9999.000
202602172118,   1.369,   2.191,9999.000,9999.000,9999.000,9999.000,9999.000,9999.000,9999.000
202602172124,   1.507,   2.358,9999.000,9999.000,9999.000,9999.000,9999.000,9999.000,9999.000
202602172130,   1.645,   2.459,9999.000,9999.000,9999.000,9999.000,9999.000,9999.000,9999.000
202602172136,   1.783,   2.597,9999.000,9999.000,9999.000,9999.000,9999.000,9999.000,9999.000
202602172142,   1.921,   2.748,9999.000,9999.000,9999.000,9999.000,9999.000,9999.000,9999.000
202602172148,   2.058,   2.889,9999.000,9999.000,9999.000,9999.000,9999.000,9999.000,9999.000
202602172154,   2.193,   3.040,9999.000,9999.000,9999.000,9999.000,9999.000,9999.000,9999.000
202602172200,   2.327,   3.158,   0.600,   0.231,   3.158,   0.500,   3.058,   0.600,   3.158
202602172206,   2.458,   3.309,9999.000,9999.000,9999.000,9999.000,9999.000,9999.000,9999.000
202602172212,   2.587,   3.440,9999.000,9999.000,9999.000,9999.000,9999.000,9999.000,9999.000
202602172218,   2.713,   3.568,9999.000,9999.000,9999.000,9999.000,9999.000,9999.000,9999.000
202602172224,   2.836,   3.680,9999.000,9999.000,9999.000,9999.000,9999.000,9999.000,9999.000
202602172230,   2.955,   3.827,9999.000,9999.000,9999.000,9999.000,9999.000,9999.000,9999.000
202602172236,   3.071,   3.939,9999.000,9999.000,9999.000,9999.000,9999.000,9999.000,9999.000
202602172242,   3.184,   4.057,9999.000,9999.000,9999.000,9999.000,9999.000,9999.000,9999.000
202602172248,   3.292,   4.178,9999.000,9999.000,9999.000,9999.000,9999.000,9999.000,9999.000
202602172254,   3.396,   4.309,9999.000,9999.000,9999.000,9999.000,9999.000,9999.000,9999.000
202602172300,   3.496,   4.388,   0.600,   0.292,   4.388,   0.500,   4.288,   0.600,   4.388
202602172306,   3.592,   4.509,9999.000,9999.000,9999.000,9999.000,9999.000,9999.000,9999.000
202602172312,   3.683,   4.618,9999.000,9999.000,9999.000,9999.000,9999.000,9999.000,9999.000
202602172318,   3.770,   4.729,9999.000,9999.000,9999.000,9999.000,9999.000,9999.000,9999.000
202602172324,   3.852,   4.828,9999.000,9999.000,9999.000,9999.000,9999.000,9999.000,9999.000
202602172330,   3.930,   4.900,9999.000,9999.000,9999.000,9999.000,9999.000,9999.000,9999.000
202602172336,   4.002,   5.008,9999.000,9999.000,9999.000,9999.000,9999.000,9999.000,9999.000
202602172342,   4.070,   5.087,9999.000,9999.000,9999.000,9999.000,9999.000,9999.000,9999.000
202602172348,   4.132,   5.159,9999.000,9999.000,9999.000,9999.000,9999.000,9999.000,9999.000
202602172354,   4.190,   5.595,9999.000,9999.000,9999.000,9999.000,9999.000,9999.000,9999.000
202602180000,   4.242,   5.320,   0.600,   0.478,   5.320,   0.600,   5.320,   0.600,   5.320
202602180006,   4.288,   5.398,9999.000,9999.000,9999.000,9999.000,9999.000,9999.000,9999.000
202602180012,   4.330,   5.457,9999.000,9999.000,9999.000,9999.000,9999.000,9999.000,9999.000
202602180018,   4.365,   5.516,9999.000,9999.000,9999.000,9999.000,9999.000,9999.000,9999.000
202602180024,   4.395,   5.549,9999.000,9999.000,9999.000,9999.000,9999.000,9999.000,9999.000
202602180030,   4.419,   5.598,9999.000,9999.000,9999.000,9999.000,9999.000,9999.000,9999.000
202602180036,   4.437,   5.618,9999.000,9999.000,9999.000,9999.000,9999.000,9999.000,9999.000
202602180042,   4.449,   5.598,9999.000,9999.000,9999.000,9999.000,9999.000,9999.000,9999.000
202602180048,   4.455,   5.618,9999.000,9999.000,9999.000,9999.000,9999.000,9999.000,9999.000
202602180054,   4.455,   5.628,9999.000,9999.000,9999.000,9999.000,9999.000,9999.000,9999.000
202602180100,   4.448,   5.618,   0.600,   0.570,   5.618,   0.600,   5.618,   0.700,   5.718
202602180106,   4.435,   5.589,9999.000,9999.000,9999.000,9999.000,9999.000,9999.000,9999.000
202602180112,   4.416,   5.579,9999.000,9999.000,9999.000,9999.000,9999.000,9999.000,9999.000
202602180118,   4.390,   5.539,9999.000,9999.000,9999.000,9999.000,9999.000,9999.000,9999.000
202602180124,   4.358,   5.516,9999.000,9999.000,9999.000,9999.000,9999.000,9999.000,9999.000
202602180130,   4.319,   5.467,9999.000,9999.000,9999.000,9999.000,9999.000,9999.000,9999.000
202602180136,   4.274,   5.428,9999.000,9999.000,9999.000,9999.000,9999.000,9999.000,9999.000
202602180142,   4.223,   5.359,9999.000,9999.000,9999.000,9999.000,9999.000,9999.000,9999.000
202602180148,   4.166,   5.307,9999.000,9999.000,9999.000,9999.000,9999.000,9999.000,9999.000
202602180154,   4.103,   5.228,9999.000,9999.000,9999.000,9999.000,9999.000,9999.000,9999.000
202602180200,   4.034,   5.139,   0.600,   0.505,   5.139,   0.600,   5.139,   0.700,   5.239
202602180206,   3.960,   5.057,9999.000,9999.000,9999.000,9999.000,9999.000,9999.000,9999.000
202602180212,   3.881,   4.969,9999.000,9999.000,9999.000,9999.000,9999.000,9999.000,9999.000
202602180218,   3.796,   4.857,9999.000,9999.000,9999.000,9999.000,9999.000,9999.000,9999.000
202602180224,   3.707,   4.749,9999.000,9999.000,9999.000,9999.000,9999.000,9999.000,9999.000
202602180230,   3.613,   4.647,9999.000,9999.000,9999.000,9999.000,9999.000,9999.000,9999.000
202602180236,   3.516,   4.539,9999.000,9999.000,9999.000,9999.000,9999.000,9999.000,9999.000
202602180242,   3.415,   4.398,9999.000,9999.000,9999.000,9999.000,9999.000,9999.000,9999.000
202602180248,   3.310,   4.290,9999.000,9999.000,9999.000,9999.000,9999.000,9999.000,9999.000
202602180254,   3.203,   4.159,9999.000,9999.000,9999.000,9999.000,9999.000,9999.000,9999.000
202602180300,   3.093,   4.017,   0.700,   0.224,   4.017,   0.600,   3.917,   0.700,   4.017
202602180306,   2.980,   3.870,9999.000,9999.000,9999.000,9999.000,9999.000,9999.000,9999.000
202602180312,   2.867,   3.739,9999.000,9999.000,9999.000,9999.000,9999.000,9999.000,9999.000
202602180318,   2.751,   3.539,9999.000,9999.000,9999.000,9999.000,9999.000,9999.000,9999.000
202602180324,   2.635,   3.440,9999.000,9999.000,9999.000,9999.000,9999.000,9999.000,9999.000
202602180330,   2.518,   3.289,9999.000,9999.000,9999.000,9999.000,9999.000,9999.000,9999.000
202602180336,   2.400,   3.158,9999.000,9999.000,9999.000,9999.000,9999.000,9999.000,9999.000
202602180342,   2.283,   3.040,9999.000,9999.000,9999.000,9999.000,9999.000,9999.000,9999.000
202602180348,   2.165,   2.938,9999.000,9999.000,9999.000,9999.000,9999.000,9999.000,9999.000
202602180354,   2.049,   2.820,9999.000,9999.000,9999.000,9999.000,9999.000,9999.000,9999.000
202602180400,   1.933,   2.748,   0.700,   0.115,   2.748,   0.600,   2.648,   0.700,   2.748
202602180406,   1.818,   2.630,9999.000,9999.000,9999.000,9999.000,9999.000,9999.000,9999.000
202602180412,   1.704,   2.519,9999.000,9999.000,9999.000,9999.000,9999.000,9999.000,9999.000
202602180418,   1.591,   2.420,9999.000,9999.000,9999.000,9999.000,9999.000,9999.000,9999.000
202602180424,   1.481,   2.328,9999.000,9999.000,9999.000,9999.000,9999.000,9999.000,9999.000
202602180430,   1.372,   2.220,9999.000,9999.000,9999.000,9999.000,9999.000,9999.000,9999.000
202602180436,   1.265,   2.109,9999.000,9999.000,9999.000,9999.000,9999.000,9999.000,9999.000
202602180442,   1.159,   2.010,9999.000,9999.000,9999.000,9999.000,9999.000,9999.000,9999.000
202602180448,   1.056,   1.928,9999.000,9999.000,9999.000,9999.000,9999.000,9999.000,9999.000
202602180454,   0.956,   1.840,9999.000,9999.000,9999.000,9999.000,9999.000,9999.000,9999.000
202602180500,   0.857,   1.748,   0.700,   0.191,   1.748,   0.600,   1.648,   0.700,   1.748
202602180506,   0.761,   1.659,9999.000,9999.000,9999.000,9999.000,9999.000,9999.000,9999.000
202602180512,   0.668,   1.590,9999.000,9999.000,9999.000,9999.000,9999.000,9999.000,9999.000
202602180518,   0.577,   1.508,9999.000,9999.000,9999.000,9999.000,9999.000,9999.000,9999.000
202602180524,   0.489,   1.430,9999.000,9999.000,9999.000,9999.000,9999.000,9999.000,9999.000
202602180530,   0.404,   1.361,9999.000,9999.000,9999.000,9999.000,9999.000,9999.000,9999.000
202602180536,   0.323,   1.289,9999.000,9999.000,9999.000,9999.000,9999.000,9999.000,9999.000
202602180542,   0.244,   1.220,9999.000,9999.000,9999.000,9999.000,9999.000,9999.000,9999.000
202602180548,   0.169,   1.108,9999.000,9999.000,9999.000,9999.000,9999.000,9999.000,9999.000
202602180554,   0.098,   1.079,9999.000,9999.000,9999.000,9999.000,9999.000,9999.000,9999.000
202602180600,   0.030,   1.020,   0.700,   0.290,   1.020,   0.700,   1.020,   0.700,   1.020
202602180606,  -0.032,   0.970,9999.000,9999.000,9999.000,9999.000,9999.000,9999.000,9999.000
202602180612,  -0.091,   0.898,9999.000,9999.000,9999.000,9999.000,9999.000,9999.000,9999.000
202602180618,  -0.146,   0.849,9999.000,9999.000,9999.000,9999.000,9999.000,9999.000,9999.000
202602180624,  -0.195,   0.819,9999.000,9999.000,9999.000,9999.000,9999.000,9999.000,9999.000
202602180630,  -0.239,   0.790,9999.000,9999.000,9999.000,9999.000,9999.000,9999.000,9999.000
202602180636,  -0.277,   0.751,9999.000,9999.000,9999.000,9999.000,9999.000,9999.000,9999.000
202602180642,  -0.310,   0.731,9999.000,9999.000,9999.000,9999.000,9999.000,9999.000,9999.000
202602180648,  -0.336,   0.718,9999.000,9999.000,9999.000,9999.000,9999.000,9999.000,9999.000
202602180654,  -0.356,   0.708,9999.000,9999.000,9999.000,9999.000,9999.000,9999.000,9999.000
202602180700,  -0.369,   0.669,   0.700,   0.338,   0.669,   0.700,   0.669,   0.800,   0.769
202602180706,  -0.376,   0.649,9999.000,9999.000,9999.000,9999.000,9999.000,9999.000,9999.000
202602180712,  -0.374,   0.659,9999.000,9999.000,9999.000,9999.000,9999.000,9999.000,9999.000
202602180718,  -0.366,   0.649,9999.000,9999.000,9999.000,9999.000,9999.000,9999.000,9999.000
202602180724,  -0.349,   0.688,9999.000,9999.000,9999.000,9999.000,9999.000,9999.000,9999.000
202602180730,  -0.325,   0.669,9999.000,9999.000,9999.000,9999.000,9999.000,9999.000,9999.000
202602180736,  -0.293,   0.688,9999.000,9999.000,9999.000,9999.000,9999.000,9999.000,9999.000
202602180742,  -0.253,   0.731,9999.000,9999.000,9999.000,9999.000,9999.000,9999.000,9999.000
202602180748,  -0.204,   0.770,9999.000,9999.000,9999.000,9999.000,9999.000,9999.000,9999.000
202602180754,  -0.148,   0.849,9999.000,9999.000,9999.000,9999.000,9999.000,9999.000,9999.000
202602180800,  -0.083,   0.888,   0.700,   0.271,   0.888,   0.700,   0.888,   0.800,   0.988
202602180806,  -0.011,   0.951,9999.000,9999.000,9999.000,9999.000,9999.000,9999.000,9999.000
202602180812,   0.068,   1.000,9999.000,9999.000,9999.000,9999.000,9999.000,9999.000,9999.000
202602180818,   0.156,   1.108,9999.000,9999.000,9999.000,9999.000,9999.000,9999.000,9999.000
202602180824,   0.251,   1.190,9999.000,9999.000,9999.000,9999.000,9999.000,9999.000,9999.000
202602180830,   0.353,   1.239,9999.000,9999.000,9999.000,9999.000,9999.000,9999.000,9999.000
202602180836,   0.461,   1.348,9999.000,9999.000,9999.000,9999.000,9999.000,9999.000,9999.000
202602180842,   0.576,   1.449,9999.000,9999.000,9999.000,9999.000,9999.000,9999.000,9999.000
202602180848,   0.696,   1.518,9999.000,9999.000,9999.000,9999.000,9999.000,9999.000,9999.000
202602180854,   0.822,   1.669,9999.000,9999.000,9999.000,9999.000,9999.000,9999.000,9999.000
202602180900,   0.953,   1.810,   0.700,   0.157,   1.810,   0.700,   1.810,   0.800,   1.910
202602180906,   1.087,   1.958,9999.000,9999.000,9999.000,9999.000,9999.000,9999.000,9999.000
202602180912,   1.226,   2.109,9999.000,9999.000,9999.000,9999.000,9999.000,9999.000,9999.000
202602180918,   1.367,   2.250,9999.000,9999.000,9999.000,9999.000,9999.000,9999.000,9999.000
202602180924,   1.511,   2.387,9999.000,9999.000,9999.000,9999.000,9999.000,9999.000,9999.000
202602180930,   1.657,   2.548,9999.000,9999.000,9999.000,9999.000,9999.000,9999.000,9999.000
202602180936,   1.804,   2.689,9999.000,9999.000,9999.000,9999.000,9999.000,9999.000,9999.000
202602180942,   1.953,   2.840,9999.000,9999.000,9999.000,9999.000,9999.000,9999.000,9999.000
202602180948,   2.101,   2.997,9999.000,9999.000,9999.000,9999.000,9999.000,9999.000,9999.000
202602180954,   2.249,   3.129,9999.000,9999.000,9999.000,9999.000,9999.000,9999.000,9999.000
202602181000,   2.397,   3.309,   0.700,   0.212,   3.309,   0.700,   3.309,   0.800,   3.409
202602181006,   2.543,   3.450,9999.000,9999.000,9999.000,9999.000,9999.000,9999.000,9999.000
202602181012,   2.688,   3.607,9999.000,9999.000,9999.000,9999.000,9999.000,9999.000,9999.000
202602181018,   2.830,   3.758,9999.000,9999.000,9999.000,9999.000,9999.000,9999.000,9999.000
202602181024,   2.970,   3.919,9999.000,9999.000,9999.000,9999.000,9999.000,9999.000,9999.000
202602181030,   3.107,   4.070,9999.000,9999.000,9999.000,9999.000,9999.000,9999.000,9999.000
202602181036,   3.240,   4.188,9999.000,9999.000,9999.000,9999.000,9999.000,9999.000,9999.000
202602181042,   3.371,   4.349,9999.000,9999.000,9999.000,9999.000,9999.000,9999.000,9999.000
202602181048,   3.497,   4.480,9999.000,9999.000,9999.000,9999.000,9999.000,9999.000,9999.000
202602181054,   3.619,   4.588,9999.000,9999.000,9999.000,9999.000,9999.000,9999.000,9999.000
202602181100,   3.737,   4.690,   0.800,   0.153,   4.690,   0.700,   4.590,   0.800,   4.690
202602181106,   3.851,   4.837,9999.000,9999.000,9999.000,9999.000,9999.000,9999.000,9999.000
202602181112,   3.960,   4.949,9999.000,9999.000,9999.000,9999.000,9999.000,9999.000,9999.000
202602181118,   4.064,   5.038,9999.000,9999.000,9999.000,9999.000,9999.000,9999.000,9999.000
202602181124,   4.164,   5.179,9999.000,9999.000,9999.000,9999.000,9999.000,9999.000,9999.000
202602181130,   4.258,   5.277,9999.000,9999.000,9999.000,9999.000,9999.000,9999.000,9999.000
202602181136,   4.347,   5.369,9999.000,9999.000,9999.000,9999.000,9999.000,9999.000,9999.000
202602181142,   4.432,   5.457,9999.000,9999.000,9999.000,9999.000,9999.000,9999.000,9999.000
202602181148,   4.511,   5.569,9999.000,9999.000,9999.000,9999.000,9999.000,9999.000,9999.000
202602181154,   4.584,   5.628,9999.000,9999.000,9999.000,9999.000,9999.000,9999.000,9999.000
202602181200,   4.653,   5.677,   0.800,   0.224,   5.677,   0.800,   5.677,   0.900,   5.777
202602181206,   4.715,   5.749,9999.000,9999.000,9999.000,9999.000,9999.000,9999.000,9999.000
202602181212,   4.773,   5.828,9999.000,9999.000,9999.000,9999.000,9999.000,9999.000,9999.000
202602181218,   4.824,   5.848,9999.000,9999.000,9999.000,9999.000,9999.000,9999.000,9999.000
202602181224,   4.870,   5.907,9999.000,9999.000,9999.000,9999.000,9999.000,9999.000,9999.000
202602181230,   4.910,   6.008,9999.000,9999.000,9999.000,9999.000,9999.000,9999.000,9999.000
202602181236,   4.944,   6.038,9999.000,9999.000,9999.000,9999.000,9999.000,9999.000,9999.000
202602181242,   4.972,   6.067,9999.000,9999.000,9999.000,9999.000,9999.000,9999.000,9999.000
202602181248,   4.994,   6.149,9999.000,9999.000,9999.000,9999.000,9999.000,9999.000,9999.000
202602181254,   5.010,   6.199,9999.000,9999.000,9999.000,9999.000,9999.000,9999.000,9999.000
202602181300,   5.019,   6.189,   0.800,   0.370,   6.189,   0.800,   6.189,   0.900,   6.289
202602181306,   5.022,   6.228,9999.000,9999.000,9999.000,9999.000,9999.000,9999.000,9999.000
202602181312,   5.019,   6.248,9999.000,9999.000,9999.000,9999.000,9999.000,9999.000,9999.000
202602181318,   5.009,   6.189,9999.000,9999.000,9999.000,9999.000,9999.000,9999.000,9999.000
202602181324,   4.992,   6.228,9999.000,9999.000,9999.000,9999.000,9999.000,9999.000,9999.000
202602181330,   4.968,   6.209,9999.000,9999.000,9999.000,9999.000,9999.000,9999.000,9999.000
202602181336,   4.938,   6.189,9999.000,9999.000,9999.000,9999.000,9999.000,9999.000,9999.000
202602181342,   4.901,   6.159,9999.000,9999.000,9999.000,9999.000,9999.000,9999.000,9999.000
202602181348,   4.857,   6.097,9999.000,9999.000,9999.000,9999.000,9999.000,9999.000,9999.000
202602181354,   4.806,   6.077,9999.000,9999.000,9999.000,9999.000,9999.000,9999.000,9999.000
202602181400,   4.749,   6.028,   0.800,   0.479,   6.028,   0.800,   6.028,   0.900,   6.128
202602181406,   4.686,   5.940,9999.000,9999.000,9999.000,9999.000,9999.000,9999.000,9999.000
202602181412,   4.616,   5.877,9999.000,9999.000,9999.000,9999.000,9999.000,9999.000,9999.000
202602181418,   4.539,   5.848,9999.000,9999.000,9999.000,9999.000,9999.000,9999.000,9999.000
202602181424,   4.457,   5.749,9999.000,9999.000,9999.000,9999.000,9999.000,9999.000,9999.000
202602181430,   4.369,   5.667,9999.000,9999.000,9999.000,9999.000,9999.000,9999.000,9999.000
202602181436,   4.275,   5.559,9999.000,9999.000,9999.000,9999.000,9999.000,9999.000,9999.000
202602181442,   4.176,   5.457,9999.000,9999.000,9999.000,9999.000,9999.000,9999.000,9999.000
202602181448,   4.072,   5.359,9999.000,9999.000,9999.000,9999.000,9999.000,9999.000,9999.000
202602181454,   3.963,   5.247,9999.000,9999.000,9999.000,9999.000,9999.000,9999.000,9999.000
202602181500,   3.850,   5.120,   0.800,   0.470,   5.120,   0.800,   5.120,   0.900,   5.220
202602181506,   3.733,   4.998,9999.000,9999.000,9999.000,9999.000,9999.000,9999.000,9999.000
202602181512,   3.613,   4.837,9999.000,9999.000,9999.000,9999.000,9999.000,9999.000,9999.000
202602181518,   3.489,   4.778,9999.000,9999.000,9999.000,9999.000,9999.000,9999.000,9999.000
202602181524,   3.362,   4.647,9999.000,9999.000,9999.000,9999.000,9999.000,9999.000,9999.000
202602181530,   3.234,   4.509,9999.000,9999.000,9999.000,9999.000,9999.000,9999.000,9999.000
202602181536,   3.103,   4.398,9999.000,9999.000,9999.000,9999.000,9999.000,9999.000,9999.000
202602181542,   2.970,   4.257,9999.000,9999.000,9999.000,9999.000,9999.000,9999.000,9999.000
202602181548,   2.837,   4.099,9999.000,9999.000,9999.000,9999.000,9999.000,9999.000,9999.000
202602181554,   2.702,   3.988,9999.000,9999.000,9999.000,9999.000,9999.000,9999.000,9999.000
202602181600,   2.567,   3.847,   0.800,   0.480,   3.847,   0.800,   3.847,   0.800,   3.847
202602181606,   2.432,   3.680,9999.000,9999.000,9999.000,9999.000,9999.000,9999.000,9999.000
202602181612,   2.297,   3.509,9999.000,9999.000,9999.000,9999.000,9999.000,9999.000,9999.000
202602181618,   2.163,   3.407,9999.000,9999.000,9999.000,9999.000,9999.000,9999.000,9999.000
202602181624,   2.029,   3.230,9999.000,9999.000,9999.000,9999.000,9999.000,9999.000,9999.000
202602181630,   1.897,   3.050,9999.000,9999.000,9999.000,9999.000,9999.000,9999.000,9999.000
202602181636,   1.765,   2.938,9999.000,9999.000,9999.000,9999.000,9999.000,9999.000,9999.000
202602181642,   1.635,   2.830,9999.000,9999.000,9999.000,9999.000,9999.000,9999.000,9999.000
202602181648,   1.507,   2.709,9999.000,9999.000,9999.000,9999.000,9999.000,9999.000,9999.000
202602181654,   1.381,   2.558,9999.000,9999.000,9999.000,9999.000,9999.000,9999.000,9999.000
202602181700,   1.256,   2.440,   0.800,   0.384,   2.440,   0.800,   2.440,   0.800,   2.440
202602181706,   1.134,   2.348,9999.000,9999.000,9999.000,9999.000,9999.000,9999.000,9999.000
202602181712,   1.014,   2.210,9999.000,9999.000,9999.000,9999.000,9999.000,9999.000,9999.000
202602181718,   0.896,   2.128,9999.000,9999.000,9999.000,9999.000,9999.000,9999.000,9999.000
202602181724,   0.782,   1.990,9999.000,9999.000,9999.000,9999.000,9999.000,9999.000,9999.000
202602181730,   0.669,   1.859,9999.000,9999.000,9999.000,9999.000,9999.000,9999.000,9999.000
202602181736,   0.560,   1.758,9999.000,9999.000,9999.000,9999.000,9999.000,9999.000,9999.000
202602181742,   0.454,   1.659,9999.000,9999.000,9999.000,9999.000,9999.000,9999.000,9999.000
202602181748,   0.351,   1.548,9999.000,9999.000,9999.000,9999.000,9999.000,9999.000,9999.000
202602181754,   0.251,   1.469,9999.000,9999.000,9999.000,9999.000,9999.000,9999.000,9999.000
202602181800,   0.155,   1.380,   0.900,   0.325,   1.380,   0.800,   1.280,   0.900,   1.380
202602181806,   0.062,   1.269,9999.000,9999.000,9999.000,9999.000,9999.000,9999.000,9999.000
202602181812,  -0.025,   1.190,9999.000,9999.000,9999.000,9999.000,9999.000,9999.000,9999.000
202602181818,  -0.110,   1.118,9999.000,9999.000,9999.000,9999.000,9999.000,9999.000,9999.000
202602181824,  -0.190,   1.020,9999.000,9999.000,9999.000,9999.000,9999.000,9999.000,9999.000
202602181830,  -0.265,   0.928,9999.000,9999.000,9999.000,9999.000,9999.000,9999.000,9999.000
202602181836,  -0.335,   0.839,9999.000,9999.000,9999.000,9999.000,9999.000,9999.000,9999.000
202602181842,  -0.400,   0.770,9999.000,9999.000,9999.000,9999.000,9999.000,9999.000,9999.000
202602181848,  -0.460,   0.718,9999.000,9999.000,9999.000,9999.000,9999.000,9999.000,9999.000
202602181854,  -0.513,   0.610,9999.000,9999.000,9999.000,9999.000,9999.000,9999.000,9999.000
202602181900,  -0.561,   0.560,   0.900,   0.221,   0.560,   0.800,   0.460,   0.900,   0.560
202602181906,  -0.601,   0.541,9999.000,9999.000,9999.000,9999.000,9999.000,9999.000,9999.000
202602181912,  -0.635,   0.498,9999.000,9999.000,9999.000,9999.000,9999.000,9999.000,9999.000
202602181918,  -0.662,   0.478,9999.000,9999.000,9999.000,9999.000,9999.000,9999.000,9999.000
202602181924,  -0.682,   0.449,9999.000,9999.000,9999.000,9999.000,9999.000,9999.000,9999.000
202602181930,  -0.693,   0.429,9999.000,9999.000,9999.000,9999.000,9999.000,9999.000,9999.000
202602181936,  -0.697,   0.439,9999.000,9999.000,9999.000,9999.000,9999.000,9999.000,9999.000
202602181942,  -0.693,   0.439,9999.000,9999.000,9999.000,9999.000,9999.000,9999.000,9999.000
202602181948,  -0.680,   0.429,9999.000,9999.000,9999.000,9999.000,9999.000,9999.000,9999.000
202602181954,  -0.659,   0.449,9999.000,9999.000,9999.000,9999.000,9999.000,9999.000,9999.000
202602182000,  -0.629,   0.469,   0.900,   0.198,   0.469,   0.800,   0.369,   0.900,   0.469
202602182006,  -0.590,   0.518,9999.000,9999.000,9999.000,9999.000,9999.000,9999.000,9999.000
202602182012,  -0.543,   0.560,9999.000,9999.000,9999.000,9999.000,9999.000,9999.000,9999.000
202602182018,  -0.487,   0.610,9999.000,9999.000,9999.000,9999.000,9999.000,9999.000,9999.000
202602182024,  -0.423,   0.659,9999.000,9999.000,9999.000,9999.000,9999.000,9999.000,9999.000
202602182030,  -0.350,   0.760,9999.000,9999.000,9999.000,9999.000,9999.000,9999.000,9999.000
202602182036,  -0.269,   0.849,9999.000,9999.000,9999.000,9999.000,9999.000,9999.000,9999.000
202602182042,  -0.180,   0.980,9999.000,9999.000,9999.000,9999.000,9999.000,9999.000,9999.000
202602182048,  -0.083,   1.069,9999.000,9999.000,9999.000,9999.000,9999.000,9999.000,9999.000
202602182054,   0.020,   1.190,9999.000,9999.000,9999.000,9999.000,9999.000,9999.000,9999.000
202602182100,   0.131,   1.328,   0.900,   0.297,   1.328,   0.900,   1.328,   1.000,   1.428
202602182106,   0.248,   1.459,9999.000,9999.000,9999.000,9999.000,9999.000,9999.000,9999.000
202602182112,   0.371,   1.600,9999.000,9999.000,9999.000,9999.000,9999.000,9999.000,9999.000
202602182118,   0.499,   1.699,9999.000,9999.000,9999.000,9999.000,9999.000,9999.000,9999.000
202602182124,   0.633,   1.810,9999.000,9999.000,9999.000,9999.000,9999.000,9999.000,9999.000
202602182130,   0.770,   1.958,9999.000,9999.000,9999.000,9999.000,9999.000,9999.000,9999.000
202602182136,   0.912,   2.079,9999.000,9999.000,9999.000,9999.000,9999.000,9999.000,9999.000
202602182142,   1.056,   2.210,9999.000,9999.000,9999.000,9999.000,9999.000,9999.000,9999.000
202602182148,   1.203,   2.348,9999.000,9999.000,9999.000,9999.000,9999.000,9999.000,9999.000
202602182154,   1.352,   2.459,9999.000,9999.000,9999.000,9999.000,9999.000,9999.000,9999.000
202602182200,   1.502,   2.610,   0.900,   0.208,   2.610,   0.900,   2.610,   1.000,   2.710
202602182206,   1.652,   2.778,9999.000,9999.000,9999.000,9999.000,9999.000,9999.000,9999.000
202602182212,   1.803,   2.948,9999.000,9999.000,9999.000,9999.000,9999.000,9999.000,9999.000
202602182218,   1.953,   3.070,9999.000,9999.000,9999.000,9999.000,9999.000,9999.000,9999.000
202602182224,   2.102,   3.230,9999.000,9999.000,9999.000,9999.000,9999.000,9999.000,9999.000
202602182230,   2.249,   3.378,9999.000,9999.000,9999.000,9999.000,9999.000,9999.000,9999.000
202602182236,   2.395,   3.539,9999.000,9999.000,9999.000,9999.000,9999.000,9999.000,9999.000
202602182242,   2.538,   3.637,9999.000,9999.000,9999.000,9999.000,9999.000,9999.000,9999.000
202602182248,   2.678,   3.768,9999.000,9999.000,9999.000,9999.000,9999.000,9999.000,9999.000
202602182254,   2.815,   3.880,9999.000,9999.000,9999.000,9999.000,9999.000,9999.000,9999.000
202602182300,   2.948,   4.027,   0.900,   0.179,   4.027,   0.800,   3.927,   0.900,   4.027
202602182306,   3.077,   4.139,9999.000,9999.000,9999.000,9999.000,9999.000,9999.000,9999.000
202602182312,   3.202,   4.247,9999.000,9999.000,9999.000,9999.000,9999.000,9999.000,9999.000
202602182318,   3.323,   4.339,9999.000,9999.000,9999.000,9999.000,9999.000,9999.000,9999.000
202602182324,   3.439,   4.480,9999.000,9999.000,9999.000,9999.000,9999.000,9999.000,9999.000
202602182330,   3.550,   4.588,9999.000,9999.000,9999.000,9999.000,9999.000,9999.000,9999.000
202602182336,   3.657,   4.700,9999.000,9999.000,9999.000,9999.000,9999.000,9999.000,9999.000
202602182342,   3.758,   4.798,9999.000,9999.000,9999.000,9999.000,9999.000,9999.000,9999.000
202602182348,   3.855,   4.877,9999.000,9999.000,9999.000,9999.000,9999.000,9999.000,9999.000
202602182354,   3.946,9999.000,9999.000,9999.000,9999.000,9999.000,9999.000,9999.000,9999.000
202602190000,   4.032,9999.000,   0.800,   0.198,   5.030,   0.800,   5.030,   0.900,   5.130
202602190006,   4.112,9999.000,9999.000,9999.000,9999.000,9999.000,9999.000,9999.000,9999.000
202602190012,   4.188,9999.000,9999.000,9999.000,9999.000,9999.000,9999.000,9999.000,9999.000
202602190018,   4.257,9999.000,9999.000,9999.000,9999.000,9999.000,9999.000,9999.000,9999.000
202602190024,   4.322,9999.000,9999.000,9999.000,9999.000,9999.000,9999.000,9999.000,9999.000
202602190030,   4.381,9999.000,9999.000,9999.000,9999.000,9999.000,9999.000,9999.000,9999.000
202602190036,   4.434,9999.000,9999.000,9999.000,9999.000,9999.000,9999.000,9999.000,9999.000
202602190042,   4.482,9999.000,9999.000,9999.000,9999.000,9999.000,9999.000,9999.000,9999.000
202602190048,   4.524,9999.000,9999.000,9999.000,9999.000,9999.000,9999.000,9999.000,9999.000
202602190054,   4.560,9999.000,9999.000,9999.000,9999.000,9999.000,9999.000,9999.000,9999.000
202602190100,   4.591,9999.000,   0.900,   0.217,   5.708,   0.800,   5.608,   0.900,   5.708
202602190106,   4.616,9999.000,9999.000,9999.000,9999.000,9999.000,9999.000,9999.000,9999.000
202602190112,   4.634,9999.000,9999.000,9999.000,9999.000,9999.000,9999.000,9999.000,9999.000
202602190118,   4.647,9999.000,9999.000,9999.000,9999.000,9999.000,9999.000,9999.000,9999.000
202602190124,   4.654,9999.000,9999.000,9999.000,9999.000,9999.000,9999.000,9999.000,9999.000
202602190130,   4.655,9999.000,9999.000,9999.000,9999.000,9999.000,9999.000,9999.000,9999.000
202602190136,   4.649,9999.000,9999.000,9999.000,9999.000,9999.000,9999.000,9999.000,9999.000
202602190142,   4.638,9999.000,9999.000,9999.000,9999.000,9999.000,9999.000,9999.000,9999.000
202602190148,   4.620,9999.000,9999.000,9999.000,9999.000,9999.000,9999.000,9999.000,9999.000
202602190154,   4.595,9999.000,9999.000,9999.000,9999.000,9999.000,9999.000,9999.000,9999.000
202602190200,   4.564,9999.000,   0.900,   0.235,   5.699,   0.900,   5.699,   1.000,   5.799
202602190206,   4.527,9999.000,9999.000,9999.000,9999.000,9999.000,9999.000,9999.000,9999.000
202602190212,   4.484,9999.000,9999.000,9999.000,9999.000,9999.000,9999.000,9999.000,9999.000
202602190218,   4.435,9999.000,9999.000,9999.000,9999.000,9999.000,9999.000,9999.000,9999.000
202602190224,   4.379,9999.000,9999.000,9999.000,9999.000,9999.000,9999.000,9999.000,9999.000
202602190230,   4.317,9999.000,9999.000,9999.000,9999.000,9999.000,9999.000,9999.000,9999.000
202602190236,   4.250,9999.000,9999.000,9999.000,9999.000,9999.000,9999.000,9999.000,9999.000
202602190242,   4.176,9999.000,9999.000,9999.000,9999.000,9999.000,9999.000,9999.000,9999.000
202602190248,   4.097,9999.000,9999.000,9999.000,9999.000,9999.000,9999.000,9999.000,9999.000
202602190254,   4.013,9999.000,9999.000,9999.000,9999.000,9999.000,9999.000,9999.000,9999.000
202602190300,   3.924,9999.000,   1.000,   0.254,   5.178,   0.900,   5.078,   1.100,   5.278
202602190306,   3.830,9999.000,9999.000,9999.000,9999.000,9999.000,9999.000,9999.000,9999.000
202602190312,   3.731,9999.000,9999.000,9999.000,9999.000,9999.000,9999.000,9999.000,9999.000
202602190318,   3.629,9999.000,9999.000,9999.000,9999.000,9999.000,9999.000,9999.000,9999.000
202602190324,   3.522,9999.000,9999.000,9999.000,9999.000,9999.000,9999.000,9999.000,9999.000
202602190330,   3.412,9999.000,9999.000,9999.000,9999.000,9999.000,9999.000,9999.000,9999.000
202602190336,   3.299,9999.000,9999.000,9999.000,9999.000,9999.000,9999.000,9999.000,9999.000
202602190342,   3.183,9999.000,9999.000,9999.000,9999.000,9999.000,9999.000,9999.000,9999.000
202602190348,   3.065,9999.000,9999.000,9999.000,9999.000,9999.000,9999.000,9999.000,9999.000
202602190354,   2.945,9999.000,9999.000,9999.000,9999.000,9999.000,9999.000,9999.000,9999.000
202602190400,   2.824,9999.000,   1.000,   0.273,   4.097,   0.900,   3.997,   1.100,   4.197
202602190406,   2.701,9999.000,9999.000,9999.000,9999.000,9999.000,9999.000,9999.000,9999.000
202602190412,   2.577,9999.000,9999.000,9999.000,9999.000,9999.000,9999.000,9999.000,9999.000
202602190418,   2.453,9999.000,9999.000,9999.000,9999.000,9999.000,9999.000,9999.000,9999.000
202602190424,   2.329,9999.000,9999.000,9999.000,9999.000,9999.000,9999.000,9999.000,9999.000
202602190430,   2.205,9999.000,9999.000,9999.000,9999.000,9999.000,9999.000,9999.000,9999.000
202602190436,   2.082,9999.000,9999.000,9999.000,9999.000,9999.000,9999.000,9999.000,9999.000
202602190442,   1.959,9999.000,9999.000,9999.000,9999.000,9999.000,9999.000,9999.000,9999.000
202602190448,   1.837,9999.000,9999.000,9999.000,9999.000,9999.000,9999.000,9999.000,9999.000
202602190454,   1.717,9999.000,9999.000,9999.000,9999.000,9999.000,9999.000,9999.000,9999.000
202602190500,   1.598,9999.000,   1.000,   0.292,   2.890,   1.000,   2.890,   1.100,   2.990
202602190506,   1.481,9999.000,9999.000,9999.000,9999.000,9999.000,9999.000,9999.000,9999.000
202602190512,   1.366,9999.000,9999.000,9999.000,9999.000,9999.000,9999.000,9999.000,9999.000
202602190518,   1.253,9999.000,9999.000,9999.000,9999.000,9999.000,9999.000,9999.000,9999.000
202602190524,   1.141,9999.000,9999.000,9999.000,9999.000,9999.000,9999.000,9999.000,9999.000
202602190530,   1.033,9999.000,9999.000,9999.000,9999.000,9999.000,9999.000,9999.000,9999.000
202602190536,   0.926,9999.000,9999.000,9999.000,9999.000,9999.000,9999.000,9999.000,9999.000
202602190542,   0.823,9999.000,9999.000,9999.000,9999.000,9999.000,9999.000,9999.000,9999.000
202602190548,   0.721,9999.000,9999.000,9999.000,9999.000,9999.000,9999.000,9999.000,9999.000
202602190554,   0.623,9999.000,9999.000,9999.000,9999.000,9999.000,9999.000,9999.000,9999.000
202602190600,   0.528,9999.000,   1.000,   0.311,   1.839,   1.000,   1.839,   1.100,   1.939
202602190606,   0.435,9999.000,9999.000,9999.000,9999.000,9999.000,9999.000,9999.000,9999.000
202602190612,   0.346,9999.000,9999.000,9999.000,9999.000,9999.000,9999.000,9999.000,9999.000
202602190618,   0.261,9999.000,9999.000,9999.000,9999.000,9999.000,9999.000,9999.000,9999.000
202602190624,   0.178,9999.000,9999.000,9999.000,9999.000,9999.000,9999.000,9999.000,9999.000
202602190630,   0.100,9999.000,9999.000,9999.000,9999.000,9999.000,9999.000,9999.000,9999.000
202602190636,   0.025,9999.000,9999.000,9999.000,9999.000,9999.000,9999.000,9999.000,9999.000
202602190642,  -0.045,9999.000,9999.000,9999.000,9999.000,9999.000,9999.000,9999.000,9999.000
202602190648,  -0.111,9999.000,9999.000,9999.000,9999.000,9999.000,9999.000,9999.000,9999.000
202602190654,  -0.172,9999.000,9999.000,9999.000,9999.000,9999.000,9999.000,9999.000,9999.000
202602190700,  -0.229,9999.000,   1.000,   0.329,   1.100,   1.000,   1.100,   1.100,   1.200
202602190706,  -0.281,9999.000,9999.000,9999.000,9999.000,9999.000,9999.000,9999.000,9999.000
202602190712,  -0.327,9999.000,9999.000,9999.000,9999.000,9999.000,9999.000,9999.000,9999.000
202602190718,  -0.367,9999.000,9999.000,9999.000,9999.000,9999.000,9999.000,9999.000,9999.000
202602190724,  -0.401,9999.000,9999.000,9999.000,9999.000,9999.000,9999.000,9999.000,9999.000
202602190730,  -0.429,9999.000,9999.000,9999.000,9999.000,9999.000,9999.000,9999.000,9999.000
202602190736,  -0.450,9999.000,9999.000,9999.000,9999.000,9999.000,9999.000,9999.000,9999.000
202602190742,  -0.464,9999.000,9999.000,9999.000,9999.000,9999.000,9999.000,9999.000,9999.000
202602190748,  -0.471,9999.000,9999.000,9999.000,9999.000,9999.000,9999.000,9999.000,9999.000
202602190754,  -0.471,9999.000,9999.000,9999.000,9999.000,9999.000,9999.000,9999.000,9999.000
202602190800,  -0.462,9999.000,   1.000,   0.348,   0.886,   1.000,   0.886,   1.100,   0.986
202602190806,  -0.446,9999.000,9999.000,9999.000,9999.000,9999.000,9999.000,9999.000,9999.000
202602190812,  -0.422,9999.000,9999.000,9999.000,9999.000,9999.000,9999.000,9999.000,9999.000
202602190818,  -0.389,9999.000,9999.000,9999.000,9999.000,9999.000,9999.000,9999.000,9999.000
202602190824,  -0.348,9999.000,9999.000,9999.000,9999.000,9999.000,9999.000,9999.000,9999.000
202602190830,  -0.299,9999.000,9999.000,9999.000,9999.000,9999.000,9999.000,9999.000,9999.000
202602190836,  -0.241,9999.000,9999.000,9999.000,9999.000,9999.000,9999.000,9999.000,9999.000
202602190842,  -0.175,9999.000,9999.000,9999.000,9999.000,9999.000,9999.000,9999.000,9999.000
202602190848,  -0.101,9999.000,9999.000,9999.000,9999.000,9999.000,9999.000,9999.000,9999.000
202602190854,  -0.019,9999.000,9999.000,9999.000,9999.000,9999.000,9999.000,9999.000,9999.000
202602190900,   0.070,9999.000,   1.000,   0.367,   1.437,   0.900,   1.337,   1.100,   1.537
202602190906,   0.167,9999.000,9999.000,9999.000,9999.000,9999.000,9999.000,9999.000,9999.000
202602190912,   0.272,9999.000,9999.000,9999.000,9999.000,9999.000,9999.000,9999.000,9999.000
202602190918,   0.384,9999.000,9999.000,9999.000,9999.000,9999.000,9999.000,9999.000,9999.000
202602190924,   0.502,9999.000,9999.000,9999.000,9999.000,9999.000,9999.000,9999.000,9999.000
202602190930,   0.625,9999.000,9999.000,9999.000,9999.000,9999.000,9999.000,9999.000,9999.000
202602190936,   0.755,9999.000,9999.000,9999.000,9999.000,9999.000,9999.000,9999.000,9999.000
202602190942,   0.889,9999.000,9999.000,9999.000,9999.000,9999.000,9999.000,9999.000,9999.000
202602190948,   1.028,9999.000,9999.000,9999.000,9999.000,9999.000,9999.000,9999.000,9999.000
202602190954,   1.170,9999.000,9999.000,9999.000,9999.000,9999.000,9999.000,9999.000,9999.000
202602191000,   1.316,9999.000,   1.100,   0.386,   2.802,   1.000,   2.702,   1.200,   2.902
202602191006,   1.464,9999.000,9999.000,9999.000,9999.000,9999.000,9999.000,9999.000,9999.000
202602191012,   1.614,9999.000,9999.000,9999.000,9999.000,9999.000,9999.000,9999.000,9999.000
202602191018,   1.766,9999.000,9999.000,9999.000,9999.000,9999.000,9999.000,9999.000,9999.000
202602191024,   1.918,9999.000,9999.000,9999.000,9999.000,9999.000,9999.000,9999.000,9999.000
202602191030,   2.070,9999.000,9999.000,9999.000,9999.000,9999.000,9999.000,9999.000,9999.000
202602191036,   2.222,9999.000,9999.000,9999.000,9999.000,9999.000,9999.000,9999.000,9999.000
202602191042,   2.373,9999.000,9999.000,9999.000,9999.000,9999.000,9999.000,9999.000,9999.000
202602191048,   2.522,9999.000,9999.000,9999.000,9999.000,9999.000,9999.000,9999.000,9999.000
202602191054,   2.670,9999.000,9999.000,9999.000,9999.000,9999.000,9999.000,9999.000,9999.000
202602191100,   2.815,9999.000,   1.100,   0.405,   4.320,   1.000,   4.220,   1.200,   4.420
202602191106,   2.957,9999.000,9999.000,9999.000,9999.000,9999.000,9999.000,9999.000,9999.000
202602191112,   3.095,9999.000,9999.000,9999.000,9999.000,9999.000,9999.000,9999.000,9999.000
202602191118,   3.230,9999.000,9999.000,9999.000,9999.000,9999.000,9999.000,9999.000,9999.000
202602191124,   3.361,9999.000,9999.000,9999.000,9999.000,9999.000,9999.000,9999.000,9999.000
202602191130,   3.488,9999.000,9999.000,9999.000,9999.000,9999.000,9999.000,9999.000,9999.000
202602191136,   3.611,9999.000,9999.000,9999.000,9999.000,9999.000,9999.000,9999.000,9999.000
202602191142,   3.728,9999.000,9999.000,9999.000,9999.000,9999.000,9999.000,9999.000,9999.000
202602191148,   3.841,9999.000,9999.000,9999.000,9999.000,9999.000,9999.000,9999.000,9999.000
202602191154,   3.948,9999.000,9999.000,9999.000,9999.000,9999.000,9999.000,9999.000,9999.000
202602191200,   4.051,9999.000,   1.200,   0.405,   5.656,   1.100,   5.556,   1.300,   5.756
202602191206,   4.148,9999.000,9999.000,9999.000,9999.000,9999.000,9999.000,9999.000,9999.000
202602191212,   4.240,9999.000,9999.000,9999.000,9999.000,9999.000,9999.000,9999.000,9999.000
202602191218,   4.326,9999.000,9999.000,9999.000,9999.000,9999.000,9999.000,9999.000,9999.000
202602191224,   4.407,9999.000,9999.000,9999.000,9999.000,9999.000,9999.000,9999.000,9999.000
202602191230,   4.483,9999.000,9999.000,9999.000,9999.000,9999.000,9999.000,9999.000,9999.000
202602191236,   4.553,9999.000,9999.000,9999.000,9999.000,9999.000,9999.000,9999.000,9999.000
202602191242,   4.617,9999.000,9999.000,9999.000,9999.000,9999.000,9999.000,9999.000,9999.000
202602191248,   4.676,9999.000,9999.000,9999.000,9999.000,9999.000,9999.000,9999.000,9999.000
202602191254,   4.729,9999.000,9999.000,9999.000,9999.000,9999.000,9999.000,9999.000,9999.000
202602191300,   4.776,9999.000,   1.200,   0.405,   6.381,   1.100,   6.281,   1.300,   6.481
202602191306,   4.818,9999.000,9999.000,9999.000,9999.000,9999.000,9999.000,9999.000,9999.000
202602191312,   4.854,9999.000,9999.000,9999.000,9999.000,9999.000,9999.000,9999.000,9999.000
202602191318,   4.884,9999.000,9999.000,9999.000,9999.000,9999.000,9999.000,9999.000,9999.000
202602191324,   4.908,9999.000,9999.000,9999.000,9999.000,9999.000,9999.000,9999.000,9999.000
202602191330,   4.926,9999.000,9999.000,9999.000,9999.000,9999.000,9999.000,9999.000,9999.000
202602191336,   4.938,9999.000,9999.000,9999.000,9999.000,9999.000,9999.000,9999.000,9999.000
202602191342,   4.944,9999.000,9999.000,9999.000,9999.000,9999.000,9999.000,9999.000,9999.000
202602191348,   4.943,9999.000,9999.000,9999.000,9999.000,9999.000,9999.000,9999.000,9999.000
202602191354,   4.937,9999.000,9999.000,9999.000,9999.000,9999.000,9999.000,9999.000,9999.000
202602191400,   4.924,9999.000,   1.200,   0.405,   6.529,   1.100,   6.429,   1.300,   6.629
202602191406,   4.905,9999.000,9999.000,9999.000,9999.000,9999.000,9999.000,9999.000,9999.000
202602191412,   4.879,9999.000,9999.000,9999.000,9999.000,9999.000,9999.000,9999.000,9999.000
202602191418,   4.847,9999.000,9999.000,9999.000,9999.000,9999.000,9999.000,9999.000,9999.000
202602191424,   4.808,9999.000,9999.000,9999.000,9999.000,9999.000,9999.000,9999.000,9999.000
202602191430,   4.763,9999.000,9999.000,9999.000,9999.000,9999.000,9999.000,9999.000,9999.000
202602191436,   4.711,9999.000,9999.000,9999.000,9999.000,9999.000,9999.000,9999.000,9999.000
202602191442,   4.652,9999.000,9999.000,9999.000,9999.000,9999.000,9999.000,9999.000,9999.000
202602191448,   4.588,9999.000,9999.000,9999.000,9999.000,9999.000,9999.000,9999.000,9999.000
202602191454,   4.517,9999.000,9999.000,9999.000,9999.000,9999.000,9999.000,9999.000,9999.000
202602191500,   4.440,9999.000,   1.200,   0.405,   6.045,   1.100,   5.945,   1.300,   6.145
202602191506,   4.357,9999.000,9999.000,9999.000,9999.000,9999.000,9999.000,9999.000,9999.000
202602191512,   4.268,9999.000,9999.000,9999.000,9999.000,9999.000,9999.000,9999.000,9999.000
202602191518,   4.174,9999.000,9999.000,9999.000,9999.000,9999.000,9999.000,9999.000,9999.000
202602191524,   4.074,9999.000,9999.000,9999.000,9999.000,9999.000,9999.000,9999.000,9999.000
202602191530,   3.970,9999.000,9999.000,9999.000,9999.000,9999.000,9999.000,9999.000,9999.000
202602191536,   3.860,9999.000,9999.000,9999.000,9999.000,9999.000,9999.000,9999.000,9999.000
202602191542,   3.747,9999.000,9999.000,9999.000,9999.000,9999.000,9999.000,9999.000,9999.000
202602191548,   3.629,9999.000,9999.000,9999.000,9999.000,9999.000,9999.000,9999.000,9999.000
202602191554,   3.507,9999.000,9999.000,9999.000,9999.000,9999.000,9999.000,9999.000,9999.000
202602191600,   3.383,9999.000,   1.100,   0.405,   4.888,   1.000,   4.788,   1.200,   4.988
202602191606,   3.255,9999.000,9999.000,9999.000,9999.000,9999.000,9999.000,9999.000,9999.000
202602191612,   3.125,9999.000,9999.000,9999.000,9999.000,9999.000,9999.000,9999.000,9999.000
202602191618,   2.992,9999.000,9999.000,9999.000,9999.000,9999.000,9999.000,9999.000,9999.000
202602191624,   2.858,9999.000,9999.000,9999.000,9999.000,9999.000,9999.000,9999.000,9999.000
202602191630,   2.723,9999.000,9999.000,9999.000,9999.000,9999.000,9999.000,9999.000,9999.000
202602191636,   2.587,9999.000,9999.000,9999.000,9999.000,9999.000,9999.000,9999.000,9999.000
202602191642,   2.450,9999.000,9999.000,9999.000,9999.000,9999.000,9999.000,9999.000,9999.000
202602191648,   2.313,9999.000,9999.000,9999.000,9999.000,9999.000,9999.000,9999.000,9999.000
202602191654,   2.176,9999.000,9999.000,9999.000,9999.000,9999.000,9999.000,9999.000,9999.000
202602191700,   2.039,9999.000,   1.100,   0.405,   3.544,   1.000,   3.444,   1.100,   3.544
202602191706,   1.904,9999.000,9999.000,9999.000,9999.000,9999.000,9999.000,9999.000,9999.000
202602191712,   1.769,9999.000,9999.000,9999.000,9999.000,9999.000,9999.000,9999.000,9999.000
202602191718,   1.636,9999.000,9999.000,9999.000,9999.000,9999.000,9999.000,9999.000,9999.000
202602191724,   1.504,9999.000,9999.000,9999.000,9999.000,9999.000,9999.000,9999.000,9999.000
202602191730,   1.375,9999.000,9999.000,9999.000,9999.000,9999.000,9999.000,9999.000,9999.000
202602191736,   1.247,9999.000,9999.000,9999.000,9999.000,9999.000,9999.000,9999.000,9999.000
202602191742,   1.121,9999.000,9999.000,9999.000,9999.000,9999.000,9999.000,9999.000,9999.000
202602191748,   0.998,9999.000,9999.000,9999.000,9999.000,9999.000,9999.000,9999.000,9999.000
202602191754,   0.878,9999.000,9999.000,9999.000,9999.000,9999.000,9999.000,9999.000,9999.000
202602191800,   0.760,9999.000,   1.100,   0.405,   2.265,   1.000,   2.165,   1.200,   2.365
202602191806,   0.646,9999.000,9999.000,9999.000,9999.000,9999.000,9999.000,9999.000,9999.000
202602191812,   0.534,9999.000,9999.000,9999.000,9999.000,9999.000,9999.000,9999.000,9999.000
202602191818,   0.426,9999.000,9999.000,9999.000,9999.000,9999.000,9999.000,9999.000,9999.000
202602191824,   0.321,9999.000,9999.000,9999.000,9999.000,9999.000,9999.000,9999.000,9999.000
202602191830,   0.220,9999.000,9999.000,9999.000,9999.000,9999.000,9999.000,9999.000,9999.000
202602191836,   0.123,9999.000,9999.000,9999.000,9999.000,9999.000,9999.000,9999.000,9999.000
202602191842,   0.029,9999.000,9999.000,9999.000,9999.000,9999.000,9999.000,9999.000,9999.000
202602191848,  -0.059,9999.000,9999.000,9999.000,9999.000,9999.000,9999.000,9999.000,9999.000
202602191854,  -0.144,9999.000,9999.000,9999.000,9999.000,9999.000,9999.000,9999.000,9999.000
202602191900,  -0.224,9999.000,   1.100,   0.405,   1.281,   1.000,   1.181,   1.200,   1.381
202602191906,  -0.300,9999.000,9999.000,9999.000,9999.000,9999.000,9999.000,9999.000,9999.000
202602191912,  -0.370,9999.000,9999.000,9999.000,9999.000,9999.000,9999.000,9999.000,9999.000
202602191918,  -0.436,9999.000,9999.000,9999.000,9999.000,9999.000,9999.000,9999.000,9999.000
202602191924,  -0.495,9999.000,9999.000,9999.000,9999.000,9999.000,9999.000,9999.000,9999.000
202602191930,  -0.549,9999.000,9999.000,9999.000,9999.000,9999.000,9999.000,9999.000,9999.000
202602191936,  -0.596,9999.000,9999.000,9999.000,9999.000,9999.000,9999.000,9999.000,9999.000
202602191942,  -0.637,9999.000,9999.000,9999.000,9999.000,9999.000,9999.000,9999.000,9999.000
202602191948,  -0.671,9999.000,9999.000,9999.000,9999.000,9999.000,9999.000,9999.000,9999.000
202602191954,  -0.698,9999.000,9999.000,9999.000,9999.000,9999.000,9999.000,9999.000,9999.000
202602192000,  -0.718,9999.000,   1.100,   0.405,   0.787,   1.000,   0.687,   1.200,   0.887
202602192006,  -0.730,9999.000,9999.000,9999.000,9999.000,9999.000,9999.000,9999.000,9999.000
202602192012,  -0.734,9999.000,9999.000,9999.000,9999.000,9999.000,9999.000,9999.000,9999.000
202602192018,  -0.730,9999.000,9999.000,9999.000,9999.000,9999.000,9999.000,9999.000,9999.000
202602192024,  -0.718,9999.000,9999.000,9999.000,9999.000,9999.000,9999.000,9999.000,9999.000
202602192030,  -0.697,9999.000,9999.000,9999.000,9999.000,9999.000,9999.000,9999.000,9999.000
202602192036,  -0.668,9999.000,9999.000,9999.000,9999.000,9999.000,9999.000,9999.000,9999.000
202602192042,  -0.630,9999.000,9999.000,9999.000,9999.000,9999.000,9999.000,9999.000,9999.000
202602192048,  -0.583,9999.000,9999.000,9999.000,9999.000,9999.000,9999.000,9999.000,9999.000
202602192054,  -0.527,9999.000,9999.000,9999.000,9999.000,9999.000,9999.000,9999.000,9999.000
202602192100,  -0.463,9999.000,   1.100,   0.405,   1.042,   1.000,   0.942,   1.300,   1.242
202602192106,  -0.391,9999.000,9999.000,9999.000,9999.000,9999.000,9999.000,9999.000,9999.000
202602192112,  -0.309,9999.000,9999.000,9999.000,9999.000,9999.000,9999.000,9999.000,9999.000
202602192118,  -0.220,9999.000,9999.000,9999.000,9999.000,9999.000,9999.000,9999.000,9999.000
202602192124,  -0.123,9999.000,9999.000,9999.000,9999.000,9999.000,9999.000,9999.000,9999.000
202602192130,  -0.018,9999.000,9999.000,9999.000,9999.000,9999.000,9999.000,9999.000,9999.000
202602192136,   0.093,9999.000,9999.000,9999.000,9999.000,9999.000,9999.000,9999.000,9999.000
202602192142,   0.212,9999.000,9999.000,9999.000,9999.000,9999.000,9999.000,9999.000,9999.000
202602192148,   0.337,9999.000,9999.000,9999.000,9999.000,9999.000,9999.000,9999.000,9999.000
202602192154,   0.468,9999.000,9999.000,9999.000,9999.000,9999.000,9999.000,9999.000,9999.000
202602192200,   0.604,9999.000,   1.100,   0.405,   2.109,   1.000,   2.009,   1.200,   2.209
202602192206,   0.745,9999.000,9999.000,9999.000,9999.000,9999.000,9999.000,9999.000,9999.000
202602192212,   0.890,9999.000,9999.000,9999.000,9999.000,9999.000,9999.000,9999.000,9999.000
202602192218,   1.039,9999.000,9999.000,9999.000,9999.000,9999.000,9999.000,9999.000,9999.000
202602192224,   1.190,9999.000,9999.000,9999.000,9999.000,9999.000,9999.000,9999.000,9999.000
202602192230,   1.344,9999.000,9999.000,9999.000,9999.000,9999.000,9999.000,9999.000,9999.000
202602192236,   1.499,9999.000,9999.000,9999.000,9999.000,9999.000,9999.000,9999.000,9999.000
202602192242,   1.655,9999.000,9999.000,9999.000,9999.000,9999.000,9999.000,9999.000,9999.000
202602192248,   1.812,9999.000,9999.000,9999.000,9999.000,9999.000,9999.000,9999.000,9999.000
202602192254,   1.968,9999.000,9999.000,9999.000,9999.000,9999.000,9999.000,9999.000,9999.000
202602192300,   2.124,9999.000,   1.100,   0.405,   3.629,   1.000,   3.529,   1.200,   3.729
202602192306,   2.278,9999.000,9999.000,9999.000,9999.000,9999.000,9999.000,9999.000,9999.000
202602192312,   2.430,9999.000,9999.000,9999.000,9999.000,9999.000,9999.000,9999.000,9999.000
202602192318,   2.580,9999.000,9999.000,9999.000,9999.000,9999.000,9999.000,9999.000,9999.000
202602192324,   2.726,9999.000,9999.000,9999.000,9999.000,9999.000,9999.000,9999.000,9999.000
202602192330,   2.870,9999.000,9999.000,9999.000,9999.000,9999.000,9999.000,9999.000,9999.000
202602192336,   3.009,9999.000,9999.000,9999.000,9999.000,9999.000,9999.000,9999.000,9999.000
202602192342,   3.145,9999.000,9999.000,9999.000,9999.000,9999.000,9999.000,9999.000,9999.000
202602192348,   3.276,9999.000,9999.000,9999.000,9999.000,9999.000,9999.000,9999.000,9999.000
202602192354,   3.403,9999.000,9999.000,9999.000,9999.000,9999.000,9999.000,9999.000,9999.000
202602200000,   3.524,9999.000,   1.100,   0.405,   5.029,   0.900,   4.829,   1.100,   5.029
202602200006,   3.641,9999.000,9999.000,9999.000,9999.000,9999.000,9999.000,9999.000,9999.000
202602200012,   3.752,9999.000,9999.000,9999.000,9999.000,9999.000,9999.000,9999.000,9999.000
202602200018,   3.858,9999.000,9999.000,9999.000,9999.000,9999.000,9999.000,9999.000,9999.000
202602200024,   3.959,9999.000,9999.000,9999.000,9999.000,9999.000,9999.000,9999.000,9999.000
202602200030,   4.054,9999.000,9999.000,9999.000,9999.000,9999.000,9999.000,9999.000,9999.000
202602200036,   4.143,9999.000,9999.000,9999.000,9999.000,9999.000,9999.000,9999.000,9999.000
202602200042,   4.227,9999.000,9999.000,9999.000,9999.000,9999.000,9999.000,9999.000,9999.000
202602200048,   4.305,9999.000,9999.000,9999.000,9999.000,9999.000,9999.000,9999.000,9999.000
202602200054,   4.378,9999.000,9999.000,9999.000,9999.000,9999.000,9999.000,9999.000,9999.000
202602200100,   4.445,9999.000,   1.000,   0.405,   5.850,   0.900,   5.750,   1.200,   6.050
202602200106,   4.506,9999.000,9999.000,9999.000,9999.000,9999.000,9999.000,9999.000,9999.000
202602200112,   4.562,9999.000,9999.000,9999.000,9999.000,9999.000,9999.000,9999.000,9999.000
202602200118,   4.611,9999.000,9999.000,9999.000,9999.000,9999.000,9999.000,9999.000,9999.000
202602200124,   4.656,9999.000,9999.000,9999.000,9999.000,9999.000,9999.000,9999.000,9999.000
202602200130,   4.694,9999.000,9999.000,9999.000,9999.000,9999.000,9999.000,9999.000,9999.000
202602200136,   4.727,9999.000,9999.000,9999.000,9999.000,9999.000,9999.000,9999.000,9999.000
202602200142,   4.754,9999.000,9999.000,9999.000,9999.000,9999.000,9999.000,9999.000,9999.000
202602200148,   4.775,9999.000,9999.000,9999.000,9999.000,9999.000,9999.000,9999.000,9999.000
202602200154,   4.791,9999.000,9999.000,9999.000,9999.000,9999.000,9999.000,9999.000,9999.000
202602200200,   4.801,9999.000,   1.000,   0.405,   6.206,   0.900,   6.106,   1.200,   6.406
202602200206,   4.804,9999.000,9999.000,9999.000,9999.000,9999.000,9999.000,9999.000,9999.000
202602200212,   4.802,9999.000,9999.000,9999.000,9999.000,9999.000,9999.000,9999.000,9999.000
202602200218,   4.794,9999.000,9999.000,9999.000,9999.000,9999.000,9999.000,9999.000,9999.000
202602200224,   4.780,9999.000,9999.000,9999.000,9999.000,9999.000,9999.000,9999.000,9999.000
202602200230,   4.760,9999.000,9999.000,9999.000,9999.000,9999.000,9999.000,9999.000,9999.000
202602200236,   4.733,9999.000,9999.000,9999.000,9999.000,9999.000,9999.000,9999.000,9999.000
202602200242,   4.701,9999.000,9999.000,9999.000,9999.000,9999.000,9999.000,9999.000,9999.000
202602200248,   4.662,9999.000,9999.000,9999.000,9999.000,9999.000,9999.000,9999.000,9999.000
202602200254,   4.617,9999.000,9999.000,9999.000,9999.000,9999.000,9999.000,9999.000,9999.000
202602200300,   4.567,9999.000,   1.100,   0.405,   6.072,   0.900,   5.872,   1.300,   6.272
202602200306,   4.510,9999.000,9999.000,9999.000,9999.000,9999.000,9999.000,9999.000,9999.000
202602200312,   4.447,9999.000,9999.000,9999.000,9999.000,9999.000,9999.000,9999.000,9999.000
202602200318,   4.378,9999.000,9999.000,9999.000,9999.000,9999.000,9999.000,9999.000,9999.000
202602200324,   4.304,9999.000,9999.000,9999.000,9999.000,9999.000,9999.000,9999.000,9999.000
202602200330,   4.224,9999.000,9999.000,9999.000,9999.000,9999.000,9999.000,9999.000,9999.000
202602200336,   4.139,9999.000,9999.000,9999.000,9999.000,9999.000,9999.000,9999.000,9999.000
202602200342,   4.049,9999.000,9999.000,9999.000,9999.000,9999.000,9999.000,9999.000,9999.000
202602200348,   3.954,9999.000,9999.000,9999.000,9999.000,9999.000,9999.000,9999.000,9999.000
202602200354,   3.854,9999.000,9999.000,9999.000,9999.000,9999.000,9999.000,9999.000,9999.000
202602200400,   3.750,9999.000,   1.100,   0.405,   5.255,   0.900,   5.055,   1.300,   5.455
202602200406,   3.641,9999.000,9999.000,9999.000,9999.000,9999.000,9999.000,9999.000,9999.000
202602200412,   3.530,9999.000,9999.000,9999.000,9999.000,9999.000,9999.000,9999.000,9999.000
202602200418,   3.414,9999.000,9999.000,9999.000,9999.000,9999.000,9999.000,9999.000,9999.000
202602200424,   3.296,9999.000,9999.000,9999.000,9999.000,9999.000,9999.000,9999.000,9999.000
202602200430,   3.176,9999.000,9999.000,9999.000,9999.000,9999.000,9999.000,9999.000,9999.000
202602200436,   3.053,9999.000,9999.000,9999.000,9999.000,9999.000,9999.000,9999.000,9999.000
202602200442,   2.928,9999.000,9999.000,9999.000,9999.000,9999.000,9999.000,9999.000,9999.000
202602200448,   2.802,9999.000,9999.000,9999.000,9999.000,9999.000,9999.000,9999.000,9999.000
202602200454,   2.674,9999.000,9999.000,9999.000,9999.000,9999.000,9999.000,9999.000,9999.000
202602200500,   2.546,9999.000,   1.100,   0.405,   4.051,   1.000,   3.951,   1.400,   4.351
202602200506,   2.418,9999.000,9999.000,9999.000,9999.000,9999.000,9999.000,9999.000,9999.000
202602200512,   2.290,9999.000,9999.000,9999.000,9999.000,9999.000,9999.000,9999.000,9999.000
202602200518,   2.161,9999.000,9999.000,9999.000,9999.000,9999.000,9999.000,9999.000,9999.000
202602200524,   2.034,9999.000,9999.000,9999.000,9999.000,9999.000,9999.000,9999.000,9999.000
202602200530,   1.907,9999.000,9999.000,9999.000,9999.000,9999.000,9999.000,9999.000,9999.000
202602200536,   1.782,9999.000,9999.000,9999.000,9999.000,9999.000,9999.000,9999.000,9999.000
202602200542,   1.658,9999.000,9999.000,9999.000,9999.000,9999.000,9999.000,9999.000,9999.000
202602200548,   1.536,9999.000,9999.000,9999.000,9999.000,9999.000,9999.000,9999.000,9999.000
202602200554,   1.416,9999.000,9999.000,9999.000,9999.000,9999.000,9999.000,9999.000,9999.000
202602200600,   1.297,9999.000,   1.200,   0.405,   2.902,   1.000,   2.702,   1.500,   3.202
202602200606,   1.182,9999.000,9999.000,9999.000,9999.000,9999.000,9999.000,9999.000,9999.000
202602200612,   1.068,9999.000,9999.000,9999.000,9999.000,9999.000,9999.000,9999.000,9999.000
202602200618,   0.957,9999.000,9999.000,9999.000,9999.000,9999.000,9999.000,9999.000,9999.000
202602200624,   0.849,9999.000,9999.000,9999.000,9999.000,9999.000,9999.000,9999.000,9999.000
202602200630,   0.744,9999.000,9999.000,9999.000,9999.000,9999.000,9999.000,9999.000,9999.000
202602200636,   0.642,9999.000,9999.000,9999.000,9999.000,9999.000,9999.000,9999.000,9999.000
202602200642,   0.543,9999.000,9999.000,9999.000,9999.000,9999.000,9999.000,9999.000,9999.000
202602200648,   0.448,9999.000,9999.000,9999.000,9999.000,9999.000,9999.000,9999.000,9999.000
202602200654,   0.356,9999.000,9999.000,9999.000,9999.000,9999.000,9999.000,9999.000,9999.000
202602200700,   0.268,9999.000,   1.200,   0.405,   1.873,   1.000,   1.673,   1.500,   2.173
202602200706,   0.184,9999.000,9999.000,9999.000,9999.000,9999.000,9999.000,9999.000,9999.000
202602200712,   0.103,9999.000,9999.000,9999.000,9999.000,9999.000,9999.000,9999.000,9999.000
202602200718,   0.027,9999.000,9999.000,9999.000,9999.000,9999.000,9999.000,9999.000,9999.000
202602200724,  -0.044,9999.000,9999.000,9999.000,9999.000,9999.000,9999.000,9999.000,9999.000
202602200730,  -0.111,9999.000,9999.000,9999.000,9999.000,9999.000,9999.000,9999.000,9999.000
202602200736,  -0.173,9999.000,9999.000,9999.000,9999.000,9999.000,9999.000,9999.000,9999.000
202602200742,  -0.230,9999.000,9999.000,9999.000,9999.000,9999.000,9999.000,9999.000,9999.000
202602200748,  -0.282,9999.000,9999.000,9999.000,9999.000,9999.000,9999.000,9999.000,9999.000
202602200754,  -0.328,9999.000,9999.000,9999.000,9999.000,9999.000,9999.000,9999.000,9999.000
202602200800,  -0.369,9999.000,   1.200,   0.405,   1.236,   1.000,   1.036,   1.400,   1.436
202602200806,  -0.403,9999.000,9999.000,9999.000,9999.000,9999.000,9999.000,9999.000,9999.000
202602200812,  -0.431,9999.000,9999.000,9999.000,9999.000,9999.000,9999.000,9999.000,9999.000
202602200818,  -0.452,9999.000,9999.000,9999.000,9999.000,9999.000,9999.000,9999.000,9999.000
202602200824,  -0.466,9999.000,9999.000,9999.000,9999.000,9999.000,9999.000,9999.000,9999.000
202602200830,  -0.473,9999.000,9999.000,9999.000,9999.000,9999.000,9999.000,9999.000,9999.000
202602200836,  -0.473,9999.000,9999.000,9999.000,9999.000,9999.000,9999.000,9999.000,9999.000
202602200842,  -0.465,9999.000,9999.000,9999.000,9999.000,9999.000,9999.000,9999.000,9999.000
202602200848,  -0.449,9999.000,9999.000,9999.000,9999.000,9999.000,9999.000,9999.000,9999.000
202602200854,  -0.425,9999.000,9999.000,9999.000,9999.000,9999.000,9999.000,9999.000,9999.000
202602200900,  -0.394,9999.000,   1.200,   0.405,   1.211,   1.000,   1.011,   1.400,   1.411
202602200906,  -0.354,9999.000,9999.000,9999.000,9999.000,9999.000,9999.000,9999.000,9999.000
202602200912,  -0.306,9999.000,9999.000,9999.000,9999.000,9999.000,9999.000,9999.000,9999.000
202602200918,  -0.250,9999.000,9999.000,9999.000,9999.000,9999.000,9999.000,9999.000,9999.000
202602200924,  -0.186,9999.000,9999.000,9999.000,9999.000,9999.000,9999.000,9999.000,9999.000
202602200930,  -0.114,9999.000,9999.000,9999.000,9999.000,9999.000,9999.000,9999.000,9999.000
202602200936,  -0.034,9999.000,9999.000,9999.000,9999.000,9999.000,9999.000,9999.000,9999.000
202602200942,   0.053,9999.000,9999.000,9999.000,9999.000,9999.000,9999.000,9999.000,9999.000
202602200948,   0.147,9999.000,9999.000,9999.000,9999.000,9999.000,9999.000,9999.000,9999.000
202602200954,   0.249,9999.000,9999.000,9999.000,9999.000,9999.000,9999.000,9999.000,9999.000
202602201000,   0.358,9999.000,   1.200,   0.405,   1.963,   1.000,   1.763,   1.500,   2.263
202602201006,   0.472,9999.000,9999.000,9999.000,9999.000,9999.000,9999.000,9999.000,9999.000
202602201012,   0.593,9999.000,9999.000,9999.000,9999.000,9999.000,9999.000,9999.000,9999.000
202602201018,   0.718,9999.000,9999.000,9999.000,9999.000,9999.000,9999.000,9999.000,9999.000
202602201024,   0.849,9999.000,9999.000,9999.000,9999.000,9999.000,9999.000,9999.000,9999.000
202602201030,   0.984,9999.000,9999.000,9999.000,9999.000,9999.000,9999.000,9999.000,9999.000
202602201036,   1.122,9999.000,9999.000,9999.000,9999.000,9999.000,9999.000,9999.000,9999.000
202602201042,   1.264,9999.000,9999.000,9999.000,9999.000,9999.000,9999.000,9999.000,9999.000
202602201048,   1.408,9999.000,9999.000,9999.000,9999.000,9999.000,9999.000,9999.000,9999.000
202602201054,   1.554,9999.000,9999.000,9999.000,9999.000,9999.000,9999.000,9999.000,9999.000
202602201100,   1.701,9999.000,   1.300,   0.405,   3.406,   1.000,   3.106,   1.500,   3.606
202602201106,   1.849,9999.000,9999.000,9999.000,9999.000,9999.000,9999.000,9999.000,9999.000
202602201112,   1.998,9999.000,9999.000,9999.000,9999.000,9999.000,9999.000,9999.000,9999.000
202602201118,   2.145,9999.000,9999.000,9999.000,9999.000,9999.000,9999.000,9999.000,9999.000
202602201124,   2.292,9999.000,9999.000,9999.000,9999.000,9999.000,9999.000,9999.000,9999.000
202602201130,   2.437,9999.000,9999.000,9999.000,9999.000,9999.000,9999.000,9999.000,9999.000
202602201136,   2.581,9999.000,9999.000,9999.000,9999.000,9999.000,9999.000,9999.000,9999.000
202602201142,   2.722,9999.000,9999.000,9999.000,9999.000,9999.000,9999.000,9999.000,9999.000
202602201148,   2.859,9999.000,9999.000,9999.000,9999.000,9999.000,9999.000,9999.000,9999.000
202602201154,   2.994,9999.000,9999.000,9999.000,9999.000,9999.000,9999.000,9999.000,9999.000
202602201200,   3.125,9999.000,   1.300,   0.405,   4.830,   1.100,   4.630,   1.600,   5.130
202602201206,   3.252,9999.000,9999.000,9999.000,9999.000,9999.000,9999.000,9999.000,9999.000
202602201212,   3.375,9999.000,9999.000,9999.000,9999.000,9999.000,9999.000,9999.000,9999.000
202602201218,   3.493,9999.000,9999.000,9999.000,9999.000,9999.000,9999.000,9999.000,9999.000
202602201224,   3.606,9999.000,9999.000,9999.000,9999.000,9999.000,9999.000,9999.000,9999.000
202602201230,   3.715,9999.000,9999.000,9999.000,9999.000,9999.000,9999.000,9999.000,9999.000
202602201236,   3.819,9999.000,9999.000,9999.000,9999.000,9999.000,9999.000,9999.000,9999.000
202602201242,   3.917,9999.000,9999.000,9999.000,9999.000,9999.000,9999.000,9999.000,9999.000
202602201248,   4.011,9999.000,9999.000,9999.000,9999.000,9999.000,9999.000,9999.000,9999.000
202602201254,   4.099,9999.000,9999.000,9999.000,9999.000,9999.000,9999.000,9999.000,9999.000
202602201300,   4.181,9999.000,   1.300,   0.405,   5.886,   1.100,   5.686,   1.600,   6.186
202602201306,   4.258,9999.000,9999.000,9999.000,9999.000,9999.000,9999.000,9999.000,9999.000
202602201312,   4.330,9999.000,9999.000,9999.000,9999.000,9999.000,9999.000,9999.000,9999.000
202602201318,   4.397,9999.000,9999.000,9999.000,9999.000,9999.000,9999.000,9999.000,9999.000
202602201324,   4.458,9999.000,9999.000,9999.000,9999.000,9999.000,9999.000,9999.000,9999.000
202602201330,   4.513,9999.000,9999.000,9999.000,9999.000,9999.000,9999.000,9999.000,9999.000
202602201336,   4.564,9999.000,9999.000,9999.000,9999.000,9999.000,9999.000,9999.000,9999.000
202602201342,   4.608,9999.000,9999.000,9999.000,9999.000,9999.000,9999.000,9999.000,9999.000
202602201348,   4.648,9999.000,9999.000,9999.000,9999.000,9999.000,9999.000,9999.000,9999.000
202602201354,   4.681,9999.000,9999.000,9999.000,9999.000,9999.000,9999.000,9999.000,9999.000
202602201400,   4.710,9999.000,   1.400,   0.405,   6.515,   1.100,   6.215,   1.700,   6.815
202602201406,   4.732,9999.000,9999.000,9999.000,9999.000,9999.000,9999.000,9999.000,9999.000
202602201412,   4.749,9999.000,9999.000,9999.000,9999.000,9999.000,9999.000,9999.000,9999.000
202602201418,   4.761,9999.000,9999.000,9999.000,9999.000,9999.000,9999.000,9999.000,9999.000
202602201424,   4.766,9999.000,9999.000,9999.000,9999.000,9999.000,9999.000,9999.000,9999.000
202602201430,   4.766,9999.000,9999.000,9999.000,9999.000,9999.000,9999.000,9999.000,9999.000
202602201436,   4.760,9999.000,9999.000,9999.000,9999.000,9999.000,9999.000,9999.000,9999.000
202602201442,   4.748,9999.000,9999.000,9999.000,9999.000,9999.000,9999.000,9999.000,9999.000
202602201448,   4.730,9999.000,9999.000,9999.000,9999.000,9999.000,9999.000,9999.000,9999.000
202602201454,   4.706,9999.000,9999.000,9999.000,9999.000,9999.000,9999.000,9999.000,9999.000
202602201500,   4.676,9999.000,   1.300,   0.405,   6.381,   1.100,   6.181,   1.700,   6.781
202602201506,   4.640,9999.000,9999.000,9999.000,9999.000,9999.000,9999.000,9999.000,9999.000
202602201512,   4.597,9999.000,9999.000,9999.000,9999.000,9999.000,9999.000,9999.000,9999.000
202602201518,   4.549,9999.000,9999.000,9999.000,9999.000,9999.000,9999.000,9999.000,9999.000
202602201524,   4.494,9999.000,9999.000,9999.000,9999.000,9999.000,9999.000,9999.000,9999.000
202602201530,   4.433,9999.000,9999.000,9999.000,9999.000,9999.000,9999.000,9999.000,9999.000
202602201536,   4.366,9999.000,9999.000,9999.000,9999.000,9999.000,9999.000,9999.000,9999.000
202602201542,   4.293,9999.000,9999.000,9999.000,9999.000,9999.000,9999.000,9999.000,9999.000
202602201548,   4.214,9999.000,9999.000,9999.000,9999.000,9999.000,9999.000,9999.000,9999.000
202602201554,   4.129,9999.000,9999.000,9999.000,9999.000,9999.000,9999.000,9999.000,9999.000
202602201600,   4.039,9999.000,   1.300,   0.405,   5.744,   1.100,   5.544,   1.700,   6.144
202602201606,   3.943,9999.000,9999.000,9999.000,9999.000,9999.000,9999.000,9999.000,9999.000
202602201612,   3.843,9999.000,9999.000,9999.000,9999.000,9999.000,9999.000,9999.000,9999.000
202602201618,   3.737,9999.000,9999.000,9999.000,9999.000,9999.000,9999.000,9999.000,9999.000
202602201624,   3.627,9999.000,9999.000,9999.000,9999.000,9999.000,9999.000,9999.000,9999.000
202602201630,   3.513,9999.000,9999.000,9999.000,9999.000,9999.000,9999.000,9999.000,9999.000
202602201636,   3.395,9999.000,9999.000,9999.000,9999.000,9999.000,9999.000,9999.000,9999.000
202602201642,   3.273,9999.000,9999.000,9999.000,9999.000,9999.000,9999.000,9999.000,9999.000
202602201648,   3.148,9999.000,9999.000,9999.000,9999.000,9999.000,9999.000,9999.000,9999.000
202602201654,   3.020,9999.000,9999.000,9999.000,9999.000,9999.000,9999.000,9999.000,9999.000
202602201700,   2.890,9999.000,   1.300,   0.405,   4.595,   1.100,   4.395,   1.600,   4.895
202602201706,   2.758,9999.000,9999.000,9999.000,9999.000,9999.000,9999.000,9999.000,9999.000
202602201712,   2.624,9999.000,9999.000,9999.000,9999.000,9999.000,9999.000,9999.000,9999.000
202602201718,   2.489,9999.000,9999.000,9999.000,9999.000,9999.000,9999.000,9999.000,9999.000
202602201724,   2.353,9999.000,9999.000,9999.000,9999.000,9999.000,9999.000,9999.000,9999.000
202602201730,   2.217,9999.000,9999.000,9999.000,9999.000,9999.000,9999.000,9999.000,9999.000
202602201736,   2.081,9999.000,9999.000,9999.000,9999.000,9999.000,9999.000,9999.000,9999.000
202602201742,   1.945,9999.000,9999.000,9999.000,9999.000,9999.000,9999.000,9999.000,9999.000
202602201748,   1.809,9999.000,9999.000,9999.000,9999.000,9999.000,9999.000,9999.000,9999.000
202602201754,   1.675,9999.000,9999.000,9999.000,9999.000,9999.000,9999.000,9999.000,9999.000
202602201800,   1.542,9999.000,   1.400,   0.405,   3.347,   1.100,   3.047,   1.600,   3.547
202602201806,   1.411,9999.000,9999.000,9999.000,9999.000,9999.000,9999.000,9999.000,9999.000
202602201812,   1.282,9999.000,9999.000,9999.000,9999.000,9999.000,9999.000,9999.000,9999.000
202602201818,   1.155,9999.000,9999.000,9999.000,9999.000,9999.000,9999.000,9999.000,9999.000
202602201824,   1.031,9999.000,9999.000,9999.000,9999.000,9999.000,9999.000,9999.000,9999.000
202602201830,   0.909,9999.000,9999.000,9999.000,9999.000,9999.000,9999.000,9999.000,9999.000
202602201836,   0.790,9999.000,9999.000,9999.000,9999.000,9999.000,9999.000,9999.000,9999.000
202602201842,   0.675,9999.000,9999.000,9999.000,9999.000,9999.000,9999.000,9999.000,9999.000
202602201848,   0.562,9999.000,9999.000,9999.000,9999.000,9999.000,9999.000,9999.000,9999.000
202602201854,   0.454,9999.000,9999.000,9999.000,9999.000,9999.000,9999.000,9999.000,9999.000
202602201900,   0.349,9999.000,   1.400,   0.405,   2.154,   1.200,   1.954,   1.600,   2.354
202602201906,   0.248,9999.000,9999.000,9999.000,9999.000,9999.000,9999.000,9999.000,9999.000
202602201912,   0.151,9999.000,9999.000,9999.000,9999.000,9999.000,9999.000,9999.000,9999.000
202602201918,   0.058,9999.000,9999.000,9999.000,9999.000,9999.000,9999.000,9999.000,9999.000
202602201924,  -0.029,9999.000,9999.000,9999.000,9999.000,9999.000,9999.000,9999.000,9999.000
202602201930,  -0.113,9999.000,9999.000,9999.000,9999.000,9999.000,9999.000,9999.000,9999.000
202602201936,  -0.192,9999.000,9999.000,9999.000,9999.000,9999.000,9999.000,9999.000,9999.000
202602201942,  -0.266,9999.000,9999.000,9999.000,9999.000,9999.000,9999.000,9999.000,9999.000
202602201948,  -0.334,9999.000,9999.000,9999.000,9999.000,9999.000,9999.000,9999.000,9999.000
202602201954,  -0.398,9999.000,9999.000,9999.000,9999.000,9999.000,9999.000,9999.000,9999.000
202602202000,  -0.455,9999.000,   1.400,   0.405,   1.350,   1.100,   1.050,   1.600,   1.550
202602202006,  -0.507,9999.000,9999.000,9999.000,9999.000,9999.000,9999.000,9999.000,9999.000
202602202012,  -0.552,9999.000,9999.000,9999.000,9999.000,9999.000,9999.000,9999.000,9999.000
202602202018,  -0.591,9999.000,9999.000,9999.000,9999.000,9999.000,9999.000,9999.000,9999.000
202602202024,  -0.624,9999.000,9999.000,9999.000,9999.000,9999.000,9999.000,9999.000,9999.000
202602202030,  -0.650,9999.000,9999.000,9999.000,9999.000,9999.000,9999.000,9999.000,9999.000
202602202036,  -0.669,9999.000,9999.000,9999.000,9999.000,9999.000,9999.000,9999.000,9999.000
202602202042,  -0.680,9999.000,9999.000,9999.000,9999.000,9999.000,9999.000,9999.000,9999.000
202602202048,  -0.684,9999.000,9999.000,9999.000,9999.000,9999.000,9999.000,9999.000,9999.000
202602202054,  -0.681,9999.000,9999.000,9999.000,9999.000,9999.000,9999.000,9999.000,9999.000
202602202100,  -0.670,9999.000,   1.400,   0.405,   1.135,   1.200,   0.935,   1.600,   1.335
202602202106,  -0.650,9999.000,9999.000,9999.000,9999.000,9999.000,9999.000,9999.000,9999.000
202602202112,  -0.623,9999.000,9999.000,9999.000,9999.000,9999.000,9999.000,9999.000,9999.000
202602202118,  -0.587,9999.000,9999.000,9999.000,9999.000,9999.000,9999.000,9999.000,9999.000
202602202124,  -0.543,9999.000,9999.000,9999.000,9999.000,9999.000,9999.000,9999.000,9999.000
202602202130,  -0.491,9999.000,9999.000,9999.000,9999.000,9999.000,9999.000,9999.000,9999.000
202602202136,  -0.431,9999.000,9999.000,9999.000,9999.000,9999.000,9999.000,9999.000,9999.000
202602202142,  -0.362,9999.000,9999.000,9999.000,9999.000,9999.000,9999.000,9999.000,9999.000
202602202148,  -0.285,9999.000,9999.000,9999.000,9999.000,9999.000,9999.000,9999.000,9999.000
202602202154,  -0.201,9999.000,9999.000,9999.000,9999.000,9999.000,9999.000,9999.000,9999.000
202602202200,  -0.109,9999.000,   1.400,   0.405,   1.696,   1.200,   1.496,   1.700,   1.996
202602202206,  -0.009,9999.000,9999.000,9999.000,9999.000,9999.000,9999.000,9999.000,9999.000
202602202212,   0.097,9999.000,9999.000,9999.000,9999.000,9999.000,9999.000,9999.000,9999.000
202602202218,   0.210,9999.000,9999.000,9999.000,9999.000,9999.000,9999.000,9999.000,9999.000
202602202224,   0.330,9999.000,9999.000,9999.000,9999.000,9999.000,9999.000,9999.000,9999.000
202602202230,   0.456,9999.000,9999.000,9999.000,9999.000,9999.000,9999.000,9999.000,9999.000
202602202236,   0.588,9999.000,9999.000,9999.000,9999.000,9999.000,9999.000,9999.000,9999.000
202602202242,   0.724,9999.000,9999.000,9999.000,9999.000,9999.000,9999.000,9999.000,9999.000
202602202248,   0.865,9999.000,9999.000,9999.000,9999.000,9999.000,9999.000,9999.000,9999.000
202602202254,   1.010,9999.000,9999.000,9999.000,9999.000,9999.000,9999.000,9999.000,9999.000
202602202300,   1.158,9999.000,   1.400,   0.405,   2.963,   1.200,   2.763,   1.700,   3.263
202602202306,   1.309,9999.000,9999.000,9999.000,9999.000,9999.000,9999.000,9999.000,9999.000
202602202312,   1.461,9999.000,9999.000,9999.000,9999.000,9999.000,9999.000,9999.000,9999.000
202602202318,   1.616,9999.000,9999.000,9999.000,9999.000,9999.000,9999.000,9999.000,9999.000
202602202324,   1.771,9999.000,9999.000,9999.000,9999.000,9999.000,9999.000,9999.000,9999.000
202602202330,   1.926,9999.000,9999.000,9999.000,9999.000,9999.000,9999.000,9999.000,9999.000
202602202336,   2.082,9999.000,9999.000,9999.000,9999.000,9999.000,9999.000,9999.000,9999.000
202602202342,   2.236,9999.000,9999.000,9999.000,9999.000,9999.000,9999.000,9999.000,9999.000
202602202348,   2.389,9999.000,9999.000,9999.000,9999.000,9999.000,9999.000,9999.000,9999.000
202602202354,   2.540,9999.000,9999.000,9999.000,9999.000,9999.000,9999.000,9999.000,9999.000
202602210000,   2.688,9999.000,   1.400,   0.405,   4.493,   1.100,   4.193,   1.600,   4.693
202602210006,   2.834,9999.000,9999.000,9999.000,9999.000,9999.000,9999.000,9999.000,9999.000
202602210012,   2.976,9999.000,9999.000,9999.000,9999.000,9999.000,9999.000,9999.000,9999.000
202602210018,   3.114,9999.000,9999.000,9999.000,9999.000,9999.000,9999.000,9999.000,9999.000
202602210024,   3.248,9999.000,9999.000,9999.000,9999.000,9999.000,9999.000,9999.000,9999.000
202602210030,   3.378,9999.000,9999.000,9999.000,9999.000,9999.000,9999.000,9999.000,9999.000
202602210036,   3.504,9999.000,9999.000,9999.000,9999.000,9999.000,9999.000,9999.000,9999.000
202602210042,   3.624,9999.000,9999.000,9999.000,9999.000,9999.000,9999.000,9999.000,9999.000
202602210048,   3.740,9999.000,9999.000,9999.000,9999.000,9999.000,9999.000,9999.000,9999.000
202602210054,   3.850,9999.000,9999.000,9999.000,9999.000,9999.000,9999.000,9999.000,9999.000
202602210100,   3.954,9999.000,   1.400,   0.405,   5.759,   1.100,   5.459,   1.700,   6.059
202602210106,   4.054,9999.000,9999.000,9999.000,9999.000,9999.000,9999.000,9999.000,9999.000
202602210112,   4.147,9999.000,9999.000,9999.000,9999.000,9999.000,9999.000,9999.000,9999.000
202602210118,   4.235,9999.000,9999.000,9999.000,9999.000,9999.000,9999.000,9999.000,9999.000
202602210124,   4.318,9999.000,9999.000,9999.000,9999.000,9999.000,9999.000,9999.000,9999.000
202602210130,   4.395,9999.000,9999.000,9999.000,9999.000,9999.000,9999.000,9999.000,9999.000
202602210136,   4.466,9999.000,9999.000,9999.000,9999.000,9999.000,9999.000,9999.000,9999.000
202602210142,   4.532,9999.000,9999.000,9999.000,9999.000,9999.000,9999.000,9999.000,9999.000
202602210148,   4.592,9999.000,9999.000,9999.000,9999.000,9999.000,9999.000,9999.000,9999.000
202602210154,   4.647,9999.000,9999.000,9999.000,9999.000,9999.000,9999.000,9999.000,9999.000
202602210200,   4.696,9999.000,   1.300,   0.405,   6.401,   1.000,   6.101,   1.600,   6.701
202602210206,   4.739,9999.000,9999.000,9999.000,9999.000,9999.000,9999.000,9999.000,9999.000
202602210212,   4.777,9999.000,9999.000,9999.000,9999.000,9999.000,9999.000,9999.000,9999.000
202602210218,   4.809,9999.000,9999.000,9999.000,9999.000,9999.000,9999.000,9999.000,9999.000
202602210224,   4.836,9999.000,9999.000,9999.000,9999.000,9999.000,9999.000,9999.000,9999.000
202602210230,   4.858,9999.000,9999.000,9999.000,9999.000,9999.000,9999.000,9999.000,9999.000
202602210236,   4.874,9999.000,9999.000,9999.000,9999.000,9999.000,9999.000,9999.000,9999.000
202602210242,   4.884,9999.000,9999.000,9999.000,9999.000,9999.000,9999.000,9999.000,9999.000
202602210248,   4.889,9999.000,9999.000,9999.000,9999.000,9999.000,9999.000,9999.000,9999.000
202602210254,   4.888,9999.000,9999.000,9999.000,9999.000,9999.000,9999.000,9999.000,9999.000
202602210300,   4.881,9999.000,   1.200,   0.405,   6.486,   0.800,   6.086,   1.500,   6.786
202602210306,   4.869,9999.000,9999.000,9999.000,9999.000,9999.000,9999.000,9999.000,9999.000
202602210312,   4.850,9999.000,9999.000,9999.000,9999.000,9999.000,9999.000,9999.000,9999.000
202602210318,   4.826,9999.000,9999.000,9999.000,9999.000,9999.000,9999.000,9999.000,9999.000
202602210324,   4.796,9999.000,9999.000,9999.000,9999.000,9999.000,9999.000,9999.000,9999.000
202602210330,   4.761,9999.000,9999.000,9999.000,9999.000,9999.000,9999.000,9999.000,9999.000
202602210336,   4.719,9999.000,9999.000,9999.000,9999.000,9999.000,9999.000,9999.000,9999.000
202602210342,   4.671,9999.000,9999.000,9999.000,9999.000,9999.000,9999.000,9999.000,9999.000
202602210348,   4.618,9999.000,9999.000,9999.000,9999.000,9999.000,9999.000,9999.000,9999.000
202602210354,   4.559,9999.000,9999.000,9999.000,9999.000,9999.000,9999.000,9999.000,9999.000
202602210400,   4.494,9999.000,   1.200,   0.405,   6.099,   0.600,   5.499,   1.500,   6.399
202602210406,   4.423,9999.000,9999.000,9999.000,9999.000,9999.000,9999.000,9999.000,9999.000
202602210412,   4.347,9999.000,9999.000,9999.000,9999.000,9999.000,9999.000,9999.000,9999.000
202602210418,   4.265,9999.000,9999.000,9999.000,9999.000,9999.000,9999.000,9999.000,9999.000
202602210424,   4.178,9999.000,9999.000,9999.000,9999.000,9999.000,9999.000,9999.000,9999.000
202602210430,   4.086,9999.000,9999.000,9999.000,9999.000,9999.000,9999.000,9999.000,9999.000
202602210436,   3.989,9999.000,9999.000,9999.000,9999.000,9999.000,9999.000,9999.000,9999.000
202602210442,   3.887,9999.000,9999.000,9999.000,9999.000,9999.000,9999.000,9999.000,9999.000
202602210448,   3.781,9999.000,9999.000,9999.000,9999.000,9999.000,9999.000,9999.000,9999.000
202602210454,   3.671,9999.000,9999.000,9999.000,9999.000,9999.000,9999.000,9999.000,9999.000
202602210500,   3.558,9999.000,   1.100,   0.405,   5.063,   0.500,   4.463,   1.500,   5.463
202602210506,   3.441,9999.000,9999.000,9999.000,9999.000,9999.000,9999.000,9999.000,9999.000
202602210512,   3.321,9999.000,9999.000,9999.000,9999.000,9999.000,9999.000,9999.000,9999.000
202602210518,   3.198,9999.000,9999.000,9999.000,9999.000,9999.000,9999.000,9999.000,9999.000
202602210524,   3.073,9999.000,9999.000,9999.000,9999.000,9999.000,9999.000,9999.000,9999.000
202602210530,   2.946,9999.000,9999.000,9999.000,9999.000,9999.000,9999.000,9999.000,9999.000
202602210536,   2.818,9999.000,9999.000,9999.000,9999.000,9999.000,9999.000,9999.000,9999.000
202602210542,   2.688,9999.000,9999.000,9999.000,9999.000,9999.000,9999.000,9999.000,9999.000
202602210548,   2.558,9999.000,9999.000,9999.000,9999.000,9999.000,9999.000,9999.000,9999.000
202602210554,   2.428,9999.000,9999.000,9999.000,9999.000,9999.000,9999.000,9999.000,9999.000
202602210600,   2.297,9999.000,   1.000,   0.405,   3.702,   0.500,   3.202,   1.500,   4.202
202602210606,   2.167,9999.000,9999.000,9999.000,9999.000,9999.000,9999.000,9999.000,9999.000
202602210612,   2.038,9999.000,9999.000,9999.000,9999.000,9999.000,9999.000,9999.000,9999.000
202602210618,   1.910,9999.000,9999.000,9999.000,9999.000,9999.000,9999.000,9999.000,9999.000
202602210624,   1.783,9999.000,9999.000,9999.000,9999.000,9999.000,9999.000,9999.000,9999.000
202602210630,   1.658,9999.000,9999.000,9999.000,9999.000,9999.000,9999.000,9999.000,9999.000
202602210636,   1.535,9999.000,9999.000,9999.000,9999.000,9999.000,9999.000,9999.000,9999.000
202602210642,   1.414,9999.000,9999.000,9999.000,9999.000,9999.000,9999.000,9999.000,9999.000
202602210648,   1.295,9999.000,9999.000,9999.000,9999.000,9999.000,9999.000,9999.000,9999.000
202602210654,   1.179,9999.000,9999.000,9999.000,9999.000,9999.000,9999.000,9999.000,9999.000
202602210700,   1.066,9999.000,   1.000,   0.405,   2.471,   0.500,   1.971,   1.500,   2.971
202602210706,   0.956,9999.000,9999.000,9999.000,9999.000,9999.000,9999.000,9999.000,9999.000
202602210712,   0.850,9999.000,9999.000,9999.000,9999.000,9999.000,9999.000,9999.000,9999.000
202602210718,   0.746,9999.000,9999.000,9999.000,9999.000,9999.000,9999.000,9999.000,9999.000
202602210724,   0.647,9999.000,9999.000,9999.000,9999.000,9999.000,9999.000,9999.000,9999.000
202602210730,   0.551,9999.000,9999.000,9999.000,9999.000,9999.000,9999.000,9999.000,9999.000
202602210736,   0.458,9999.000,9999.000,9999.000,9999.000,9999.000,9999.000,9999.000,9999.000
202602210742,   0.370,9999.000,9999.000,9999.000,9999.000,9999.000,9999.000,9999.000,9999.000
202602210748,   0.286,9999.000,9999.000,9999.000,9999.000,9999.000,9999.000,9999.000,9999.000
202602210754,   0.206,9999.000,9999.000,9999.000,9999.000,9999.000,9999.000,9999.000,9999.000
202602210800,   0.131,9999.000,   1.000,   0.405,   1.536,   0.500,   1.036,   1.400,   1.936
202602210806,   0.060,9999.000,9999.000,9999.000,9999.000,9999.000,9999.000,9999.000,9999.000
202602210812,  -0.005,9999.000,9999.000,9999.000,9999.000,9999.000,9999.000,9999.000,9999.000
202602210818,  -0.066,9999.000,9999.000,9999.000,9999.000,9999.000,9999.000,9999.000,9999.000
202602210824,  -0.122,9999.000,9999.000,9999.000,9999.000,9999.000,9999.000,9999.000,9999.000
202602210830,  -0.172,9999.000,9999.000,9999.000,9999.000,9999.000,9999.000,9999.000,9999.000
202602210836,  -0.218,9999.000,9999.000,9999.000,9999.000,9999.000,9999.000,9999.000,9999.000
202602210842,  -0.257,9999.000,9999.000,9999.000,9999.000,9999.000,9999.000,9999.000,9999.000
202602210848,  -0.291,9999.000,9999.000,9999.000,9999.000,9999.000,9999.000,9999.000,9999.000
202602210854,  -0.318,9999.000,9999.000,9999.000,9999.000,9999.000,9999.000,9999.000,9999.000
202602210900,  -0.340,9999.000,   0.900,   0.405,   0.965,   0.500,   0.565,   1.400,   1.465
202602210906,  -0.355,9999.000,9999.000,9999.000,9999.000,9999.000,9999.000,9999.000,9999.000
202602210912,  -0.363,9999.000,9999.000,9999.000,9999.000,9999.000,9999.000,9999.000,9999.000
202602210918,  -0.365,9999.000,9999.000,9999.000,9999.000,9999.000,9999.000,9999.000,9999.000
202602210924,  -0.359,9999.000,9999.000,9999.000,9999.000,9999.000,9999.000,9999.000,9999.000
202602210930,  -0.347,9999.000,9999.000,9999.000,9999.000,9999.000,9999.000,9999.000,9999.000
202602210936,  -0.327,9999.000,9999.000,9999.000,9999.000,9999.000,9999.000,9999.000,9999.000
202602210942,  -0.300,9999.000,9999.000,9999.000,9999.000,9999.000,9999.000,9999.000,9999.000
202602210948,  -0.266,9999.000,9999.000,9999.000,9999.000,9999.000,9999.000,9999.000,9999.000
202602210954,  -0.224,9999.000,9999.000,9999.000,9999.000,9999.000,9999.000,9999.000,9999.000
202602211000,  -0.175,9999.000,   0.900,   0.405,   1.130,   0.400,   0.630,   1.400,   1.630
202602211006,  -0.119,9999.000,9999.000,9999.000,9999.000,9999.000,9999.000,9999.000,9999.000
202602211012,  -0.055,9999.000,9999.000,9999.000,9999.000,9999.000,9999.000,9999.000,9999.000
202602211018,   0.015,9999.000,9999.000,9999.000,9999.000,9999.000,9999.000,9999.000,9999.000
202602211024,   0.093,9999.000,9999.000,9999.000,9999.000,9999.000,9999.000,9999.000,9999.000
202602211030,   0.177,9999.000,9999.000,9999.000,9999.000,9999.000,9999.000,9999.000,9999.000
202602211036,   0.268,9999.000,9999.000,9999.000,9999.000,9999.000,9999.000,9999.000,9999.000
202602211042,   0.365,9999.000,9999.000,9999.000,9999.000,9999.000,9999.000,9999.000,9999.000
202602211048,   0.468,9999.000,9999.000,9999.000,9999.000,9999.000,9999.000,9999.000,9999.000
202602211054,   0.576,9999.000,9999.000,9999.000,9999.000,9999.000,9999.000,9999.000,9999.000
202602211100,   0.690,9999.000,   0.900,   0.405,   1.995,   0.300,   1.395,   1.400,   2.495
202602211106,   0.808,9999.000,9999.000,9999.000,9999.000,9999.000,9999.000,9999.000,9999.000
202602211112,   0.930,9999.000,9999.000,9999.000,9999.000,9999.000,9999.000,9999.000,9999.000
202602211118,   1.056,9999.000,9999.000,9999.000,9999.000,9999.000,9999.000,9999.000,9999.000
202602211124,   1.185,9999.000,9999.000,9999.000,9999.000,9999.000,9999.000,9999.000,9999.000
202602211130,   1.317,9999.000,9999.000,9999.000,9999.000,9999.000,9999.000,9999.000,9999.000
202602211136,   1.451,9999.000,9999.000,9999.000,9999.000,9999.000,9999.000,9999.000,9999.000
202602211142,   1.586,9999.000,9999.000,9999.000,9999.000,9999.000,9999.000,9999.000,9999.000
202602211148,   1.723,9999.000,9999.000,9999.000,9999.000,9999.000,9999.000,9999.000,9999.000
202602211154,   1.859,9999.000,9999.000,9999.000,9999.000,9999.000,9999.000,9999.000,9999.000
202602211200,   1.996,9999.000,   0.900,   0.405,   3.301,   0.300,   2.701,   1.400,   3.801
202602211206,   2.132,9999.000,9999.000,9999.000,9999.000,9999.000,9999.000,9999.000,9999.000
202602211212,   2.268,9999.000,9999.000,9999.000,9999.000,9999.000,9999.000,9999.000,9999.000
202602211218,   2.401,9999.000,9999.000,9999.000,9999.000,9999.000,9999.000,9999.000,9999.000
202602211224,   2.533,9999.000,9999.000,9999.000,9999.000,9999.000,9999.000,9999.000,9999.000
202602211230,   2.662,9999.000,9999.000,9999.000,9999.000,9999.000,9999.000,9999.000,9999.000
202602211236,   2.788,9999.000,9999.000,9999.000,9999.000,9999.000,9999.000,9999.000,9999.000
202602211242,   2.912,9999.000,9999.000,9999.000,9999.000,9999.000,9999.000,9999.000,9999.000
202602211248,   3.031,9999.000,9999.000,9999.000,9999.000,9999.000,9999.000,9999.000,9999.000
202602211254,   3.147,9999.000,9999.000,9999.000,9999.000,9999.000,9999.000,9999.000,9999.000
202602211300,   3.259,9999.000,   0.900,   0.405,   4.564,   0.500,   4.164,   1.400,   5.064
202602211306,   3.367,9999.000,9999.000,9999.000,9999.000,9999.000,9999.000,9999.000,9999.000
202602211312,   3.471,9999.000,9999.000,9999.000,9999.000,9999.000,9999.000,9999.000,9999.000
202602211318,   3.570,9999.000,9999.000,9999.000,9999.000,9999.000,9999.000,9999.000,9999.000
202602211324,   3.664,9999.000,9999.000,9999.000,9999.000,9999.000,9999.000,9999.000,9999.000
202602211330,   3.753,9999.000,9999.000,9999.000,9999.000,9999.000,9999.000,9999.000,9999.000
202602211336,   3.838,9999.000,9999.000,9999.000,9999.000,9999.000,9999.000,9999.000,9999.000
202602211342,   3.918,9999.000,9999.000,9999.000,9999.000,9999.000,9999.000,9999.000,9999.000
202602211348,   3.993,9999.000,9999.000,9999.000,9999.000,9999.000,9999.000,9999.000,9999.000
202602211354,   4.063,9999.000,9999.000,9999.000,9999.000,9999.000,9999.000,9999.000,9999.000
202602211400,   4.128,9999.000,   0.900,   0.405,   5.433,   0.600,   5.133,   1.400,   5.933
202602211406,   4.188,9999.000,9999.000,9999.000,9999.000,9999.000,9999.000,9999.000,9999.000
202602211412,   4.243,9999.000,9999.000,9999.000,9999.000,9999.000,9999.000,9999.000,9999.000
202602211418,   4.293,9999.000,9999.000,9999.000,9999.000,9999.000,9999.000,9999.000,9999.000
202602211424,   4.338,9999.000,9999.000,9999.000,9999.000,9999.000,9999.000,9999.000,9999.000
202602211430,   4.378,9999.000,9999.000,9999.000,9999.000,9999.000,9999.000,9999.000,9999.000
202602211436,   4.413,9999.000,9999.000,9999.000,9999.000,9999.000,9999.000,9999.000,9999.000
202602211442,   4.443,9999.000,9999.000,9999.000,9999.000,9999.000,9999.000,9999.000,9999.000
202602211448,   4.469,9999.000,9999.000,9999.000,9999.000,9999.000,9999.000,9999.000,9999.000
202602211454,   4.489,9999.000,9999.000,9999.000,9999.000,9999.000,9999.000,9999.000,9999.000
202602211500,   4.503,9999.000,   1.000,   0.405,   5.908,   0.600,   5.508,   1.400,   6.308
202602211506,   4.513,9999.000,9999.000,9999.000,9999.000,9999.000,9999.000,9999.000,9999.000
202602211512,   4.517,9999.000,9999.000,9999.000,9999.000,9999.000,9999.000,9999.000,9999.000
202602211518,   4.516,9999.000,9999.000,9999.000,9999.000,9999.000,9999.000,9999.000,9999.000
202602211524,   4.510,9999.000,9999.000,9999.000,9999.000,9999.000,9999.000,9999.000,9999.000
202602211530,   4.498,9999.000,9999.000,9999.000,9999.000,9999.000,9999.000,9999.000,9999.000
202602211536,   4.481,9999.000,9999.000,9999.000,9999.000,9999.000,9999.000,9999.000,9999.000
202602211542,   4.457,9999.000,9999.000,9999.000,9999.000,9999.000,9999.000,9999.000,9999.000
202602211548,   4.428,9999.000,9999.000,9999.000,9999.000,9999.000,9999.000,9999.000,9999.000
202602211554,   4.393,9999.000,9999.000,9999.000,9999.000,9999.000,9999.000,9999.000,9999.000
202602211600,   4.353,9999.000,   1.000,   0.405,   5.758,   0.600,   5.358,   1.400,   6.158
202602211606,   4.306,9999.000,9999.000,9999.000,9999.000,9999.000,9999.000,9999.000,9999.000
202602211612,   4.253,9999.000,9999.000,9999.000,9999.000,9999.000,9999.000,9999.000,9999.000
202602211618,   4.195,9999.000,9999.000,9999.000,9999.000,9999.000,9999.000,9999.000,9999.000
202602211624,   4.130,9999.000,9999.000,9999.000,9999.000,9999.000,9999.000,9999.000,9999.000
202602211630,   4.060,9999.000,9999.000,9999.000,9999.000,9999.000,9999.000,9999.000,9999.000
202602211636,   3.984,9999.000,9999.000,9999.000,9999.000,9999.000,9999.000,9999.000,9999.000
202602211642,   3.902,9999.000,9999.000,9999.000,9999.000,9999.000,9999.000,9999.000,9999.000
202602211648,   3.815,9999.000,9999.000,9999.000,9999.000,9999.000,9999.000,9999.000,9999.000
202602211654,   3.723,9999.000,9999.000,9999.000,9999.000,9999.000,9999.000,9999.000,9999.000
202602211700,   3.625,9999.000,   1.000,   0.405,   5.030,   0.600,   4.630,   1.400,   5.430
202602211706,   3.523,9999.000,9999.000,9999.000,9999.000,9999.000,9999.000,9999.000,9999.000
202602211712,   3.415,9999.000,9999.000,9999.000,9999.000,9999.000,9999.000,9999.000,9999.000
202602211718,   3.304,9999.000,9999.000,9999.000,9999.000,9999.000,9999.000,9999.000,9999.000
202602211724,   3.189,9999.000,9999.000,9999.000,9999.000,9999.000,9999.000,9999.000,9999.000
202602211730,   3.070,9999.000,9999.000,9999.000,9999.000,9999.000,9999.000,9999.000,9999.000
202602211736,   2.948,9999.000,9999.000,9999.000,9999.000,9999.000,9999.000,9999.000,9999.000
202602211742,   2.823,9999.000,9999.000,9999.000,9999.000,9999.000,9999.000,9999.000,9999.000
202602211748,   2.696,9999.000,9999.000,9999.000,9999.000,9999.000,9999.000,9999.000,9999.000
202602211754,   2.567,9999.000,9999.000,9999.000,9999.000,9999.000,9999.000,9999.000,9999.000
202602211800,   2.436,9999.000,   1.000,   0.405,   3.841,   0.700,   3.541,   1.400,   4.241
202602211806,   2.304,9999.000,9999.000,9999.000,9999.000,9999.000,9999.000,9999.000,9999.000
202602211812,   2.171,9999.000,9999.000,9999.000,9999.000,9999.000,9999.000,9999.000,9999.000
202602211818,   2.038,9999.000,9999.000,9999.000,9999.000,9999.000,9999.000,9999.000,9999.000
202602211824,   1.905,9999.000,9999.000,9999.000,9999.000,9999.000,9999.000,9999.000,9999.000
202602211830,   1.773,9999.000,9999.000,9999.000,9999.000,9999.000,9999.000,9999.000,9999.000
202602211836,   1.642,9999.000,9999.000,9999.000,9999.000,9999.000,9999.000,9999.000,9999.000
202602211842,   1.512,9999.000,9999.000,9999.000,9999.000,9999.000,9999.000,9999.000,9999.000
202602211848,   1.384,9999.000,9999.000,9999.000,9999.000,9999.000,9999.000,9999.000,9999.000
202602211854,   1.258,9999.000,9999.000,9999.000,9999.000,9999.000,9999.000,9999.000,9999.000
202602211900,   1.134,9999.000,   1.000,   0.405,   2.539,   0.700,   2.239,   1.300,   2.839
202602211906,   1.013,9999.000,9999.000,9999.000,9999.000,9999.000,9999.000,9999.000,9999.000
202602211912,   0.895,9999.000,9999.000,9999.000,9999.000,9999.000,9999.000,9999.000,9999.000
202602211918,   0.781,9999.000,9999.000,9999.000,9999.000,9999.000,9999.000,9999.000,9999.000
202602211924,   0.669,9999.000,9999.000,9999.000,9999.000,9999.000,9999.000,9999.000,9999.000
202602211930,   0.562,9999.000,9999.000,9999.000,9999.000,9999.000,9999.000,9999.000,9999.000
202602211936,   0.458,9999.000,9999.000,9999.000,9999.000,9999.000,9999.000,9999.000,9999.000
202602211942,   0.359,9999.000,9999.000,9999.000,9999.000,9999.000,9999.000,9999.000,9999.000
202602211948,   0.264,9999.000,9999.000,9999.000,9999.000,9999.000,9999.000,9999.000,9999.000
202602211954,   0.174,9999.000,9999.000,9999.000,9999.000,9999.000,9999.000,9999.000,9999.000
202602212000,   0.088,9999.000,   1.100,   0.405,   1.593,   0.700,   1.193,   1.400,   1.893
202602212006,   0.007,9999.000,9999.000,9999.000,9999.000,9999.000,9999.000,9999.000,9999.000
202602212012,  -0.068,9999.000,9999.000,9999.000,9999.000,9999.000,9999.000,9999.000,9999.000
202602212018,  -0.140,9999.000,9999.000,9999.000,9999.000,9999.000,9999.000,9999.000,9999.000
202602212024,  -0.205,9999.000,9999.000,9999.000,9999.000,9999.000,9999.000,9999.000,9999.000
202602212030,  -0.266,9999.000,9999.000,9999.000,9999.000,9999.000,9999.000,9999.000,9999.000
202602212036,  -0.321,9999.000,9999.000,9999.000,9999.000,9999.000,9999.000,9999.000,9999.000
202602212042,  -0.370,9999.000,9999.000,9999.000,9999.000,9999.000,9999.000,9999.000,9999.000
202602212048,  -0.414,9999.000,9999.000,9999.000,9999.000,9999.000,9999.000,9999.000,9999.000
202602212054,  -0.451,9999.000,9999.000,9999.000,9999.000,9999.000,9999.000,9999.000,9999.000
202602212100,  -0.483,9999.000,   1.100,   0.405,   1.022,   0.900,   0.822,   1.400,   1.322
202602212106,  -0.508,9999.000,9999.000,9999.000,9999.000,9999.000,9999.000,9999.000,9999.000
202602212112,  -0.527,9999.000,9999.000,9999.000,9999.000,9999.000,9999.000,9999.000,9999.000
202602212118,  -0.540,9999.000,9999.000,9999.000,9999.000,9999.000,9999.000,9999.000,9999.000
202602212124,  -0.546,9999.000,9999.000,9999.000,9999.000,9999.000,9999.000,9999.000,9999.000
202602212130,  -0.545,9999.000,9999.000,9999.000,9999.000,9999.000,9999.000,9999.000,9999.000
202602212136,  -0.537,9999.000,9999.000,9999.000,9999.000,9999.000,9999.000,9999.000,9999.000
202602212142,  -0.522,9999.000,9999.000,9999.000,9999.000,9999.000,9999.000,9999.000,9999.000
202602212148,  -0.500,9999.000,9999.000,9999.000,9999.000,9999.000,9999.000,9999.000,9999.000
202602212154,  -0.470,9999.000,9999.000,9999.000,9999.000,9999.000,9999.000,9999.000,9999.000
202602212200,  -0.434,9999.000,   1.200,   0.405,   1.171,   1.000,   0.971,   1.500,   1.471
202602212206,  -0.390,9999.000,9999.000,9999.000,9999.000,9999.000,9999.000,9999.000,9999.000
202602212212,  -0.339,9999.000,9999.000,9999.000,9999.000,9999.000,9999.000,9999.000,9999.000
202602212218,  -0.280,9999.000,9999.000,9999.000,9999.000,9999.000,9999.000,9999.000,9999.000
202602212224,  -0.214,9999.000,9999.000,9999.000,9999.000,9999.000,9999.000,9999.000,9999.000
202602212230,  -0.141,9999.000,9999.000,9999.000,9999.000,9999.000,9999.000,9999.000,9999.000
202602212236,  -0.061,9999.000,9999.000,9999.000,9999.000,9999.000,9999.000,9999.000,9999.000
202602212242,   0.025,9999.000,9999.000,9999.000,9999.000,9999.000,9999.000,9999.000,9999.000
202602212248,   0.119,9999.000,9999.000,9999.000,9999.000,9999.000,9999.000,9999.000,9999.000
202602212254,   0.220,9999.000,9999.000,9999.000,9999.000,9999.000,9999.000,9999.000,9999.000
202602212300,   0.326,9999.000,   1.200,   0.405,   1.931,   1.000,   1.731,   1.500,   2.231
202602212306,   0.439,9999.000,9999.000,9999.000,9999.000,9999.000,9999.000,9999.000,9999.000
202602212312,   0.557,9999.000,9999.000,9999.000,9999.000,9999.000,9999.000,9999.000,9999.000
202602212318,   0.680,9999.000,9999.000,9999.000,9999.000,9999.000,9999.000,9999.000,9999.000
202602212324,   0.808,9999.000,9999.000,9999.000,9999.000,9999.000,9999.000,9999.000,9999.000
202602212330,   0.940,9999.000,9999.000,9999.000,9999.000,9999.000,9999.000,9999.000,9999.000
202602212336,   1.076,9999.000,9999.000,9999.000,9999.000,9999.000,9999.000,9999.000,9999.000
202602212342,   1.216,9999.000,9999.000,9999.000,9999.000,9999.000,9999.000,9999.000,9999.000
202602212348,   1.358,9999.000,9999.000,9999.000,9999.000,9999.000,9999.000,9999.000,9999.000
202602212354,   1.502,9999.000,9999.000,9999.000,9999.000,9999.000,9999.000,9999.000,9999.000
202602220000,   1.648,9999.000,   1.200,   0.405,   3.253,   0.900,   2.953,   1.400,   3.453
202602220006,   1.795,9999.000,9999.000,9999.000,9999.000,9999.000,9999.000,9999.000,9999.000
202602220012,   1.943,9999.000,9999.000,9999.000,9999.000,9999.000,9999.000,9999.000,9999.000
202602220018,   2.091,9999.000,9999.000,9999.000,9999.000,9999.000,9999.000,9999.000,9999.000
202602220024,   2.239,9999.000,9999.000,9999.000,9999.000,9999.000,9999.000,9999.000,9999.000
202602220030,   2.385,9999.000,9999.000,9999.000,9999.000,9999.000,9999.000,9999.000,9999.000
202602220036,   2.530,9999.000,9999.000,9999.000,9999.000,9999.000,9999.000,9999.000,9999.000
202602220042,   2.673,9999.000,9999.000,9999.000,9999.000,9999.000,9999.000,9999.000,9999.000
202602220048,   2.814,9999.000,9999.000,9999.000,9999.000,9999.000,9999.000,9999.000,9999.000
202602220054,   2.951,9999.000,9999.000,9999.000,9999.000,9999.000,9999.000,9999.000,9999.000
202602220100,   3.086,9999.000,   1.200,   0.405,   4.691,   0.900,   4.391,   1.400,   4.891
202602220106,   3.217,9999.000,9999.000,9999.000,9999.000,9999.000,9999.000,9999.000,9999.000
202602220112,   3.344,9999.000,9999.000,9999.000,9999.000,9999.000,9999.000,9999.000,9999.000
202602220118,   3.467,9999.000,9999.000,9999.000,9999.000,9999.000,9999.000,9999.000,9999.000
202602220124,   3.585,9999.000,9999.000,9999.000,9999.000,9999.000,9999.000,9999.000,9999.000
202602220130,   3.699,9999.000,9999.000,9999.000,9999.000,9999.000,9999.000,9999.000,9999.000
202602220136,   3.808,9999.000,9999.000,9999.000,9999.000,9999.000,9999.000,9999.000,9999.000
202602220142,   3.912,9999.000,9999.000,9999.000,9999.000,9999.000,9999.000,9999.000,9999.000
202602220148,   4.011,9999.000,9999.000,9999.000,9999.000,9999.000,9999.000,9999.000,9999.000
202602220154,   4.105,9999.000,9999.000,9999.000,9999.000,9999.000,9999.000,9999.000,9999.000
202602220200,   4.193,9999.000,   1.200,   0.405,   5.798,   0.900,   5.498,   1.300,   5.898
202602220206,   4.276,9999.000,9999.000,9999.000,9999.000,9999.000,9999.000,9999.000,9999.000
202602220212,   4.355,9999.000,9999.000,9999.000,9999.000,9999.000,9999.000,9999.000,9999.000
202602220218,   4.427,9999.000,9999.000,9999.000,9999.000,9999.000,9999.000,9999.000,9999.000
202602220224,   4.495,9999.000,9999.000,9999.000,9999.000,9999.000,9999.000,9999.000,9999.000
202602220230,   4.557,9999.000,9999.000,9999.000,9999.000,9999.000,9999.000,9999.000,9999.000
202602220236,   4.615,9999.000,9999.000,9999.000,9999.000,9999.000,9999.000,9999.000,9999.000
202602220242,   4.666,9999.000,9999.000,9999.000,9999.000,9999.000,9999.000,9999.000,9999.000
202602220248,   4.713,9999.000,9999.000,9999.000,9999.000,9999.000,9999.000,9999.000,9999.000
202602220254,   4.755,9999.000,9999.000,9999.000,9999.000,9999.000,9999.000,9999.000,9999.000
202602220300,   4.791,9999.000,   1.200,   0.405,   6.396,   0.900,   6.096,   1.400,   6.596
202602220306,   4.823,9999.000,9999.000,9999.000,9999.000,9999.000,9999.000,9999.000,9999.000
202602220312,   4.849,9999.000,9999.000,9999.000,9999.000,9999.000,9999.000,9999.000,9999.000
202602220318,   4.870,9999.000,9999.000,9999.000,9999.000,9999.000,9999.000,9999.000,9999.000
202602220324,   4.885,9999.000,9999.000,9999.000,9999.000,9999.000,9999.000,9999.000,9999.000
202602220330,   4.896,9999.000,9999.000,9999.000,9999.000,9999.000,9999.000,9999.000,9999.000
202602220336,   4.901,9999.000,9999.000,9999.000,9999.000,9999.000,9999.000,9999.000,9999.000
202602220342,   4.901,9999.000,9999.000,9999.000,9999.000,9999.000,9999.000,9999.000,9999.000
202602220348,   4.895,9999.000,9999.000,9999.000,9999.000,9999.000,9999.000,9999.000,9999.000
202602220354,   4.884,9999.000,9999.000,9999.000,9999.000,9999.000,9999.000,9999.000,9999.000
202602220400,   4.868,9999.000,   1.200,   0.405,   6.473,   0.900,   6.173,   1.400,   6.673
202602220406,   4.845,9999.000,9999.000,9999.000,9999.000,9999.000,9999.000,9999.000,9999.000
202602220412,   4.817,9999.000,9999.000,9999.000,9999.000,9999.000,9999.000,9999.000,9999.000
202602220418,   4.784,9999.000,9999.000,9999.000,9999.000,9999.000,9999.000,9999.000,9999.000
202602220424,   4.744,9999.000,9999.000,9999.000,9999.000,9999.000,9999.000,9999.000,9999.000
202602220430,   4.699,9999.000,9999.000,9999.000,9999.000,9999.000,9999.000,9999.000,9999.000
202602220436,   4.648,9999.000,9999.000,9999.000,9999.000,9999.000,9999.000,9999.000,9999.000
202602220442,   4.591,9999.000,9999.000,9999.000,9999.000,9999.000,9999.000,9999.000,9999.000
202602220448,   4.529,9999.000,9999.000,9999.000,9999.000,9999.000,9999.000,9999.000,9999.000
202602220454,   4.460,9999.000,9999.000,9999.000,9999.000,9999.000,9999.000,9999.000,9999.000
202602220500,   4.386,9999.000,   1.200,   0.405,   5.991,   0.900,   5.691,   1.400,   6.191
202602220506,   4.307,9999.000,9999.000,9999.000,9999.000,9999.000,9999.000,9999.000,9999.000
202602220512,   4.222,9999.000,9999.000,9999.000,9999.000,9999.000,9999.000,9999.000,9999.000
202602220518,   4.132,9999.000,9999.000,9999.000,9999.000,9999.000,9999.000,9999.000,9999.000
202602220524,   4.037,9999.000,9999.000,9999.000,9999.000,9999.000,9999.000,9999.000,9999.000
202602220530,   3.937,9999.000,9999.000,9999.000,9999.000,9999.000,9999.000,9999.000,9999.000
202602220536,   3.833,9999.000,9999.000,9999.000,9999.000,9999.000,9999.000,9999.000,9999.000
202602220542,   3.724,9999.000,9999.000,9999.000,9999.000,9999.000,9999.000,9999.000,9999.000
202602220548,   3.612,9999.000,9999.000,9999.000,9999.000,9999.000,9999.000,9999.000,9999.000
202602220554,   3.496,9999.000,9999.000,9999.000,9999.000,9999.000,9999.000,9999.000,9999.000
202602220600,   3.378,9999.000,   1.200,   0.405,   4.983,   0.900,   4.683,   1.400,   5.183
202602220606,   3.256,9999.000,9999.000,9999.000,9999.000,9999.000,9999.000,9999.000,9999.000
202602220612,   3.132,9999.000,9999.000,9999.000,9999.000,9999.000,9999.000,9999.000,9999.000
202602220618,   3.006,9999.000,9999.000,9999.000,9999.000,9999.000,9999.000,9999.000,9999.000
202602220624,   2.879,9999.000,9999.000,9999.000,9999.000,9999.000,9999.000,9999.000,9999.000
202602220630,   2.751,9999.000,9999.000,9999.000,9999.000,9999.000,9999.000,9999.000,9999.000
202602220636,   2.622,9999.000,9999.000,9999.000,9999.000,9999.000,9999.000,9999.000,9999.000
202602220642,   2.493,9999.000,9999.000,9999.000,9999.000,9999.000,9999.000,9999.000,9999.000
202602220648,   2.364,9999.000,9999.000,9999.000,9999.000,9999.000,9999.000,9999.000,9999.000
202602220654,   2.235,9999.000,9999.000,9999.000,9999.000,9999.000,9999.000,9999.000,9999.000
202602220700,   2.108,9999.000,   1.200,   0.405,   3.713,   0.900,   3.413,   1.400,   3.913
202602220706,   1.982,9999.000,9999.000,9999.000,9999.000,9999.000,9999.000,9999.000,9999.000
202602220712,   1.857,9999.000,9999.000,9999.000,9999.000,9999.000,9999.000,9999.000,9999.000
202602220718,   1.735,9999.000,9999.000,9999.000,9999.000,9999.000,9999.000,9999.000,9999.000
202602220724,   1.615,9999.000,9999.000,9999.000,9999.000,9999.000,9999.000,9999.000,9999.000
202602220730,   1.497,9999.000,9999.000,9999.000,9999.000,9999.000,9999.000,9999.000,9999.000
202602220736,   1.382,9999.000,9999.000,9999.000,9999.000,9999.000,9999.000,9999.000,9999.000
202602220742,   1.271,9999.000,9999.000,9999.000,9999.000,9999.000,9999.000,9999.000,9999.000
202602220748,   1.162,9999.000,9999.000,9999.000,9999.000,9999.000,9999.000,9999.000,9999.000
202602220754,   1.057,9999.000,9999.000,9999.000,9999.000,9999.000,9999.000,9999.000,9999.000
202602220800,   0.956,9999.000,   1.200,   0.405,   2.561,   0.900,   2.261,   1.400,   2.761
202602220806,   0.858,9999.000,9999.000,9999.000,9999.000,9999.000,9999.000,9999.000,9999.000
202602220812,   0.764,9999.000,9999.000,9999.000,9999.000,9999.000,9999.000,9999.000,9999.000
202602220818,   0.675,9999.000,9999.000,9999.000,9999.000,9999.000,9999.000,9999.000,9999.000
202602220824,   0.589,9999.000,9999.000,9999.000,9999.000,9999.000,9999.000,9999.000,9999.000
202602220830,   0.508,9999.000,9999.000,9999.000,9999.000,9999.000,9999.000,9999.000,9999.000
202602220836,   0.431,9999.000,9999.000,9999.000,9999.000,9999.000,9999.000,9999.000,9999.000
202602220842,   0.358,9999.000,9999.000,9999.000,9999.000,9999.000,9999.000,9999.000,9999.000
202602220848,   0.289,9999.000,9999.000,9999.000,9999.000,9999.000,9999.000,9999.000,9999.000
202602220854,   0.226,9999.000,9999.000,9999.000,9999.000,9999.000,9999.000,9999.000,9999.000
202602220900,   0.166,9999.000,   1.100,   0.405,   1.671,   0.900,   1.471,   1.400,   1.971
202602220906,   0.112,9999.000,9999.000,9999.000,9999.000,9999.000,9999.000,9999.000,9999.000
202602220912,   0.062,9999.000,9999.000,9999.000,9999.000,9999.000,9999.000,9999.000,9999.000
202602220918,   0.017,9999.000,9999.000,9999.000,9999.000,9999.000,9999.000,9999.000,9999.000
202602220924,  -0.022,9999.000,9999.000,9999.000,9999.000,9999.000,9999.000,9999.000,9999.000
202602220930,  -0.057,9999.000,9999.000,9999.000,9999.000,9999.000,9999.000,9999.000,9999.000
202602220936,  -0.087,9999.000,9999.000,9999.000,9999.000,9999.000,9999.000,9999.000,9999.000
202602220942,  -0.111,9999.000,9999.000,9999.000,9999.000,9999.000,9999.000,9999.000,9999.000
202602220948,  -0.130,9999.000,9999.000,9999.000,9999.000,9999.000,9999.000,9999.000,9999.000
202602220954,  -0.143,9999.000,9999.000,9999.000,9999.000,9999.000,9999.000,9999.000,9999.000
202602221000,  -0.151,9999.000,   1.100,   0.405,   1.354,   0.800,   1.054,   1.400,   1.654
202602221006,  -0.153,9999.000,9999.000,9999.000,9999.000,9999.000,9999.000,9999.000,9999.000
202602221012,  -0.149,9999.000,9999.000,9999.000,9999.000,9999.000,9999.000,9999.000,9999.000
202602221018,  -0.138,9999.000,9999.000,9999.000,9999.000,9999.000,9999.000,9999.000,9999.000
202602221024,  -0.122,9999.000,9999.000,9999.000,9999.000,9999.000,9999.000,9999.000,9999.000
202602221030,  -0.100,9999.000,9999.000,9999.000,9999.000,9999.000,9999.000,9999.000,9999.000
202602221036,  -0.071,9999.000,9999.000,9999.000,9999.000,9999.000,9999.000,9999.000,9999.000
202602221042,  -0.036,9999.000,9999.000,9999.000,9999.000,9999.000,9999.000,9999.000,9999.000
202602221048,   0.005,9999.000,9999.000,9999.000,9999.000,9999.000,9999.000,9999.000,9999.000
202602221054,   0.052,9999.000,9999.000,9999.000,9999.000,9999.000,9999.000,9999.000,9999.000
202602221100,   0.106,9999.000,   1.100,   0.405,   1.611,   0.800,   1.311,   1.300,   1.811
202602221106,   0.166,9999.000,9999.000,9999.000,9999.000,9999.000,9999.000,9999.000,9999.000
202602221112,   0.232,9999.000,9999.000,9999.000,9999.000,9999.000,9999.000,9999.000,9999.000
202602221118,   0.304,9999.000,9999.000,9999.000,9999.000,9999.000,9999.000,9999.000,9999.000
202602221124,   0.382,9999.000,9999.000,9999.000,9999.000,9999.000,9999.000,9999.000,9999.000
202602221130,   0.465,9999.000,9999.000,9999.000,9999.000,9999.000,9999.000,9999.000,9999.000
202602221136,   0.554,9999.000,9999.000,9999.000,9999.000,9999.000,9999.000,9999.000,9999.000
202602221142,   0.647,9999.000,9999.000,9999.000,9999.000,9999.000,9999.000,9999.000,9999.000
202602221148,   0.745,9999.000,9999.000,9999.000,9999.000,9999.000,9999.000,9999.000,9999.000
202602221154,   0.847,9999.000,9999.000,9999.000,9999.000,9999.000,9999.000,9999.000,9999.000
202602221200,   0.954,9999.000,   1.100,   0.405,   2.459,   0.800,   2.159,   1.300,   2.659
202602221206,   1.063,9999.000,9999.000,9999.000,9999.000,9999.000,9999.000,9999.000,9999.000
202602221212,   1.176,9999.000,9999.000,9999.000,9999.000,9999.000,9999.000,9999.000,9999.000
202602221218,   1.291,9999.000,9999.000,9999.000,9999.000,9999.000,9999.000,9999.000,9999.000
202602221224,   1.408,9999.000,9999.000,9999.000,9999.000,9999.000,9999.000,9999.000,9999.000
202602221230,   1.527,9999.000,9999.000,9999.000,9999.000,9999.000,9999.000,9999.000,9999.000
202602221236,   1.647,9999.000,9999.000,9999.000,9999.000,9999.000,9999.000,9999.000,9999.000
202602221242,   1.768,9999.000,9999.000,9999.000,9999.000,9999.000,9999.000,9999.000,9999.000
202602221248,   1.889,9999.000,9999.000,9999.000,9999.000,9999.000,9999.000,9999.000,9999.000
202602221254,   2.010,9999.000,9999.000,9999.000,9999.000,9999.000,9999.000,9999.000,9999.000
202602221300,   2.130,9999.000,   1.200,   0.405,   3.735,   0.900,   3.435,   1.400,   3.935
202602221306,   2.249,9999.000,9999.000,9999.000,9999.000,9999.000,9999.000,9999.000,9999.000
202602221312,   2.367,9999.000,9999.000,9999.000,9999.000,9999.000,9999.000,9999.000,9999.000
202602221318,   2.483,9999.000,9999.000,9999.000,9999.000,9999.000,9999.000,9999.000,9999.000
202602221324,   2.597,9999.000,9999.000,9999.000,9999.000,9999.000,9999.000,9999.000,9999.000
202602221330,   2.708,9999.000,9999.000,9999.000,9999.000,9999.000,9999.000,9999.000,9999.000
202602221336,   2.816,9999.000,9999.000,9999.000,9999.000,9999.000,9999.000,9999.000,9999.000
202602221342,   2.921,9999.000,9999.000,9999.000,9999.000,9999.000,9999.000,9999.000,9999.000
202602221348,   3.023,9999.000,9999.000,9999.000,9999.000,9999.000,9999.000,9999.000,9999.000
202602221354,   3.122,9999.000,9999.000,9999.000,9999.000,9999.000,9999.000,9999.000,9999.000
202602221400,   3.217,9999.000,   1.200,   0.405,   4.822,   0.900,   4.522,   1.400,   5.022
202602221406,   3.308,9999.000,9999.000,9999.000,9999.000,9999.000,9999.000,9999.000,9999.000
202602221412,   3.395,9999.000,9999.000,9999.000,9999.000,9999.000,9999.000,9999.000,9999.000
202602221418,   3.478,9999.000,9999.000,9999.000,9999.000,9999.000,9999.000,9999.000,9999.000
202602221424,   3.557,9999.000,9999.000,9999.000,9999.000,9999.000,9999.000,9999.000,9999.000
202602221430,   3.632,9999.000,9999.000,9999.000,9999.000,9999.000,9999.000,9999.000,9999.000
202602221436,   3.702,9999.000,9999.000,9999.000,9999.000,9999.000,9999.000,9999.000,9999.000
202602221442,   3.769,9999.000,9999.000,9999.000,9999.000,9999.000,9999.000,9999.000,9999.000
202602221448,   3.831,9999.000,9999.000,9999.000,9999.000,9999.000,9999.000,9999.000,9999.000
202602221454,   3.889,9999.000,9999.000,9999.000,9999.000,9999.000,9999.000,9999.000,9999.000
202602221500,   3.943,9999.000,   1.200,   0.405,   5.548,   0.900,   5.248,   1.400,   5.748
202602221506,   3.992,9999.000,9999.000,9999.000,9999.000,9999.000,9999.000,9999.000,9999.000
202602221512,   4.037,9999.000,9999.000,9999.000,9999.000,9999.000,9999.000,9999.000,9999.000
202602221518,   4.078,9999.000,9999.000,9999.000,9999.000,9999.000,9999.000,9999.000,9999.000
202602221524,   4.114,9999.000,9999.000,9999.000,9999.000,9999.000,9999.000,9999.000,9999.000
202602221530,   4.146,9999.000,9999.000,9999.000,9999.000,9999.000,9999.000,9999.000,9999.000
202602221536,   4.174,9999.000,9999.000,9999.000,9999.000,9999.000,9999.000,9999.000,9999.000
202602221542,   4.197,9999.000,9999.000,9999.000,9999.000,9999.000,9999.000,9999.000,9999.000
202602221548,   4.215,9999.000,9999.000,9999.000,9999.000,9999.000,9999.000,9999.000,9999.000
202602221554,   4.229,9999.000,9999.000,9999.000,9999.000,9999.000,9999.000,9999.000,9999.000
202602221600,   4.237,9999.000,   1.200,   0.405,   5.842,   0.900,   5.542,   1.500,   6.142
202602221606,   4.241,9999.000,9999.000,9999.000,9999.000,9999.000,9999.000,9999.000,9999.000
202602221612,   4.240,9999.000,9999.000,9999.000,9999.000,9999.000,9999.000,9999.000,9999.000
202602221618,   4.233,9999.000,9999.000,9999.000,9999.000,9999.000,9999.000,9999.000,9999.000
202602221624,   4.221,9999.000,9999.000,9999.000,9999.000,9999.000,9999.000,9999.000,9999.000
202602221630,   4.204,9999.000,9999.000,9999.000,9999.000,9999.000,9999.000,9999.000,9999.000
202602221636,   4.181,9999.000,9999.000,9999.000,9999.000,9999.000,9999.000,9999.000,9999.000
202602221642,   4.152,9999.000,9999.000,9999.000,9999.000,9999.000,9999.000,9999.000,9999.000
202602221648,   4.118,9999.000,9999.000,9999.000,9999.000,9999.000,9999.000,9999.000,9999.000
202602221654,   4.078,9999.000,9999.000,9999.000,9999.000,9999.000,9999.000,9999.000,9999.000
202602221700,   4.032,9999.000,   1.200,   0.405,   5.637,   0.900,   5.337,   1.600,   6.037
202602221706,   3.980,9999.000,9999.000,9999.000,9999.000,9999.000,9999.000,9999.000,9999.000
202602221712,   3.922,9999.000,9999.000,9999.000,9999.000,9999.000,9999.000,9999.000,9999.000
202602221718,   3.858,9999.000,9999.000,9999.000,9999.000,9999.000,9999.000,9999.000,9999.000
202602221724,   3.789,9999.000,9999.000,9999.000,9999.000,9999.000,9999.000,9999.000,9999.000
202602221730,   3.714,9999.000,9999.000,9999.000,9999.000,9999.000,9999.000,9999.000,9999.000
202602221736,   3.633,9999.000,9999.000,9999.000,9999.000,9999.000,9999.000,9999.000,9999.000
202602221742,   3.547,9999.000,9999.000,9999.000,9999.000,9999.000,9999.000,9999.000,9999.000
202602221748,   3.455,9999.000,9999.000,9999.000,9999.000,9999.000,9999.000,9999.000,9999.000
202602221754,   3.359,9999.000,9999.000,9999.000,9999.000,9999.000,9999.000,9999.000,9999.000
202602221800,   3.258,9999.000,   1.300,   0.405,   4.963,   0.900,   4.563,   1.600,   5.263
202602221806,   3.153,9999.000,9999.000,9999.000,9999.000,9999.000,9999.000,9999.000,9999.000
202602221812,   3.043,9999.000,9999.000,9999.000,9999.000,9999.000,9999.000,9999.000,9999.000
202602221818,   2.930,9999.000,9999.000,9999.000,9999.000,9999.000,9999.000,9999.000,9999.000
202602221824,   2.814,9999.000,9999.000,9999.000,9999.000,9999.000,9999.000,9999.000,9999.000
202602221830,   2.695,9999.000,9999.000,9999.000,9999.000,9999.000,9999.000,9999.000,9999.000
202602221836,   2.574,9999.000,9999.000,9999.000,9999.000,9999.000,9999.000,9999.000,9999.000
202602221842,   2.451,9999.000,9999.000,9999.000,9999.000,9999.000,9999.000,9999.000,9999.000
202602221848,   2.326,9999.000,9999.000,9999.000,9999.000,9999.000,9999.000,9999.000,9999.000
202602221854,   2.200,9999.000,9999.000,9999.000,9999.000,9999.000,9999.000,9999.000,9999.000
202602221900,   2.074,9999.000,   1.300,   0.405,   3.779,   1.000,   3.479,   1.700,   4.179
202602221906,   1.948,9999.000,9999.000,9999.000,9999.000,9999.000,9999.000,9999.000,9999.000
202602221912,   1.822,9999.000,9999.000,9999.000,9999.000,9999.000,9999.000,9999.000,9999.000
202602221918,   1.698,9999.000,9999.000,9999.000,9999.000,9999.000,9999.000,9999.000,9999.000
202602221924,   1.574,9999.000,9999.000,9999.000,9999.000,9999.000,9999.000,9999.000,9999.000
202602221930,   1.452,9999.000,9999.000,9999.000,9999.000,9999.000,9999.000,9999.000,9999.000
202602221936,   1.333,9999.000,9999.000,9999.000,9999.000,9999.000,9999.000,9999.000,9999.000
202602221942,   1.215,9999.000,9999.000,9999.000,9999.000,9999.000,9999.000,9999.000,9999.000
202602221948,   1.101,9999.000,9999.000,9999.000,9999.000,9999.000,9999.000,9999.000,9999.000
202602221954,   0.990,9999.000,9999.000,9999.000,9999.000,9999.000,9999.000,9999.000,9999.000
202602222000,   0.882,9999.000,   1.300,   0.405,   2.587,   1.000,   2.287,   1.700,   2.987
202602222006,   0.778,9999.000,9999.000,9999.000,9999.000,9999.000,9999.000,9999.000,9999.000
202602222012,   0.677,9999.000,9999.000,9999.000,9999.000,9999.000,9999.000,9999.000,9999.000
202602222018,   0.581,9999.000,9999.000,9999.000,9999.000,9999.000,9999.000,9999.000,9999.000
202602222024,   0.489,9999.000,9999.000,9999.000,9999.000,9999.000,9999.000,9999.000,9999.000
202602222030,   0.402,9999.000,9999.000,9999.000,9999.000,9999.000,9999.000,9999.000,9999.000
202602222036,   0.319,9999.000,9999.000,9999.000,9999.000,9999.000,9999.000,9999.000,9999.000
202602222042,   0.241,9999.000,9999.000,9999.000,9999.000,9999.000,9999.000,9999.000,9999.000
202602222048,   0.167,9999.000,9999.000,9999.000,9999.000,9999.000,9999.000,9999.000,9999.000
202602222054,   0.099,9999.000,9999.000,9999.000,9999.000,9999.000,9999.000,9999.000,9999.000
202602222100,   0.035,9999.000,   1.400,   0.405,   1.840,   1.000,   1.440,   1.900,   2.340
202602222106,  -0.023,9999.000,9999.000,9999.000,9999.000,9999.000,9999.000,9999.000,9999.000
202602222112,  -0.077,9999.000,9999.000,9999.000,9999.000,9999.000,9999.000,9999.000,9999.000
202602222118,  -0.125,9999.000,9999.000,9999.000,9999.000,9999.000,9999.000,9999.000,9999.000
202602222124,  -0.169,9999.000,9999.000,9999.000,9999.000,9999.000,9999.000,9999.000,9999.000
202602222130,  -0.207,9999.000,9999.000,9999.000,9999.000,9999.000,9999.000,9999.000,9999.000
202602222136,  -0.240,9999.000,9999.000,9999.000,9999.000,9999.000,9999.000,9999.000,9999.000
202602222142,  -0.268,9999.000,9999.000,9999.000,9999.000,9999.000,9999.000,9999.000,9999.000
202602222148,  -0.290,9999.000,9999.000,9999.000,9999.000,9999.000,9999.000,9999.000,9999.000
202602222154,  -0.307,9999.000,9999.000,9999.000,9999.000,9999.000,9999.000,9999.000,9999.000
202602222200,  -0.319,9999.000,   1.500,   0.405,   1.586,   1.000,   1.086,   2.000,   2.086
202602222206,  -0.325,9999.000,9999.000,9999.000,9999.000,9999.000,9999.000,9999.000,9999.000
202602222212,  -0.325,9999.000,9999.000,9999.000,9999.000,9999.000,9999.000,9999.000,9999.000
202602222218,  -0.319,9999.000,9999.000,9999.000,9999.000,9999.000,9999.000,9999.000,9999.000
202602222224,  -0.308,9999.000,9999.000,9999.000,9999.000,9999.000,9999.000,9999.000,9999.000
202602222230,  -0.290,9999.000,9999.000,9999.000,9999.000,9999.000,9999.000,9999.000,9999.000
202602222236,  -0.267,9999.000,9999.000,9999.000,9999.000,9999.000,9999.000,9999.000,9999.000
202602222242,  -0.237,9999.000,9999.000,9999.000,9999.000,9999.000,9999.000,9999.000,9999.000
202602222248,  -0.201,9999.000,9999.000,9999.000,9999.000,9999.000,9999.000,9999.000,9999.000
202602222254,  -0.159,9999.000,9999.000,9999.000,9999.000,9999.000,9999.000,9999.000,9999.000
202602222300,  -0.111,9999.000,   1.500,   0.405,   1.794,   1.000,   1.294,   2.100,   2.394
202602222306,  -0.056,9999.000,9999.000,9999.000,9999.000,9999.000,9999.000,9999.000,9999.000
202602222312,   0.003,9999.000,9999.000,9999.000,9999.000,9999.000,9999.000,9999.000,9999.000
202602222318,   0.071,9999.000,9999.000,9999.000,9999.000,9999.000,9999.000,9999.000,9999.000
202602222324,   0.144,9999.000,9999.000,9999.000,9999.000,9999.000,9999.000,9999.000,9999.000
202602222330,   0.223,9999.000,9999.000,9999.000,9999.000,9999.000,9999.000,9999.000,9999.000
202602222336,   0.308,9999.000,9999.000,9999.000,9999.000,9999.000,9999.000,9999.000,9999.000
202602222342,   0.399,9999.000,9999.000,9999.000,9999.000,9999.000,9999.000,9999.000,9999.000
202602222348,   0.496,9999.000,9999.000,9999.000,9999.000,9999.000,9999.000,9999.000,9999.000
202602222354,   0.597,9999.000,9999.000,9999.000,9999.000,9999.000,9999.000,9999.000,9999.000
202602230000,   0.704,9999.000,   1.500,   0.405,   2.609,   1.000,   2.109,   2.200,   3.309
