        TIME,    TIDE,      OB,   SURGE,    BIAS,     TWL,SURGE90p,  TWL90p,SURGE10p,   TWL10p
202602131800,  -0.075,   0.429,   0.400,   0.104,   0.429,   0.400,   0.429,   0.500,   0.529
202602131806,  -0.050,9999.000,9999.000,9999.000,9999.000,9999.000,9999.000,9999.000,9999.000
202602131812,  -0.025,   0.518,9999.000,9999.000,9999.000,9999.000,9999.000,9999.000,9999.000
202602131818,   0.000,9999.000,9999.000,9999.000,9999.000,9999.000,9999.000,9999.000,9999.000
202602131824,   0.025,   0.570,9999.000,9999.000,9999.000,9999.000,9999.000,9999.000,9999.000
202602131830,   0.050,9999.000,9999.000,9999.000,9999.000,9999.000,9999.000,9999.000,9999.000
202602131836,   0.075,   0.639,9999.000,9999.000,9999.000,9999.000,9999.000,9999.000,9999.000
202602131842,   0.100,9999.000,9999.000,9999.000,9999.000,9999.000,9999.000,9999.000,9999.000
202602131848,   0.125,   0.698,9999.000,9999.000,9999.000,9999.000,9999.000,9999.000,9999.000
202602131854,   0.150,9999.000,9999.000,9999.000,9999.000,9999.000,9999.000,9999.000,9999.000
202602131900,   0.175,   0.760,   0.400,   0.185,   0.760,   0.400,   0.760,   0.500,   0.860
202602131906,   0.199,   0.790,9999.000,9999.000,9999.000,9999.000,9999.000,9999.000,9999.000
202602131912,   0.224,   0.810,9999.000,9999.000,9999.000,9999.000,9999.000,9999.000,9999.000
202602131918,   0.248,   0.839,9999.000,9999.000,9999.000,9999.000,9999.000,9999.000,9999.000
202602131924,   0.272,   0.869,9999.000,9999.000,9999.000,9999.000,9999.000,9999.000,9999.000
202602131930,   0.296,   0.879,9999.000,9999.000,9999.000,9999.000,9999.000,9999.000,9999.000
202602131936,   0.320,   0.888,9999.000,9999.000,9999.000,9999.000,9999.000,9999.000,9999.000
202602131942,   0.343,   0.908,9999.000,9999.000,9999.000,9999.000,9999.000,9999.000,9999.000
202602131948,   0.367,   0.941,9999.000,9999.000,9999.000,9999.000,9999.000,9999.000,9999.000
202602131954,   0.390,   0.961,9999.000,9999.000,9999.000,9999.000,9999.000,9999.000,9999.000
202602132000,   0.413,   0.990,   0.400,   0.177,   0.990,   0.400,   0.990,   0.500,   1.090
202602132006,   0.436,   1.010,9999.000,9999.000,9999.000,9999.000,9999.000,9999.000,9999.000
202602132012,   0.458,   1.010,9999.000,9999.000,9999.000,9999.000,9999.000,9999.000,9999.000
202602132018,   0.481,   1.029,9999.000,9999.000,9999.000,9999.000,9999.000,9999.000,9999.000
202602132024,   0.503,   1.049,9999.000,9999.000,9999.000,9999.000,9999.000,9999.000,9999.000
202602132030,   0.525,   1.069,9999.000,9999.000,9999.000,9999.000,9999.000,9999.000,9999.000
202602132036,   0.547,   1.108,9999.000,9999.000,9999.000,9999.000,9999.000,9999.000,9999.000
202602132042,   0.569,   1.128,9999.000,9999.000,9999.000,9999.000,9999.000,9999.000,9999.000
202602132048,   0.591,   1.151,9999.000,9999.000,9999.000,9999.000,9999.000,9999.000,9999.000
202602132054,   0.612,   1.151,9999.000,9999.000,9999.000,9999.000,9999.000,9999.000,9999.000
202602132100,   0.634,   1.170,   0.500,   0.036,   1.170,   0.400,   1.070,   0.500,   1.170
202602132106,   0.655,   1.210,9999.000,9999.000,9999.000,9999.000,9999.000,9999.000,9999.000
202602132112,   0.676,   1.210,9999.000,9999.000,9999.000,9999.000,9999.000,9999.000,9999.000
202602132118,   0.697,   1.239,9999.000,9999.000,9999.000,9999.000,9999.000,9999.000,9999.000
202602132124,   0.718,   1.269,9999.000,9999.000,9999.000,9999.000,9999.000,9999.000,9999.000
202602132130,   0.739,   1.279,9999.000,9999.000,9999.000,9999.000,9999.000,9999.000,9999.000
202602132136,   0.759,   1.298,9999.000,9999.000,9999.000,9999.000,9999.000,9999.000,9999.000
202602132142,   0.780,   1.318,9999.000,9999.000,9999.000,9999.000,9999.000,9999.000,9999.000
202602132148,   0.800,   1.338,9999.000,9999.000,9999.000,9999.000,9999.000,9999.000,9999.000
202602132154,   0.820,   1.380,9999.000,9999.000,9999.000,9999.000,9999.000,9999.000,9999.000
202602132200,   0.841,   1.410,   0.500,   0.069,   1.410,   0.400,   1.310,   0.500,   1.410
202602132206,   0.861,   1.439,9999.000,9999.000,9999.000,9999.000,9999.000,9999.000,9999.000
202602132212,   0.881,   1.459,9999.000,9999.000,9999.000,9999.000,9999.000,9999.000,9999.000
202602132218,   0.901,   1.489,9999.000,9999.000,9999.000,9999.000,9999.000,9999.000,9999.000
202602132224,   0.920,   1.518,9999.000,9999.000,9999.000,9999.000,9999.000,9999.000,9999.000
202602132230,   0.940,   1.538,9999.000,9999.000,9999.000,9999.000,9999.000,9999.000,9999.000
202602132236,   0.959,   1.528,9999.000,9999.000,9999.000,9999.000,9999.000,9999.000,9999.000
202602132242,   0.978,   1.580,9999.000,9999.000,9999.000,9999.000,9999.000,9999.000,9999.000
202602132248,   0.998,   1.600,9999.000,9999.000,9999.000,9999.000,9999.000,9999.000,9999.000
202602132254,   1.017,   1.649,9999.000,9999.000,9999.000,9999.000,9999.000,9999.000,9999.000
202602132300,   1.035,   1.679,   0.500,   0.144,   1.679,   0.400,   1.579,   0.500,   1.679
202602132306,   1.054,   1.699,9999.000,9999.000,9999.000,9999.000,9999.000,9999.000,9999.000
202602132312,   1.072,   1.718,9999.000,9999.000,9999.000,9999.000,9999.000,9999.000,9999.000
202602132318,   1.090,   1.748,9999.000,9999.000,9999.000,9999.000,9999.000,9999.000,9999.000
202602132324,   1.108,   1.748,9999.000,9999.000,9999.000,9999.000,9999.000,9999.000,9999.000
202602132330,   1.126,   1.781,9999.000,9999.000,9999.000,9999.000,9999.000,9999.000,9999.000
202602132336,   1.144,   1.800,9999.000,9999.000,9999.000,9999.000,9999.000,9999.000,9999.000
202602132342,   1.161,   1.830,9999.000,9999.000,9999.000,9999.000,9999.000,9999.000,9999.000
202602132348,   1.178,   1.830,9999.000,9999.000,9999.000,9999.000,9999.000,9999.000,9999.000
202602132354,   1.194,   1.945,9999.000,9999.000,9999.000,9999.000,9999.000,9999.000,9999.000
202602140000,   1.210,   1.879,   0.500,   0.169,   1.879,   0.500,   1.879,   0.500,   1.879
202602140006,   1.226,   1.879,9999.000,9999.000,9999.000,9999.000,9999.000,9999.000,9999.000
202602140012,   1.242,   1.889,9999.000,9999.000,9999.000,9999.000,9999.000,9999.000,9999.000
202602140018,   1.257,   1.908,9999.000,9999.000,9999.000,9999.000,9999.000,9999.000,9999.000
202602140024,   1.272,   1.938,9999.000,9999.000,9999.000,9999.000,9999.000,9999.000,9999.000
202602140030,   1.286,   1.948,9999.000,9999.000,9999.000,9999.000,9999.000,9999.000,9999.000
202602140036,   1.300,   1.958,9999.000,9999.000,9999.000,9999.000,9999.000,9999.000,9999.000
202602140042,   1.314,   1.948,9999.000,9999.000,9999.000,9999.000,9999.000,9999.000,9999.000
202602140048,   1.327,   1.948,9999.000,9999.000,9999.000,9999.000,9999.000,9999.000,9999.000
202602140054,   1.339,   1.958,9999.000,9999.000,9999.000,9999.000,9999.000,9999.000,9999.000
202602140100,   1.351,   1.990,   0.500,   0.139,   1.990,   0.500,   1.990,   0.500,   1.990
202602140106,   1.363,   1.981,9999.000,9999.000,9999.000,9999.000,9999.000,9999.000,9999.000
202602140112,   1.374,   2.000,9999.000,9999.000,9999.000,9999.000,9999.000,9999.000,9999.000
202602140118,   1.385,   2.010,9999.000,9999.000,9999.000,9999.000,9999.000,9999.000,9999.000
202602140124,   1.394,   2.020,9999.000,9999.000,9999.000,9999.000,9999.000,9999.000,9999.000
202602140130,   1.404,   2.020,9999.000,9999.000,9999.000,9999.000,9999.000,9999.000,9999.000
202602140136,   1.413,   2.030,9999.000,9999.000,9999.000,9999.000,9999.000,9999.000,9999.000
202602140142,   1.421,   2.040,9999.000,9999.000,9999.000,9999.000,9999.000,9999.000,9999.000
202602140148,   1.429,   2.040,9999.000,9999.000,9999.000,9999.000,9999.000,9999.000,9999.000
202602140154,   1.436,   2.040,9999.000,9999.000,9999.000,9999.000,9999.000,9999.000,9999.000
202602140200,   1.442,   2.059,   0.500,   0.117,   2.059,   0.500,   2.059,   0.500,   2.059
202602140206,   1.448,   2.049,9999.000,9999.000,9999.000,9999.000,9999.000,9999.000,9999.000
202602140212,   1.453,   2.059,9999.000,9999.000,9999.000,9999.000,9999.000,9999.000,9999.000
202602140218,   1.457,   2.059,9999.000,9999.000,9999.000,9999.000,9999.000,9999.000,9999.000
202602140224,   1.461,   2.069,9999.000,9999.000,9999.000,9999.000,9999.000,9999.000,9999.000
202602140230,   1.464,   2.059,9999.000,9999.000,9999.000,9999.000,9999.000,9999.000,9999.000
202602140236,   1.466,   2.049,9999.000,9999.000,9999.000,9999.000,9999.000,9999.000,9999.000
202602140242,   1.468,   2.059,9999.000,9999.000,9999.000,9999.000,9999.000,9999.000,9999.000
202602140248,   1.469,   2.069,9999.000,9999.000,9999.000,9999.000,9999.000,9999.000,9999.000
202602140254,   1.469,   2.059,9999.000,9999.000,9999.000,9999.000,9999.000,9999.000,9999.000
202602140300,   1.469,   2.059,   0.500,   0.090,   2.059,   0.500,   2.059,   0.500,   2.059
202602140306,   1.468,   2.059,9999.000,9999.000,9999.000,9999.000,9999.000,9999.000,9999.000
202602140312,   1.466,   2.059,9999.000,9999.000,9999.000,9999.000,9999.000,9999.000,9999.000
202602140318,   1.463,   2.059,9999.000,9999.000,9999.000,9999.000,9999.000,9999.000,9999.000
202602140324,   1.460,   2.049,9999.000,9999.000,9999.000,9999.000,9999.000,9999.000,9999.000
202602140330,   1.456,   2.049,9999.000,9999.000,9999.000,9999.000,9999.000,9999.000,9999.000
202602140336,   1.451,   2.040,9999.000,9999.000,9999.000,9999.000,9999.000,9999.000,9999.000
202602140342,   1.446,   2.040,9999.000,9999.000,9999.000,9999.000,9999.000,9999.000,9999.000
202602140348,   1.440,   2.099,9999.000,9999.000,9999.000,9999.000,9999.000,9999.000,9999.000
202602140354,   1.433,   2.059,9999.000,9999.000,9999.000,9999.000,9999.000,9999.000,9999.000
202602140400,   1.425,   1.981,   0.500,   0.056,   1.981,   0.500,   1.981,   0.500,   1.981
202602140406,   1.417,   1.918,9999.000,9999.000,9999.000,9999.000,9999.000,9999.000,9999.000
202602140412,   1.408,   1.928,9999.000,9999.000,9999.000,9999.000,9999.000,9999.000,9999.000
202602140418,   1.398,   1.928,9999.000,9999.000,9999.000,9999.000,9999.000,9999.000,9999.000
202602140424,   1.388,   1.908,9999.000,9999.000,9999.000,9999.000,9999.000,9999.000,9999.000
202602140430,   1.377,   1.889,9999.000,9999.000,9999.000,9999.000,9999.000,9999.000,9999.000
202602140436,   1.365,   1.879,9999.000,9999.000,9999.000,9999.000,9999.000,9999.000,9999.000
202602140442,   1.353,   1.879,9999.000,9999.000,9999.000,9999.000,9999.000,9999.000,9999.000
202602140448,   1.340,   1.879,9999.000,9999.000,9999.000,9999.000,9999.000,9999.000,9999.000
202602140454,   1.326,   1.879,9999.000,9999.000,9999.000,9999.000,9999.000,9999.000,9999.000
202602140500,   1.312,   1.859,   0.500,   0.047,   1.859,   0.500,   1.859,   0.500,   1.859
202602140506,   1.297,   1.820,9999.000,9999.000,9999.000,9999.000,9999.000,9999.000,9999.000
202602140512,   1.281,   1.767,9999.000,9999.000,9999.000,9999.000,9999.000,9999.000,9999.000
202602140518,   1.265,   1.758,9999.000,9999.000,9999.000,9999.000,9999.000,9999.000,9999.000
202602140524,   1.248,   1.689,9999.000,9999.000,9999.000,9999.000,9999.000,9999.000,9999.000
202602140530,   1.231,   1.699,9999.000,9999.000,9999.000,9999.000,9999.000,9999.000,9999.000
202602140536,   1.213,   1.679,9999.000,9999.000,9999.000,9999.000,9999.000,9999.000,9999.000
202602140542,   1.195,   1.639,9999.000,9999.000,9999.000,9999.000,9999.000,9999.000,9999.000
202602140548,   1.176,   1.620,9999.000,9999.000,9999.000,9999.000,9999.000,9999.000,9999.000
202602140554,   1.156,   1.590,9999.000,9999.000,9999.000,9999.000,9999.000,9999.000,9999.000
202602140600,   1.136,   1.557,   0.500,  -0.079,   1.557,   0.500,   1.557,   0.500,   1.557
202602140606,   1.116,   1.538,9999.000,9999.000,9999.000,9999.000,9999.000,9999.000,9999.000
202602140612,   1.095,   1.508,9999.000,9999.000,9999.000,9999.000,9999.000,9999.000,9999.000
202602140618,   1.074,   1.479,9999.000,9999.000,9999.000,9999.000,9999.000,9999.000,9999.000
202602140624,   1.053,   1.420,9999.000,9999.000,9999.000,9999.000,9999.000,9999.000,9999.000
202602140630,   1.031,   1.380,9999.000,9999.000,9999.000,9999.000,9999.000,9999.000,9999.000
202602140636,   1.008,   1.361,9999.000,9999.000,9999.000,9999.000,9999.000,9999.000,9999.000
202602140642,   0.986,   1.308,9999.000,9999.000,9999.000,9999.000,9999.000,9999.000,9999.000
202602140648,   0.963,   1.279,9999.000,9999.000,9999.000,9999.000,9999.000,9999.000,9999.000
202602140654,   0.939,   1.269,9999.000,9999.000,9999.000,9999.000,9999.000,9999.000,9999.000
202602140700,   0.916,   1.229,   0.500,  -0.187,   1.229,   0.500,   1.229,   0.500,   1.229
202602140706,   0.892,   1.200,9999.000,9999.000,9999.000,9999.000,9999.000,9999.000,9999.000
202602140712,   0.868,   1.180,9999.000,9999.000,9999.000,9999.000,9999.000,9999.000,9999.000
202602140718,   0.844,   1.151,9999.000,9999.000,9999.000,9999.000,9999.000,9999.000,9999.000
202602140724,   0.820,   1.128,9999.000,9999.000,9999.000,9999.000,9999.000,9999.000,9999.000
202602140730,   0.794,   1.088,9999.000,9999.000,9999.000,9999.000,9999.000,9999.000,9999.000
202602140736,   0.770,   1.069,9999.000,9999.000,9999.000,9999.000,9999.000,9999.000,9999.000
202602140742,   0.745,   1.029,9999.000,9999.000,9999.000,9999.000,9999.000,9999.000,9999.000
202602140748,   0.719,   1.010,9999.000,9999.000,9999.000,9999.000,9999.000,9999.000,9999.000
202602140754,   0.694,   0.990,9999.000,9999.000,9999.000,9999.000,9999.000,9999.000,9999.000
202602140800,   0.669,   0.951,   0.500,  -0.218,   0.951,   0.500,   0.951,   0.500,   0.951
202602140806,   0.643,   0.918,9999.000,9999.000,9999.000,9999.000,9999.000,9999.000,9999.000
202602140812,   0.618,   0.898,9999.000,9999.000,9999.000,9999.000,9999.000,9999.000,9999.000
202602140818,   0.592,   0.869,9999.000,9999.000,9999.000,9999.000,9999.000,9999.000,9999.000
202602140824,   0.566,   0.849,9999.000,9999.000,9999.000,9999.000,9999.000,9999.000,9999.000
202602140830,   0.541,   0.819,9999.000,9999.000,9999.000,9999.000,9999.000,9999.000,9999.000
202602140836,   0.515,   0.780,9999.000,9999.000,9999.000,9999.000,9999.000,9999.000,9999.000
202602140842,   0.489,   0.751,9999.000,9999.000,9999.000,9999.000,9999.000,9999.000,9999.000
202602140848,   0.463,   0.718,9999.000,9999.000,9999.000,9999.000,9999.000,9999.000,9999.000
202602140854,   0.438,   0.688,9999.000,9999.000,9999.000,9999.000,9999.000,9999.000,9999.000
202602140900,   0.412,   0.669,   0.500,  -0.243,   0.669,   0.500,   0.669,   0.500,   0.669
202602140906,   0.386,   0.649,9999.000,9999.000,9999.000,9999.000,9999.000,9999.000,9999.000
202602140912,   0.360,   0.619,9999.000,9999.000,9999.000,9999.000,9999.000,9999.000,9999.000
202602140918,   0.335,   0.590,9999.000,9999.000,9999.000,9999.000,9999.000,9999.000,9999.000
202602140924,   0.309,   0.560,9999.000,9999.000,9999.000,9999.000,9999.000,9999.000,9999.000
202602140930,   0.283,   0.551,9999.000,9999.000,9999.000,9999.000,9999.000,9999.000,9999.000
202602140936,   0.258,   0.531,9999.000,9999.000,9999.000,9999.000,9999.000,9999.000,9999.000
202602140942,   0.232,   0.498,9999.000,9999.000,9999.000,9999.000,9999.000,9999.000,9999.000
202602140948,   0.207,   0.469,9999.000,9999.000,9999.000,9999.000,9999.000,9999.000,9999.000
202602140954,   0.181,   0.449,9999.000,9999.000,9999.000,9999.000,9999.000,9999.000,9999.000
202602141000,   0.156,   0.429,   0.500,  -0.227,   0.429,   0.500,   0.429,   0.500,   0.429
202602141006,   0.131,   0.409,9999.000,9999.000,9999.000,9999.000,9999.000,9999.000,9999.000
202602141012,   0.105,   0.380,9999.000,9999.000,9999.000,9999.000,9999.000,9999.000,9999.000
202602141018,   0.080,   0.360,9999.000,9999.000,9999.000,9999.000,9999.000,9999.000,9999.000
202602141024,   0.055,   0.331,9999.000,9999.000,9999.000,9999.000,9999.000,9999.000,9999.000
202602141030,   0.030,   0.308,9999.000,9999.000,9999.000,9999.000,9999.000,9999.000,9999.000
202602141036,   0.006,   0.298,9999.000,9999.000,9999.000,9999.000,9999.000,9999.000,9999.000
202602141042,  -0.018,   0.298,9999.000,9999.000,9999.000,9999.000,9999.000,9999.000,9999.000
202602141048,  -0.043,   0.298,9999.000,9999.000,9999.000,9999.000,9999.000,9999.000,9999.000
202602141054,  -0.067,   0.278,9999.000,9999.000,9999.000,9999.000,9999.000,9999.000,9999.000
202602141100,  -0.091,   0.239,   0.500,  -0.170,   0.239,   0.500,   0.239,   0.500,   0.239
202602141106,  -0.115,   0.229,9999.000,9999.000,9999.000,9999.000,9999.000,9999.000,9999.000
202602141112,  -0.139,   0.209,9999.000,9999.000,9999.000,9999.000,9999.000,9999.000,9999.000
202602141118,  -0.163,   0.209,9999.000,9999.000,9999.000,9999.000,9999.000,9999.000,9999.000
202602141124,  -0.186,   0.160,9999.000,9999.000,9999.000,9999.000,9999.000,9999.000,9999.000
202602141130,  -0.209,   0.150,9999.000,9999.000,9999.000,9999.000,9999.000,9999.000,9999.000
202602141136,  -0.232,   0.131,9999.000,9999.000,9999.000,9999.000,9999.000,9999.000,9999.000
202602141142,  -0.255,   0.098,9999.000,9999.000,9999.000,9999.000,9999.000,9999.000,9999.000
202602141148,  -0.277,   0.098,9999.000,9999.000,9999.000,9999.000,9999.000,9999.000,9999.000
202602141154,  -0.299,   0.111,9999.000,9999.000,9999.000,9999.000,9999.000,9999.000,9999.000
202602141200,  -0.321,   0.068,   0.500,  -0.111,   0.068,   0.500,   0.068,   0.500,   0.068
202602141206,  -0.342,   0.068,9999.000,9999.000,9999.000,9999.000,9999.000,9999.000,9999.000
202602141212,  -0.363,   0.068,9999.000,9999.000,9999.000,9999.000,9999.000,9999.000,9999.000
202602141218,  -0.384,   0.078,9999.000,9999.000,9999.000,9999.000,9999.000,9999.000,9999.000
202602141224,  -0.404,   0.039,9999.000,9999.000,9999.000,9999.000,9999.000,9999.000,9999.000
202602141230,  -0.423,   0.000,9999.000,9999.000,9999.000,9999.000,9999.000,9999.000,9999.000
202602141236,  -0.442,  -0.019,9999.000,9999.000,9999.000,9999.000,9999.000,9999.000,9999.000
202602141242,  -0.461,  -0.019,9999.000,9999.000,9999.000,9999.000,9999.000,9999.000,9999.000
202602141248,  -0.478,  -0.039,9999.000,9999.000,9999.000,9999.000,9999.000,9999.000,9999.000
202602141254,  -0.496,  -0.029,9999.000,9999.000,9999.000,9999.000,9999.000,9999.000,9999.000
202602141300,  -0.512,  -0.049,   0.500,  -0.037,  -0.049,   0.500,  -0.049,   0.500,  -0.049
202602141306,  -0.528,  -0.039,9999.000,9999.000,9999.000,9999.000,9999.000,9999.000,9999.000
202602141312,  -0.544,  -0.039,9999.000,9999.000,9999.000,9999.000,9999.000,9999.000,9999.000
202602141318,  -0.558,  -0.049,9999.000,9999.000,9999.000,9999.000,9999.000,9999.000,9999.000
202602141324,  -0.572,  -0.078,9999.000,9999.000,9999.000,9999.000,9999.000,9999.000,9999.000
202602141330,  -0.585,  -0.088,9999.000,9999.000,9999.000,9999.000,9999.000,9999.000,9999.000
202602141336,  -0.597,  -0.078,9999.000,9999.000,9999.000,9999.000,9999.000,9999.000,9999.000
202602141342,  -0.609,  -0.068,9999.000,9999.000,9999.000,9999.000,9999.000,9999.000,9999.000
202602141348,  -0.619,  -0.078,9999.000,9999.000,9999.000,9999.000,9999.000,9999.000,9999.000
202602141354,  -0.629,  -0.078,9999.000,9999.000,9999.000,9999.000,9999.000,9999.000,9999.000
202602141400,  -0.637,  -0.088,   0.500,   0.049,  -0.088,   0.500,  -0.088,   0.500,  -0.088
202602141406,  -0.645,  -0.098,9999.000,9999.000,9999.000,9999.000,9999.000,9999.000,9999.000
202602141412,  -0.652,  -0.098,9999.000,9999.000,9999.000,9999.000,9999.000,9999.000,9999.000
202602141418,  -0.658,  -0.111,9999.000,9999.000,9999.000,9999.000,9999.000,9999.000,9999.000
202602141424,  -0.662,  -0.098,9999.000,9999.000,9999.000,9999.000,9999.000,9999.000,9999.000
202602141430,  -0.666,  -0.098,9999.000,9999.000,9999.000,9999.000,9999.000,9999.000,9999.000
202602141436,  -0.669,  -0.088,9999.000,9999.000,9999.000,9999.000,9999.000,9999.000,9999.000
202602141442,  -0.671,  -0.088,9999.000,9999.000,9999.000,9999.000,9999.000,9999.000,9999.000
202602141448,  -0.671,  -0.068,9999.000,9999.000,9999.000,9999.000,9999.000,9999.000,9999.000
202602141454,  -0.671,  -0.068,9999.000,9999.000,9999.000,9999.000,9999.000,9999.000,9999.000
202602141500,  -0.670,  -0.059,   0.500,   0.111,  -0.059,   0.500,  -0.059,   0.500,  -0.059
202602141506,  -0.667,  -0.049,9999.000,9999.000,9999.000,9999.000,9999.000,9999.000,9999.000
202602141512,  -0.664,  -0.039,9999.000,9999.000,9999.000,9999.000,9999.000,9999.000,9999.000
202602141518,  -0.659,  -0.029,9999.000,9999.000,9999.000,9999.000,9999.000,9999.000,9999.000
202602141524,  -0.654,  -0.019,9999.000,9999.000,9999.000,9999.000,9999.000,9999.000,9999.000
202602141530,  -0.647,  -0.039,9999.000,9999.000,9999.000,9999.000,9999.000,9999.000,9999.000
202602141536,  -0.639,  -0.049,9999.000,9999.000,9999.000,9999.000,9999.000,9999.000,9999.000
202602141542,  -0.631,  -0.049,9999.000,9999.000,9999.000,9999.000,9999.000,9999.000,9999.000
202602141548,  -0.621,  -0.009,9999.000,9999.000,9999.000,9999.000,9999.000,9999.000,9999.000
202602141554,  -0.611,   0.000,9999.000,9999.000,9999.000,9999.000,9999.000,9999.000,9999.000
202602141600,  -0.599,   0.019,   0.500,   0.118,   0.019,   0.500,   0.019,   0.500,   0.019
202602141606,  -0.587,  -0.019,9999.000,9999.000,9999.000,9999.000,9999.000,9999.000,9999.000
202602141612,  -0.573,   0.029,9999.000,9999.000,9999.000,9999.000,9999.000,9999.000,9999.000
202602141618,  -0.559,   0.068,9999.000,9999.000,9999.000,9999.000,9999.000,9999.000,9999.000
202602141624,  -0.544,   0.088,9999.000,9999.000,9999.000,9999.000,9999.000,9999.000,9999.000
202602141630,  -0.528,   0.131,9999.000,9999.000,9999.000,9999.000,9999.000,9999.000,9999.000
202602141636,  -0.511,   0.160,9999.000,9999.000,9999.000,9999.000,9999.000,9999.000,9999.000
202602141642,  -0.494,   0.190,9999.000,9999.000,9999.000,9999.000,9999.000,9999.000,9999.000
202602141648,  -0.476,   0.190,9999.000,9999.000,9999.000,9999.000,9999.000,9999.000,9999.000
202602141654,  -0.457,   0.229,9999.000,9999.000,9999.000,9999.000,9999.000,9999.000,9999.000
202602141700,  -0.437,   0.259,   0.500,   0.196,   0.259,   0.500,   0.259,   0.500,   0.259
202602141706,  -0.417,   0.278,9999.000,9999.000,9999.000,9999.000,9999.000,9999.000,9999.000
202602141712,  -0.397,   0.298,9999.000,9999.000,9999.000,9999.000,9999.000,9999.000,9999.000
202602141718,  -0.376,   0.321,9999.000,9999.000,9999.000,9999.000,9999.000,9999.000,9999.000
202602141724,  -0.354,   0.350,9999.000,9999.000,9999.000,9999.000,9999.000,9999.000,9999.000
202602141730,  -0.332,   0.390,9999.000,9999.000,9999.000,9999.000,9999.000,9999.000,9999.000
202602141736,  -0.309,   0.409,9999.000,9999.000,9999.000,9999.000,9999.000,9999.000,9999.000
202602141742,  -0.286,   0.429,9999.000,9999.000,9999.000,9999.000,9999.000,9999.000,9999.000
202602141748,  -0.263,   0.459,9999.000,9999.000,9999.000,9999.000,9999.000,9999.000,9999.000
202602141754,  -0.239,   0.488,9999.000,9999.000,9999.000,9999.000,9999.000,9999.000,9999.000
202602141800,  -0.215,   0.508,   0.500,   0.223,   0.508,   0.500,   0.508,   0.500,   0.508
202602141806,  -0.191,   0.518,9999.000,9999.000,9999.000,9999.000,9999.000,9999.000,9999.000
202602141812,  -0.167,   0.580,9999.000,9999.000,9999.000,9999.000,9999.000,9999.000,9999.000
202602141818,  -0.143,   0.619,9999.000,9999.000,9999.000,9999.000,9999.000,9999.000,9999.000
202602141824,  -0.118,   0.629,9999.000,9999.000,9999.000,9999.000,9999.000,9999.000,9999.000
202602141830,  -0.093,   0.678,9999.000,9999.000,9999.000,9999.000,9999.000,9999.000,9999.000
202602141836,  -0.069,   0.688,9999.000,9999.000,9999.000,9999.000,9999.000,9999.000,9999.000
202602141842,  -0.044,   0.731,9999.000,9999.000,9999.000,9999.000,9999.000,9999.000,9999.000
202602141848,  -0.019,   0.780,9999.000,9999.000,9999.000,9999.000,9999.000,9999.000,9999.000
202602141854,   0.005,   0.810,9999.000,9999.000,9999.000,9999.000,9999.000,9999.000,9999.000
202602141900,   0.030,   0.849,   0.600,   0.219,   0.849,   0.500,   0.749,   0.600,   0.849
202602141906,   0.054,   0.859,9999.000,9999.000,9999.000,9999.000,9999.000,9999.000,9999.000
202602141912,   0.079,   0.898,9999.000,9999.000,9999.000,9999.000,9999.000,9999.000,9999.000
202602141918,   0.104,   0.951,9999.000,9999.000,9999.000,9999.000,9999.000,9999.000,9999.000
202602141924,   0.128,   0.990,9999.000,9999.000,9999.000,9999.000,9999.000,9999.000,9999.000
202602141930,   0.152,   1.029,9999.000,9999.000,9999.000,9999.000,9999.000,9999.000,9999.000
202602141936,   0.176,   1.059,9999.000,9999.000,9999.000,9999.000,9999.000,9999.000,9999.000
202602141942,   0.200,   1.069,9999.000,9999.000,9999.000,9999.000,9999.000,9999.000,9999.000
202602141948,   0.224,   1.079,9999.000,9999.000,9999.000,9999.000,9999.000,9999.000,9999.000
202602141954,   0.248,   1.098,9999.000,9999.000,9999.000,9999.000,9999.000,9999.000,9999.000
202602142000,   0.271,   1.138,   0.600,   0.267,   1.138,   0.600,   1.138,   0.600,   1.138
202602142006,   0.295,   1.161,9999.000,9999.000,9999.000,9999.000,9999.000,9999.000,9999.000
202602142012,   0.318,   1.161,9999.000,9999.000,9999.000,9999.000,9999.000,9999.000,9999.000
202602142018,   0.341,   1.180,9999.000,9999.000,9999.000,9999.000,9999.000,9999.000,9999.000
202602142024,   0.363,   1.200,9999.000,9999.000,9999.000,9999.000,9999.000,9999.000,9999.000
202602142030,   0.386,   1.190,9999.000,9999.000,9999.000,9999.000,9999.000,9999.000,9999.000
202602142036,   0.408,   1.220,9999.000,9999.000,9999.000,9999.000,9999.000,9999.000,9999.000
202602142042,   0.430,   1.249,9999.000,9999.000,9999.000,9999.000,9999.000,9999.000,9999.000
202602142048,   0.452,   1.259,9999.000,9999.000,9999.000,9999.000,9999.000,9999.000,9999.000
202602142054,   0.473,   1.269,9999.000,9999.000,9999.000,9999.000,9999.000,9999.000,9999.000
202602142100,   0.495,   1.289,   0.600,   0.194,   1.289,   0.600,   1.289,   0.700,   1.389
202602142106,   0.516,   1.318,9999.000,9999.000,9999.000,9999.000,9999.000,9999.000,9999.000
202602142112,   0.537,   1.328,9999.000,9999.000,9999.000,9999.000,9999.000,9999.000,9999.000
202602142118,   0.558,   1.318,9999.000,9999.000,9999.000,9999.000,9999.000,9999.000,9999.000
202602142124,   0.578,   1.328,9999.000,9999.000,9999.000,9999.000,9999.000,9999.000,9999.000
202602142130,   0.599,   1.361,9999.000,9999.000,9999.000,9999.000,9999.000,9999.000,9999.000
202602142136,   0.619,   1.371,9999.000,9999.000,9999.000,9999.000,9999.000,9999.000,9999.000
202602142142,   0.639,   1.410,9999.000,9999.000,9999.000,9999.000,9999.000,9999.000,9999.000
202602142148,   0.659,   1.410,9999.000,9999.000,9999.000,9999.000,9999.000,9999.000,9999.000
202602142154,   0.679,   1.420,9999.000,9999.000,9999.000,9999.000,9999.000,9999.000,9999.000
202602142200,   0.698,   1.439,   0.700,   0.041,   1.439,   0.600,   1.339,   0.700,   1.439
202602142206,   0.718,   1.469,9999.000,9999.000,9999.000,9999.000,9999.000,9999.000,9999.000
202602142212,   0.737,   1.479,9999.000,9999.000,9999.000,9999.000,9999.000,9999.000,9999.000
202602142218,   0.756,   1.538,9999.000,9999.000,9999.000,9999.000,9999.000,9999.000,9999.000
202602142224,   0.775,   1.571,9999.000,9999.000,9999.000,9999.000,9999.000,9999.000,9999.000
202602142230,   0.794,   1.600,9999.000,9999.000,9999.000,9999.000,9999.000,9999.000,9999.000
202602142236,   0.812,   1.571,9999.000,9999.000,9999.000,9999.000,9999.000,9999.000,9999.000
202602142242,   0.831,   1.571,9999.000,9999.000,9999.000,9999.000,9999.000,9999.000,9999.000
202602142248,   0.849,   1.580,9999.000,9999.000,9999.000,9999.000,9999.000,9999.000,9999.000
202602142254,   0.868,   1.600,9999.000,9999.000,9999.000,9999.000,9999.000,9999.000,9999.000
202602142300,   0.886,   1.659,   0.700,   0.073,   1.659,   0.700,   1.659,   0.800,   1.759
202602142306,   0.904,   1.679,9999.000,9999.000,9999.000,9999.000,9999.000,9999.000,9999.000
202602142312,   0.922,   1.689,9999.000,9999.000,9999.000,9999.000,9999.000,9999.000,9999.000
202602142318,   0.939,   1.699,9999.000,9999.000,9999.000,9999.000,9999.000,9999.000,9999.000
202602142324,   0.957,   1.728,9999.000,9999.000,9999.000,9999.000,9999.000,9999.000,9999.000
202602142330,   0.975,   1.781,9999.000,9999.000,9999.000,9999.000,9999.000,9999.000,9999.000
202602142336,   0.992,   1.820,9999.000,9999.000,9999.000,9999.000,9999.000,9999.000,9999.000
202602142342,   1.009,   1.859,9999.000,9999.000,9999.000,9999.000,9999.000,9999.000,9999.000
202602142348,   1.026,   1.869,9999.000,9999.000,9999.000,9999.000,9999.000,9999.000,9999.000
202602142354,   1.043,   1.879,9999.000,9999.000,9999.000,9999.000,9999.000,9999.000,9999.000
202602150000,   1.060,   1.908,   0.700,   0.148,   1.908,   0.600,   1.808,   0.700,   1.908
202602150006,   1.077,   1.938,9999.000,9999.000,9999.000,9999.000,9999.000,9999.000,9999.000
202602150012,   1.093,   1.938,9999.000,9999.000,9999.000,9999.000,9999.000,9999.000,9999.000
202602150018,   1.110,   1.981,9999.000,9999.000,9999.000,9999.000,9999.000,9999.000,9999.000
202602150024,   1.126,   1.990,9999.000,9999.000,9999.000,9999.000,9999.000,9999.000,9999.000
202602150030,   1.142,   2.000,9999.000,9999.000,9999.000,9999.000,9999.000,9999.000,9999.000
202602150036,   1.158,   2.020,9999.000,9999.000,9999.000,9999.000,9999.000,9999.000,9999.000
202602150042,   1.173,   2.030,9999.000,9999.000,9999.000,9999.000,9999.000,9999.000,9999.000
202602150048,   1.188,   2.049,9999.000,9999.000,9999.000,9999.000,9999.000,9999.000,9999.000
202602150054,   1.204,   2.049,9999.000,9999.000,9999.000,9999.000,9999.000,9999.000,9999.000
202602150100,   1.219,   2.059,   0.700,   0.140,   2.059,   0.600,   1.959,   0.700,   2.059
202602150106,   1.233,   2.059,9999.000,9999.000,9999.000,9999.000,9999.000,9999.000,9999.000
202602150112,   1.248,   2.069,9999.000,9999.000,9999.000,9999.000,9999.000,9999.000,9999.000
202602150118,   1.262,   2.069,9999.000,9999.000,9999.000,9999.000,9999.000,9999.000,9999.000
202602150124,   1.275,   2.099,9999.000,9999.000,9999.000,9999.000,9999.000,9999.000,9999.000
202602150130,   1.289,   2.109,9999.000,9999.000,9999.000,9999.000,9999.000,9999.000,9999.000
202602150136,   1.302,   2.118,9999.000,9999.000,9999.000,9999.000,9999.000,9999.000,9999.000
202602150142,   1.315,   2.118,9999.000,9999.000,9999.000,9999.000,9999.000,9999.000,9999.000
202602150148,   1.327,   2.128,9999.000,9999.000,9999.000,9999.000,9999.000,9999.000,9999.000
202602150154,   1.339,   2.138,9999.000,9999.000,9999.000,9999.000,9999.000,9999.000,9999.000
202602150200,   1.351,   2.148,   0.700,   0.097,   2.148,   0.700,   2.148,   0.800,   2.248
202602150206,   1.362,   2.158,9999.000,9999.000,9999.000,9999.000,9999.000,9999.000,9999.000
202602150212,   1.373,   2.177,9999.000,9999.000,9999.000,9999.000,9999.000,9999.000,9999.000
202602150218,   1.383,   2.191,9999.000,9999.000,9999.000,9999.000,9999.000,9999.000,9999.000
202602150224,   1.393,   2.191,9999.000,9999.000,9999.000,9999.000,9999.000,9999.000,9999.000
202602150230,   1.403,   2.210,9999.000,9999.000,9999.000,9999.000,9999.000,9999.000,9999.000
202602150236,   1.412,   2.269,9999.000,9999.000,9999.000,9999.000,9999.000,9999.000,9999.000
202602150242,   1.420,   2.299,9999.000,9999.000,9999.000,9999.000,9999.000,9999.000,9999.000
202602150248,   1.428,   2.299,9999.000,9999.000,9999.000,9999.000,9999.000,9999.000,9999.000
202602150254,   1.435,   2.328,9999.000,9999.000,9999.000,9999.000,9999.000,9999.000,9999.000
202602150300,   1.442,   2.338,   0.800,   0.096,   2.338,   0.700,   2.238,   0.800,   2.338
202602150306,   1.448,   2.338,9999.000,9999.000,9999.000,9999.000,9999.000,9999.000,9999.000
202602150312,   1.453,   2.338,9999.000,9999.000,9999.000,9999.000,9999.000,9999.000,9999.000
202602150318,   1.458,   2.348,9999.000,9999.000,9999.000,9999.000,9999.000,9999.000,9999.000
202602150324,   1.462,   2.377,9999.000,9999.000,9999.000,9999.000,9999.000,9999.000,9999.000
202602150330,   1.465,   2.387,9999.000,9999.000,9999.000,9999.000,9999.000,9999.000,9999.000
202602150336,   1.468,   2.410,9999.000,9999.000,9999.000,9999.000,9999.000,9999.000,9999.000
202602150342,   1.470,   2.410,9999.000,9999.000,9999.000,9999.000,9999.000,9999.000,9999.000
202602150348,   1.471,   2.410,9999.000,9999.000,9999.000,9999.000,9999.000,9999.000,9999.000
202602150354,   1.472,   2.440,9999.000,9999.000,9999.000,9999.000,9999.000,9999.000,9999.000
202602150400,   1.472,   2.469,   0.800,   0.197,   2.469,   0.700,   2.369,   0.800,   2.469
202602150406,   1.471,   2.479,9999.000,9999.000,9999.000,9999.000,9999.000,9999.000,9999.000
202602150412,   1.469,   2.499,9999.000,9999.000,9999.000,9999.000,9999.000,9999.000,9999.000
202602150418,   1.466,   2.479,9999.000,9999.000,9999.000,9999.000,9999.000,9999.000,9999.000
202602150424,   1.463,   2.450,9999.000,9999.000,9999.000,9999.000,9999.000,9999.000,9999.000
202602150430,   1.459,   2.410,9999.000,9999.000,9999.000,9999.000,9999.000,9999.000,9999.000
202602150436,   1.454,   2.387,9999.000,9999.000,9999.000,9999.000,9999.000,9999.000,9999.000
202602150442,   1.449,   2.400,9999.000,9999.000,9999.000,9999.000,9999.000,9999.000,9999.000
202602150448,   1.442,   2.400,9999.000,9999.000,9999.000,9999.000,9999.000,9999.000,9999.000
202602150454,   1.435,   2.387,9999.000,9999.000,9999.000,9999.000,9999.000,9999.000,9999.000
202602150500,   1.427,   2.387,   0.800,   0.160,   2.387,   0.800,   2.387,   0.900,   2.487
202602150506,   1.418,   2.368,9999.000,9999.000,9999.000,9999.000,9999.000,9999.000,9999.000
202602150512,   1.408,   2.348,9999.000,9999.000,9999.000,9999.000,9999.000,9999.000,9999.000
202602150518,   1.398,   2.348,9999.000,9999.000,9999.000,9999.000,9999.000,9999.000,9999.000
202602150524,   1.387,   2.328,9999.000,9999.000,9999.000,9999.000,9999.000,9999.000,9999.000
202602150530,   1.375,   2.328,9999.000,9999.000,9999.000,9999.000,9999.000,9999.000,9999.000
202602150536,   1.362,   2.318,9999.000,9999.000,9999.000,9999.000,9999.000,9999.000,9999.000
202602150542,   1.348,   2.299,9999.000,9999.000,9999.000,9999.000,9999.000,9999.000,9999.000
202602150548,   1.334,   2.269,9999.000,9999.000,9999.000,9999.000,9999.000,9999.000,9999.000
202602150554,   1.319,   2.240,9999.000,9999.000,9999.000,9999.000,9999.000,9999.000,9999.000
202602150600,   1.303,   2.220,   0.800,   0.117,   2.220,   0.800,   2.220,   0.900,   2.320
202602150606,   1.287,   2.240,9999.000,9999.000,9999.000,9999.000,9999.000,9999.000,9999.000
202602150612,   1.270,   2.269,9999.000,9999.000,9999.000,9999.000,9999.000,9999.000,9999.000
202602150618,   1.252,   2.328,9999.000,9999.000,9999.000,9999.000,9999.000,9999.000,9999.000
202602150624,   1.234,   2.348,9999.000,9999.000,9999.000,9999.000,9999.000,9999.000,9999.000
202602150630,   1.215,   2.318,9999.000,9999.000,9999.000,9999.000,9999.000,9999.000,9999.000
202602150636,   1.195,   2.269,9999.000,9999.000,9999.000,9999.000,9999.000,9999.000,9999.000
202602150642,   1.175,   2.240,9999.000,9999.000,9999.000,9999.000,9999.000,9999.000,9999.000
202602150648,   1.154,   2.230,9999.000,9999.000,9999.000,9999.000,9999.000,9999.000,9999.000
202602150654,   1.133,   2.200,9999.000,9999.000,9999.000,9999.000,9999.000,9999.000,9999.000
202602150700,   1.111,   2.168,   0.800,   0.257,   2.168,   0.800,   2.168,   0.900,   2.268
202602150706,   1.089,   2.128,9999.000,9999.000,9999.000,9999.000,9999.000,9999.000,9999.000
202602150712,   1.066,   2.089,9999.000,9999.000,9999.000,9999.000,9999.000,9999.000,9999.000
202602150718,   1.043,   2.069,9999.000,9999.000,9999.000,9999.000,9999.000,9999.000,9999.000
202602150724,   1.019,   2.059,9999.000,9999.000,9999.000,9999.000,9999.000,9999.000,9999.000
202602150730,   0.995,   2.040,9999.000,9999.000,9999.000,9999.000,9999.000,9999.000,9999.000
202602150736,   0.971,   2.030,9999.000,9999.000,9999.000,9999.000,9999.000,9999.000,9999.000
202602150742,   0.946,   2.000,9999.000,9999.000,9999.000,9999.000,9999.000,9999.000,9999.000
202602150748,   0.921,   1.981,9999.000,9999.000,9999.000,9999.000,9999.000,9999.000,9999.000
202602150754,   0.896,   1.958,9999.000,9999.000,9999.000,9999.000,9999.000,9999.000,9999.000
202602150800,   0.870,   1.928,   0.900,   0.158,   1.928,   0.800,   1.828,   1.000,   2.028
202602150806,   0.844,   1.889,9999.000,9999.000,9999.000,9999.000,9999.000,9999.000,9999.000
202602150812,   0.818,   1.849,9999.000,9999.000,9999.000,9999.000,9999.000,9999.000,9999.000
202602150818,   0.792,   1.830,9999.000,9999.000,9999.000,9999.000,9999.000,9999.000,9999.000
202602150824,   0.765,   1.820,9999.000,9999.000,9999.000,9999.000,9999.000,9999.000,9999.000
202602150830,   0.738,   1.781,9999.000,9999.000,9999.000,9999.000,9999.000,9999.000,9999.000
202602150836,   0.712,   1.781,9999.000,9999.000,9999.000,9999.000,9999.000,9999.000,9999.000
202602150842,   0.685,   1.767,9999.000,9999.000,9999.000,9999.000,9999.000,9999.000,9999.000
202602150848,   0.657,   1.748,9999.000,9999.000,9999.000,9999.000,9999.000,9999.000,9999.000
202602150854,   0.630,   1.738,9999.000,9999.000,9999.000,9999.000,9999.000,9999.000,9999.000
202602150900,   0.603,   1.708,   0.900,   0.205,   1.708,   0.800,   1.608,   1.000,   1.808
202602150906,   0.576,   1.689,9999.000,9999.000,9999.000,9999.000,9999.000,9999.000,9999.000
202602150912,   0.548,   1.659,9999.000,9999.000,9999.000,9999.000,9999.000,9999.000,9999.000
202602150918,   0.521,   1.630,9999.000,9999.000,9999.000,9999.000,9999.000,9999.000,9999.000
202602150924,   0.493,   1.610,9999.000,9999.000,9999.000,9999.000,9999.000,9999.000,9999.000
202602150930,   0.466,   1.580,9999.000,9999.000,9999.000,9999.000,9999.000,9999.000,9999.000
202602150936,   0.438,   1.557,9999.000,9999.000,9999.000,9999.000,9999.000,9999.000,9999.000
202602150942,   0.410,   1.538,9999.000,9999.000,9999.000,9999.000,9999.000,9999.000,9999.000
202602150948,   0.383,   1.518,9999.000,9999.000,9999.000,9999.000,9999.000,9999.000,9999.000
202602150954,   0.355,   1.508,9999.000,9999.000,9999.000,9999.000,9999.000,9999.000,9999.000
202602151000,   0.328,   1.498,   0.900,   0.270,   1.498,   0.800,   1.398,   1.100,   1.698
202602151006,   0.301,   1.459,9999.000,9999.000,9999.000,9999.000,9999.000,9999.000,9999.000
202602151012,   0.273,   1.439,9999.000,9999.000,9999.000,9999.000,9999.000,9999.000,9999.000
202602151018,   0.246,   1.410,9999.000,9999.000,9999.000,9999.000,9999.000,9999.000,9999.000
202602151024,   0.219,   1.390,9999.000,9999.000,9999.000,9999.000,9999.000,9999.000,9999.000
202602151030,   0.192,   1.380,9999.000,9999.000,9999.000,9999.000,9999.000,9999.000,9999.000
202602151036,   0.165,   1.338,9999.000,9999.000,9999.000,9999.000,9999.000,9999.000,9999.000
202602151042,   0.138,   1.279,9999.000,9999.000,9999.000,9999.000,9999.000,9999.000,9999.000
202602151048,   0.111,   1.200,9999.000,9999.000,9999.000,9999.000,9999.000,9999.000,9999.000
202602151054,   0.085,   1.170,9999.000,9999.000,9999.000,9999.000,9999.000,9999.000,9999.000
202602151100,   0.058,   1.138,   1.000,   0.080,   1.138,   0.900,   1.038,   1.100,   1.238
202602151106,   0.032,   1.138,9999.000,9999.000,9999.000,9999.000,9999.000,9999.000,9999.000
202602151112,   0.006,   1.118,9999.000,9999.000,9999.000,9999.000,9999.000,9999.000,9999.000
202602151118,  -0.019,   1.088,9999.000,9999.000,9999.000,9999.000,9999.000,9999.000,9999.000
202602151124,  -0.044,   1.069,9999.000,9999.000,9999.000,9999.000,9999.000,9999.000,9999.000
202602151130,  -0.069,   1.088,9999.000,9999.000,9999.000,9999.000,9999.000,9999.000,9999.000
202602151136,  -0.095,   1.108,9999.000,9999.000,9999.000,9999.000,9999.000,9999.000,9999.000
202602151142,  -0.119,   1.128,9999.000,9999.000,9999.000,9999.000,9999.000,9999.000,9999.000
202602151148,  -0.144,   1.128,9999.000,9999.000,9999.000,9999.000,9999.000,9999.000,9999.000
202602151154,  -0.168,   1.151,9999.000,9999.000,9999.000,9999.000,9999.000,9999.000,9999.000
202602151200,  -0.192,   1.190,   0.900,   0.482,   1.190,   0.800,   1.090,   1.000,   1.290
202602151206,  -0.215,   1.210,9999.000,9999.000,9999.000,9999.000,9999.000,9999.000,9999.000
202602151212,  -0.239,   1.220,9999.000,9999.000,9999.000,9999.000,9999.000,9999.000,9999.000
202602151218,  -0.261,   1.200,9999.000,9999.000,9999.000,9999.000,9999.000,9999.000,9999.000
202602151224,  -0.284,   1.170,9999.000,9999.000,9999.000,9999.000,9999.000,9999.000,9999.000
202602151230,  -0.305,   1.138,9999.000,9999.000,9999.000,9999.000,9999.000,9999.000,9999.000
202602151236,  -0.327,   1.088,9999.000,9999.000,9999.000,9999.000,9999.000,9999.000,9999.000
202602151242,  -0.348,   1.049,9999.000,9999.000,9999.000,9999.000,9999.000,9999.000,9999.000
202602151248,  -0.368,   1.108,9999.000,9999.000,9999.000,9999.000,9999.000,9999.000,9999.000
202602151254,  -0.388,   1.118,9999.000,9999.000,9999.000,9999.000,9999.000,9999.000,9999.000
202602151300,  -0.407,   1.069,   1.000,   0.476,   1.069,   0.800,   0.869,   1.100,   1.169
202602151306,  -0.425,   1.029,9999.000,9999.000,9999.000,9999.000,9999.000,9999.000,9999.000
202602151312,  -0.443,   1.010,9999.000,9999.000,9999.000,9999.000,9999.000,9999.000,9999.000
202602151318,  -0.460,   1.000,9999.000,9999.000,9999.000,9999.000,9999.000,9999.000,9999.000
202602151324,  -0.477,   1.049,9999.000,9999.000,9999.000,9999.000,9999.000,9999.000,9999.000
202602151330,  -0.493,   1.118,9999.000,9999.000,9999.000,9999.000,9999.000,9999.000,9999.000
202602151336,  -0.508,   1.180,9999.000,9999.000,9999.000,9999.000,9999.000,9999.000,9999.000
202602151342,  -0.522,   1.220,9999.000,9999.000,9999.000,9999.000,9999.000,9999.000,9999.000
202602151348,  -0.536,   1.259,9999.000,9999.000,9999.000,9999.000,9999.000,9999.000,9999.000
202602151354,  -0.548,   1.269,9999.000,9999.000,9999.000,9999.000,9999.000,9999.000,9999.000
202602151400,  -0.560,   1.259,   1.000,   0.819,   1.259,   0.900,   1.159,   1.200,   1.459
202602151406,  -0.571,   1.269,9999.000,9999.000,9999.000,9999.000,9999.000,9999.000,9999.000
202602151412,  -0.582,   1.279,9999.000,9999.000,9999.000,9999.000,9999.000,9999.000,9999.000
202602151418,  -0.591,   1.298,9999.000,9999.000,9999.000,9999.000,9999.000,9999.000,9999.000
202602151424,  -0.599,   1.289,9999.000,9999.000,9999.000,9999.000,9999.000,9999.000,9999.000
202602151430,  -0.606,   1.269,9999.000,9999.000,9999.000,9999.000,9999.000,9999.000,9999.000
202602151436,  -0.613,   1.259,9999.000,9999.000,9999.000,9999.000,9999.000,9999.000,9999.000
202602151442,  -0.618,   1.249,9999.000,9999.000,9999.000,9999.000,9999.000,9999.000,9999.000
202602151448,  -0.623,   1.249,9999.000,9999.000,9999.000,9999.000,9999.000,9999.000,9999.000
202602151454,  -0.626,   1.229,9999.000,9999.000,9999.000,9999.000,9999.000,9999.000,9999.000
202602151500,  -0.629,   1.220,   1.100,   0.749,   1.220,   0.900,   1.020,   1.200,   1.320
202602151506,  -0.630,   1.220,9999.000,9999.000,9999.000,9999.000,9999.000,9999.000,9999.000
202602151512,  -0.631,   1.229,9999.000,9999.000,9999.000,9999.000,9999.000,9999.000,9999.000
202602151518,  -0.631,   1.229,9999.000,9999.000,9999.000,9999.000,9999.000,9999.000,9999.000
202602151524,  -0.629,   1.190,9999.000,9999.000,9999.000,9999.000,9999.000,9999.000,9999.000
202602151530,  -0.627,   1.138,9999.000,9999.000,9999.000,9999.000,9999.000,9999.000,9999.000
202602151536,  -0.623,   1.098,9999.000,9999.000,9999.000,9999.000,9999.000,9999.000,9999.000
202602151542,  -0.619,   1.059,9999.000,9999.000,9999.000,9999.000,9999.000,9999.000,9999.000
202602151548,  -0.613,   1.010,9999.000,9999.000,9999.000,9999.000,9999.000,9999.000,9999.000
202602151554,  -0.607,   0.970,9999.000,9999.000,9999.000,9999.000,9999.000,9999.000,9999.000
202602151600,  -0.600,   0.928,   1.100,   0.428,   0.928,   0.900,   0.728,   1.200,   1.028
202602151606,  -0.591,   0.898,9999.000,9999.000,9999.000,9999.000,9999.000,9999.000,9999.000
202602151612,  -0.582,   0.859,9999.000,9999.000,9999.000,9999.000,9999.000,9999.000,9999.000
202602151618,  -0.572,   0.819,9999.000,9999.000,9999.000,9999.000,9999.000,9999.000,9999.000
202602151624,  -0.561,   0.819,9999.000,9999.000,9999.000,9999.000,9999.000,9999.000,9999.000
202602151630,  -0.549,   0.829,9999.000,9999.000,9999.000,9999.000,9999.000,9999.000,9999.000
202602151636,  -0.537,   0.839,9999.000,9999.000,9999.000,9999.000,9999.000,9999.000,9999.000
202602151642,  -0.523,   0.869,9999.000,9999.000,9999.000,9999.000,9999.000,9999.000,9999.000
202602151648,  -0.509,   0.918,9999.000,9999.000,9999.000,9999.000,9999.000,9999.000,9999.000
202602151654,  -0.494,   0.961,9999.000,9999.000,9999.000,9999.000,9999.000,9999.000,9999.000
202602151700,  -0.478,   0.990,   1.100,   0.368,   0.990,   0.900,   0.790,   1.200,   1.090
202602151706,  -0.462,   1.010,9999.000,9999.000,9999.000,9999.000,9999.000,9999.000,9999.000
202602151712,  -0.445,   0.990,9999.000,9999.000,9999.000,9999.000,9999.000,9999.000,9999.000
202602151718,  -0.427,   1.010,9999.000,9999.000,9999.000,9999.000,9999.000,9999.000,9999.000
202602151724,  -0.408,   1.029,9999.000,9999.000,9999.000,9999.000,9999.000,9999.000,9999.000
202602151730,  -0.389,   1.069,9999.000,9999.000,9999.000,9999.000,9999.000,9999.000,9999.000
202602151736,  -0.370,   1.079,9999.000,9999.000,9999.000,9999.000,9999.000,9999.000,9999.000
202602151742,  -0.350,   1.098,9999.000,9999.000,9999.000,9999.000,9999.000,9999.000,9999.000
202602151748,  -0.330,   1.108,9999.000,9999.000,9999.000,9999.000,9999.000,9999.000,9999.000
202602151754,  -0.309,   1.138,9999.000,9999.000,9999.000,9999.000,9999.000,9999.000,9999.000
202602151800,  -0.287,   1.200,   1.100,   0.387,   1.200,   0.900,   1.000,   1.200,   1.300
202602151806,  -0.266,   1.259,9999.000,9999.000,9999.000,9999.000,9999.000,9999.000,9999.000
202602151812,  -0.244,   1.308,9999.000,9999.000,9999.000,9999.000,9999.000,9999.000,9999.000
202602151818,  -0.222,   1.348,9999.000,9999.000,9999.000,9999.000,9999.000,9999.000,9999.000
202602151824,  -0.199,   1.430,9999.000,9999.000,9999.000,9999.000,9999.000,9999.000,9999.000
202602151830,  -0.176,   1.479,9999.000,9999.000,9999.000,9999.000,9999.000,9999.000,9999.000
202602151836,  -0.153,   1.508,9999.000,9999.000,9999.000,9999.000,9999.000,9999.000,9999.000
202602151842,  -0.130,   1.528,9999.000,9999.000,9999.000,9999.000,9999.000,9999.000,9999.000
202602151848,  -0.107,   1.580,9999.000,9999.000,9999.000,9999.000,9999.000,9999.000,9999.000
202602151854,  -0.084,   1.600,9999.000,9999.000,9999.000,9999.000,9999.000,9999.000,9999.000
202602151900,  -0.060,   1.620,   1.000,   0.680,   1.620,   0.900,   1.520,   1.200,   1.820
202602151906,  -0.037,   1.630,9999.000,9999.000,9999.000,9999.000,9999.000,9999.000,9999.000
202602151912,  -0.013,   1.630,9999.000,9999.000,9999.000,9999.000,9999.000,9999.000,9999.000
202602151918,   0.009,   1.620,9999.000,9999.000,9999.000,9999.000,9999.000,9999.000,9999.000
202602151924,   0.033,   1.620,9999.000,9999.000,9999.000,9999.000,9999.000,9999.000,9999.000
202602151930,   0.056,   1.620,9999.000,9999.000,9999.000,9999.000,9999.000,9999.000,9999.000
202602151936,   0.079,   1.600,9999.000,9999.000,9999.000,9999.000,9999.000,9999.000,9999.000
202602151942,   0.102,   1.590,9999.000,9999.000,9999.000,9999.000,9999.000,9999.000,9999.000
202602151948,   0.126,   1.630,9999.000,9999.000,9999.000,9999.000,9999.000,9999.000,9999.000
202602151954,   0.148,   1.639,9999.000,9999.000,9999.000,9999.000,9999.000,9999.000,9999.000
202602152000,   0.171,   1.649,   1.000,   0.478,   1.649,   0.900,   1.549,   1.100,   1.749
202602152006,   0.194,   1.639,9999.000,9999.000,9999.000,9999.000,9999.000,9999.000,9999.000
202602152012,   0.216,   1.649,9999.000,9999.000,9999.000,9999.000,9999.000,9999.000,9999.000
202602152018,   0.238,   1.669,9999.000,9999.000,9999.000,9999.000,9999.000,9999.000,9999.000
202602152024,   0.260,   1.679,9999.000,9999.000,9999.000,9999.000,9999.000,9999.000,9999.000
202602152030,   0.282,   1.689,9999.000,9999.000,9999.000,9999.000,9999.000,9999.000,9999.000
202602152036,   0.304,   1.689,9999.000,9999.000,9999.000,9999.000,9999.000,9999.000,9999.000
202602152042,   0.325,   1.669,9999.000,9999.000,9999.000,9999.000,9999.000,9999.000,9999.000
202602152048,   0.346,   1.679,9999.000,9999.000,9999.000,9999.000,9999.000,9999.000,9999.000
202602152054,   0.367,   1.679,9999.000,9999.000,9999.000,9999.000,9999.000,9999.000,9999.000
202602152100,   0.387,   1.689,   1.000,   0.302,   1.689,   0.900,   1.589,   1.100,   1.789
202602152106,   0.407,   1.718,9999.000,9999.000,9999.000,9999.000,9999.000,9999.000,9999.000
202602152112,   0.427,   1.767,9999.000,9999.000,9999.000,9999.000,9999.000,9999.000,9999.000
202602152118,   0.447,   1.679,9999.000,9999.000,9999.000,9999.000,9999.000,9999.000,9999.000
202602152124,   0.466,   1.590,9999.000,9999.000,9999.000,9999.000,9999.000,9999.000,9999.000
202602152130,   0.485,   1.580,9999.000,9999.000,9999.000,9999.000,9999.000,9999.000,9999.000
202602152136,   0.504,   1.571,9999.000,9999.000,9999.000,9999.000,9999.000,9999.000,9999.000
202602152142,   0.523,   1.557,9999.000,9999.000,9999.000,9999.000,9999.000,9999.000,9999.000
202602152148,   0.541,   1.571,9999.000,9999.000,9999.000,9999.000,9999.000,9999.000,9999.000
202602152154,   0.559,   1.538,9999.000,9999.000,9999.000,9999.000,9999.000,9999.000,9999.000
202602152200,   0.577,   1.498,   0.900,   0.021,   1.498,   0.800,   1.398,   1.000,   1.598
202602152206,   0.595,   1.479,9999.000,9999.000,9999.000,9999.000,9999.000,9999.000,9999.000
202602152212,   0.612,   1.518,9999.000,9999.000,9999.000,9999.000,9999.000,9999.000,9999.000
202602152218,   0.629,   1.528,9999.000,9999.000,9999.000,9999.000,9999.000,9999.000,9999.000
202602152224,   0.646,   1.548,9999.000,9999.000,9999.000,9999.000,9999.000,9999.000,9999.000
202602152230,   0.663,   1.571,9999.000,9999.000,9999.000,9999.000,9999.000,9999.000,9999.000
202602152236,   0.680,   1.610,9999.000,9999.000,9999.000,9999.000,9999.000,9999.000,9999.000
202602152242,   0.696,   1.610,9999.000,9999.000,9999.000,9999.000,9999.000,9999.000,9999.000
202602152248,   0.712,   1.557,9999.000,9999.000,9999.000,9999.000,9999.000,9999.000,9999.000
202602152254,   0.729,   1.571,9999.000,9999.000,9999.000,9999.000,9999.000,9999.000,9999.000
202602152300,   0.744,   1.600,   0.900,  -0.044,   1.600,   0.800,   1.500,   1.000,   1.700
202602152306,   0.760,   1.649,9999.000,9999.000,9999.000,9999.000,9999.000,9999.000,9999.000
202602152312,   0.776,   1.708,9999.000,9999.000,9999.000,9999.000,9999.000,9999.000,9999.000
202602152318,   0.791,   1.699,9999.000,9999.000,9999.000,9999.000,9999.000,9999.000,9999.000
202602152324,   0.807,   1.699,9999.000,9999.000,9999.000,9999.000,9999.000,9999.000,9999.000
202602152330,   0.822,   1.708,9999.000,9999.000,9999.000,9999.000,9999.000,9999.000,9999.000
202602152336,   0.838,   1.728,9999.000,9999.000,9999.000,9999.000,9999.000,9999.000,9999.000
202602152342,   0.853,   1.738,9999.000,9999.000,9999.000,9999.000,9999.000,9999.000,9999.000
202602152348,   0.868,   1.718,9999.000,9999.000,9999.000,9999.000,9999.000,9999.000,9999.000
202602152354,   0.883,   1.771,9999.000,9999.000,9999.000,9999.000,9999.000,9999.000,9999.000
202602160000,   0.898,   1.699,   0.800,   0.001,   1.699,   0.700,   1.599,   0.900,   1.799
202602160006,   0.913,   1.699,9999.000,9999.000,9999.000,9999.000,9999.000,9999.000,9999.000
202602160012,   0.928,   1.699,9999.000,9999.000,9999.000,9999.000,9999.000,9999.000,9999.000
202602160018,   0.942,   1.738,9999.000,9999.000,9999.000,9999.000,9999.000,9999.000,9999.000
202602160024,   0.957,   1.758,9999.000,9999.000,9999.000,9999.000,9999.000,9999.000,9999.000
202602160030,   0.972,   1.767,9999.000,9999.000,9999.000,9999.000,9999.000,9999.000,9999.000
202602160036,   0.987,   1.767,9999.000,9999.000,9999.000,9999.000,9999.000,9999.000,9999.000
202602160042,   1.002,   1.758,9999.000,9999.000,9999.000,9999.000,9999.000,9999.000,9999.000
202602160048,   1.016,   1.728,9999.000,9999.000,9999.000,9999.000,9999.000,9999.000,9999.000
202602160054,   1.031,   1.708,9999.000,9999.000,9999.000,9999.000,9999.000,9999.000,9999.000
202602160100,   1.046,   1.699,   0.800,  -0.147,   1.699,   0.700,   1.599,   0.900,   1.799
202602160106,   1.060,   1.708,9999.000,9999.000,9999.000,9999.000,9999.000,9999.000,9999.000
202602160112,   1.075,   1.718,9999.000,9999.000,9999.000,9999.000,9999.000,9999.000,9999.000
202602160118,   1.089,   1.718,9999.000,9999.000,9999.000,9999.000,9999.000,9999.000,9999.000
202602160124,   1.104,   1.718,9999.000,9999.000,9999.000,9999.000,9999.000,9999.000,9999.000
202602160130,   1.118,   1.708,9999.000,9999.000,9999.000,9999.000,9999.000,9999.000,9999.000
202602160136,   1.132,   1.708,9999.000,9999.000,9999.000,9999.000,9999.000,9999.000,9999.000
202602160142,   1.146,   1.708,9999.000,9999.000,9999.000,9999.000,9999.000,9999.000,9999.000
202602160148,   1.160,   1.699,9999.000,9999.000,9999.000,9999.000,9999.000,9999.000,9999.000
202602160154,   1.174,   1.689,9999.000,9999.000,9999.000,9999.000,9999.000,9999.000,9999.000
202602160200,   1.188,   1.689,   0.700,  -0.199,   1.689,   0.600,   1.589,   0.800,   1.789
202602160206,   1.202,   1.708,9999.000,9999.000,9999.000,9999.000,9999.000,9999.000,9999.000
202602160212,   1.215,   1.718,9999.000,9999.000,9999.000,9999.000,9999.000,9999.000,9999.000
202602160218,   1.228,   1.718,9999.000,9999.000,9999.000,9999.000,9999.000,9999.000,9999.000
202602160224,   1.242,   1.738,9999.000,9999.000,9999.000,9999.000,9999.000,9999.000,9999.000
202602160230,   1.254,   1.767,9999.000,9999.000,9999.000,9999.000,9999.000,9999.000,9999.000
202602160236,   1.267,   1.790,9999.000,9999.000,9999.000,9999.000,9999.000,9999.000,9999.000
202602160242,   1.279,   1.800,9999.000,9999.000,9999.000,9999.000,9999.000,9999.000,9999.000
202602160248,   1.291,   1.790,9999.000,9999.000,9999.000,9999.000,9999.000,9999.000,9999.000
202602160254,   1.303,   1.767,9999.000,9999.000,9999.000,9999.000,9999.000,9999.000,9999.000
202602160300,   1.314,   1.748,   0.600,  -0.166,   1.748,   0.500,   1.648,   0.800,   1.948
202602160306,   1.325,   1.748,9999.000,9999.000,9999.000,9999.000,9999.000,9999.000,9999.000
202602160312,   1.335,   1.738,9999.000,9999.000,9999.000,9999.000,9999.000,9999.000,9999.000
202602160318,   1.345,   1.728,9999.000,9999.000,9999.000,9999.000,9999.000,9999.000,9999.000
202602160324,   1.355,   1.708,9999.000,9999.000,9999.000,9999.000,9999.000,9999.000,9999.000
202602160330,   1.364,   1.689,9999.000,9999.000,9999.000,9999.000,9999.000,9999.000,9999.000
202602160336,   1.372,   1.669,9999.000,9999.000,9999.000,9999.000,9999.000,9999.000,9999.000
202602160342,   1.380,   1.659,9999.000,9999.000,9999.000,9999.000,9999.000,9999.000,9999.000
202602160348,   1.388,   1.649,9999.000,9999.000,9999.000,9999.000,9999.000,9999.000,9999.000
202602160354,   1.395,   1.630,9999.000,9999.000,9999.000,9999.000,9999.000,9999.000,9999.000
202602160400,   1.401,   1.600,   0.600,  -0.401,   1.600,   0.500,   1.500,   0.700,   1.700
202602160406,   1.406,   1.557,9999.000,9999.000,9999.000,9999.000,9999.000,9999.000,9999.000
202602160412,   1.411,   1.508,9999.000,9999.000,9999.000,9999.000,9999.000,9999.000,9999.000
202602160418,   1.416,   1.469,9999.000,9999.000,9999.000,9999.000,9999.000,9999.000,9999.000
202602160424,   1.419,   1.439,9999.000,9999.000,9999.000,9999.000,9999.000,9999.000,9999.000
202602160430,   1.422,   1.420,9999.000,9999.000,9999.000,9999.000,9999.000,9999.000,9999.000
202602160436,   1.424,   1.400,9999.000,9999.000,9999.000,9999.000,9999.000,9999.000,9999.000
202602160442,   1.425,   1.400,9999.000,9999.000,9999.000,9999.000,9999.000,9999.000,9999.000
202602160448,   1.426,   1.390,9999.000,9999.000,9999.000,9999.000,9999.000,9999.000,9999.000
202602160454,   1.426,   1.361,9999.000,9999.000,9999.000,9999.000,9999.000,9999.000,9999.000
202602160500,   1.425,   1.338,   0.500,  -0.587,   1.338,   0.400,   1.238,   0.600,   1.438
202602160506,   1.423,   1.338,9999.000,9999.000,9999.000,9999.000,9999.000,9999.000,9999.000
202602160512,   1.420,   1.328,9999.000,9999.000,9999.000,9999.000,9999.000,9999.000,9999.000
202602160518,   1.417,   1.328,9999.000,9999.000,9999.000,9999.000,9999.000,9999.000,9999.000
202602160524,   1.413,   1.318,9999.000,9999.000,9999.000,9999.000,9999.000,9999.000,9999.000
202602160530,   1.407,   1.318,9999.000,9999.000,9999.000,9999.000,9999.000,9999.000,9999.000
202602160536,   1.401,   1.318,9999.000,9999.000,9999.000,9999.000,9999.000,9999.000,9999.000
202602160542,   1.395,   1.308,9999.000,9999.000,9999.000,9999.000,9999.000,9999.000,9999.000
202602160548,   1.387,   1.298,9999.000,9999.000,9999.000,9999.000,9999.000,9999.000,9999.000
202602160554,   1.379,   1.298,9999.000,9999.000,9999.000,9999.000,9999.000,9999.000,9999.000
202602160600,   1.369,   1.289,   0.500,  -0.580,   1.289,   0.500,   1.289,   0.600,   1.389
202602160606,   1.359,   1.279,9999.000,9999.000,9999.000,9999.000,9999.000,9999.000,9999.000
202602160612,   1.348,   1.269,9999.000,9999.000,9999.000,9999.000,9999.000,9999.000,9999.000
202602160618,   1.337,   1.269,9999.000,9999.000,9999.000,9999.000,9999.000,9999.000,9999.000
202602160624,   1.324,   1.259,9999.000,9999.000,9999.000,9999.000,9999.000,9999.000,9999.000
202602160630,   1.311,   1.249,9999.000,9999.000,9999.000,9999.000,9999.000,9999.000,9999.000
202602160636,   1.297,   1.239,9999.000,9999.000,9999.000,9999.000,9999.000,9999.000,9999.000
202602160642,   1.282,   1.249,9999.000,9999.000,9999.000,9999.000,9999.000,9999.000,9999.000
202602160648,   1.267,   1.239,9999.000,9999.000,9999.000,9999.000,9999.000,9999.000,9999.000
202602160654,   1.250,   1.229,9999.000,9999.000,9999.000,9999.000,9999.000,9999.000,9999.000
202602160700,   1.233,   1.229,   0.500,  -0.504,   1.229,   0.400,   1.129,   0.500,   1.229
202602160706,   1.216,   1.220,9999.000,9999.000,9999.000,9999.000,9999.000,9999.000,9999.000
202602160712,   1.197,   1.128,9999.000,9999.000,9999.000,9999.000,9999.000,9999.000,9999.000
202602160718,   1.178,   1.088,9999.000,9999.000,9999.000,9999.000,9999.000,9999.000,9999.000
202602160724,   1.159,   1.079,9999.000,9999.000,9999.000,9999.000,9999.000,9999.000,9999.000
202602160730,   1.139,   1.088,9999.000,9999.000,9999.000,9999.000,9999.000,9999.000,9999.000
202602160736,   1.118,   1.098,9999.000,9999.000,9999.000,9999.000,9999.000,9999.000,9999.000
202602160742,   1.097,   1.039,9999.000,9999.000,9999.000,9999.000,9999.000,9999.000,9999.000
202602160748,   1.075,   0.941,9999.000,9999.000,9999.000,9999.000,9999.000,9999.000,9999.000
202602160754,   1.052,   0.970,9999.000,9999.000,9999.000,9999.000,9999.000,9999.000,9999.000
202602160800,   1.030,   0.961,   0.400,  -0.469,   0.961,   0.400,   0.961,   0.500,   1.061
202602160806,   1.006,   0.951,9999.000,9999.000,9999.000,9999.000,9999.000,9999.000,9999.000
202602160812,   0.982,   0.951,9999.000,9999.000,9999.000,9999.000,9999.000,9999.000,9999.000
202602160818,   0.958,   0.918,9999.000,9999.000,9999.000,9999.000,9999.000,9999.000,9999.000
202602160824,   0.934,   0.879,9999.000,9999.000,9999.000,9999.000,9999.000,9999.000,9999.000
202602160830,   0.909,   0.839,9999.000,9999.000,9999.000,9999.000,9999.000,9999.000,9999.000
202602160836,   0.883,   0.839,9999.000,9999.000,9999.000,9999.000,9999.000,9999.000,9999.000
202602160842,   0.858,   0.819,9999.000,9999.000,9999.000,9999.000,9999.000,9999.000,9999.000
202602160848,   0.832,   0.810,9999.000,9999.000,9999.000,9999.000,9999.000,9999.000,9999.000
202602160854,   0.805,   0.790,9999.000,9999.000,9999.000,9999.000,9999.000,9999.000,9999.000
202602160900,   0.779,   0.770,   0.400,  -0.409,   0.770,   0.300,   0.670,   0.500,   0.870
202602160906,   0.752,   0.751,9999.000,9999.000,9999.000,9999.000,9999.000,9999.000,9999.000
202602160912,   0.725,   0.731,9999.000,9999.000,9999.000,9999.000,9999.000,9999.000,9999.000
202602160918,   0.698,   0.718,9999.000,9999.000,9999.000,9999.000,9999.000,9999.000,9999.000
202602160924,   0.671,   0.688,9999.000,9999.000,9999.000,9999.000,9999.000,9999.000,9999.000
202602160930,   0.643,   0.678,9999.000,9999.000,9999.000,9999.000,9999.000,9999.000,9999.000
202602160936,   0.615,   0.669,9999.000,9999.000,9999.000,9999.000,9999.000,9999.000,9999.000
202602160942,   0.588,   0.649,9999.000,9999.000,9999.000,9999.000,9999.000,9999.000,9999.000
202602160948,   0.560,   0.619,9999.000,9999.000,9999.000,9999.000,9999.000,9999.000,9999.000
202602160954,   0.532,   0.600,9999.000,9999.000,9999.000,9999.000,9999.000,9999.000,9999.000
202602161000,   0.504,   0.590,   0.400,  -0.314,   0.590,   0.300,   0.490,   0.500,   0.690
202602161006,   0.476,   0.560,9999.000,9999.000,9999.000,9999.000,9999.000,9999.000,9999.000
202602161012,   0.448,   0.531,9999.000,9999.000,9999.000,9999.000,9999.000,9999.000,9999.000
202602161018,   0.420,   0.508,9999.000,9999.000,9999.000,9999.000,9999.000,9999.000,9999.000
202602161024,   0.392,   0.478,9999.000,9999.000,9999.000,9999.000,9999.000,9999.000,9999.000
202602161030,   0.364,   0.439,9999.000,9999.000,9999.000,9999.000,9999.000,9999.000,9999.000
202602161036,   0.336,   0.409,9999.000,9999.000,9999.000,9999.000,9999.000,9999.000,9999.000
202602161042,   0.308,   0.390,9999.000,9999.000,9999.000,9999.000,9999.000,9999.000,9999.000
202602161048,   0.280,   0.370,9999.000,9999.000,9999.000,9999.000,9999.000,9999.000,9999.000
202602161054,   0.253,   0.350,9999.000,9999.000,9999.000,9999.000,9999.000,9999.000,9999.000
202602161100,   0.225,   0.331,   0.400,  -0.294,   0.331,   0.300,   0.231,   0.500,   0.431
202602161106,   0.198,   0.308,9999.000,9999.000,9999.000,9999.000,9999.000,9999.000,9999.000
202602161112,   0.171,   0.278,9999.000,9999.000,9999.000,9999.000,9999.000,9999.000,9999.000
202602161118,   0.144,   0.259,9999.000,9999.000,9999.000,9999.000,9999.000,9999.000,9999.000
202602161124,   0.117,   0.239,9999.000,9999.000,9999.000,9999.000,9999.000,9999.000,9999.000
202602161130,   0.090,   0.229,9999.000,9999.000,9999.000,9999.000,9999.000,9999.000,9999.000
202602161136,   0.064,   0.219,9999.000,9999.000,9999.000,9999.000,9999.000,9999.000,9999.000
202602161142,   0.038,   0.209,9999.000,9999.000,9999.000,9999.000,9999.000,9999.000,9999.000
202602161148,   0.013,   0.200,9999.000,9999.000,9999.000,9999.000,9999.000,9999.000,9999.000
202602161154,  -0.012,   0.180,9999.000,9999.000,9999.000,9999.000,9999.000,9999.000,9999.000
202602161200,  -0.037,   0.160,   0.200,  -0.003,   0.160,   0.200,   0.160,   0.300,   0.260
202602161206,  -0.061,   0.150,9999.000,9999.000,9999.000,9999.000,9999.000,9999.000,9999.000
202602161212,  -0.085,   0.141,9999.000,9999.000,9999.000,9999.000,9999.000,9999.000,9999.000
202602161218,  -0.109,   0.121,9999.000,9999.000,9999.000,9999.000,9999.000,9999.000,9999.000
202602161224,  -0.132,   0.098,9999.000,9999.000,9999.000,9999.000,9999.000,9999.000,9999.000
202602161230,  -0.155,   0.078,9999.000,9999.000,9999.000,9999.000,9999.000,9999.000,9999.000
202602161236,  -0.178,   0.068,9999.000,9999.000,9999.000,9999.000,9999.000,9999.000,9999.000
202602161242,  -0.199,   0.059,9999.000,9999.000,9999.000,9999.000,9999.000,9999.000,9999.000
202602161248,  -0.221,   0.029,9999.000,9999.000,9999.000,9999.000,9999.000,9999.000,9999.000
202602161254,  -0.242,   0.019,9999.000,9999.000,9999.000,9999.000,9999.000,9999.000,9999.000
202602161300,  -0.262,   0.000,   0.200,   0.062,   0.000,   0.100,  -0.100,   0.300,   0.100
202602161306,  -0.281,  -0.009,9999.000,9999.000,9999.000,9999.000,9999.000,9999.000,9999.000
202602161312,  -0.300,  -0.019,9999.000,9999.000,9999.000,9999.000,9999.000,9999.000,9999.000
202602161318,  -0.319,  -0.029,9999.000,9999.000,9999.000,9999.000,9999.000,9999.000,9999.000
202602161324,  -0.336,  -0.039,9999.000,9999.000,9999.000,9999.000,9999.000,9999.000,9999.000
202602161330,  -0.353,  -0.039,9999.000,9999.000,9999.000,9999.000,9999.000,9999.000,9999.000
202602161336,  -0.369,  -0.059,9999.000,9999.000,9999.000,9999.000,9999.000,9999.000,9999.000
202602161342,  -0.385,  -0.059,9999.000,9999.000,9999.000,9999.000,9999.000,9999.000,9999.000
202602161348,  -0.400,  -0.078,9999.000,9999.000,9999.000,9999.000,9999.000,9999.000,9999.000
202602161354,  -0.414,  -0.088,9999.000,9999.000,9999.000,9999.000,9999.000,9999.000,9999.000
202602161400,  -0.427,  -0.088,   0.200,   0.139,  -0.088,   0.100,  -0.188,   0.300,   0.012
202602161406,  -0.439,  -0.098,9999.000,9999.000,9999.000,9999.000,9999.000,9999.000,9999.000
202602161412,  -0.451,  -0.111,9999.000,9999.000,9999.000,9999.000,9999.000,9999.000,9999.000
202602161418,  -0.462,  -0.121,9999.000,9999.000,9999.000,9999.000,9999.000,9999.000,9999.000
202602161424,  -0.472,  -0.131,9999.000,9999.000,9999.000,9999.000,9999.000,9999.000,9999.000
202602161430,  -0.481,  -0.131,9999.000,9999.000,9999.000,9999.000,9999.000,9999.000,9999.000
202602161436,  -0.489,  -0.131,9999.000,9999.000,9999.000,9999.000,9999.000,9999.000,9999.000
202602161442,  -0.497,  -0.141,9999.000,9999.000,9999.000,9999.000,9999.000,9999.000,9999.000
202602161448,  -0.503,  -0.141,9999.000,9999.000,9999.000,9999.000,9999.000,9999.000,9999.000
202602161454,  -0.509,  -0.150,9999.000,9999.000,9999.000,9999.000,9999.000,9999.000,9999.000
202602161500,  -0.514,  -0.150,   0.200,   0.164,  -0.150,   0.100,  -0.250,   0.300,  -0.050
202602161506,  -0.518,  -0.141,9999.000,9999.000,9999.000,9999.000,9999.000,9999.000,9999.000
202602161512,  -0.520,  -0.150,9999.000,9999.000,9999.000,9999.000,9999.000,9999.000,9999.000
202602161518,  -0.523,  -0.170,9999.000,9999.000,9999.000,9999.000,9999.000,9999.000,9999.000
202602161524,  -0.524,  -0.170,9999.000,9999.000,9999.000,9999.000,9999.000,9999.000,9999.000
202602161530,  -0.524,  -0.160,9999.000,9999.000,9999.000,9999.000,9999.000,9999.000,9999.000
202602161536,  -0.523,  -0.160,9999.000,9999.000,9999.000,9999.000,9999.000,9999.000,9999.000
202602161542,  -0.522,  -0.160,9999.000,9999.000,9999.000,9999.000,9999.000,9999.000,9999.000
202602161548,  -0.520,  -0.170,9999.000,9999.000,9999.000,9999.000,9999.000,9999.000,9999.000
202602161554,  -0.516,  -0.170,9999.000,9999.000,9999.000,9999.000,9999.000,9999.000,9999.000
202602161600,  -0.512,  -0.160,   0.200,   0.152,  -0.160,   0.100,  -0.260,   0.300,  -0.060
202602161606,  -0.507,  -0.150,9999.000,9999.000,9999.000,9999.000,9999.000,9999.000,9999.000
202602161612,  -0.501,  -0.141,9999.000,9999.000,9999.000,9999.000,9999.000,9999.000,9999.000
202602161618,  -0.495,  -0.131,9999.000,9999.000,9999.000,9999.000,9999.000,9999.000,9999.000
202602161624,  -0.487,  -0.131,9999.000,9999.000,9999.000,9999.000,9999.000,9999.000,9999.000
202602161630,  -0.479,  -0.121,9999.000,9999.000,9999.000,9999.000,9999.000,9999.000,9999.000
202602161636,  -0.470,  -0.111,9999.000,9999.000,9999.000,9999.000,9999.000,9999.000,9999.000
202602161642,  -0.460,  -0.088,9999.000,9999.000,9999.000,9999.000,9999.000,9999.000,9999.000
202602161648,  -0.450,  -0.088,9999.000,9999.000,9999.000,9999.000,9999.000,9999.000,9999.000
202602161654,  -0.438,  -0.078,9999.000,9999.000,9999.000,9999.000,9999.000,9999.000,9999.000
202602161700,  -0.426,  -0.049,   0.200,   0.177,  -0.049,   0.100,  -0.149,   0.300,   0.051
202602161706,  -0.414,  -0.029,9999.000,9999.000,9999.000,9999.000,9999.000,9999.000,9999.000
202602161712,  -0.400,  -0.019,9999.000,9999.000,9999.000,9999.000,9999.000,9999.000,9999.000
202602161718,  -0.386,   0.000,9999.000,9999.000,9999.000,9999.000,9999.000,9999.000,9999.000
202602161724,  -0.372,   0.019,9999.000,9999.000,9999.000,9999.000,9999.000,9999.000,9999.000
202602161730,  -0.357,   0.059,9999.000,9999.000,9999.000,9999.000,9999.000,9999.000,9999.000
202602161736,  -0.341,   0.098,9999.000,9999.000,9999.000,9999.000,9999.000,9999.000,9999.000
202602161742,  -0.324,   0.131,9999.000,9999.000,9999.000,9999.000,9999.000,9999.000,9999.000
202602161748,  -0.308,   0.150,9999.000,9999.000,9999.000,9999.000,9999.000,9999.000,9999.000
202602161754,  -0.290,   0.160,9999.000,9999.000,9999.000,9999.000,9999.000,9999.000,9999.000
202602161800,  -0.273,   0.170,   0.200,   0.243,   0.170,   0.100,   0.070,   0.200,   0.170
202602161806,  -0.254,   0.180,9999.000,9999.000,9999.000,9999.000,9999.000,9999.000,9999.000
202602161812,  -0.236,   0.200,9999.000,9999.000,9999.000,9999.000,9999.000,9999.000,9999.000
202602161818,  -0.217,   0.229,9999.000,9999.000,9999.000,9999.000,9999.000,9999.000,9999.000
202602161824,  -0.198,   0.249,9999.000,9999.000,9999.000,9999.000,9999.000,9999.000,9999.000
202602161830,  -0.178,   0.278,9999.000,9999.000,9999.000,9999.000,9999.000,9999.000,9999.000
202602161836,  -0.158,   0.298,9999.000,9999.000,9999.000,9999.000,9999.000,9999.000,9999.000
202602161842,  -0.138,   0.321,9999.000,9999.000,9999.000,9999.000,9999.000,9999.000,9999.000
202602161848,  -0.118,   0.341,9999.000,9999.000,9999.000,9999.000,9999.000,9999.000,9999.000
202602161854,  -0.097,   0.370,9999.000,9999.000,9999.000,9999.000,9999.000,9999.000,9999.000
202602161900,  -0.076,   0.390,   0.200,   0.266,   0.390,   0.200,   0.390,   0.200,   0.390
202602161906,  -0.056,   0.419,9999.000,9999.000,9999.000,9999.000,9999.000,9999.000,9999.000
202602161912,  -0.035,   0.459,9999.000,9999.000,9999.000,9999.000,9999.000,9999.000,9999.000
202602161918,  -0.014,   0.478,9999.000,9999.000,9999.000,9999.000,9999.000,9999.000,9999.000
202602161924,   0.006,   0.508,9999.000,9999.000,9999.000,9999.000,9999.000,9999.000,9999.000
202602161930,   0.027,   0.518,9999.000,9999.000,9999.000,9999.000,9999.000,9999.000,9999.000
202602161936,   0.048,   0.551,9999.000,9999.000,9999.000,9999.000,9999.000,9999.000,9999.000
202602161942,   0.069,   0.580,9999.000,9999.000,9999.000,9999.000,9999.000,9999.000,9999.000
202602161948,   0.090,   0.610,9999.000,9999.000,9999.000,9999.000,9999.000,9999.000,9999.000
202602161954,   0.111,   0.629,9999.000,9999.000,9999.000,9999.000,9999.000,9999.000,9999.000
202602162000,   0.132,   0.659,   0.200,   0.327,   0.659,   0.200,   0.659,   0.300,   0.759
202602162006,   0.152,   0.678,9999.000,9999.000,9999.000,9999.000,9999.000,9999.000,9999.000
202602162012,   0.173,   0.708,9999.000,9999.000,9999.000,9999.000,9999.000,9999.000,9999.000
202602162018,   0.193,   0.731,9999.000,9999.000,9999.000,9999.000,9999.000,9999.000,9999.000
202602162024,   0.213,   0.751,9999.000,9999.000,9999.000,9999.000,9999.000,9999.000,9999.000
202602162030,   0.233,   0.760,9999.000,9999.000,9999.000,9999.000,9999.000,9999.000,9999.000
202602162036,   0.252,   0.790,9999.000,9999.000,9999.000,9999.000,9999.000,9999.000,9999.000
202602162042,   0.271,   0.810,9999.000,9999.000,9999.000,9999.000,9999.000,9999.000,9999.000
202602162048,   0.290,   0.810,9999.000,9999.000,9999.000,9999.000,9999.000,9999.000,9999.000
202602162054,   0.309,   0.819,9999.000,9999.000,9999.000,9999.000,9999.000,9999.000,9999.000
202602162100,   0.327,   0.819,   0.200,   0.292,   0.819,   0.200,   0.819,   0.300,   0.919
202602162106,   0.345,   0.819,9999.000,9999.000,9999.000,9999.000,9999.000,9999.000,9999.000
202602162112,   0.363,   0.829,9999.000,9999.000,9999.000,9999.000,9999.000,9999.000,9999.000
202602162118,   0.381,   0.849,9999.000,9999.000,9999.000,9999.000,9999.000,9999.000,9999.000
202602162124,   0.398,   0.879,9999.000,9999.000,9999.000,9999.000,9999.000,9999.000,9999.000
202602162130,   0.414,   0.908,9999.000,9999.000,9999.000,9999.000,9999.000,9999.000,9999.000
202602162136,   0.431,   0.928,9999.000,9999.000,9999.000,9999.000,9999.000,9999.000,9999.000
202602162142,   0.447,   0.951,9999.000,9999.000,9999.000,9999.000,9999.000,9999.000,9999.000
202602162148,   0.463,   0.980,9999.000,9999.000,9999.000,9999.000,9999.000,9999.000,9999.000
202602162154,   0.478,   0.990,9999.000,9999.000,9999.000,9999.000,9999.000,9999.000,9999.000
202602162200,   0.493,   1.000,   0.200,   0.307,   1.000,   0.200,   1.000,   0.300,   1.100
202602162206,   0.508,   1.020,9999.000,9999.000,9999.000,9999.000,9999.000,9999.000,9999.000
202602162212,   0.522,   1.029,9999.000,9999.000,9999.000,9999.000,9999.000,9999.000,9999.000
202602162218,   0.536,   1.049,9999.000,9999.000,9999.000,9999.000,9999.000,9999.000,9999.000
202602162224,   0.550,   1.069,9999.000,9999.000,9999.000,9999.000,9999.000,9999.000,9999.000
202602162230,   0.563,   1.088,9999.000,9999.000,9999.000,9999.000,9999.000,9999.000,9999.000
202602162236,   0.577,   1.108,9999.000,9999.000,9999.000,9999.000,9999.000,9999.000,9999.000
202602162242,   0.590,   1.118,9999.000,9999.000,9999.000,9999.000,9999.000,9999.000,9999.000
202602162248,   0.602,   1.138,9999.000,9999.000,9999.000,9999.000,9999.000,9999.000,9999.000
202602162254,   0.615,   1.151,9999.000,9999.000,9999.000,9999.000,9999.000,9999.000,9999.000
202602162300,   0.627,   1.161,   0.300,   0.234,   1.161,   0.200,   1.061,   0.300,   1.161
202602162306,   0.639,   1.190,9999.000,9999.000,9999.000,9999.000,9999.000,9999.000,9999.000
202602162312,   0.651,   1.200,9999.000,9999.000,9999.000,9999.000,9999.000,9999.000,9999.000
202602162318,   0.662,   1.220,9999.000,9999.000,9999.000,9999.000,9999.000,9999.000,9999.000
202602162324,   0.674,   1.229,9999.000,9999.000,9999.000,9999.000,9999.000,9999.000,9999.000
202602162330,   0.685,   1.239,9999.000,9999.000,9999.000,9999.000,9999.000,9999.000,9999.000
202602162336,   0.696,   1.259,9999.000,9999.000,9999.000,9999.000,9999.000,9999.000,9999.000
202602162342,   0.708,   1.269,9999.000,9999.000,9999.000,9999.000,9999.000,9999.000,9999.000
202602162348,   0.719,   1.279,9999.000,9999.000,9999.000,9999.000,9999.000,9999.000,9999.000
202602162354,   0.730,   1.289,9999.000,9999.000,9999.000,9999.000,9999.000,9999.000,9999.000
202602170000,   0.741,   1.298,   0.500,   0.057,   1.298,   0.400,   1.198,   0.500,   1.298
202602170006,   0.752,   1.289,9999.000,9999.000,9999.000,9999.000,9999.000,9999.000,9999.000
202602170012,   0.763,   1.308,9999.000,9999.000,9999.000,9999.000,9999.000,9999.000,9999.000
202602170018,   0.774,   1.338,9999.000,9999.000,9999.000,9999.000,9999.000,9999.000,9999.000
202602170024,   0.785,   1.371,9999.000,9999.000,9999.000,9999.000,9999.000,9999.000,9999.000
202602170030,   0.796,   1.390,9999.000,9999.000,9999.000,9999.000,9999.000,9999.000,9999.000
202602170036,   0.807,   1.390,9999.000,9999.000,9999.000,9999.000,9999.000,9999.000,9999.000
202602170042,   0.818,   1.380,9999.000,9999.000,9999.000,9999.000,9999.000,9999.000,9999.000
202602170048,   0.830,   1.430,9999.000,9999.000,9999.000,9999.000,9999.000,9999.000,9999.000
202602170054,   0.841,   1.449,9999.000,9999.000,9999.000,9999.000,9999.000,9999.000,9999.000
202602170100,   0.853,   1.489,   0.500,   0.136,   1.489,   0.500,   1.489,   0.500,   1.489
202602170106,   0.864,   1.508,9999.000,9999.000,9999.000,9999.000,9999.000,9999.000,9999.000
202602170112,   0.876,   1.528,9999.000,9999.000,9999.000,9999.000,9999.000,9999.000,9999.000
202602170118,   0.888,   1.548,9999.000,9999.000,9999.000,9999.000,9999.000,9999.000,9999.000
202602170124,   0.900,   1.557,9999.000,9999.000,9999.000,9999.000,9999.000,9999.000,9999.000
202602170130,   0.912,   1.571,9999.000,9999.000,9999.000,9999.000,9999.000,9999.000,9999.000
202602170136,   0.925,   1.610,9999.000,9999.000,9999.000,9999.000,9999.000,9999.000,9999.000
202602170142,   0.937,   1.669,9999.000,9999.000,9999.000,9999.000,9999.000,9999.000,9999.000
202602170148,   0.949,   1.649,9999.000,9999.000,9999.000,9999.000,9999.000,9999.000,9999.000
202602170154,   0.962,   1.659,9999.000,9999.000,9999.000,9999.000,9999.000,9999.000,9999.000
202602170200,   0.975,   1.669,   0.500,   0.194,   1.669,   0.500,   1.669,   0.600,   1.769
202602170206,   0.988,   1.689,9999.000,9999.000,9999.000,9999.000,9999.000,9999.000,9999.000
202602170212,   1.001,   1.708,9999.000,9999.000,9999.000,9999.000,9999.000,9999.000,9999.000
202602170218,   1.013,   1.738,9999.000,9999.000,9999.000,9999.000,9999.000,9999.000,9999.000
202602170224,   1.026,   1.781,9999.000,9999.000,9999.000,9999.000,9999.000,9999.000,9999.000
202602170230,   1.039,   1.790,9999.000,9999.000,9999.000,9999.000,9999.000,9999.000,9999.000
202602170236,   1.052,   1.800,9999.000,9999.000,9999.000,9999.000,9999.000,9999.000,9999.000
202602170242,   1.065,   1.830,9999.000,9999.000,9999.000,9999.000,9999.000,9999.000,9999.000
202602170248,   1.078,   1.859,9999.000,9999.000,9999.000,9999.000,9999.000,9999.000,9999.000
202602170254,   1.091,   1.879,9999.000,9999.000,9999.000,9999.000,9999.000,9999.000,9999.000
202602170300,   1.104,   1.889,   0.500,   0.285,   1.889,   0.500,   1.889,   0.600,   1.989
202602170306,   1.117,   1.899,9999.000,9999.000,9999.000,9999.000,9999.000,9999.000,9999.000
202602170312,   1.129,   1.908,9999.000,9999.000,9999.000,9999.000,9999.000,9999.000,9999.000
202602170318,   1.141,   1.908,9999.000,9999.000,9999.000,9999.000,9999.000,9999.000,9999.000
202602170324,   1.154,   1.928,9999.000,9999.000,9999.000,9999.000,9999.000,9999.000,9999.000
202602170330,   1.165,   1.948,9999.000,9999.000,9999.000,9999.000,9999.000,9999.000,9999.000
202602170336,   1.177,   1.958,9999.000,9999.000,9999.000,9999.000,9999.000,9999.000,9999.000
202602170342,   1.188,   1.967,9999.000,9999.000,9999.000,9999.000,9999.000,9999.000,9999.000
202602170348,   1.199,   1.990,9999.000,9999.000,9999.000,9999.000,9999.000,9999.000,9999.000
202602170354,   1.210,   1.990,9999.000,9999.000,9999.000,9999.000,9999.000,9999.000,9999.000
202602170400,   1.220,   1.958,   0.500,   0.238,   1.958,   0.500,   1.958,   0.600,   2.058
202602170406,   1.230,   1.928,9999.000,9999.000,9999.000,9999.000,9999.000,9999.000,9999.000
202602170412,   1.240,   2.000,9999.000,9999.000,9999.000,9999.000,9999.000,9999.000,9999.000
202602170418,   1.249,   2.030,9999.000,9999.000,9999.000,9999.000,9999.000,9999.000,9999.000
202602170424,   1.257,   2.059,9999.000,9999.000,9999.000,9999.000,9999.000,9999.000,9999.000
202602170430,   1.265,   2.079,9999.000,9999.000,9999.000,9999.000,9999.000,9999.000,9999.000
202602170436,   1.273,   2.089,9999.000,9999.000,9999.000,9999.000,9999.000,9999.000,9999.000
202602170442,   1.279,   2.099,9999.000,9999.000,9999.000,9999.000,9999.000,9999.000,9999.000
202602170448,   1.286,   2.109,9999.000,9999.000,9999.000,9999.000,9999.000,9999.000,9999.000
202602170454,   1.291,   2.118,9999.000,9999.000,9999.000,9999.000,9999.000,9999.000,9999.000
202602170500,   1.296,   2.128,   0.500,   0.332,   2.128,   0.500,   2.128,   0.600,   2.228
202602170506,   1.301,   2.128,9999.000,9999.000,9999.000,9999.000,9999.000,9999.000,9999.000
202602170512,   1.304,   2.118,9999.000,9999.000,9999.000,9999.000,9999.000,9999.000,9999.000
202602170518,   1.307,   2.109,9999.000,9999.000,9999.000,9999.000,9999.000,9999.000,9999.000
202602170524,   1.310,   2.109,9999.000,9999.000,9999.000,9999.000,9999.000,9999.000,9999.000
202602170530,   1.311,   2.109,9999.000,9999.000,9999.000,9999.000,9999.000,9999.000,9999.000
202602170536,   1.312,   2.118,9999.000,9999.000,9999.000,9999.000,9999.000,9999.000,9999.000
202602170542,   1.312,   2.109,9999.000,9999.000,9999.000,9999.000,9999.000,9999.000,9999.000
202602170548,   1.312,   2.099,9999.000,9999.000,9999.000,9999.000,9999.000,9999.000,9999.000
202602170554,   1.310,   2.089,9999.000,9999.000,9999.000,9999.000,9999.000,9999.000,9999.000
202602170600,   1.308,   2.089,   0.500,   0.281,   2.089,   0.500,   2.089,   0.500,   2.089
202602170606,   1.305,   2.079,9999.000,9999.000,9999.000,9999.000,9999.000,9999.000,9999.000
202602170612,   1.302,   2.079,9999.000,9999.000,9999.000,9999.000,9999.000,9999.000,9999.000
202602170618,   1.297,   2.069,9999.000,9999.000,9999.000,9999.000,9999.000,9999.000,9999.000
202602170624,   1.292,   2.059,9999.000,9999.000,9999.000,9999.000,9999.000,9999.000,9999.000
202602170630,   1.286,   2.059,9999.000,9999.000,9999.000,9999.000,9999.000,9999.000,9999.000
202602170636,   1.279,   2.049,9999.000,9999.000,9999.000,9999.000,9999.000,9999.000,9999.000
202602170642,   1.272,   2.030,9999.000,9999.000,9999.000,9999.000,9999.000,9999.000,9999.000
202602170648,   1.263,   2.020,9999.000,9999.000,9999.000,9999.000,9999.000,9999.000,9999.000
202602170654,   1.254,   2.000,9999.000,9999.000,9999.000,9999.000,9999.000,9999.000,9999.000
202602170700,   1.245,   1.981,   0.500,   0.236,   1.981,   0.500,   1.981,   0.500,   1.981
202602170706,   1.234,   1.967,9999.000,9999.000,9999.000,9999.000,9999.000,9999.000,9999.000
202602170712,   1.223,   1.948,9999.000,9999.000,9999.000,9999.000,9999.000,9999.000,9999.000
202602170718,   1.211,   1.928,9999.000,9999.000,9999.000,9999.000,9999.000,9999.000,9999.000
202602170724,   1.198,   1.908,9999.000,9999.000,9999.000,9999.000,9999.000,9999.000,9999.000
202602170730,   1.185,   1.889,9999.000,9999.000,9999.000,9999.000,9999.000,9999.000,9999.000
202602170736,   1.171,   1.869,9999.000,9999.000,9999.000,9999.000,9999.000,9999.000,9999.000
202602170742,   1.156,   1.840,9999.000,9999.000,9999.000,9999.000,9999.000,9999.000,9999.000
202602170748,   1.140,   1.810,9999.000,9999.000,9999.000,9999.000,9999.000,9999.000,9999.000
202602170754,   1.124,   1.810,9999.000,9999.000,9999.000,9999.000,9999.000,9999.000,9999.000
202602170800,   1.108,   1.781,   0.500,   0.173,   1.781,   0.500,   1.781,   0.500,   1.781
202602170806,   1.090,   1.748,9999.000,9999.000,9999.000,9999.000,9999.000,9999.000,9999.000
202602170812,   1.072,   1.718,9999.000,9999.000,9999.000,9999.000,9999.000,9999.000,9999.000
202602170818,   1.054,   1.699,9999.000,9999.000,9999.000,9999.000,9999.000,9999.000,9999.000
202602170824,   1.035,   1.669,9999.000,9999.000,9999.000,9999.000,9999.000,9999.000,9999.000
202602170830,   1.015,   1.620,9999.000,9999.000,9999.000,9999.000,9999.000,9999.000,9999.000
202602170836,   0.995,   1.600,9999.000,9999.000,9999.000,9999.000,9999.000,9999.000,9999.000
202602170842,   0.974,   1.580,9999.000,9999.000,9999.000,9999.000,9999.000,9999.000,9999.000
202602170848,   0.953,   1.557,9999.000,9999.000,9999.000,9999.000,9999.000,9999.000,9999.000
202602170854,   0.931,   1.518,9999.000,9999.000,9999.000,9999.000,9999.000,9999.000,9999.000
202602170900,   0.909,   1.489,   0.500,   0.080,   1.489,   0.500,   1.489,   0.500,   1.489
202602170906,   0.886,   1.459,9999.000,9999.000,9999.000,9999.000,9999.000,9999.000,9999.000
202602170912,   0.863,   1.420,9999.000,9999.000,9999.000,9999.000,9999.000,9999.000,9999.000
202602170918,   0.840,   1.390,9999.000,9999.000,9999.000,9999.000,9999.000,9999.000,9999.000
202602170924,   0.816,   1.361,9999.000,9999.000,9999.000,9999.000,9999.000,9999.000,9999.000
202602170930,   0.792,   1.318,9999.000,9999.000,9999.000,9999.000,9999.000,9999.000,9999.000
202602170936,   0.767,   1.289,9999.000,9999.000,9999.000,9999.000,9999.000,9999.000,9999.000
202602170942,   0.742,   1.259,9999.000,9999.000,9999.000,9999.000,9999.000,9999.000,9999.000
202602170948,   0.717,   1.220,9999.000,9999.000,9999.000,9999.000,9999.000,9999.000,9999.000
202602170954,   0.692,   1.190,9999.000,9999.000,9999.000,9999.000,9999.000,9999.000,9999.000
202602171000,   0.666,   1.151,   0.500,  -0.015,   1.151,   0.500,   1.151,   0.500,   1.151
202602171006,   0.640,   1.108,9999.000,9999.000,9999.000,9999.000,9999.000,9999.000,9999.000
202602171012,   0.614,   1.079,9999.000,9999.000,9999.000,9999.000,9999.000,9999.000,9999.000
202602171018,   0.588,   1.039,9999.000,9999.000,9999.000,9999.000,9999.000,9999.000,9999.000
202602171024,   0.561,   1.039,9999.000,9999.000,9999.000,9999.000,9999.000,9999.000,9999.000
202602171030,   0.535,   1.020,9999.000,9999.000,9999.000,9999.000,9999.000,9999.000,9999.000
202602171036,   0.508,   0.990,9999.000,9999.000,9999.000,9999.000,9999.000,9999.000,9999.000
202602171042,   0.481,   0.941,9999.000,9999.000,9999.000,9999.000,9999.000,9999.000,9999.000
202602171048,   0.455,   0.898,9999.000,9999.000,9999.000,9999.000,9999.000,9999.000,9999.000
202602171054,   0.428,   0.859,9999.000,9999.000,9999.000,9999.000,9999.000,9999.000,9999.000
202602171100,   0.401,   0.859,   0.500,  -0.042,   0.859,   0.500,   0.859,   0.500,   0.859
202602171106,   0.374,   0.839,9999.000,9999.000,9999.000,9999.000,9999.000,9999.000,9999.000
202602171112,   0.348,   0.819,9999.000,9999.000,9999.000,9999.000,9999.000,9999.000,9999.000
202602171118,   0.321,   0.790,9999.000,9999.000,9999.000,9999.000,9999.000,9999.000,9999.000
202602171124,   0.295,   0.770,9999.000,9999.000,9999.000,9999.000,9999.000,9999.000,9999.000
202602171130,   0.269,   0.731,9999.000,9999.000,9999.000,9999.000,9999.000,9999.000,9999.000
202602171136,   0.242,   0.688,9999.000,9999.000,9999.000,9999.000,9999.000,9999.000,9999.000
202602171142,   0.217,   0.678,9999.000,9999.000,9999.000,9999.000,9999.000,9999.000,9999.000
202602171148,   0.191,   0.678,9999.000,9999.000,9999.000,9999.000,9999.000,9999.000,9999.000
202602171154,   0.166,   0.649,9999.000,9999.000,9999.000,9999.000,9999.000,9999.000,9999.000
202602171200,   0.141,   0.639,   0.500,  -0.002,   0.639,   0.400,   0.539,   0.500,   0.639
202602171206,   0.116,   0.600,9999.000,9999.000,9999.000,9999.000,9999.000,9999.000,9999.000
202602171212,   0.092,   0.570,9999.000,9999.000,9999.000,9999.000,9999.000,9999.000,9999.000
202602171218,   0.068,   0.541,9999.000,9999.000,9999.000,9999.000,9999.000,9999.000,9999.000
202602171224,   0.045,   0.518,9999.000,9999.000,9999.000,9999.000,9999.000,9999.000,9999.000
202602171230,   0.022,   0.518,9999.000,9999.000,9999.000,9999.000,9999.000,9999.000,9999.000
202602171236,   0.000,   0.498,9999.000,9999.000,9999.000,9999.000,9999.000,9999.000,9999.000
202602171242,  -0.021,   0.478,9999.000,9999.000,9999.000,9999.000,9999.000,9999.000,9999.000
202602171248,  -0.043,   0.459,9999.000,9999.000,9999.000,9999.000,9999.000,9999.000,9999.000
202602171254,  -0.063,   0.429,9999.000,9999.000,9999.000,9999.000,9999.000,9999.000,9999.000
202602171300,  -0.084,   0.400,   0.400,   0.084,   0.400,   0.400,   0.400,   0.500,   0.500
202602171306,  -0.103,   0.390,9999.000,9999.000,9999.000,9999.000,9999.000,9999.000,9999.000
202602171312,  -0.122,   0.370,9999.000,9999.000,9999.000,9999.000,9999.000,9999.000,9999.000
202602171318,  -0.140,   0.341,9999.000,9999.000,9999.000,9999.000,9999.000,9999.000,9999.000
202602171324,  -0.158,   0.321,9999.000,9999.000,9999.000,9999.000,9999.000,9999.000,9999.000
202602171330,  -0.175,   0.308,9999.000,9999.000,9999.000,9999.000,9999.000,9999.000,9999.000
202602171336,  -0.191,   0.298,9999.000,9999.000,9999.000,9999.000,9999.000,9999.000,9999.000
202602171342,  -0.206,   0.268,9999.000,9999.000,9999.000,9999.000,9999.000,9999.000,9999.000
202602171348,  -0.221,   0.259,9999.000,9999.000,9999.000,9999.000,9999.000,9999.000,9999.000
202602171354,  -0.235,   0.249,9999.000,9999.000,9999.000,9999.000,9999.000,9999.000,9999.000
202602171400,  -0.248,   0.239,   0.400,   0.087,   0.239,   0.400,   0.239,   0.500,   0.339
202602171406,  -0.261,   0.219,9999.000,9999.000,9999.000,9999.000,9999.000,9999.000,9999.000
202602171412,  -0.272,   0.200,9999.000,9999.000,9999.000,9999.000,9999.000,9999.000,9999.000
202602171418,  -0.283,   0.200,9999.000,9999.000,9999.000,9999.000,9999.000,9999.000,9999.000
202602171424,  -0.293,   0.170,9999.000,9999.000,9999.000,9999.000,9999.000,9999.000,9999.000
202602171430,  -0.302,   0.141,9999.000,9999.000,9999.000,9999.000,9999.000,9999.000,9999.000
202602171436,  -0.311,   0.141,9999.000,9999.000,9999.000,9999.000,9999.000,9999.000,9999.000
202602171442,  -0.318,   0.131,9999.000,9999.000,9999.000,9999.000,9999.000,9999.000,9999.000
202602171448,  -0.325,   0.121,9999.000,9999.000,9999.000,9999.000,9999.000,9999.000,9999.000
202602171454,  -0.331,   0.098,9999.000,9999.000,9999.000,9999.000,9999.000,9999.000,9999.000
202602171500,  -0.336,   0.098,   0.400,   0.034,   0.098,   0.400,   0.098,   0.500,   0.198
202602171506,  -0.341,   0.088,9999.000,9999.000,9999.000,9999.000,9999.000,9999.000,9999.000
202602171512,  -0.344,   0.078,9999.000,9999.000,9999.000,9999.000,9999.000,9999.000,9999.000
202602171518,  -0.347,   0.078,9999.000,9999.000,9999.000,9999.000,9999.000,9999.000,9999.000
202602171524,  -0.349,   0.078,9999.000,9999.000,9999.000,9999.000,9999.000,9999.000,9999.000
202602171530,  -0.350,   0.068,9999.000,9999.000,9999.000,9999.000,9999.000,9999.000,9999.000
202602171536,  -0.351,   0.049,9999.000,9999.000,9999.000,9999.000,9999.000,9999.000,9999.000
202602171542,  -0.351,   0.049,9999.000,9999.000,9999.000,9999.000,9999.000,9999.000,9999.000
202602171548,  -0.350,   0.078,9999.000,9999.000,9999.000,9999.000,9999.000,9999.000,9999.000
202602171554,  -0.348,   0.088,9999.000,9999.000,9999.000,9999.000,9999.000,9999.000,9999.000
202602171600,  -0.345,   0.078,   0.400,   0.023,   0.078,   0.400,   0.078,   0.500,   0.178
202602171606,  -0.342,   0.009,9999.000,9999.000,9999.000,9999.000,9999.000,9999.000,9999.000
202602171612,  -0.338,   0.000,9999.000,9999.000,9999.000,9999.000,9999.000,9999.000,9999.000
202602171618,  -0.333,   0.009,9999.000,9999.000,9999.000,9999.000,9999.000,9999.000,9999.000
202602171624,  -0.328,   0.019,9999.000,9999.000,9999.000,9999.000,9999.000,9999.000,9999.000
202602171630,  -0.322,   0.009,9999.000,9999.000,9999.000,9999.000,9999.000,9999.000,9999.000
202602171636,  -0.315,   0.000,9999.000,9999.000,9999.000,9999.000,9999.000,9999.000,9999.000
202602171642,  -0.308,   0.009,9999.000,9999.000,9999.000,9999.000,9999.000,9999.000,9999.000
202602171648,  -0.300,   0.029,9999.000,9999.000,9999.000,9999.000,9999.000,9999.000,9999.000
202602171654,  -0.292,   0.019,9999.000,9999.000,9999.000,9999.000,9999.000,9999.000,9999.000
202602171700,  -0.283,   0.039,   0.500,  -0.178,   0.039,   0.400,  -0.061,   0.500,   0.039
202602171706,  -0.273,   0.068,9999.000,9999.000,9999.000,9999.000,9999.000,9999.000,9999.000
202602171712,  -0.263,   0.078,9999.000,9999.000,9999.000,9999.000,9999.000,9999.000,9999.000
202602171718,  -0.252,   0.078,9999.000,9999.000,9999.000,9999.000,9999.000,9999.000,9999.000
202602171724,  -0.240,   0.098,9999.000,9999.000,9999.000,9999.000,9999.000,9999.000,9999.000
202602171730,  -0.229,   0.098,9999.000,9999.000,9999.000,9999.000,9999.000,9999.000,9999.000
202602171736,  -0.216,   0.121,9999.000,9999.000,9999.000,9999.000,9999.000,9999.000,9999.000
202602171742,  -0.204,   0.111,9999.000,9999.000,9999.000,9999.000,9999.000,9999.000,9999.000
202602171748,  -0.190,   0.059,9999.000,9999.000,9999.000,9999.000,9999.000,9999.000,9999.000
202602171754,  -0.177,   0.111,9999.000,9999.000,9999.000,9999.000,9999.000,9999.000,9999.000
202602171800,  -0.163,   0.111,   0.500,  -0.226,   0.111,   0.400,   0.011,   0.500,   0.111
202602171806,  -0.148,   0.131,9999.000,9999.000,9999.000,9999.000,9999.000,9999.000,9999.000
202602171812,  -0.133,   0.160,9999.000,9999.000,9999.000,9999.000,9999.000,9999.000,9999.000
202602171818,  -0.118,   0.170,9999.000,9999.000,9999.000,9999.000,9999.000,9999.000,9999.000
202602171824,  -0.103,   0.180,9999.000,9999.000,9999.000,9999.000,9999.000,9999.000,9999.000
202602171830,  -0.087,   0.200,9999.000,9999.000,9999.000,9999.000,9999.000,9999.000,9999.000
202602171836,  -0.071,   0.229,9999.000,9999.000,9999.000,9999.000,9999.000,9999.000,9999.000
202602171842,  -0.055,   0.239,9999.000,9999.000,9999.000,9999.000,9999.000,9999.000,9999.000
202602171848,  -0.038,   0.259,9999.000,9999.000,9999.000,9999.000,9999.000,9999.000,9999.000
202602171854,  -0.021,   0.288,9999.000,9999.000,9999.000,9999.000,9999.000,9999.000,9999.000
202602171900,  -0.004,   0.288,   0.500,  -0.208,   0.288,   0.500,   0.288,   0.500,   0.288
202602171906,   0.012,   0.278,9999.000,9999.000,9999.000,9999.000,9999.000,9999.000,9999.000
202602171912,   0.029,   0.288,9999.000,9999.000,9999.000,9999.000,9999.000,9999.000,9999.000
202602171918,   0.046,   0.321,9999.000,9999.000,9999.000,9999.000,9999.000,9999.000,9999.000
202602171924,   0.064,   0.341,9999.000,9999.000,9999.000,9999.000,9999.000,9999.000,9999.000
202602171930,   0.081,   0.370,9999.000,9999.000,9999.000,9999.000,9999.000,9999.000,9999.000
202602171936,   0.099,   0.409,9999.000,9999.000,9999.000,9999.000,9999.000,9999.000,9999.000
202602171942,   0.116,   0.449,9999.000,9999.000,9999.000,9999.000,9999.000,9999.000,9999.000
202602171948,   0.134,   0.478,9999.000,9999.000,9999.000,9999.000,9999.000,9999.000,9999.000
202602171954,   0.151,   0.518,9999.000,9999.000,9999.000,9999.000,9999.000,9999.000,9999.000
202602172000,   0.169,   0.570,   0.500,  -0.099,   0.570,   0.500,   0.570,   0.500,   0.570
202602172006,   0.186,   0.600,9999.000,9999.000,9999.000,9999.000,9999.000,9999.000,9999.000
202602172012,   0.203,   0.610,9999.000,9999.000,9999.000,9999.000,9999.000,9999.000,9999.000
202602172018,   0.220,   0.629,9999.000,9999.000,9999.000,9999.000,9999.000,9999.000,9999.000
202602172024,   0.237,   0.659,9999.000,9999.000,9999.000,9999.000,9999.000,9999.000,9999.000
202602172030,   0.253,   0.659,9999.000,9999.000,9999.000,9999.000,9999.000,9999.000,9999.000
202602172036,   0.269,   0.659,9999.000,9999.000,9999.000,9999.000,9999.000,9999.000,9999.000
202602172042,   0.285,   0.678,9999.000,9999.000,9999.000,9999.000,9999.000,9999.000,9999.000
202602172048,   0.301,   0.688,9999.000,9999.000,9999.000,9999.000,9999.000,9999.000,9999.000
202602172054,   0.317,   0.698,9999.000,9999.000,9999.000,9999.000,9999.000,9999.000,9999.000
202602172100,   0.332,   0.708,   0.500,  -0.124,   0.708,   0.500,   0.708,   0.600,   0.808
202602172106,   0.347,   0.741,9999.000,9999.000,9999.000,9999.000,9999.000,9999.000,9999.000
202602172112,   0.361,   0.760,9999.000,9999.000,9999.000,9999.000,9999.000,9999.000,9999.000
202602172118,   0.375,   0.780,9999.000,9999.000,9999.000,9999.000,9999.000,9999.000,9999.000
202602172124,   0.389,   0.829,9999.000,9999.000,9999.000,9999.000,9999.000,9999.000,9999.000
202602172130,   0.402,   0.849,9999.000,9999.000,9999.000,9999.000,9999.000,9999.000,9999.000
202602172136,   0.415,   0.879,9999.000,9999.000,9999.000,9999.000,9999.000,9999.000,9999.000
202602172142,   0.427,   0.908,9999.000,9999.000,9999.000,9999.000,9999.000,9999.000,9999.000
202602172148,   0.439,   0.951,9999.000,9999.000,9999.000,9999.000,9999.000,9999.000,9999.000
202602172154,   0.451,   0.970,9999.000,9999.000,9999.000,9999.000,9999.000,9999.000,9999.000
202602172200,   0.462,   1.000,   0.500,   0.038,   1.000,   0.500,   1.000,   0.600,   1.100
202602172206,   0.473,   1.020,9999.000,9999.000,9999.000,9999.000,9999.000,9999.000,9999.000
202602172212,   0.483,   1.039,9999.000,9999.000,9999.000,9999.000,9999.000,9999.000,9999.000
202602172218,   0.493,   1.059,9999.000,9999.000,9999.000,9999.000,9999.000,9999.000,9999.000
202602172224,   0.503,   1.079,9999.000,9999.000,9999.000,9999.000,9999.000,9999.000,9999.000
202602172230,   0.512,   1.118,9999.000,9999.000,9999.000,9999.000,9999.000,9999.000,9999.000
202602172236,   0.520,   1.138,9999.000,9999.000,9999.000,9999.000,9999.000,9999.000,9999.000
202602172242,   0.529,   1.151,9999.000,9999.000,9999.000,9999.000,9999.000,9999.000,9999.000
202602172248,   0.536,   1.161,9999.000,9999.000,9999.000,9999.000,9999.000,9999.000,9999.000
202602172254,   0.544,   1.190,9999.000,9999.000,9999.000,9999.000,9999.000,9999.000,9999.000
202602172300,   0.551,   1.200,   0.600,   0.049,   1.200,   0.500,   1.100,   0.600,   1.200
202602172306,   0.558,   1.200,9999.000,9999.000,9999.000,9999.000,9999.000,9999.000,9999.000
202602172312,   0.565,   1.200,9999.000,9999.000,9999.000,9999.000,9999.000,9999.000,9999.000
202602172318,   0.571,   1.220,9999.000,9999.000,9999.000,9999.000,9999.000,9999.000,9999.000
202602172324,   0.577,   1.239,9999.000,9999.000,9999.000,9999.000,9999.000,9999.000,9999.000
202602172330,   0.583,   1.229,9999.000,9999.000,9999.000,9999.000,9999.000,9999.000,9999.000
202602172336,   0.589,   1.229,9999.000,9999.000,9999.000,9999.000,9999.000,9999.000,9999.000
202602172342,   0.594,   1.229,9999.000,9999.000,9999.000,9999.000,9999.000,9999.000,9999.000
202602172348,   0.600,   1.249,9999.000,9999.000,9999.000,9999.000,9999.000,9999.000,9999.000
202602172354,   0.605,   1.256,9999.000,9999.000,9999.000,9999.000,9999.000,9999.000,9999.000
202602180000,   0.610,   1.249,   0.500,   0.139,   1.249,   0.500,   1.249,   0.500,   1.249
202602180006,   0.616,   1.229,9999.000,9999.000,9999.000,9999.000,9999.000,9999.000,9999.000
202602180012,   0.621,   1.249,9999.000,9999.000,9999.000,9999.000,9999.000,9999.000,9999.000
202602180018,   0.626,   1.259,9999.000,9999.000,9999.000,9999.000,9999.000,9999.000,9999.000
202602180024,   0.631,   1.259,9999.000,9999.000,9999.000,9999.000,9999.000,9999.000,9999.000
202602180030,   0.636,   1.259,9999.000,9999.000,9999.000,9999.000,9999.000,9999.000,9999.000
202602180036,   0.642,   1.279,9999.000,9999.000,9999.000,9999.000,9999.000,9999.000,9999.000
202602180042,   0.647,   1.289,9999.000,9999.000,9999.000,9999.000,9999.000,9999.000,9999.000
202602180048,   0.653,   1.298,9999.000,9999.000,9999.000,9999.000,9999.000,9999.000,9999.000
202602180054,   0.659,   1.308,9999.000,9999.000,9999.000,9999.000,9999.000,9999.000,9999.000
202602180100,   0.665,   1.328,   0.500,   0.163,   1.328,   0.500,   1.328,   0.600,   1.428
202602180106,   0.671,   1.338,9999.000,9999.000,9999.000,9999.000,9999.000,9999.000,9999.000
202602180112,   0.678,   1.348,9999.000,9999.000,9999.000,9999.000,9999.000,9999.000,9999.000
202602180118,   0.684,   1.348,9999.000,9999.000,9999.000,9999.000,9999.000,9999.000,9999.000
202602180124,   0.691,   1.338,9999.000,9999.000,9999.000,9999.000,9999.000,9999.000,9999.000
202602180130,   0.699,   1.348,9999.000,9999.000,9999.000,9999.000,9999.000,9999.000,9999.000
202602180136,   0.706,   1.371,9999.000,9999.000,9999.000,9999.000,9999.000,9999.000,9999.000
202602180142,   0.714,   1.380,9999.000,9999.000,9999.000,9999.000,9999.000,9999.000,9999.000
202602180148,   0.722,   1.390,9999.000,9999.000,9999.000,9999.000,9999.000,9999.000,9999.000
202602180154,   0.731,   1.430,9999.000,9999.000,9999.000,9999.000,9999.000,9999.000,9999.000
202602180200,   0.739,   1.459,   0.600,   0.120,   1.459,   0.500,   1.359,   0.600,   1.459
202602180206,   0.748,   1.489,9999.000,9999.000,9999.000,9999.000,9999.000,9999.000,9999.000
202602180212,   0.758,   1.508,9999.000,9999.000,9999.000,9999.000,9999.000,9999.000,9999.000
202602180218,   0.767,   1.528,9999.000,9999.000,9999.000,9999.000,9999.000,9999.000,9999.000
202602180224,   0.777,   1.548,9999.000,9999.000,9999.000,9999.000,9999.000,9999.000,9999.000
202602180230,   0.787,   1.538,9999.000,9999.000,9999.000,9999.000,9999.000,9999.000,9999.000
202602180236,   0.797,   1.580,9999.000,9999.000,9999.000,9999.000,9999.000,9999.000,9999.000
202602180242,   0.808,   1.580,9999.000,9999.000,9999.000,9999.000,9999.000,9999.000,9999.000
202602180248,   0.820,   1.580,9999.000,9999.000,9999.000,9999.000,9999.000,9999.000,9999.000
202602180254,   0.830,   1.580,9999.000,9999.000,9999.000,9999.000,9999.000,9999.000,9999.000
202602180300,   0.841,   1.600,   0.600,   0.159,   1.600,   0.600,   1.600,   0.600,   1.600
202602180306,   0.852,   1.610,9999.000,9999.000,9999.000,9999.000,9999.000,9999.000,9999.000
202602180312,   0.864,   1.620,9999.000,9999.000,9999.000,9999.000,9999.000,9999.000,9999.000
202602180318,   0.875,   1.639,9999.000,9999.000,9999.000,9999.000,9999.000,9999.000,9999.000
202602180324,   0.887,   1.669,9999.000,9999.000,9999.000,9999.000,9999.000,9999.000,9999.000
202602180330,   0.899,   1.699,9999.000,9999.000,9999.000,9999.000,9999.000,9999.000,9999.000
202602180336,   0.910,   1.738,9999.000,9999.000,9999.000,9999.000,9999.000,9999.000,9999.000
202602180342,   0.922,   1.767,9999.000,9999.000,9999.000,9999.000,9999.000,9999.000,9999.000
202602180348,   0.934,   1.800,9999.000,9999.000,9999.000,9999.000,9999.000,9999.000,9999.000
202602180354,   0.945,   1.840,9999.000,9999.000,9999.000,9999.000,9999.000,9999.000,9999.000
202602180400,   0.957,   1.859,   0.600,   0.302,   1.859,   0.600,   1.859,   0.600,   1.859
202602180406,   0.968,   1.889,9999.000,9999.000,9999.000,9999.000,9999.000,9999.000,9999.000
202602180412,   0.979,   1.899,9999.000,9999.000,9999.000,9999.000,9999.000,9999.000,9999.000
202602180418,   0.990,   1.918,9999.000,9999.000,9999.000,9999.000,9999.000,9999.000,9999.000
202602180424,   1.001,   1.948,9999.000,9999.000,9999.000,9999.000,9999.000,9999.000,9999.000
202602180430,   1.011,   1.958,9999.000,9999.000,9999.000,9999.000,9999.000,9999.000,9999.000
202602180436,   1.021,   1.967,9999.000,9999.000,9999.000,9999.000,9999.000,9999.000,9999.000
202602180442,   1.031,   1.981,9999.000,9999.000,9999.000,9999.000,9999.000,9999.000,9999.000
202602180448,   1.040,   2.000,9999.000,9999.000,9999.000,9999.000,9999.000,9999.000,9999.000
202602180454,   1.049,   2.020,9999.000,9999.000,9999.000,9999.000,9999.000,9999.000,9999.000
202602180500,   1.058,   2.020,   0.600,   0.362,   2.020,   0.600,   2.020,   0.700,   2.120
202602180506,   1.066,   2.030,9999.000,9999.000,9999.000,9999.000,9999.000,9999.000,9999.000
202602180512,   1.074,   2.030,9999.000,9999.000,9999.000,9999.000,9999.000,9999.000,9999.000
202602180518,   1.082,   2.049,9999.000,9999.000,9999.000,9999.000,9999.000,9999.000,9999.000
202602180524,   1.089,   2.059,9999.000,9999.000,9999.000,9999.000,9999.000,9999.000,9999.000
202602180530,   1.095,   2.079,9999.000,9999.000,9999.000,9999.000,9999.000,9999.000,9999.000
202602180536,   1.101,   2.099,9999.000,9999.000,9999.000,9999.000,9999.000,9999.000,9999.000
202602180542,   1.106,   2.109,9999.000,9999.000,9999.000,9999.000,9999.000,9999.000,9999.000
202602180548,   1.111,   2.138,9999.000,9999.000,9999.000,9999.000,9999.000,9999.000,9999.000
202602180554,   1.116,   2.138,9999.000,9999.000,9999.000,9999.000,9999.000,9999.000,9999.000
202602180600,   1.119,   2.148,   0.700,   0.329,   2.148,   0.600,   2.048,   0.700,   2.148
202602180606,   1.123,   2.148,9999.000,9999.000,9999.000,9999.000,9999.000,9999.000,9999.000
202602180612,   1.125,   2.138,9999.000,9999.000,9999.000,9999.000,9999.000,9999.000,9999.000
202602180618,   1.127,   2.128,9999.000,9999.000,9999.000,9999.000,9999.000,9999.000,9999.000
202602180624,   1.128,   2.118,9999.000,9999.000,9999.000,9999.000,9999.000,9999.000,9999.000
202602180630,   1.129,   2.099,9999.000,9999.000,9999.000,9999.000,9999.000,9999.000,9999.000
202602180636,   1.129,   2.079,9999.000,9999.000,9999.000,9999.000,9999.000,9999.000,9999.000
202602180642,   1.129,   2.089,9999.000,9999.000,9999.000,9999.000,9999.000,9999.000,9999.000
202602180648,   1.128,   2.079,9999.000,9999.000,9999.000,9999.000,9999.000,9999.000,9999.000
202602180654,   1.126,   2.079,9999.000,9999.000,9999.000,9999.000,9999.000,9999.000,9999.000
202602180700,   1.124,   2.079,   0.700,   0.255,   2.079,   0.700,   2.079,   0.700,   2.079
202602180706,   1.121,   2.079,9999.000,9999.000,9999.000,9999.000,9999.000,9999.000,9999.000
202602180712,   1.118,   2.079,9999.000,9999.000,9999.000,9999.000,9999.000,9999.000,9999.000
202602180718,   1.113,   2.069,9999.000,9999.000,9999.000,9999.000,9999.000,9999.000,9999.000
202602180724,   1.109,   2.059,9999.000,9999.000,9999.000,9999.000,9999.000,9999.000,9999.000
202602180730,   1.103,   2.049,9999.000,9999.000,9999.000,9999.000,9999.000,9999.000,9999.000
202602180736,   1.097,   2.040,9999.000,9999.000,9999.000,9999.000,9999.000,9999.000,9999.000
202602180742,   1.091,   2.020,9999.000,9999.000,9999.000,9999.000,9999.000,9999.000,9999.000
202602180748,   1.083,   2.010,9999.000,9999.000,9999.000,9999.000,9999.000,9999.000,9999.000
202602180754,   1.076,   1.981,9999.000,9999.000,9999.000,9999.000,9999.000,9999.000,9999.000
202602180800,   1.067,   1.990,   0.700,   0.223,   1.990,   0.700,   1.990,   0.700,   1.990
202602180806,   1.058,   1.990,9999.000,9999.000,9999.000,9999.000,9999.000,9999.000,9999.000
202602180812,   1.048,   2.000,9999.000,9999.000,9999.000,9999.000,9999.000,9999.000,9999.000
202602180818,   1.038,   1.990,9999.000,9999.000,9999.000,9999.000,9999.000,9999.000,9999.000
202602180824,   1.027,   1.981,9999.000,9999.000,9999.000,9999.000,9999.000,9999.000,9999.000
202602180830,   1.016,   1.967,9999.000,9999.000,9999.000,9999.000,9999.000,9999.000,9999.000
202602180836,   1.003,   1.958,9999.000,9999.000,9999.000,9999.000,9999.000,9999.000,9999.000
202602180842,   0.991,   1.948,9999.000,9999.000,9999.000,9999.000,9999.000,9999.000,9999.000
202602180848,   0.978,   1.928,9999.000,9999.000,9999.000,9999.000,9999.000,9999.000,9999.000
202602180854,   0.964,   1.918,9999.000,9999.000,9999.000,9999.000,9999.000,9999.000,9999.000
202602180900,   0.949,   1.899,   0.700,   0.250,   1.899,   0.700,   1.899,   0.800,   1.999
202602180906,   0.934,   1.879,9999.000,9999.000,9999.000,9999.000,9999.000,9999.000,9999.000
202602180912,   0.919,   1.830,9999.000,9999.000,9999.000,9999.000,9999.000,9999.000,9999.000
202602180918,   0.903,   1.790,9999.000,9999.000,9999.000,9999.000,9999.000,9999.000,9999.000
202602180924,   0.886,   1.800,9999.000,9999.000,9999.000,9999.000,9999.000,9999.000,9999.000
202602180930,   0.869,   1.781,9999.000,9999.000,9999.000,9999.000,9999.000,9999.000,9999.000
202602180936,   0.851,   1.748,9999.000,9999.000,9999.000,9999.000,9999.000,9999.000,9999.000
202602180942,   0.833,   1.728,9999.000,9999.000,9999.000,9999.000,9999.000,9999.000,9999.000
202602180948,   0.814,   1.699,9999.000,9999.000,9999.000,9999.000,9999.000,9999.000,9999.000
202602180954,   0.795,   1.669,9999.000,9999.000,9999.000,9999.000,9999.000,9999.000,9999.000
202602181000,   0.776,   1.649,   0.700,   0.173,   1.649,   0.700,   1.649,   0.800,   1.749
202602181006,   0.756,   1.630,9999.000,9999.000,9999.000,9999.000,9999.000,9999.000,9999.000
202602181012,   0.735,   1.600,9999.000,9999.000,9999.000,9999.000,9999.000,9999.000,9999.000
202602181018,   0.714,   1.590,9999.000,9999.000,9999.000,9999.000,9999.000,9999.000,9999.000
202602181024,   0.693,   1.580,9999.000,9999.000,9999.000,9999.000,9999.000,9999.000,9999.000
202602181030,   0.672,   1.548,9999.000,9999.000,9999.000,9999.000,9999.000,9999.000,9999.000
202602181036,   0.650,   1.528,9999.000,9999.000,9999.000,9999.000,9999.000,9999.000,9999.000
202602181042,   0.628,   1.498,9999.000,9999.000,9999.000,9999.000,9999.000,9999.000,9999.000
202602181048,   0.605,   1.459,9999.000,9999.000,9999.000,9999.000,9999.000,9999.000,9999.000
202602181054,   0.582,   1.420,9999.000,9999.000,9999.000,9999.000,9999.000,9999.000,9999.000
202602181100,   0.560,   1.390,   0.700,   0.130,   1.390,   0.700,   1.390,   0.800,   1.490
202602181106,   0.537,   1.371,9999.000,9999.000,9999.000,9999.000,9999.000,9999.000,9999.000
202602181112,   0.513,   1.328,9999.000,9999.000,9999.000,9999.000,9999.000,9999.000,9999.000
202602181118,   0.490,   1.298,9999.000,9999.000,9999.000,9999.000,9999.000,9999.000,9999.000
202602181124,   0.467,   1.279,9999.000,9999.000,9999.000,9999.000,9999.000,9999.000,9999.000
202602181130,   0.443,   1.239,9999.000,9999.000,9999.000,9999.000,9999.000,9999.000,9999.000
202602181136,   0.420,   1.220,9999.000,9999.000,9999.000,9999.000,9999.000,9999.000,9999.000
202602181142,   0.397,   1.190,9999.000,9999.000,9999.000,9999.000,9999.000,9999.000,9999.000
202602181148,   0.373,   1.170,9999.000,9999.000,9999.000,9999.000,9999.000,9999.000,9999.000
202602181154,   0.350,   1.151,9999.000,9999.000,9999.000,9999.000,9999.000,9999.000,9999.000
202602181200,   0.327,   1.118,   0.700,   0.091,   1.118,   0.700,   1.118,   0.700,   1.118
202602181206,   0.305,   1.088,9999.000,9999.000,9999.000,9999.000,9999.000,9999.000,9999.000
202602181212,   0.282,   1.059,9999.000,9999.000,9999.000,9999.000,9999.000,9999.000,9999.000
202602181218,   0.260,   1.039,9999.000,9999.000,9999.000,9999.000,9999.000,9999.000,9999.000
202602181224,   0.238,   1.010,9999.000,9999.000,9999.000,9999.000,9999.000,9999.000,9999.000
202602181230,   0.216,   0.980,9999.000,9999.000,9999.000,9999.000,9999.000,9999.000,9999.000
202602181236,   0.195,   0.961,9999.000,9999.000,9999.000,9999.000,9999.000,9999.000,9999.000
202602181242,   0.175,   0.941,9999.000,9999.000,9999.000,9999.000,9999.000,9999.000,9999.000
202602181248,   0.155,   0.928,9999.000,9999.000,9999.000,9999.000,9999.000,9999.000,9999.000
202602181254,   0.135,   0.908,9999.000,9999.000,9999.000,9999.000,9999.000,9999.000,9999.000
202602181300,   0.116,   0.898,   0.700,   0.082,   0.898,   0.700,   0.898,   0.700,   0.898
202602181306,   0.097,   0.879,9999.000,9999.000,9999.000,9999.000,9999.000,9999.000,9999.000
202602181312,   0.079,   0.859,9999.000,9999.000,9999.000,9999.000,9999.000,9999.000,9999.000
202602181318,   0.062,   0.859,9999.000,9999.000,9999.000,9999.000,9999.000,9999.000,9999.000
202602181324,   0.045,   0.839,9999.000,9999.000,9999.000,9999.000,9999.000,9999.000,9999.000
202602181330,   0.029,   0.810,9999.000,9999.000,9999.000,9999.000,9999.000,9999.000,9999.000
202602181336,   0.014,   0.780,9999.000,9999.000,9999.000,9999.000,9999.000,9999.000,9999.000
202602181342,   0.000,   0.751,9999.000,9999.000,9999.000,9999.000,9999.000,9999.000,9999.000
202602181348,  -0.013,   0.731,9999.000,9999.000,9999.000,9999.000,9999.000,9999.000,9999.000
202602181354,  -0.026,   0.741,9999.000,9999.000,9999.000,9999.000,9999.000,9999.000,9999.000
202602181400,  -0.038,   0.688,   0.700,   0.026,   0.688,   0.700,   0.688,   0.700,   0.688
202602181406,  -0.050,   0.659,9999.000,9999.000,9999.000,9999.000,9999.000,9999.000,9999.000
202602181412,  -0.060,   0.669,9999.000,9999.000,9999.000,9999.000,9999.000,9999.000,9999.000
202602181418,  -0.070,   0.659,9999.000,9999.000,9999.000,9999.000,9999.000,9999.000,9999.000
202602181424,  -0.079,   0.639,9999.000,9999.000,9999.000,9999.000,9999.000,9999.000,9999.000
202602181430,  -0.088,   0.619,9999.000,9999.000,9999.000,9999.000,9999.000,9999.000,9999.000
202602181436,  -0.095,   0.610,9999.000,9999.000,9999.000,9999.000,9999.000,9999.000,9999.000
202602181442,  -0.102,   0.580,9999.000,9999.000,9999.000,9999.000,9999.000,9999.000,9999.000
202602181448,  -0.108,   0.551,9999.000,9999.000,9999.000,9999.000,9999.000,9999.000,9999.000
202602181454,  -0.113,   0.560,9999.000,9999.000,9999.000,9999.000,9999.000,9999.000,9999.000
202602181500,  -0.117,   0.590,   0.700,   0.007,   0.590,   0.700,   0.590,   0.700,   0.590
202602181506,  -0.120,   0.590,9999.000,9999.000,9999.000,9999.000,9999.000,9999.000,9999.000
202602181512,  -0.123,   0.580,9999.000,9999.000,9999.000,9999.000,9999.000,9999.000,9999.000
202602181518,  -0.125,   0.570,9999.000,9999.000,9999.000,9999.000,9999.000,9999.000,9999.000
202602181524,  -0.126,   0.551,9999.000,9999.000,9999.000,9999.000,9999.000,9999.000,9999.000
202602181530,  -0.127,   0.551,9999.000,9999.000,9999.000,9999.000,9999.000,9999.000,9999.000
202602181536,  -0.127,   0.531,9999.000,9999.000,9999.000,9999.000,9999.000,9999.000,9999.000
202602181542,  -0.126,   0.531,9999.000,9999.000,9999.000,9999.000,9999.000,9999.000,9999.000
202602181548,  -0.125,   0.531,9999.000,9999.000,9999.000,9999.000,9999.000,9999.000,9999.000
202602181554,  -0.122,   0.518,9999.000,9999.000,9999.000,9999.000,9999.000,9999.000,9999.000
202602181600,  -0.120,   0.518,   0.700,  -0.062,   0.518,   0.700,   0.518,   0.800,   0.618
202602181606,  -0.116,   0.531,9999.000,9999.000,9999.000,9999.000,9999.000,9999.000,9999.000
202602181612,  -0.112,   0.551,9999.000,9999.000,9999.000,9999.000,9999.000,9999.000,9999.000
202602181618,  -0.108,   0.590,9999.000,9999.000,9999.000,9999.000,9999.000,9999.000,9999.000
202602181624,  -0.103,   0.570,9999.000,9999.000,9999.000,9999.000,9999.000,9999.000,9999.000
202602181630,  -0.097,   0.518,9999.000,9999.000,9999.000,9999.000,9999.000,9999.000,9999.000
202602181636,  -0.091,   0.531,9999.000,9999.000,9999.000,9999.000,9999.000,9999.000,9999.000
202602181642,  -0.085,   0.600,9999.000,9999.000,9999.000,9999.000,9999.000,9999.000,9999.000
202602181648,  -0.078,   0.560,9999.000,9999.000,9999.000,9999.000,9999.000,9999.000,9999.000
202602181654,  -0.070,   0.570,9999.000,9999.000,9999.000,9999.000,9999.000,9999.000,9999.000
202602181700,  -0.062,   0.531,   0.700,  -0.107,   0.531,   0.700,   0.531,   0.800,   0.631
202602181706,  -0.054,   0.590,9999.000,9999.000,9999.000,9999.000,9999.000,9999.000,9999.000
202602181712,  -0.045,   0.541,9999.000,9999.000,9999.000,9999.000,9999.000,9999.000,9999.000
202602181718,  -0.036,   0.590,9999.000,9999.000,9999.000,9999.000,9999.000,9999.000,9999.000
202602181724,  -0.027,   0.610,9999.000,9999.000,9999.000,9999.000,9999.000,9999.000,9999.000
202602181730,  -0.017,   0.619,9999.000,9999.000,9999.000,9999.000,9999.000,9999.000,9999.000
202602181736,  -0.007,   0.600,9999.000,9999.000,9999.000,9999.000,9999.000,9999.000,9999.000
202602181742,   0.002,   0.600,9999.000,9999.000,9999.000,9999.000,9999.000,9999.000,9999.000
202602181748,   0.013,   0.600,9999.000,9999.000,9999.000,9999.000,9999.000,9999.000,9999.000
202602181754,   0.024,   0.610,9999.000,9999.000,9999.000,9999.000,9999.000,9999.000,9999.000
202602181800,   0.035,   0.619,   0.700,  -0.116,   0.619,   0.700,   0.619,   0.800,   0.719
202602181806,   0.047,   0.649,9999.000,9999.000,9999.000,9999.000,9999.000,9999.000,9999.000
202602181812,   0.058,   0.659,9999.000,9999.000,9999.000,9999.000,9999.000,9999.000,9999.000
202602181818,   0.070,   0.678,9999.000,9999.000,9999.000,9999.000,9999.000,9999.000,9999.000
202602181824,   0.082,   0.708,9999.000,9999.000,9999.000,9999.000,9999.000,9999.000,9999.000
202602181830,   0.095,   0.731,9999.000,9999.000,9999.000,9999.000,9999.000,9999.000,9999.000
202602181836,   0.107,   0.760,9999.000,9999.000,9999.000,9999.000,9999.000,9999.000,9999.000
202602181842,   0.120,   0.780,9999.000,9999.000,9999.000,9999.000,9999.000,9999.000,9999.000
202602181848,   0.133,   0.790,9999.000,9999.000,9999.000,9999.000,9999.000,9999.000,9999.000
202602181854,   0.146,   0.819,9999.000,9999.000,9999.000,9999.000,9999.000,9999.000,9999.000
202602181900,   0.159,   0.829,   0.700,  -0.030,   0.829,   0.700,   0.829,   0.800,   0.929
202602181906,   0.172,   0.849,9999.000,9999.000,9999.000,9999.000,9999.000,9999.000,9999.000
202602181912,   0.185,   0.859,9999.000,9999.000,9999.000,9999.000,9999.000,9999.000,9999.000
202602181918,   0.199,   0.879,9999.000,9999.000,9999.000,9999.000,9999.000,9999.000,9999.000
202602181924,   0.212,   0.918,9999.000,9999.000,9999.000,9999.000,9999.000,9999.000,9999.000
202602181930,   0.225,   0.941,9999.000,9999.000,9999.000,9999.000,9999.000,9999.000,9999.000
202602181936,   0.239,   0.951,9999.000,9999.000,9999.000,9999.000,9999.000,9999.000,9999.000
202602181942,   0.252,   0.970,9999.000,9999.000,9999.000,9999.000,9999.000,9999.000,9999.000
202602181948,   0.265,   0.990,9999.000,9999.000,9999.000,9999.000,9999.000,9999.000,9999.000
202602181954,   0.279,   0.990,9999.000,9999.000,9999.000,9999.000,9999.000,9999.000,9999.000
202602182000,   0.292,   1.010,   0.800,  -0.082,   1.010,   0.700,   0.910,   0.800,   1.010
202602182006,   0.305,   1.029,9999.000,9999.000,9999.000,9999.000,9999.000,9999.000,9999.000
202602182012,   0.318,   1.039,9999.000,9999.000,9999.000,9999.000,9999.000,9999.000,9999.000
202602182018,   0.331,   1.049,9999.000,9999.000,9999.000,9999.000,9999.000,9999.000,9999.000
202602182024,   0.343,   1.098,9999.000,9999.000,9999.000,9999.000,9999.000,9999.000,9999.000
202602182030,   0.356,   1.098,9999.000,9999.000,9999.000,9999.000,9999.000,9999.000,9999.000
202602182036,   0.368,   1.128,9999.000,9999.000,9999.000,9999.000,9999.000,9999.000,9999.000
202602182042,   0.380,   1.161,9999.000,9999.000,9999.000,9999.000,9999.000,9999.000,9999.000
202602182048,   0.391,   1.170,9999.000,9999.000,9999.000,9999.000,9999.000,9999.000,9999.000
202602182054,   0.403,   1.180,9999.000,9999.000,9999.000,9999.000,9999.000,9999.000,9999.000
202602182100,   0.414,   1.190,   0.800,  -0.024,   1.190,   0.700,   1.090,   0.800,   1.190
202602182106,   0.424,   1.190,9999.000,9999.000,9999.000,9999.000,9999.000,9999.000,9999.000
202602182112,   0.435,   1.200,9999.000,9999.000,9999.000,9999.000,9999.000,9999.000,9999.000
202602182118,   0.445,   1.210,9999.000,9999.000,9999.000,9999.000,9999.000,9999.000,9999.000
202602182124,   0.454,   1.220,9999.000,9999.000,9999.000,9999.000,9999.000,9999.000,9999.000
202602182130,   0.463,   1.239,9999.000,9999.000,9999.000,9999.000,9999.000,9999.000,9999.000
202602182136,   0.472,   1.229,9999.000,9999.000,9999.000,9999.000,9999.000,9999.000,9999.000
202602182142,   0.480,   1.249,9999.000,9999.000,9999.000,9999.000,9999.000,9999.000,9999.000
202602182148,   0.487,   1.249,9999.000,9999.000,9999.000,9999.000,9999.000,9999.000,9999.000
202602182154,   0.495,   1.239,9999.000,9999.000,9999.000,9999.000,9999.000,9999.000,9999.000
202602182200,   0.501,   1.249,   0.800,  -0.052,   1.249,   0.800,   1.249,   0.900,   1.349
202602182206,   0.507,   1.269,9999.000,9999.000,9999.000,9999.000,9999.000,9999.000,9999.000
202602182212,   0.513,   1.269,9999.000,9999.000,9999.000,9999.000,9999.000,9999.000,9999.000
202602182218,   0.518,   1.279,9999.000,9999.000,9999.000,9999.000,9999.000,9999.000,9999.000
202602182224,   0.522,   1.279,9999.000,9999.000,9999.000,9999.000,9999.000,9999.000,9999.000
202602182230,   0.527,   1.259,9999.000,9999.000,9999.000,9999.000,9999.000,9999.000,9999.000
202602182236,   0.530,   1.259,9999.000,9999.000,9999.000,9999.000,9999.000,9999.000,9999.000
202602182242,   0.533,   1.259,9999.000,9999.000,9999.000,9999.000,9999.000,9999.000,9999.000
202602182248,   0.536,   1.259,9999.000,9999.000,9999.000,9999.000,9999.000,9999.000,9999.000
202602182254,   0.538,   1.289,9999.000,9999.000,9999.000,9999.000,9999.000,9999.000,9999.000
202602182300,   0.539,   1.298,   0.800,  -0.041,   1.298,   0.800,   1.298,   0.900,   1.398
202602182306,   0.540,   1.269,9999.000,9999.000,9999.000,9999.000,9999.000,9999.000,9999.000
202602182312,   0.541,   1.269,9999.000,9999.000,9999.000,9999.000,9999.000,9999.000,9999.000
202602182318,   0.541,   1.269,9999.000,9999.000,9999.000,9999.000,9999.000,9999.000,9999.000
202602182324,   0.541,   1.269,9999.000,9999.000,9999.000,9999.000,9999.000,9999.000,9999.000
202602182330,   0.541,   1.289,9999.000,9999.000,9999.000,9999.000,9999.000,9999.000,9999.000
202602182336,   0.540,   1.279,9999.000,9999.000,9999.000,9999.000,9999.000,9999.000,9999.000
202602182342,   0.539,   1.279,9999.000,9999.000,9999.000,9999.000,9999.000,9999.000,9999.000
202602182348,   0.538,   1.279,9999.000,9999.000,9999.000,9999.000,9999.000,9999.000,9999.000
202602182354,   0.537,9999.000,9999.000,9999.000,9999.000,9999.000,9999.000,9999.000,9999.000
202602190000,   0.535,9999.000,   0.800,  -0.031,   1.304,   0.800,   1.304,   0.900,   1.404
202602190006,   0.533,9999.000,9999.000,9999.000,9999.000,9999.000,9999.000,9999.000,9999.000
202602190012,   0.531,9999.000,9999.000,9999.000,9999.000,9999.000,9999.000,9999.000,9999.000
202602190018,   0.529,9999.000,9999.000,9999.000,9999.000,9999.000,9999.000,9999.000,9999.000
202602190024,   0.527,9999.000,9999.000,9999.000,9999.000,9999.000,9999.000,9999.000,9999.000
202602190030,   0.525,9999.000,9999.000,9999.000,9999.000,9999.000,9999.000,9999.000,9999.000
202602190036,   0.523,9999.000,9999.000,9999.000,9999.000,9999.000,9999.000,9999.000,9999.000
202602190042,   0.521,9999.000,9999.000,9999.000,9999.000,9999.000,9999.000,9999.000,9999.000
202602190048,   0.520,9999.000,9999.000,9999.000,9999.000,9999.000,9999.000,9999.000,9999.000
202602190054,   0.518,9999.000,9999.000,9999.000,9999.000,9999.000,9999.000,9999.000,9999.000
202602190100,   0.517,9999.000,   0.800,  -0.020,   1.297,   0.800,   1.297,   0.900,   1.397
202602190106,   0.516,9999.000,9999.000,9999.000,9999.000,9999.000,9999.000,9999.000,9999.000
202602190112,   0.515,9999.000,9999.000,9999.000,9999.000,9999.000,9999.000,9999.000,9999.000
202602190118,   0.514,9999.000,9999.000,9999.000,9999.000,9999.000,9999.000,9999.000,9999.000
202602190124,   0.514,9999.000,9999.000,9999.000,9999.000,9999.000,9999.000,9999.000,9999.000
202602190130,   0.514,9999.000,9999.000,9999.000,9999.000,9999.000,9999.000,9999.000,9999.000
202602190136,   0.514,9999.000,9999.000,9999.000,9999.000,9999.000,9999.000,9999.000,9999.000
202602190142,   0.515,9999.000,9999.000,9999.000,9999.000,9999.000,9999.000,9999.000,9999.000
202602190148,   0.516,9999.000,9999.000,9999.000,9999.000,9999.000,9999.000,9999.000,9999.000
202602190154,   0.518,9999.000,9999.000,9999.000,9999.000,9999.000,9999.000,9999.000,9999.000
202602190200,   0.520,9999.000,   0.900,  -0.010,   1.410,   0.800,   1.310,   0.900,   1.410
202602190206,   0.523,9999.000,9999.000,9999.000,9999.000,9999.000,9999.000,9999.000,9999.000
202602190212,   0.526,9999.000,9999.000,9999.000,9999.000,9999.000,9999.000,9999.000,9999.000
202602190218,   0.529,9999.000,9999.000,9999.000,9999.000,9999.000,9999.000,9999.000,9999.000
202602190224,   0.533,9999.000,9999.000,9999.000,9999.000,9999.000,9999.000,9999.000,9999.000
202602190230,   0.538,9999.000,9999.000,9999.000,9999.000,9999.000,9999.000,9999.000,9999.000
202602190236,   0.543,9999.000,9999.000,9999.000,9999.000,9999.000,9999.000,9999.000,9999.000
202602190242,   0.548,9999.000,9999.000,9999.000,9999.000,9999.000,9999.000,9999.000,9999.000
202602190248,   0.554,9999.000,9999.000,9999.000,9999.000,9999.000,9999.000,9999.000,9999.000
202602190254,   0.560,9999.000,9999.000,9999.000,9999.000,9999.000,9999.000,9999.000,9999.000
202602190300,   0.567,9999.000,   0.900,   0.001,   1.468,   0.800,   1.368,   0.900,   1.468
202602190306,   0.574,9999.000,9999.000,9999.000,9999.000,9999.000,9999.000,9999.000,9999.000
202602190312,   0.581,9999.000,9999.000,9999.000,9999.000,9999.000,9999.000,9999.000,9999.000
202602190318,   0.589,9999.000,9999.000,9999.000,9999.000,9999.000,9999.000,9999.000,9999.000
202602190324,   0.597,9999.000,9999.000,9999.000,9999.000,9999.000,9999.000,9999.000,9999.000
202602190330,   0.606,9999.000,9999.000,9999.000,9999.000,9999.000,9999.000,9999.000,9999.000
202602190336,   0.614,9999.000,9999.000,9999.000,9999.000,9999.000,9999.000,9999.000,9999.000
202602190342,   0.623,9999.000,9999.000,9999.000,9999.000,9999.000,9999.000,9999.000,9999.000
202602190348,   0.633,9999.000,9999.000,9999.000,9999.000,9999.000,9999.000,9999.000,9999.000
202602190354,   0.642,9999.000,9999.000,9999.000,9999.000,9999.000,9999.000,9999.000,9999.000
202602190400,   0.651,9999.000,   0.900,   0.011,   1.562,   0.900,   1.562,   0.900,   1.562
202602190406,   0.661,9999.000,9999.000,9999.000,9999.000,9999.000,9999.000,9999.000,9999.000
202602190412,   0.671,9999.000,9999.000,9999.000,9999.000,9999.000,9999.000,9999.000,9999.000
202602190418,   0.681,9999.000,9999.000,9999.000,9999.000,9999.000,9999.000,9999.000,9999.000
202602190424,   0.691,9999.000,9999.000,9999.000,9999.000,9999.000,9999.000,9999.000,9999.000
202602190430,   0.701,9999.000,9999.000,9999.000,9999.000,9999.000,9999.000,9999.000,9999.000
202602190436,   0.710,9999.000,9999.000,9999.000,9999.000,9999.000,9999.000,9999.000,9999.000
202602190442,   0.720,9999.000,9999.000,9999.000,9999.000,9999.000,9999.000,9999.000,9999.000
202602190448,   0.730,9999.000,9999.000,9999.000,9999.000,9999.000,9999.000,9999.000,9999.000
202602190454,   0.740,9999.000,9999.000,9999.000,9999.000,9999.000,9999.000,9999.000,9999.000
202602190500,   0.749,9999.000,   0.900,   0.022,   1.671,   0.900,   1.671,   1.000,   1.771
202602190506,   0.758,9999.000,9999.000,9999.000,9999.000,9999.000,9999.000,9999.000,9999.000
202602190512,   0.768,9999.000,9999.000,9999.000,9999.000,9999.000,9999.000,9999.000,9999.000
202602190518,   0.777,9999.000,9999.000,9999.000,9999.000,9999.000,9999.000,9999.000,9999.000
202602190524,   0.785,9999.000,9999.000,9999.000,9999.000,9999.000,9999.000,9999.000,9999.000
202602190530,   0.794,9999.000,9999.000,9999.000,9999.000,9999.000,9999.000,9999.000,9999.000
202602190536,   0.802,9999.000,9999.000,9999.000,9999.000,9999.000,9999.000,9999.000,9999.000
202602190542,   0.810,9999.000,9999.000,9999.000,9999.000,9999.000,9999.000,9999.000,9999.000
202602190548,   0.818,9999.000,9999.000,9999.000,9999.000,9999.000,9999.000,9999.000,9999.000
202602190554,   0.825,9999.000,9999.000,9999.000,9999.000,9999.000,9999.000,9999.000,9999.000
202602190600,   0.832,9999.000,   0.900,   0.032,   1.764,   0.900,   1.764,   1.000,   1.864
202602190606,   0.839,9999.000,9999.000,9999.000,9999.000,9999.000,9999.000,9999.000,9999.000
202602190612,   0.845,9999.000,9999.000,9999.000,9999.000,9999.000,9999.000,9999.000,9999.000
202602190618,   0.851,9999.000,9999.000,9999.000,9999.000,9999.000,9999.000,9999.000,9999.000
202602190624,   0.857,9999.000,9999.000,9999.000,9999.000,9999.000,9999.000,9999.000,9999.000
202602190630,   0.862,9999.000,9999.000,9999.000,9999.000,9999.000,9999.000,9999.000,9999.000
202602190636,   0.867,9999.000,9999.000,9999.000,9999.000,9999.000,9999.000,9999.000,9999.000
202602190642,   0.871,9999.000,9999.000,9999.000,9999.000,9999.000,9999.000,9999.000,9999.000
202602190648,   0.875,9999.000,9999.000,9999.000,9999.000,9999.000,9999.000,9999.000,9999.000
202602190654,   0.879,9999.000,9999.000,9999.000,9999.000,9999.000,9999.000,9999.000,9999.000
202602190700,   0.882,9999.000,   0.900,   0.043,   1.825,   0.900,   1.825,   1.000,   1.925
202602190706,   0.885,9999.000,9999.000,9999.000,9999.000,9999.000,9999.000,9999.000,9999.000
202602190712,   0.888,9999.000,9999.000,9999.000,9999.000,9999.000,9999.000,9999.000,9999.000
202602190718,   0.890,9999.000,9999.000,9999.000,9999.000,9999.000,9999.000,9999.000,9999.000
202602190724,   0.892,9999.000,9999.000,9999.000,9999.000,9999.000,9999.000,9999.000,9999.000
202602190730,   0.893,9999.000,9999.000,9999.000,9999.000,9999.000,9999.000,9999.000,9999.000
202602190736,   0.894,9999.000,9999.000,9999.000,9999.000,9999.000,9999.000,9999.000,9999.000
202602190742,   0.895,9999.000,9999.000,9999.000,9999.000,9999.000,9999.000,9999.000,9999.000
202602190748,   0.895,9999.000,9999.000,9999.000,9999.000,9999.000,9999.000,9999.000,9999.000
202602190754,   0.895,9999.000,9999.000,9999.000,9999.000,9999.000,9999.000,9999.000,9999.000
202602190800,   0.894,9999.000,   1.000,   0.053,   1.947,   0.900,   1.847,   1.000,   1.947
202602190806,   0.893,9999.000,9999.000,9999.000,9999.000,9999.000,9999.000,9999.000,9999.000
202602190812,   0.892,9999.000,9999.000,9999.000,9999.000,9999.000,9999.000,9999.000,9999.000
202602190818,   0.890,9999.000,9999.000,9999.000,9999.000,9999.000,9999.000,9999.000,9999.000
202602190824,   0.887,9999.000,9999.000,9999.000,9999.000,9999.000,9999.000,9999.000,9999.000
202602190830,   0.884,9999.000,9999.000,9999.000,9999.000,9999.000,9999.000,9999.000,9999.000
202602190836,   0.881,9999.000,9999.000,9999.000,9999.000,9999.000,9999.000,9999.000,9999.000
202602190842,   0.877,9999.000,9999.000,9999.000,9999.000,9999.000,9999.000,9999.000,9999.000
202602190848,   0.873,9999.000,9999.000,9999.000,9999.000,9999.000,9999.000,9999.000,9999.000
202602190854,   0.868,9999.000,9999.000,9999.000,9999.000,9999.000,9999.000,9999.000,9999.000
202602190900,   0.863,9999.000,   1.000,   0.064,   1.927,   0.900,   1.827,   1.000,   1.927
202602190906,   0.857,9999.000,9999.000,9999.000,9999.000,9999.000,9999.000,9999.000,9999.000
202602190912,   0.851,9999.000,9999.000,9999.000,9999.000,9999.000,9999.000,9999.000,9999.000
202602190918,   0.845,9999.000,9999.000,9999.000,9999.000,9999.000,9999.000,9999.000,9999.000
202602190924,   0.837,9999.000,9999.000,9999.000,9999.000,9999.000,9999.000,9999.000,9999.000
202602190930,   0.830,9999.000,9999.000,9999.000,9999.000,9999.000,9999.000,9999.000,9999.000
202602190936,   0.821,9999.000,9999.000,9999.000,9999.000,9999.000,9999.000,9999.000,9999.000
202602190942,   0.812,9999.000,9999.000,9999.000,9999.000,9999.000,9999.000,9999.000,9999.000
202602190948,   0.803,9999.000,9999.000,9999.000,9999.000,9999.000,9999.000,9999.000,9999.000
202602190954,   0.793,9999.000,9999.000,9999.000,9999.000,9999.000,9999.000,9999.000,9999.000
202602191000,   0.783,9999.000,   1.000,   0.074,   1.857,   0.900,   1.757,   1.100,   1.957
202602191006,   0.772,9999.000,9999.000,9999.000,9999.000,9999.000,9999.000,9999.000,9999.000
202602191012,   0.760,9999.000,9999.000,9999.000,9999.000,9999.000,9999.000,9999.000,9999.000
202602191018,   0.749,9999.000,9999.000,9999.000,9999.000,9999.000,9999.000,9999.000,9999.000
202602191024,   0.736,9999.000,9999.000,9999.000,9999.000,9999.000,9999.000,9999.000,9999.000
202602191030,   0.723,9999.000,9999.000,9999.000,9999.000,9999.000,9999.000,9999.000,9999.000
202602191036,   0.710,9999.000,9999.000,9999.000,9999.000,9999.000,9999.000,9999.000,9999.000
202602191042,   0.696,9999.000,9999.000,9999.000,9999.000,9999.000,9999.000,9999.000,9999.000
202602191048,   0.681,9999.000,9999.000,9999.000,9999.000,9999.000,9999.000,9999.000,9999.000
202602191054,   0.666,9999.000,9999.000,9999.000,9999.000,9999.000,9999.000,9999.000,9999.000
202602191100,   0.651,9999.000,   1.000,   0.084,   1.735,   0.900,   1.635,   1.100,   1.835
202602191106,   0.635,9999.000,9999.000,9999.000,9999.000,9999.000,9999.000,9999.000,9999.000
202602191112,   0.619,9999.000,9999.000,9999.000,9999.000,9999.000,9999.000,9999.000,9999.000
202602191118,   0.603,9999.000,9999.000,9999.000,9999.000,9999.000,9999.000,9999.000,9999.000
202602191124,   0.586,9999.000,9999.000,9999.000,9999.000,9999.000,9999.000,9999.000,9999.000
202602191130,   0.569,9999.000,9999.000,9999.000,9999.000,9999.000,9999.000,9999.000,9999.000
202602191136,   0.552,9999.000,9999.000,9999.000,9999.000,9999.000,9999.000,9999.000,9999.000
202602191142,   0.535,9999.000,9999.000,9999.000,9999.000,9999.000,9999.000,9999.000,9999.000
202602191148,   0.517,9999.000,9999.000,9999.000,9999.000,9999.000,9999.000,9999.000,9999.000
202602191154,   0.499,9999.000,9999.000,9999.000,9999.000,9999.000,9999.000,9999.000,9999.000
202602191200,   0.482,9999.000,   1.000,   0.084,   1.566,   1.000,   1.566,   1.100,   1.666
202602191206,   0.464,9999.000,9999.000,9999.000,9999.000,9999.000,9999.000,9999.000,9999.000
202602191212,   0.446,9999.000,9999.000,9999.000,9999.000,9999.000,9999.000,9999.000,9999.000
202602191218,   0.428,9999.000,9999.000,9999.000,9999.000,9999.000,9999.000,9999.000,9999.000
202602191224,   0.411,9999.000,9999.000,9999.000,9999.000,9999.000,9999.000,9999.000,9999.000
202602191230,   0.393,9999.000,9999.000,9999.000,9999.000,9999.000,9999.000,9999.000,9999.000
202602191236,   0.376,9999.000,9999.000,9999.000,9999.000,9999.000,9999.000,9999.000,9999.000
202602191242,   0.359,9999.000,9999.000,9999.000,9999.000,9999.000,9999.000,9999.000,9999.000
202602191248,   0.342,9999.000,9999.000,9999.000,9999.000,9999.000,9999.000,9999.000,9999.000
202602191254,   0.325,9999.000,9999.000,9999.000,9999.000,9999.000,9999.000,9999.000,9999.000
202602191300,   0.309,9999.000,   1.100,   0.084,   1.493,   1.000,   1.393,   1.100,   1.493
202602191306,   0.293,9999.000,9999.000,9999.000,9999.000,9999.000,9999.000,9999.000,9999.000
202602191312,   0.278,9999.000,9999.000,9999.000,9999.000,9999.000,9999.000,9999.000,9999.000
202602191318,   0.263,9999.000,9999.000,9999.000,9999.000,9999.000,9999.000,9999.000,9999.000
202602191324,   0.249,9999.000,9999.000,9999.000,9999.000,9999.000,9999.000,9999.000,9999.000
202602191330,   0.235,9999.000,9999.000,9999.000,9999.000,9999.000,9999.000,9999.000,9999.000
202602191336,   0.222,9999.000,9999.000,9999.000,9999.000,9999.000,9999.000,9999.000,9999.000
202602191342,   0.210,9999.000,9999.000,9999.000,9999.000,9999.000,9999.000,9999.000,9999.000
202602191348,   0.198,9999.000,9999.000,9999.000,9999.000,9999.000,9999.000,9999.000,9999.000
202602191354,   0.187,9999.000,9999.000,9999.000,9999.000,9999.000,9999.000,9999.000,9999.000
202602191400,   0.177,9999.000,   1.100,   0.084,   1.361,   1.000,   1.261,   1.100,   1.361
202602191406,   0.167,9999.000,9999.000,9999.000,9999.000,9999.000,9999.000,9999.000,9999.000
202602191412,   0.158,9999.000,9999.000,9999.000,9999.000,9999.000,9999.000,9999.000,9999.000
202602191418,   0.150,9999.000,9999.000,9999.000,9999.000,9999.000,9999.000,9999.000,9999.000
202602191424,   0.143,9999.000,9999.000,9999.000,9999.000,9999.000,9999.000,9999.000,9999.000
202602191430,   0.136,9999.000,9999.000,9999.000,9999.000,9999.000,9999.000,9999.000,9999.000
202602191436,   0.131,9999.000,9999.000,9999.000,9999.000,9999.000,9999.000,9999.000,9999.000
202602191442,   0.126,9999.000,9999.000,9999.000,9999.000,9999.000,9999.000,9999.000,9999.000
202602191448,   0.121,9999.000,9999.000,9999.000,9999.000,9999.000,9999.000,9999.000,9999.000
202602191454,   0.118,9999.000,9999.000,9999.000,9999.000,9999.000,9999.000,9999.000,9999.000
202602191500,   0.116,9999.000,   1.100,   0.084,   1.300,   1.000,   1.200,   1.100,   1.300
202602191506,   0.114,9999.000,9999.000,9999.000,9999.000,9999.000,9999.000,9999.000,9999.000
202602191512,   0.113,9999.000,9999.000,9999.000,9999.000,9999.000,9999.000,9999.000,9999.000
202602191518,   0.112,9999.000,9999.000,9999.000,9999.000,9999.000,9999.000,9999.000,9999.000
202602191524,   0.113,9999.000,9999.000,9999.000,9999.000,9999.000,9999.000,9999.000,9999.000
202602191530,   0.114,9999.000,9999.000,9999.000,9999.000,9999.000,9999.000,9999.000,9999.000
202602191536,   0.116,9999.000,9999.000,9999.000,9999.000,9999.000,9999.000,9999.000,9999.000
202602191542,   0.118,9999.000,9999.000,9999.000,9999.000,9999.000,9999.000,9999.000,9999.000
202602191548,   0.121,9999.000,9999.000,9999.000,9999.000,9999.000,9999.000,9999.000,9999.000
202602191554,   0.125,9999.000,9999.000,9999.000,9999.000,9999.000,9999.000,9999.000,9999.000
202602191600,   0.129,9999.000,   1.100,   0.084,   1.313,   1.000,   1.213,   1.100,   1.313
202602191606,   0.134,9999.000,9999.000,9999.000,9999.000,9999.000,9999.000,9999.000,9999.000
202602191612,   0.140,9999.000,9999.000,9999.000,9999.000,9999.000,9999.000,9999.000,9999.000
202602191618,   0.146,9999.000,9999.000,9999.000,9999.000,9999.000,9999.000,9999.000,9999.000
202602191624,   0.152,9999.000,9999.000,9999.000,9999.000,9999.000,9999.000,9999.000,9999.000
202602191630,   0.159,9999.000,9999.000,9999.000,9999.000,9999.000,9999.000,9999.000,9999.000
202602191636,   0.166,9999.000,9999.000,9999.000,9999.000,9999.000,9999.000,9999.000,9999.000
202602191642,   0.174,9999.000,9999.000,9999.000,9999.000,9999.000,9999.000,9999.000,9999.000
202602191648,   0.182,9999.000,9999.000,9999.000,9999.000,9999.000,9999.000,9999.000,9999.000
202602191654,   0.190,9999.000,9999.000,9999.000,9999.000,9999.000,9999.000,9999.000,9999.000
202602191700,   0.199,9999.000,   1.100,   0.084,   1.383,   1.000,   1.283,   1.100,   1.383
202602191706,   0.208,9999.000,9999.000,9999.000,9999.000,9999.000,9999.000,9999.000,9999.000
202602191712,   0.217,9999.000,9999.000,9999.000,9999.000,9999.000,9999.000,9999.000,9999.000
202602191718,   0.226,9999.000,9999.000,9999.000,9999.000,9999.000,9999.000,9999.000,9999.000
202602191724,   0.236,9999.000,9999.000,9999.000,9999.000,9999.000,9999.000,9999.000,9999.000
202602191730,   0.245,9999.000,9999.000,9999.000,9999.000,9999.000,9999.000,9999.000,9999.000
202602191736,   0.255,9999.000,9999.000,9999.000,9999.000,9999.000,9999.000,9999.000,9999.000
202602191742,   0.265,9999.000,9999.000,9999.000,9999.000,9999.000,9999.000,9999.000,9999.000
202602191748,   0.275,9999.000,9999.000,9999.000,9999.000,9999.000,9999.000,9999.000,9999.000
202602191754,   0.285,9999.000,9999.000,9999.000,9999.000,9999.000,9999.000,9999.000,9999.000
202602191800,   0.296,9999.000,   1.100,   0.084,   1.480,   1.000,   1.380,   1.100,   1.480
202602191806,   0.306,9999.000,9999.000,9999.000,9999.000,9999.000,9999.000,9999.000,9999.000
202602191812,   0.317,9999.000,9999.000,9999.000,9999.000,9999.000,9999.000,9999.000,9999.000
202602191818,   0.327,9999.000,9999.000,9999.000,9999.000,9999.000,9999.000,9999.000,9999.000
202602191824,   0.337,9999.000,9999.000,9999.000,9999.000,9999.000,9999.000,9999.000,9999.000
202602191830,   0.348,9999.000,9999.000,9999.000,9999.000,9999.000,9999.000,9999.000,9999.000
202602191836,   0.358,9999.000,9999.000,9999.000,9999.000,9999.000,9999.000,9999.000,9999.000
202602191842,   0.369,9999.000,9999.000,9999.000,9999.000,9999.000,9999.000,9999.000,9999.000
202602191848,   0.379,9999.000,9999.000,9999.000,9999.000,9999.000,9999.000,9999.000,9999.000
202602191854,   0.390,9999.000,9999.000,9999.000,9999.000,9999.000,9999.000,9999.000,9999.000
202602191900,   0.400,9999.000,   1.100,   0.084,   1.584,   1.000,   1.484,   1.100,   1.584
202602191906,   0.410,9999.000,9999.000,9999.000,9999.000,9999.000,9999.000,9999.000,9999.000
202602191912,   0.421,9999.000,9999.000,9999.000,9999.000,9999.000,9999.000,9999.000,9999.000
202602191918,   0.431,9999.000,9999.000,9999.000,9999.000,9999.000,9999.000,9999.000,9999.000
202602191924,   0.441,9999.000,9999.000,9999.000,9999.000,9999.000,9999.000,9999.000,9999.000
202602191930,   0.451,9999.000,9999.000,9999.000,9999.000,9999.000,9999.000,9999.000,9999.000
202602191936,   0.461,9999.000,9999.000,9999.000,9999.000,9999.000,9999.000,9999.000,9999.000
202602191942,   0.470,9999.000,9999.000,9999.000,9999.000,9999.000,9999.000,9999.000,9999.000
202602191948,   0.480,9999.000,9999.000,9999.000,9999.000,9999.000,9999.000,9999.000,9999.000
202602191954,   0.490,9999.000,9999.000,9999.000,9999.000,9999.000,9999.000,9999.000,9999.000
202602192000,   0.499,9999.000,   1.100,   0.084,   1.683,   1.000,   1.583,   1.200,   1.783
202602192006,   0.508,9999.000,9999.000,9999.000,9999.000,9999.000,9999.000,9999.000,9999.000
202602192012,   0.517,9999.000,9999.000,9999.000,9999.000,9999.000,9999.000,9999.000,9999.000
202602192018,   0.526,9999.000,9999.000,9999.000,9999.000,9999.000,9999.000,9999.000,9999.000
202602192024,   0.534,9999.000,9999.000,9999.000,9999.000,9999.000,9999.000,9999.000,9999.000
202602192030,   0.542,9999.000,9999.000,9999.000,9999.000,9999.000,9999.000,9999.000,9999.000
202602192036,   0.550,9999.000,9999.000,9999.000,9999.000,9999.000,9999.000,9999.000,9999.000
202602192042,   0.558,9999.000,9999.000,9999.000,9999.000,9999.000,9999.000,9999.000,9999.000
202602192048,   0.565,9999.000,9999.000,9999.000,9999.000,9999.000,9999.000,9999.000,9999.000
202602192054,   0.572,9999.000,9999.000,9999.000,9999.000,9999.000,9999.000,9999.000,9999.000
202602192100,   0.579,9999.000,   1.100,   0.084,   1.763,   1.000,   1.663,   1.200,   1.863
202602192106,   0.585,9999.000,9999.000,9999.000,9999.000,9999.000,9999.000,9999.000,9999.000
202602192112,   0.591,9999.000,9999.000,9999.000,9999.000,9999.000,9999.000,9999.000,9999.000
202602192118,   0.597,9999.000,9999.000,9999.000,9999.000,9999.000,9999.000,9999.000,9999.000
202602192124,   0.602,9999.000,9999.000,9999.000,9999.000,9999.000,9999.000,9999.000,9999.000
202602192130,   0.607,9999.000,9999.000,9999.000,9999.000,9999.000,9999.000,9999.000,9999.000
202602192136,   0.611,9999.000,9999.000,9999.000,9999.000,9999.000,9999.000,9999.000,9999.000
202602192142,   0.614,9999.000,9999.000,9999.000,9999.000,9999.000,9999.000,9999.000,9999.000
202602192148,   0.617,9999.000,9999.000,9999.000,9999.000,9999.000,9999.000,9999.000,9999.000
202602192154,   0.620,9999.000,9999.000,9999.000,9999.000,9999.000,9999.000,9999.000,9999.000
202602192200,   0.622,9999.000,   1.100,   0.084,   1.806,   1.000,   1.706,   1.200,   1.906
202602192206,   0.623,9999.000,9999.000,9999.000,9999.000,9999.000,9999.000,9999.000,9999.000
202602192212,   0.624,9999.000,9999.000,9999.000,9999.000,9999.000,9999.000,9999.000,9999.000
202602192218,   0.625,9999.000,9999.000,9999.000,9999.000,9999.000,9999.000,9999.000,9999.000
202602192224,   0.624,9999.000,9999.000,9999.000,9999.000,9999.000,9999.000,9999.000,9999.000
202602192230,   0.623,9999.000,9999.000,9999.000,9999.000,9999.000,9999.000,9999.000,9999.000
202602192236,   0.622,9999.000,9999.000,9999.000,9999.000,9999.000,9999.000,9999.000,9999.000
202602192242,   0.620,9999.000,9999.000,9999.000,9999.000,9999.000,9999.000,9999.000,9999.000
202602192248,   0.617,9999.000,9999.000,9999.000,9999.000,9999.000,9999.000,9999.000,9999.000
202602192254,   0.614,9999.000,9999.000,9999.000,9999.000,9999.000,9999.000,9999.000,9999.000
202602192300,   0.610,9999.000,   1.100,   0.084,   1.794,   1.000,   1.694,   1.200,   1.894
202602192306,   0.605,9999.000,9999.000,9999.000,9999.000,9999.000,9999.000,9999.000,9999.000
202602192312,   0.600,9999.000,9999.000,9999.000,9999.000,9999.000,9999.000,9999.000,9999.000
202602192318,   0.595,9999.000,9999.000,9999.000,9999.000,9999.000,9999.000,9999.000,9999.000
202602192324,   0.589,9999.000,9999.000,9999.000,9999.000,9999.000,9999.000,9999.000,9999.000
202602192330,   0.582,9999.000,9999.000,9999.000,9999.000,9999.000,9999.000,9999.000,9999.000
202602192336,   0.575,9999.000,9999.000,9999.000,9999.000,9999.000,9999.000,9999.000,9999.000
202602192342,   0.568,9999.000,9999.000,9999.000,9999.000,9999.000,9999.000,9999.000,9999.000
202602192348,   0.560,9999.000,9999.000,9999.000,9999.000,9999.000,9999.000,9999.000,9999.000
202602192354,   0.552,9999.000,9999.000,9999.000,9999.000,9999.000,9999.000,9999.000,9999.000
202602200000,   0.543,9999.000,   1.100,   0.084,   1.727,   1.000,   1.627,   1.200,   1.827
202602200006,   0.534,9999.000,9999.000,9999.000,9999.000,9999.000,9999.000,9999.000,9999.000
202602200012,   0.525,9999.000,9999.000,9999.000,9999.000,9999.000,9999.000,9999.000,9999.000
202602200018,   0.516,9999.000,9999.000,9999.000,9999.000,9999.000,9999.000,9999.000,9999.000
202602200024,   0.506,9999.000,9999.000,9999.000,9999.000,9999.000,9999.000,9999.000,9999.000
202602200030,   0.497,9999.000,9999.000,9999.000,9999.000,9999.000,9999.000,9999.000,9999.000
202602200036,   0.487,9999.000,9999.000,9999.000,9999.000,9999.000,9999.000,9999.000,9999.000
202602200042,   0.477,9999.000,9999.000,9999.000,9999.000,9999.000,9999.000,9999.000,9999.000
202602200048,   0.468,9999.000,9999.000,9999.000,9999.000,9999.000,9999.000,9999.000,9999.000
202602200054,   0.458,9999.000,9999.000,9999.000,9999.000,9999.000,9999.000,9999.000,9999.000
202602200100,   0.448,9999.000,   1.100,   0.084,   1.632,   1.000,   1.532,   1.200,   1.732
202602200106,   0.439,9999.000,9999.000,9999.000,9999.000,9999.000,9999.000,9999.000,9999.000
202602200112,   0.430,9999.000,9999.000,9999.000,9999.000,9999.000,9999.000,9999.000,9999.000
202602200118,   0.421,9999.000,9999.000,9999.000,9999.000,9999.000,9999.000,9999.000,9999.000
202602200124,   0.412,9999.000,9999.000,9999.000,9999.000,9999.000,9999.000,9999.000,9999.000
202602200130,   0.404,9999.000,9999.000,9999.000,9999.000,9999.000,9999.000,9999.000,9999.000
202602200136,   0.396,9999.000,9999.000,9999.000,9999.000,9999.000,9999.000,9999.000,9999.000
202602200142,   0.388,9999.000,9999.000,9999.000,9999.000,9999.000,9999.000,9999.000,9999.000
202602200148,   0.381,9999.000,9999.000,9999.000,9999.000,9999.000,9999.000,9999.000,9999.000
202602200154,   0.374,9999.000,9999.000,9999.000,9999.000,9999.000,9999.000,9999.000,9999.000
202602200200,   0.368,9999.000,   1.100,   0.084,   1.552,   1.100,   1.552,   1.200,   1.652
202602200206,   0.362,9999.000,9999.000,9999.000,9999.000,9999.000,9999.000,9999.000,9999.000
202602200212,   0.357,9999.000,9999.000,9999.000,9999.000,9999.000,9999.000,9999.000,9999.000
202602200218,   0.352,9999.000,9999.000,9999.000,9999.000,9999.000,9999.000,9999.000,9999.000
202602200224,   0.348,9999.000,9999.000,9999.000,9999.000,9999.000,9999.000,9999.000,9999.000
202602200230,   0.344,9999.000,9999.000,9999.000,9999.000,9999.000,9999.000,9999.000,9999.000
202602200236,   0.342,9999.000,9999.000,9999.000,9999.000,9999.000,9999.000,9999.000,9999.000
202602200242,   0.339,9999.000,9999.000,9999.000,9999.000,9999.000,9999.000,9999.000,9999.000
202602200248,   0.338,9999.000,9999.000,9999.000,9999.000,9999.000,9999.000,9999.000,9999.000
202602200254,   0.337,9999.000,9999.000,9999.000,9999.000,9999.000,9999.000,9999.000,9999.000
202602200300,   0.336,9999.000,   1.200,   0.084,   1.620,   1.100,   1.520,   1.300,   1.720
202602200306,   0.336,9999.000,9999.000,9999.000,9999.000,9999.000,9999.000,9999.000,9999.000
202602200312,   0.337,9999.000,9999.000,9999.000,9999.000,9999.000,9999.000,9999.000,9999.000
202602200318,   0.338,9999.000,9999.000,9999.000,9999.000,9999.000,9999.000,9999.000,9999.000
202602200324,   0.340,9999.000,9999.000,9999.000,9999.000,9999.000,9999.000,9999.000,9999.000
202602200330,   0.343,9999.000,9999.000,9999.000,9999.000,9999.000,9999.000,9999.000,9999.000
202602200336,   0.346,9999.000,9999.000,9999.000,9999.000,9999.000,9999.000,9999.000,9999.000
202602200342,   0.349,9999.000,9999.000,9999.000,9999.000,9999.000,9999.000,9999.000,9999.000
202602200348,   0.353,9999.000,9999.000,9999.000,9999.000,9999.000,9999.000,9999.000,9999.000
202602200354,   0.357,9999.000,9999.000,9999.000,9999.000,9999.000,9999.000,9999.000,9999.000
202602200400,   0.362,9999.000,   1.200,   0.084,   1.646,   1.100,   1.546,   1.300,   1.746
202602200406,   0.367,9999.000,9999.000,9999.000,9999.000,9999.000,9999.000,9999.000,9999.000
202602200412,   0.373,9999.000,9999.000,9999.000,9999.000,9999.000,9999.000,9999.000,9999.000
202602200418,   0.379,9999.000,9999.000,9999.000,9999.000,9999.000,9999.000,9999.000,9999.000
202602200424,   0.385,9999.000,9999.000,9999.000,9999.000,9999.000,9999.000,9999.000,9999.000
202602200430,   0.391,9999.000,9999.000,9999.000,9999.000,9999.000,9999.000,9999.000,9999.000
202602200436,   0.398,9999.000,9999.000,9999.000,9999.000,9999.000,9999.000,9999.000,9999.000
202602200442,   0.405,9999.000,9999.000,9999.000,9999.000,9999.000,9999.000,9999.000,9999.000
202602200448,   0.412,9999.000,9999.000,9999.000,9999.000,9999.000,9999.000,9999.000,9999.000
202602200454,   0.419,9999.000,9999.000,9999.000,9999.000,9999.000,9999.000,9999.000,9999.000
202602200500,   0.426,9999.000,   1.200,   0.084,   1.710,   1.100,   1.610,   1.300,   1.810
202602200506,   0.434,9999.000,9999.000,9999.000,9999.000,9999.000,9999.000,9999.000,9999.000
202602200512,   0.441,9999.000,9999.000,9999.000,9999.000,9999.000,9999.000,9999.000,9999.000
202602200518,   0.449,9999.000,9999.000,9999.000,9999.000,9999.000,9999.000,9999.000,9999.000
202602200524,   0.456,9999.000,9999.000,9999.000,9999.000,9999.000,9999.000,9999.000,9999.000
202602200530,   0.464,9999.000,9999.000,9999.000,9999.000,9999.000,9999.000,9999.000,9999.000
202602200536,   0.471,9999.000,9999.000,9999.000,9999.000,9999.000,9999.000,9999.000,9999.000
202602200542,   0.478,9999.000,9999.000,9999.000,9999.000,9999.000,9999.000,9999.000,9999.000
202602200548,   0.486,9999.000,9999.000,9999.000,9999.000,9999.000,9999.000,9999.000,9999.000
202602200554,   0.493,9999.000,9999.000,9999.000,9999.000,9999.000,9999.000,9999.000,9999.000
202602200600,   0.500,9999.000,   1.200,   0.084,   1.784,   1.100,   1.684,   1.300,   1.884
202602200606,   0.507,9999.000,9999.000,9999.000,9999.000,9999.000,9999.000,9999.000,9999.000
202602200612,   0.514,9999.000,9999.000,9999.000,9999.000,9999.000,9999.000,9999.000,9999.000
202602200618,   0.521,9999.000,9999.000,9999.000,9999.000,9999.000,9999.000,9999.000,9999.000
202602200624,   0.527,9999.000,9999.000,9999.000,9999.000,9999.000,9999.000,9999.000,9999.000
202602200630,   0.534,9999.000,9999.000,9999.000,9999.000,9999.000,9999.000,9999.000,9999.000
202602200636,   0.540,9999.000,9999.000,9999.000,9999.000,9999.000,9999.000,9999.000,9999.000
202602200642,   0.547,9999.000,9999.000,9999.000,9999.000,9999.000,9999.000,9999.000,9999.000
202602200648,   0.553,9999.000,9999.000,9999.000,9999.000,9999.000,9999.000,9999.000,9999.000
202602200654,   0.559,9999.000,9999.000,9999.000,9999.000,9999.000,9999.000,9999.000,9999.000
202602200700,   0.564,9999.000,   1.200,   0.084,   1.848,   1.100,   1.748,   1.300,   1.948
202602200706,   0.570,9999.000,9999.000,9999.000,9999.000,9999.000,9999.000,9999.000,9999.000
202602200712,   0.575,9999.000,9999.000,9999.000,9999.000,9999.000,9999.000,9999.000,9999.000
202602200718,   0.581,9999.000,9999.000,9999.000,9999.000,9999.000,9999.000,9999.000,9999.000
202602200724,   0.586,9999.000,9999.000,9999.000,9999.000,9999.000,9999.000,9999.000,9999.000
202602200730,   0.591,9999.000,9999.000,9999.000,9999.000,9999.000,9999.000,9999.000,9999.000
202602200736,   0.596,9999.000,9999.000,9999.000,9999.000,9999.000,9999.000,9999.000,9999.000
202602200742,   0.600,9999.000,9999.000,9999.000,9999.000,9999.000,9999.000,9999.000,9999.000
202602200748,   0.605,9999.000,9999.000,9999.000,9999.000,9999.000,9999.000,9999.000,9999.000
202602200754,   0.609,9999.000,9999.000,9999.000,9999.000,9999.000,9999.000,9999.000,9999.000
202602200800,   0.614,9999.000,   1.200,   0.084,   1.898,   1.100,   1.798,   1.300,   1.998
202602200806,   0.618,9999.000,9999.000,9999.000,9999.000,9999.000,9999.000,9999.000,9999.000
202602200812,   0.622,9999.000,9999.000,9999.000,9999.000,9999.000,9999.000,9999.000,9999.000
202602200818,   0.625,9999.000,9999.000,9999.000,9999.000,9999.000,9999.000,9999.000,9999.000
202602200824,   0.629,9999.000,9999.000,9999.000,9999.000,9999.000,9999.000,9999.000,9999.000
202602200830,   0.632,9999.000,9999.000,9999.000,9999.000,9999.000,9999.000,9999.000,9999.000
202602200836,   0.636,9999.000,9999.000,9999.000,9999.000,9999.000,9999.000,9999.000,9999.000
202602200842,   0.639,9999.000,9999.000,9999.000,9999.000,9999.000,9999.000,9999.000,9999.000
202602200848,   0.642,9999.000,9999.000,9999.000,9999.000,9999.000,9999.000,9999.000,9999.000
202602200854,   0.644,9999.000,9999.000,9999.000,9999.000,9999.000,9999.000,9999.000,9999.000
202602200900,   0.647,9999.000,   1.200,   0.084,   1.931,   1.100,   1.831,   1.300,   2.031
202602200906,   0.649,9999.000,9999.000,9999.000,9999.000,9999.000,9999.000,9999.000,9999.000
202602200912,   0.651,9999.000,9999.000,9999.000,9999.000,9999.000,9999.000,9999.000,9999.000
202602200918,   0.652,9999.000,9999.000,9999.000,9999.000,9999.000,9999.000,9999.000,9999.000
202602200924,   0.653,9999.000,9999.000,9999.000,9999.000,9999.000,9999.000,9999.000,9999.000
202602200930,   0.654,9999.000,9999.000,9999.000,9999.000,9999.000,9999.000,9999.000,9999.000
202602200936,   0.655,9999.000,9999.000,9999.000,9999.000,9999.000,9999.000,9999.000,9999.000
202602200942,   0.655,9999.000,9999.000,9999.000,9999.000,9999.000,9999.000,9999.000,9999.000
202602200948,   0.655,9999.000,9999.000,9999.000,9999.000,9999.000,9999.000,9999.000,9999.000
202602200954,   0.655,9999.000,9999.000,9999.000,9999.000,9999.000,9999.000,9999.000,9999.000
202602201000,   0.654,9999.000,   1.200,   0.084,   1.938,   1.100,   1.838,   1.300,   2.038
202602201006,   0.653,9999.000,9999.000,9999.000,9999.000,9999.000,9999.000,9999.000,9999.000
202602201012,   0.651,9999.000,9999.000,9999.000,9999.000,9999.000,9999.000,9999.000,9999.000
202602201018,   0.649,9999.000,9999.000,9999.000,9999.000,9999.000,9999.000,9999.000,9999.000
202602201024,   0.647,9999.000,9999.000,9999.000,9999.000,9999.000,9999.000,9999.000,9999.000
202602201030,   0.644,9999.000,9999.000,9999.000,9999.000,9999.000,9999.000,9999.000,9999.000
202602201036,   0.640,9999.000,9999.000,9999.000,9999.000,9999.000,9999.000,9999.000,9999.000
202602201042,   0.636,9999.000,9999.000,9999.000,9999.000,9999.000,9999.000,9999.000,9999.000
202602201048,   0.632,9999.000,9999.000,9999.000,9999.000,9999.000,9999.000,9999.000,9999.000
202602201054,   0.627,9999.000,9999.000,9999.000,9999.000,9999.000,9999.000,9999.000,9999.000
202602201100,   0.622,9999.000,   1.100,   0.084,   1.806,   1.100,   1.806,   1.200,   1.906
202602201106,   0.616,9999.000,9999.000,9999.000,9999.000,9999.000,9999.000,9999.000,9999.000
202602201112,   0.610,9999.000,9999.000,9999.000,9999.000,9999.000,9999.000,9999.000,9999.000
202602201118,   0.603,9999.000,9999.000,9999.000,9999.000,9999.000,9999.000,9999.000,9999.000
202602201124,   0.596,9999.000,9999.000,9999.000,9999.000,9999.000,9999.000,9999.000,9999.000
202602201130,   0.589,9999.000,9999.000,9999.000,9999.000,9999.000,9999.000,9999.000,9999.000
202602201136,   0.581,9999.000,9999.000,9999.000,9999.000,9999.000,9999.000,9999.000,9999.000
202602201142,   0.572,9999.000,9999.000,9999.000,9999.000,9999.000,9999.000,9999.000,9999.000
202602201148,   0.564,9999.000,9999.000,9999.000,9999.000,9999.000,9999.000,9999.000,9999.000
202602201154,   0.555,9999.000,9999.000,9999.000,9999.000,9999.000,9999.000,9999.000,9999.000
202602201200,   0.545,9999.000,   1.100,   0.084,   1.729,   1.000,   1.629,   1.200,   1.829
202602201206,   0.536,9999.000,9999.000,9999.000,9999.000,9999.000,9999.000,9999.000,9999.000
202602201212,   0.526,9999.000,9999.000,9999.000,9999.000,9999.000,9999.000,9999.000,9999.000
202602201218,   0.516,9999.000,9999.000,9999.000,9999.000,9999.000,9999.000,9999.000,9999.000
202602201224,   0.506,9999.000,9999.000,9999.000,9999.000,9999.000,9999.000,9999.000,9999.000
202602201230,   0.495,9999.000,9999.000,9999.000,9999.000,9999.000,9999.000,9999.000,9999.000
202602201236,   0.485,9999.000,9999.000,9999.000,9999.000,9999.000,9999.000,9999.000,9999.000
202602201242,   0.475,9999.000,9999.000,9999.000,9999.000,9999.000,9999.000,9999.000,9999.000
202602201248,   0.464,9999.000,9999.000,9999.000,9999.000,9999.000,9999.000,9999.000,9999.000
202602201254,   0.454,9999.000,9999.000,9999.000,9999.000,9999.000,9999.000,9999.000,9999.000
202602201300,   0.444,9999.000,   1.100,   0.084,   1.628,   1.000,   1.528,   1.200,   1.728
202602201306,   0.434,9999.000,9999.000,9999.000,9999.000,9999.000,9999.000,9999.000,9999.000
202602201312,   0.424,9999.000,9999.000,9999.000,9999.000,9999.000,9999.000,9999.000,9999.000
202602201318,   0.414,9999.000,9999.000,9999.000,9999.000,9999.000,9999.000,9999.000,9999.000
202602201324,   0.405,9999.000,9999.000,9999.000,9999.000,9999.000,9999.000,9999.000,9999.000
202602201330,   0.396,9999.000,9999.000,9999.000,9999.000,9999.000,9999.000,9999.000,9999.000
202602201336,   0.387,9999.000,9999.000,9999.000,9999.000,9999.000,9999.000,9999.000,9999.000
202602201342,   0.379,9999.000,9999.000,9999.000,9999.000,9999.000,9999.000,9999.000,9999.000
202602201348,   0.371,9999.000,9999.000,9999.000,9999.000,9999.000,9999.000,9999.000,9999.000
202602201354,   0.364,9999.000,9999.000,9999.000,9999.000,9999.000,9999.000,9999.000,9999.000
202602201400,   0.357,9999.000,   1.000,   0.084,   1.441,   1.000,   1.441,   1.100,   1.541
202602201406,   0.351,9999.000,9999.000,9999.000,9999.000,9999.000,9999.000,9999.000,9999.000
202602201412,   0.345,9999.000,9999.000,9999.000,9999.000,9999.000,9999.000,9999.000,9999.000
202602201418,   0.340,9999.000,9999.000,9999.000,9999.000,9999.000,9999.000,9999.000,9999.000
202602201424,   0.336,9999.000,9999.000,9999.000,9999.000,9999.000,9999.000,9999.000,9999.000
202602201430,   0.332,9999.000,9999.000,9999.000,9999.000,9999.000,9999.000,9999.000,9999.000
202602201436,   0.329,9999.000,9999.000,9999.000,9999.000,9999.000,9999.000,9999.000,9999.000
202602201442,   0.327,9999.000,9999.000,9999.000,9999.000,9999.000,9999.000,9999.000,9999.000
202602201448,   0.325,9999.000,9999.000,9999.000,9999.000,9999.000,9999.000,9999.000,9999.000
202602201454,   0.324,9999.000,9999.000,9999.000,9999.000,9999.000,9999.000,9999.000,9999.000
202602201500,   0.324,9999.000,   1.000,   0.084,   1.408,   1.000,   1.408,   1.100,   1.508
202602201506,   0.325,9999.000,9999.000,9999.000,9999.000,9999.000,9999.000,9999.000,9999.000
202602201512,   0.326,9999.000,9999.000,9999.000,9999.000,9999.000,9999.000,9999.000,9999.000
202602201518,   0.328,9999.000,9999.000,9999.000,9999.000,9999.000,9999.000,9999.000,9999.000
202602201524,   0.331,9999.000,9999.000,9999.000,9999.000,9999.000,9999.000,9999.000,9999.000
202602201530,   0.334,9999.000,9999.000,9999.000,9999.000,9999.000,9999.000,9999.000,9999.000
202602201536,   0.338,9999.000,9999.000,9999.000,9999.000,9999.000,9999.000,9999.000,9999.000
202602201542,   0.343,9999.000,9999.000,9999.000,9999.000,9999.000,9999.000,9999.000,9999.000
202602201548,   0.348,9999.000,9999.000,9999.000,9999.000,9999.000,9999.000,9999.000,9999.000
202602201554,   0.354,9999.000,9999.000,9999.000,9999.000,9999.000,9999.000,9999.000,9999.000
202602201600,   0.361,9999.000,   1.000,   0.084,   1.445,   0.900,   1.345,   1.100,   1.545
202602201606,   0.368,9999.000,9999.000,9999.000,9999.000,9999.000,9999.000,9999.000,9999.000
202602201612,   0.376,9999.000,9999.000,9999.000,9999.000,9999.000,9999.000,9999.000,9999.000
202602201618,   0.384,9999.000,9999.000,9999.000,9999.000,9999.000,9999.000,9999.000,9999.000
202602201624,   0.393,9999.000,9999.000,9999.000,9999.000,9999.000,9999.000,9999.000,9999.000
202602201630,   0.402,9999.000,9999.000,9999.000,9999.000,9999.000,9999.000,9999.000,9999.000
202602201636,   0.412,9999.000,9999.000,9999.000,9999.000,9999.000,9999.000,9999.000,9999.000
202602201642,   0.422,9999.000,9999.000,9999.000,9999.000,9999.000,9999.000,9999.000,9999.000
202602201648,   0.432,9999.000,9999.000,9999.000,9999.000,9999.000,9999.000,9999.000,9999.000
202602201654,   0.442,9999.000,9999.000,9999.000,9999.000,9999.000,9999.000,9999.000,9999.000
202602201700,   0.453,9999.000,   1.000,   0.084,   1.537,   0.900,   1.437,   1.000,   1.537
202602201706,   0.464,9999.000,9999.000,9999.000,9999.000,9999.000,9999.000,9999.000,9999.000
202602201712,   0.476,9999.000,9999.000,9999.000,9999.000,9999.000,9999.000,9999.000,9999.000
202602201718,   0.487,9999.000,9999.000,9999.000,9999.000,9999.000,9999.000,9999.000,9999.000
202602201724,   0.499,9999.000,9999.000,9999.000,9999.000,9999.000,9999.000,9999.000,9999.000
202602201730,   0.510,9999.000,9999.000,9999.000,9999.000,9999.000,9999.000,9999.000,9999.000
202602201736,   0.522,9999.000,9999.000,9999.000,9999.000,9999.000,9999.000,9999.000,9999.000
202602201742,   0.534,9999.000,9999.000,9999.000,9999.000,9999.000,9999.000,9999.000,9999.000
202602201748,   0.546,9999.000,9999.000,9999.000,9999.000,9999.000,9999.000,9999.000,9999.000
202602201754,   0.557,9999.000,9999.000,9999.000,9999.000,9999.000,9999.000,9999.000,9999.000
202602201800,   0.569,9999.000,   0.900,   0.084,   1.553,   0.900,   1.553,   1.000,   1.653
202602201806,   0.581,9999.000,9999.000,9999.000,9999.000,9999.000,9999.000,9999.000,9999.000
202602201812,   0.592,9999.000,9999.000,9999.000,9999.000,9999.000,9999.000,9999.000,9999.000
202602201818,   0.603,9999.000,9999.000,9999.000,9999.000,9999.000,9999.000,9999.000,9999.000
202602201824,   0.615,9999.000,9999.000,9999.000,9999.000,9999.000,9999.000,9999.000,9999.000
202602201830,   0.626,9999.000,9999.000,9999.000,9999.000,9999.000,9999.000,9999.000,9999.000
202602201836,   0.637,9999.000,9999.000,9999.000,9999.000,9999.000,9999.000,9999.000,9999.000
202602201842,   0.647,9999.000,9999.000,9999.000,9999.000,9999.000,9999.000,9999.000,9999.000
202602201848,   0.658,9999.000,9999.000,9999.000,9999.000,9999.000,9999.000,9999.000,9999.000
202602201854,   0.668,9999.000,9999.000,9999.000,9999.000,9999.000,9999.000,9999.000,9999.000
202602201900,   0.678,9999.000,   0.900,   0.084,   1.662,   0.900,   1.662,   1.000,   1.762
202602201906,   0.688,9999.000,9999.000,9999.000,9999.000,9999.000,9999.000,9999.000,9999.000
202602201912,   0.698,9999.000,9999.000,9999.000,9999.000,9999.000,9999.000,9999.000,9999.000
202602201918,   0.707,9999.000,9999.000,9999.000,9999.000,9999.000,9999.000,9999.000,9999.000
202602201924,   0.716,9999.000,9999.000,9999.000,9999.000,9999.000,9999.000,9999.000,9999.000
202602201930,   0.725,9999.000,9999.000,9999.000,9999.000,9999.000,9999.000,9999.000,9999.000
202602201936,   0.733,9999.000,9999.000,9999.000,9999.000,9999.000,9999.000,9999.000,9999.000
202602201942,   0.741,9999.000,9999.000,9999.000,9999.000,9999.000,9999.000,9999.000,9999.000
202602201948,   0.749,9999.000,9999.000,9999.000,9999.000,9999.000,9999.000,9999.000,9999.000
202602201954,   0.757,9999.000,9999.000,9999.000,9999.000,9999.000,9999.000,9999.000,9999.000
202602202000,   0.764,9999.000,   0.900,   0.084,   1.748,   0.900,   1.748,   1.000,   1.848
202602202006,   0.771,9999.000,9999.000,9999.000,9999.000,9999.000,9999.000,9999.000,9999.000
202602202012,   0.777,9999.000,9999.000,9999.000,9999.000,9999.000,9999.000,9999.000,9999.000
202602202018,   0.784,9999.000,9999.000,9999.000,9999.000,9999.000,9999.000,9999.000,9999.000
202602202024,   0.789,9999.000,9999.000,9999.000,9999.000,9999.000,9999.000,9999.000,9999.000
202602202030,   0.795,9999.000,9999.000,9999.000,9999.000,9999.000,9999.000,9999.000,9999.000
202602202036,   0.800,9999.000,9999.000,9999.000,9999.000,9999.000,9999.000,9999.000,9999.000
202602202042,   0.805,9999.000,9999.000,9999.000,9999.000,9999.000,9999.000,9999.000,9999.000
202602202048,   0.809,9999.000,9999.000,9999.000,9999.000,9999.000,9999.000,9999.000,9999.000
202602202054,   0.813,9999.000,9999.000,9999.000,9999.000,9999.000,9999.000,9999.000,9999.000
202602202100,   0.816,9999.000,   0.900,   0.084,   1.800,   0.800,   1.700,   1.000,   1.900
202602202106,   0.820,9999.000,9999.000,9999.000,9999.000,9999.000,9999.000,9999.000,9999.000
202602202112,   0.822,9999.000,9999.000,9999.000,9999.000,9999.000,9999.000,9999.000,9999.000
202602202118,   0.824,9999.000,9999.000,9999.000,9999.000,9999.000,9999.000,9999.000,9999.000
202602202124,   0.826,9999.000,9999.000,9999.000,9999.000,9999.000,9999.000,9999.000,9999.000
202602202130,   0.827,9999.000,9999.000,9999.000,9999.000,9999.000,9999.000,9999.000,9999.000
202602202136,   0.827,9999.000,9999.000,9999.000,9999.000,9999.000,9999.000,9999.000,9999.000
202602202142,   0.827,9999.000,9999.000,9999.000,9999.000,9999.000,9999.000,9999.000,9999.000
202602202148,   0.826,9999.000,9999.000,9999.000,9999.000,9999.000,9999.000,9999.000,9999.000
202602202154,   0.825,9999.000,9999.000,9999.000,9999.000,9999.000,9999.000,9999.000,9999.000
202602202200,   0.823,9999.000,   0.900,   0.084,   1.807,   0.800,   1.707,   1.000,   1.907
202602202206,   0.821,9999.000,9999.000,9999.000,9999.000,9999.000,9999.000,9999.000,9999.000
202602202212,   0.818,9999.000,9999.000,9999.000,9999.000,9999.000,9999.000,9999.000,9999.000
202602202218,   0.814,9999.000,9999.000,9999.000,9999.000,9999.000,9999.000,9999.000,9999.000
202602202224,   0.810,9999.000,9999.000,9999.000,9999.000,9999.000,9999.000,9999.000,9999.000
202602202230,   0.805,9999.000,9999.000,9999.000,9999.000,9999.000,9999.000,9999.000,9999.000
202602202236,   0.800,9999.000,9999.000,9999.000,9999.000,9999.000,9999.000,9999.000,9999.000
202602202242,   0.793,9999.000,9999.000,9999.000,9999.000,9999.000,9999.000,9999.000,9999.000
202602202248,   0.786,9999.000,9999.000,9999.000,9999.000,9999.000,9999.000,9999.000,9999.000
202602202254,   0.779,9999.000,9999.000,9999.000,9999.000,9999.000,9999.000,9999.000,9999.000
202602202300,   0.770,9999.000,   0.900,   0.084,   1.754,   0.800,   1.654,   1.000,   1.854
202602202306,   0.762,9999.000,9999.000,9999.000,9999.000,9999.000,9999.000,9999.000,9999.000
202602202312,   0.752,9999.000,9999.000,9999.000,9999.000,9999.000,9999.000,9999.000,9999.000
202602202318,   0.742,9999.000,9999.000,9999.000,9999.000,9999.000,9999.000,9999.000,9999.000
202602202324,   0.731,9999.000,9999.000,9999.000,9999.000,9999.000,9999.000,9999.000,9999.000
202602202330,   0.719,9999.000,9999.000,9999.000,9999.000,9999.000,9999.000,9999.000,9999.000
202602202336,   0.707,9999.000,9999.000,9999.000,9999.000,9999.000,9999.000,9999.000,9999.000
202602202342,   0.695,9999.000,9999.000,9999.000,9999.000,9999.000,9999.000,9999.000,9999.000
202602202348,   0.681,9999.000,9999.000,9999.000,9999.000,9999.000,9999.000,9999.000,9999.000
202602202354,   0.668,9999.000,9999.000,9999.000,9999.000,9999.000,9999.000,9999.000,9999.000
202602210000,   0.654,9999.000,   0.900,   0.084,   1.638,   0.800,   1.538,   1.000,   1.738
202602210006,   0.639,9999.000,9999.000,9999.000,9999.000,9999.000,9999.000,9999.000,9999.000
202602210012,   0.624,9999.000,9999.000,9999.000,9999.000,9999.000,9999.000,9999.000,9999.000
202602210018,   0.608,9999.000,9999.000,9999.000,9999.000,9999.000,9999.000,9999.000,9999.000
202602210024,   0.592,9999.000,9999.000,9999.000,9999.000,9999.000,9999.000,9999.000,9999.000
202602210030,   0.576,9999.000,9999.000,9999.000,9999.000,9999.000,9999.000,9999.000,9999.000
202602210036,   0.560,9999.000,9999.000,9999.000,9999.000,9999.000,9999.000,9999.000,9999.000
202602210042,   0.543,9999.000,9999.000,9999.000,9999.000,9999.000,9999.000,9999.000,9999.000
202602210048,   0.526,9999.000,9999.000,9999.000,9999.000,9999.000,9999.000,9999.000,9999.000
202602210054,   0.510,9999.000,9999.000,9999.000,9999.000,9999.000,9999.000,9999.000,9999.000
202602210100,   0.493,9999.000,   0.900,   0.084,   1.477,   0.800,   1.377,   1.000,   1.577
202602210106,   0.476,9999.000,9999.000,9999.000,9999.000,9999.000,9999.000,9999.000,9999.000
202602210112,   0.459,9999.000,9999.000,9999.000,9999.000,9999.000,9999.000,9999.000,9999.000
202602210118,   0.442,9999.000,9999.000,9999.000,9999.000,9999.000,9999.000,9999.000,9999.000
202602210124,   0.425,9999.000,9999.000,9999.000,9999.000,9999.000,9999.000,9999.000,9999.000
202602210130,   0.408,9999.000,9999.000,9999.000,9999.000,9999.000,9999.000,9999.000,9999.000
202602210136,   0.392,9999.000,9999.000,9999.000,9999.000,9999.000,9999.000,9999.000,9999.000
202602210142,   0.376,9999.000,9999.000,9999.000,9999.000,9999.000,9999.000,9999.000,9999.000
202602210148,   0.360,9999.000,9999.000,9999.000,9999.000,9999.000,9999.000,9999.000,9999.000
202602210154,   0.345,9999.000,9999.000,9999.000,9999.000,9999.000,9999.000,9999.000,9999.000
202602210200,   0.330,9999.000,   0.900,   0.084,   1.314,   0.800,   1.214,   1.000,   1.414
202602210206,   0.315,9999.000,9999.000,9999.000,9999.000,9999.000,9999.000,9999.000,9999.000
202602210212,   0.301,9999.000,9999.000,9999.000,9999.000,9999.000,9999.000,9999.000,9999.000
202602210218,   0.287,9999.000,9999.000,9999.000,9999.000,9999.000,9999.000,9999.000,9999.000
202602210224,   0.274,9999.000,9999.000,9999.000,9999.000,9999.000,9999.000,9999.000,9999.000
202602210230,   0.262,9999.000,9999.000,9999.000,9999.000,9999.000,9999.000,9999.000,9999.000
202602210236,   0.250,9999.000,9999.000,9999.000,9999.000,9999.000,9999.000,9999.000,9999.000
202602210242,   0.239,9999.000,9999.000,9999.000,9999.000,9999.000,9999.000,9999.000,9999.000
202602210248,   0.228,9999.000,9999.000,9999.000,9999.000,9999.000,9999.000,9999.000,9999.000
202602210254,   0.218,9999.000,9999.000,9999.000,9999.000,9999.000,9999.000,9999.000,9999.000
202602210300,   0.209,9999.000,   0.900,   0.084,   1.193,   0.800,   1.093,   1.000,   1.293
202602210306,   0.201,9999.000,9999.000,9999.000,9999.000,9999.000,9999.000,9999.000,9999.000
202602210312,   0.193,9999.000,9999.000,9999.000,9999.000,9999.000,9999.000,9999.000,9999.000
202602210318,   0.186,9999.000,9999.000,9999.000,9999.000,9999.000,9999.000,9999.000,9999.000
202602210324,   0.179,9999.000,9999.000,9999.000,9999.000,9999.000,9999.000,9999.000,9999.000
202602210330,   0.173,9999.000,9999.000,9999.000,9999.000,9999.000,9999.000,9999.000,9999.000
202602210336,   0.168,9999.000,9999.000,9999.000,9999.000,9999.000,9999.000,9999.000,9999.000
202602210342,   0.164,9999.000,9999.000,9999.000,9999.000,9999.000,9999.000,9999.000,9999.000
202602210348,   0.160,9999.000,9999.000,9999.000,9999.000,9999.000,9999.000,9999.000,9999.000
202602210354,   0.157,9999.000,9999.000,9999.000,9999.000,9999.000,9999.000,9999.000,9999.000
202602210400,   0.154,9999.000,   1.000,   0.084,   1.238,   0.800,   1.038,   1.100,   1.338
202602210406,   0.153,9999.000,9999.000,9999.000,9999.000,9999.000,9999.000,9999.000,9999.000
202602210412,   0.151,9999.000,9999.000,9999.000,9999.000,9999.000,9999.000,9999.000,9999.000
202602210418,   0.150,9999.000,9999.000,9999.000,9999.000,9999.000,9999.000,9999.000,9999.000
202602210424,   0.150,9999.000,9999.000,9999.000,9999.000,9999.000,9999.000,9999.000,9999.000
202602210430,   0.150,9999.000,9999.000,9999.000,9999.000,9999.000,9999.000,9999.000,9999.000
202602210436,   0.151,9999.000,9999.000,9999.000,9999.000,9999.000,9999.000,9999.000,9999.000
202602210442,   0.152,9999.000,9999.000,9999.000,9999.000,9999.000,9999.000,9999.000,9999.000
202602210448,   0.154,9999.000,9999.000,9999.000,9999.000,9999.000,9999.000,9999.000,9999.000
202602210454,   0.156,9999.000,9999.000,9999.000,9999.000,9999.000,9999.000,9999.000,9999.000
202602210500,   0.158,9999.000,   1.000,   0.084,   1.242,   0.800,   1.042,   1.100,   1.342
202602210506,   0.160,9999.000,9999.000,9999.000,9999.000,9999.000,9999.000,9999.000,9999.000
202602210512,   0.163,9999.000,9999.000,9999.000,9999.000,9999.000,9999.000,9999.000,9999.000
202602210518,   0.166,9999.000,9999.000,9999.000,9999.000,9999.000,9999.000,9999.000,9999.000
202602210524,   0.170,9999.000,9999.000,9999.000,9999.000,9999.000,9999.000,9999.000,9999.000
202602210530,   0.173,9999.000,9999.000,9999.000,9999.000,9999.000,9999.000,9999.000,9999.000
202602210536,   0.177,9999.000,9999.000,9999.000,9999.000,9999.000,9999.000,9999.000,9999.000
202602210542,   0.181,9999.000,9999.000,9999.000,9999.000,9999.000,9999.000,9999.000,9999.000
202602210548,   0.185,9999.000,9999.000,9999.000,9999.000,9999.000,9999.000,9999.000,9999.000
202602210554,   0.189,9999.000,9999.000,9999.000,9999.000,9999.000,9999.000,9999.000,9999.000
202602210600,   0.193,9999.000,   1.000,   0.084,   1.277,   0.800,   1.077,   1.100,   1.377
202602210606,   0.197,9999.000,9999.000,9999.000,9999.000,9999.000,9999.000,9999.000,9999.000
202602210612,   0.202,9999.000,9999.000,9999.000,9999.000,9999.000,9999.000,9999.000,9999.000
202602210618,   0.206,9999.000,9999.000,9999.000,9999.000,9999.000,9999.000,9999.000,9999.000
202602210624,   0.211,9999.000,9999.000,9999.000,9999.000,9999.000,9999.000,9999.000,9999.000
202602210630,   0.215,9999.000,9999.000,9999.000,9999.000,9999.000,9999.000,9999.000,9999.000
202602210636,   0.220,9999.000,9999.000,9999.000,9999.000,9999.000,9999.000,9999.000,9999.000
202602210642,   0.224,9999.000,9999.000,9999.000,9999.000,9999.000,9999.000,9999.000,9999.000
202602210648,   0.229,9999.000,9999.000,9999.000,9999.000,9999.000,9999.000,9999.000,9999.000
202602210654,   0.234,9999.000,9999.000,9999.000,9999.000,9999.000,9999.000,9999.000,9999.000
202602210700,   0.238,9999.000,   1.000,   0.084,   1.322,   0.800,   1.122,   1.100,   1.422
202602210706,   0.243,9999.000,9999.000,9999.000,9999.000,9999.000,9999.000,9999.000,9999.000
202602210712,   0.248,9999.000,9999.000,9999.000,9999.000,9999.000,9999.000,9999.000,9999.000
202602210718,   0.252,9999.000,9999.000,9999.000,9999.000,9999.000,9999.000,9999.000,9999.000
202602210724,   0.257,9999.000,9999.000,9999.000,9999.000,9999.000,9999.000,9999.000,9999.000
202602210730,   0.262,9999.000,9999.000,9999.000,9999.000,9999.000,9999.000,9999.000,9999.000
202602210736,   0.267,9999.000,9999.000,9999.000,9999.000,9999.000,9999.000,9999.000,9999.000
202602210742,   0.272,9999.000,9999.000,9999.000,9999.000,9999.000,9999.000,9999.000,9999.000
202602210748,   0.276,9999.000,9999.000,9999.000,9999.000,9999.000,9999.000,9999.000,9999.000
202602210754,   0.281,9999.000,9999.000,9999.000,9999.000,9999.000,9999.000,9999.000,9999.000
202602210800,   0.286,9999.000,   1.000,   0.084,   1.370,   0.800,   1.170,   1.100,   1.470
202602210806,   0.292,9999.000,9999.000,9999.000,9999.000,9999.000,9999.000,9999.000,9999.000
202602210812,   0.297,9999.000,9999.000,9999.000,9999.000,9999.000,9999.000,9999.000,9999.000
202602210818,   0.302,9999.000,9999.000,9999.000,9999.000,9999.000,9999.000,9999.000,9999.000
202602210824,   0.307,9999.000,9999.000,9999.000,9999.000,9999.000,9999.000,9999.000,9999.000
202602210830,   0.313,9999.000,9999.000,9999.000,9999.000,9999.000,9999.000,9999.000,9999.000
202602210836,   0.318,9999.000,9999.000,9999.000,9999.000,9999.000,9999.000,9999.000,9999.000
202602210842,   0.324,9999.000,9999.000,9999.000,9999.000,9999.000,9999.000,9999.000,9999.000
202602210848,   0.330,9999.000,9999.000,9999.000,9999.000,9999.000,9999.000,9999.000,9999.000
202602210854,   0.335,9999.000,9999.000,9999.000,9999.000,9999.000,9999.000,9999.000,9999.000
202602210900,   0.341,9999.000,   1.000,   0.084,   1.425,   0.900,   1.325,   1.100,   1.525
202602210906,   0.347,9999.000,9999.000,9999.000,9999.000,9999.000,9999.000,9999.000,9999.000
202602210912,   0.353,9999.000,9999.000,9999.000,9999.000,9999.000,9999.000,9999.000,9999.000
202602210918,   0.359,9999.000,9999.000,9999.000,9999.000,9999.000,9999.000,9999.000,9999.000
202602210924,   0.365,9999.000,9999.000,9999.000,9999.000,9999.000,9999.000,9999.000,9999.000
202602210930,   0.371,9999.000,9999.000,9999.000,9999.000,9999.000,9999.000,9999.000,9999.000
202602210936,   0.377,9999.000,9999.000,9999.000,9999.000,9999.000,9999.000,9999.000,9999.000
202602210942,   0.382,9999.000,9999.000,9999.000,9999.000,9999.000,9999.000,9999.000,9999.000
202602210948,   0.388,9999.000,9999.000,9999.000,9999.000,9999.000,9999.000,9999.000,9999.000
202602210954,   0.394,9999.000,9999.000,9999.000,9999.000,9999.000,9999.000,9999.000,9999.000
202602211000,   0.400,9999.000,   1.000,   0.084,   1.484,   0.900,   1.384,   1.000,   1.484
202602211006,   0.406,9999.000,9999.000,9999.000,9999.000,9999.000,9999.000,9999.000,9999.000
202602211012,   0.411,9999.000,9999.000,9999.000,9999.000,9999.000,9999.000,9999.000,9999.000
202602211018,   0.416,9999.000,9999.000,9999.000,9999.000,9999.000,9999.000,9999.000,9999.000
202602211024,   0.422,9999.000,9999.000,9999.000,9999.000,9999.000,9999.000,9999.000,9999.000
202602211030,   0.427,9999.000,9999.000,9999.000,9999.000,9999.000,9999.000,9999.000,9999.000
202602211036,   0.431,9999.000,9999.000,9999.000,9999.000,9999.000,9999.000,9999.000,9999.000
202602211042,   0.436,9999.000,9999.000,9999.000,9999.000,9999.000,9999.000,9999.000,9999.000
202602211048,   0.440,9999.000,9999.000,9999.000,9999.000,9999.000,9999.000,9999.000,9999.000
202602211054,   0.444,9999.000,9999.000,9999.000,9999.000,9999.000,9999.000,9999.000,9999.000
202602211100,   0.448,9999.000,   0.900,   0.084,   1.432,   0.900,   1.432,   1.000,   1.532
202602211106,   0.452,9999.000,9999.000,9999.000,9999.000,9999.000,9999.000,9999.000,9999.000
202602211112,   0.455,9999.000,9999.000,9999.000,9999.000,9999.000,9999.000,9999.000,9999.000
202602211118,   0.458,9999.000,9999.000,9999.000,9999.000,9999.000,9999.000,9999.000,9999.000
202602211124,   0.460,9999.000,9999.000,9999.000,9999.000,9999.000,9999.000,9999.000,9999.000
202602211130,   0.463,9999.000,9999.000,9999.000,9999.000,9999.000,9999.000,9999.000,9999.000
202602211136,   0.464,9999.000,9999.000,9999.000,9999.000,9999.000,9999.000,9999.000,9999.000
202602211142,   0.466,9999.000,9999.000,9999.000,9999.000,9999.000,9999.000,9999.000,9999.000
202602211148,   0.467,9999.000,9999.000,9999.000,9999.000,9999.000,9999.000,9999.000,9999.000
202602211154,   0.468,9999.000,9999.000,9999.000,9999.000,9999.000,9999.000,9999.000,9999.000
202602211200,   0.469,9999.000,   0.900,   0.084,   1.453,   0.900,   1.453,   1.000,   1.553
202602211206,   0.469,9999.000,9999.000,9999.000,9999.000,9999.000,9999.000,9999.000,9999.000
202602211212,   0.469,9999.000,9999.000,9999.000,9999.000,9999.000,9999.000,9999.000,9999.000
202602211218,   0.469,9999.000,9999.000,9999.000,9999.000,9999.000,9999.000,9999.000,9999.000
202602211224,   0.468,9999.000,9999.000,9999.000,9999.000,9999.000,9999.000,9999.000,9999.000
202602211230,   0.467,9999.000,9999.000,9999.000,9999.000,9999.000,9999.000,9999.000,9999.000
202602211236,   0.466,9999.000,9999.000,9999.000,9999.000,9999.000,9999.000,9999.000,9999.000
202602211242,   0.465,9999.000,9999.000,9999.000,9999.000,9999.000,9999.000,9999.000,9999.000
202602211248,   0.463,9999.000,9999.000,9999.000,9999.000,9999.000,9999.000,9999.000,9999.000
202602211254,   0.462,9999.000,9999.000,9999.000,9999.000,9999.000,9999.000,9999.000,9999.000
202602211300,   0.460,9999.000,   0.900,   0.084,   1.444,   0.900,   1.444,   1.000,   1.544
202602211306,   0.458,9999.000,9999.000,9999.000,9999.000,9999.000,9999.000,9999.000,9999.000
202602211312,   0.457,9999.000,9999.000,9999.000,9999.000,9999.000,9999.000,9999.000,9999.000
202602211318,   0.455,9999.000,9999.000,9999.000,9999.000,9999.000,9999.000,9999.000,9999.000
202602211324,   0.453,9999.000,9999.000,9999.000,9999.000,9999.000,9999.000,9999.000,9999.000
202602211330,   0.451,9999.000,9999.000,9999.000,9999.000,9999.000,9999.000,9999.000,9999.000
202602211336,   0.450,9999.000,9999.000,9999.000,9999.000,9999.000,9999.000,9999.000,9999.000
202602211342,   0.448,9999.000,9999.000,9999.000,9999.000,9999.000,9999.000,9999.000,9999.000
202602211348,   0.447,9999.000,9999.000,9999.000,9999.000,9999.000,9999.000,9999.000,9999.000
202602211354,   0.446,9999.000,9999.000,9999.000,9999.000,9999.000,9999.000,9999.000,9999.000
202602211400,   0.445,9999.000,   0.900,   0.084,   1.429,   0.900,   1.429,   1.000,   1.529
202602211406,   0.445,9999.000,9999.000,9999.000,9999.000,9999.000,9999.000,9999.000,9999.000
202602211412,   0.444,9999.000,9999.000,9999.000,9999.000,9999.000,9999.000,9999.000,9999.000
202602211418,   0.445,9999.000,9999.000,9999.000,9999.000,9999.000,9999.000,9999.000,9999.000
202602211424,   0.445,9999.000,9999.000,9999.000,9999.000,9999.000,9999.000,9999.000,9999.000
202602211430,   0.446,9999.000,9999.000,9999.000,9999.000,9999.000,9999.000,9999.000,9999.000
202602211436,   0.448,9999.000,9999.000,9999.000,9999.000,9999.000,9999.000,9999.000,9999.000
202602211442,   0.450,9999.000,9999.000,9999.000,9999.000,9999.000,9999.000,9999.000,9999.000
202602211448,   0.452,9999.000,9999.000,9999.000,9999.000,9999.000,9999.000,9999.000,9999.000
202602211454,   0.455,9999.000,9999.000,9999.000,9999.000,9999.000,9999.000,9999.000,9999.000
202602211500,   0.459,9999.000,   0.900,   0.084,   1.443,   0.800,   1.343,   1.000,   1.543
202602211506,   0.463,9999.000,9999.000,9999.000,9999.000,9999.000,9999.000,9999.000,9999.000
202602211512,   0.468,9999.000,9999.000,9999.000,9999.000,9999.000,9999.000,9999.000,9999.000
202602211518,   0.473,9999.000,9999.000,9999.000,9999.000,9999.000,9999.000,9999.000,9999.000
202602211524,   0.479,9999.000,9999.000,9999.000,9999.000,9999.000,9999.000,9999.000,9999.000
202602211530,   0.486,9999.000,9999.000,9999.000,9999.000,9999.000,9999.000,9999.000,9999.000
202602211536,   0.493,9999.000,9999.000,9999.000,9999.000,9999.000,9999.000,9999.000,9999.000
202602211542,   0.500,9999.000,9999.000,9999.000,9999.000,9999.000,9999.000,9999.000,9999.000
202602211548,   0.509,9999.000,9999.000,9999.000,9999.000,9999.000,9999.000,9999.000,9999.000
202602211554,   0.518,9999.000,9999.000,9999.000,9999.000,9999.000,9999.000,9999.000,9999.000
202602211600,   0.527,9999.000,   0.900,   0.084,   1.511,   0.800,   1.411,   1.000,   1.611
202602211606,   0.537,9999.000,9999.000,9999.000,9999.000,9999.000,9999.000,9999.000,9999.000
202602211612,   0.547,9999.000,9999.000,9999.000,9999.000,9999.000,9999.000,9999.000,9999.000
202602211618,   0.558,9999.000,9999.000,9999.000,9999.000,9999.000,9999.000,9999.000,9999.000
202602211624,   0.570,9999.000,9999.000,9999.000,9999.000,9999.000,9999.000,9999.000,9999.000
202602211630,   0.582,9999.000,9999.000,9999.000,9999.000,9999.000,9999.000,9999.000,9999.000
202602211636,   0.594,9999.000,9999.000,9999.000,9999.000,9999.000,9999.000,9999.000,9999.000
202602211642,   0.607,9999.000,9999.000,9999.000,9999.000,9999.000,9999.000,9999.000,9999.000
202602211648,   0.620,9999.000,9999.000,9999.000,9999.000,9999.000,9999.000,9999.000,9999.000
202602211654,   0.634,9999.000,9999.000,9999.000,9999.000,9999.000,9999.000,9999.000,9999.000
202602211700,   0.647,9999.000,   0.900,   0.084,   1.631,   0.800,   1.531,   0.900,   1.631
202602211706,   0.661,9999.000,9999.000,9999.000,9999.000,9999.000,9999.000,9999.000,9999.000
202602211712,   0.676,9999.000,9999.000,9999.000,9999.000,9999.000,9999.000,9999.000,9999.000
202602211718,   0.690,9999.000,9999.000,9999.000,9999.000,9999.000,9999.000,9999.000,9999.000
202602211724,   0.705,9999.000,9999.000,9999.000,9999.000,9999.000,9999.000,9999.000,9999.000
202602211730,   0.720,9999.000,9999.000,9999.000,9999.000,9999.000,9999.000,9999.000,9999.000
202602211736,   0.734,9999.000,9999.000,9999.000,9999.000,9999.000,9999.000,9999.000,9999.000
202602211742,   0.749,9999.000,9999.000,9999.000,9999.000,9999.000,9999.000,9999.000,9999.000
202602211748,   0.764,9999.000,9999.000,9999.000,9999.000,9999.000,9999.000,9999.000,9999.000
202602211754,   0.779,9999.000,9999.000,9999.000,9999.000,9999.000,9999.000,9999.000,9999.000
202602211800,   0.794,9999.000,   0.900,   0.084,   1.778,   0.800,   1.678,   0.900,   1.778
202602211806,   0.809,9999.000,9999.000,9999.000,9999.000,9999.000,9999.000,9999.000,9999.000
202602211812,   0.823,9999.000,9999.000,9999.000,9999.000,9999.000,9999.000,9999.000,9999.000
202602211818,   0.838,9999.000,9999.000,9999.000,9999.000,9999.000,9999.000,9999.000,9999.000
202602211824,   0.852,9999.000,9999.000,9999.000,9999.000,9999.000,9999.000,9999.000,9999.000
202602211830,   0.866,9999.000,9999.000,9999.000,9999.000,9999.000,9999.000,9999.000,9999.000
202602211836,   0.880,9999.000,9999.000,9999.000,9999.000,9999.000,9999.000,9999.000,9999.000
202602211842,   0.893,9999.000,9999.000,9999.000,9999.000,9999.000,9999.000,9999.000,9999.000
202602211848,   0.906,9999.000,9999.000,9999.000,9999.000,9999.000,9999.000,9999.000,9999.000
202602211854,   0.919,9999.000,9999.000,9999.000,9999.000,9999.000,9999.000,9999.000,9999.000
202602211900,   0.932,9999.000,   0.900,   0.084,   1.916,   0.800,   1.816,   0.900,   1.916
202602211906,   0.944,9999.000,9999.000,9999.000,9999.000,9999.000,9999.000,9999.000,9999.000
202602211912,   0.956,9999.000,9999.000,9999.000,9999.000,9999.000,9999.000,9999.000,9999.000
202602211918,   0.967,9999.000,9999.000,9999.000,9999.000,9999.000,9999.000,9999.000,9999.000
202602211924,   0.978,9999.000,9999.000,9999.000,9999.000,9999.000,9999.000,9999.000,9999.000
202602211930,   0.988,9999.000,9999.000,9999.000,9999.000,9999.000,9999.000,9999.000,9999.000
202602211936,   0.999,9999.000,9999.000,9999.000,9999.000,9999.000,9999.000,9999.000,9999.000
202602211942,   1.008,9999.000,9999.000,9999.000,9999.000,9999.000,9999.000,9999.000,9999.000
202602211948,   1.017,9999.000,9999.000,9999.000,9999.000,9999.000,9999.000,9999.000,9999.000
202602211954,   1.026,9999.000,9999.000,9999.000,9999.000,9999.000,9999.000,9999.000,9999.000
202602212000,   1.034,9999.000,   0.800,   0.084,   1.918,   0.800,   1.918,   0.900,   2.018
202602212006,   1.042,9999.000,9999.000,9999.000,9999.000,9999.000,9999.000,9999.000,9999.000
202602212012,   1.049,9999.000,9999.000,9999.000,9999.000,9999.000,9999.000,9999.000,9999.000
202602212018,   1.056,9999.000,9999.000,9999.000,9999.000,9999.000,9999.000,9999.000,9999.000
202602212024,   1.062,9999.000,9999.000,9999.000,9999.000,9999.000,9999.000,9999.000,9999.000
202602212030,   1.068,9999.000,9999.000,9999.000,9999.000,9999.000,9999.000,9999.000,9999.000
202602212036,   1.073,9999.000,9999.000,9999.000,9999.000,9999.000,9999.000,9999.000,9999.000
202602212042,   1.077,9999.000,9999.000,9999.000,9999.000,9999.000,9999.000,9999.000,9999.000
202602212048,   1.081,9999.000,9999.000,9999.000,9999.000,9999.000,9999.000,9999.000,9999.000
202602212054,   1.085,9999.000,9999.000,9999.000,9999.000,9999.000,9999.000,9999.000,9999.000
202602212100,   1.088,9999.000,   0.800,   0.084,   1.972,   0.800,   1.972,   0.900,   2.072
202602212106,   1.090,9999.000,9999.000,9999.000,9999.000,9999.000,9999.000,9999.000,9999.000
202602212112,   1.091,9999.000,9999.000,9999.000,9999.000,9999.000,9999.000,9999.000,9999.000
202602212118,   1.092,9999.000,9999.000,9999.000,9999.000,9999.000,9999.000,9999.000,9999.000
202602212124,   1.093,9999.000,9999.000,9999.000,9999.000,9999.000,9999.000,9999.000,9999.000
202602212130,   1.093,9999.000,9999.000,9999.000,9999.000,9999.000,9999.000,9999.000,9999.000
202602212136,   1.092,9999.000,9999.000,9999.000,9999.000,9999.000,9999.000,9999.000,9999.000
202602212142,   1.090,9999.000,9999.000,9999.000,9999.000,9999.000,9999.000,9999.000,9999.000
202602212148,   1.088,9999.000,9999.000,9999.000,9999.000,9999.000,9999.000,9999.000,9999.000
202602212154,   1.085,9999.000,9999.000,9999.000,9999.000,9999.000,9999.000,9999.000,9999.000
202602212200,   1.082,9999.000,   0.800,   0.084,   1.966,   0.800,   1.966,   0.900,   2.066
202602212206,   1.077,9999.000,9999.000,9999.000,9999.000,9999.000,9999.000,9999.000,9999.000
202602212212,   1.073,9999.000,9999.000,9999.000,9999.000,9999.000,9999.000,9999.000,9999.000
202602212218,   1.067,9999.000,9999.000,9999.000,9999.000,9999.000,9999.000,9999.000,9999.000
202602212224,   1.061,9999.000,9999.000,9999.000,9999.000,9999.000,9999.000,9999.000,9999.000
202602212230,   1.054,9999.000,9999.000,9999.000,9999.000,9999.000,9999.000,9999.000,9999.000
202602212236,   1.046,9999.000,9999.000,9999.000,9999.000,9999.000,9999.000,9999.000,9999.000
202602212242,   1.037,9999.000,9999.000,9999.000,9999.000,9999.000,9999.000,9999.000,9999.000
202602212248,   1.028,9999.000,9999.000,9999.000,9999.000,9999.000,9999.000,9999.000,9999.000
202602212254,   1.018,9999.000,9999.000,9999.000,9999.000,9999.000,9999.000,9999.000,9999.000
202602212300,   1.008,9999.000,   0.800,   0.084,   1.892,   0.700,   1.792,   0.900,   1.992
202602212306,   0.996,9999.000,9999.000,9999.000,9999.000,9999.000,9999.000,9999.000,9999.000
202602212312,   0.984,9999.000,9999.000,9999.000,9999.000,9999.000,9999.000,9999.000,9999.000
202602212318,   0.971,9999.000,9999.000,9999.000,9999.000,9999.000,9999.000,9999.000,9999.000
202602212324,   0.958,9999.000,9999.000,9999.000,9999.000,9999.000,9999.000,9999.000,9999.000
202602212330,   0.943,9999.000,9999.000,9999.000,9999.000,9999.000,9999.000,9999.000,9999.000
202602212336,   0.928,9999.000,9999.000,9999.000,9999.000,9999.000,9999.000,9999.000,9999.000
202602212342,   0.913,9999.000,9999.000,9999.000,9999.000,9999.000,9999.000,9999.000,9999.000
202602212348,   0.896,9999.000,9999.000,9999.000,9999.000,9999.000,9999.000,9999.000,9999.000
202602212354,   0.879,9999.000,9999.000,9999.000,9999.000,9999.000,9999.000,9999.000,9999.000
202602220000,   0.862,9999.000,   0.800,   0.084,   1.746,   0.700,   1.646,   0.900,   1.846
202602220006,   0.844,9999.000,9999.000,9999.000,9999.000,9999.000,9999.000,9999.000,9999.000
202602220012,   0.825,9999.000,9999.000,9999.000,9999.000,9999.000,9999.000,9999.000,9999.000
202602220018,   0.806,9999.000,9999.000,9999.000,9999.000,9999.000,9999.000,9999.000,9999.000
202602220024,   0.786,9999.000,9999.000,9999.000,9999.000,9999.000,9999.000,9999.000,9999.000
202602220030,   0.766,9999.000,9999.000,9999.000,9999.000,9999.000,9999.000,9999.000,9999.000
202602220036,   0.745,9999.000,9999.000,9999.000,9999.000,9999.000,9999.000,9999.000,9999.000
202602220042,   0.724,9999.000,9999.000,9999.000,9999.000,9999.000,9999.000,9999.000,9999.000
202602220048,   0.702,9999.000,9999.000,9999.000,9999.000,9999.000,9999.000,9999.000,9999.000
202602220054,   0.681,9999.000,9999.000,9999.000,9999.000,9999.000,9999.000,9999.000,9999.000
202602220100,   0.659,9999.000,   0.800,   0.084,   1.543,   0.700,   1.443,   0.900,   1.643
202602220106,   0.636,9999.000,9999.000,9999.000,9999.000,9999.000,9999.000,9999.000,9999.000
202602220112,   0.614,9999.000,9999.000,9999.000,9999.000,9999.000,9999.000,9999.000,9999.000
202602220118,   0.591,9999.000,9999.000,9999.000,9999.000,9999.000,9999.000,9999.000,9999.000
202602220124,   0.569,9999.000,9999.000,9999.000,9999.000,9999.000,9999.000,9999.000,9999.000
202602220130,   0.546,9999.000,9999.000,9999.000,9999.000,9999.000,9999.000,9999.000,9999.000
202602220136,   0.523,9999.000,9999.000,9999.000,9999.000,9999.000,9999.000,9999.000,9999.000
202602220142,   0.501,9999.000,9999.000,9999.000,9999.000,9999.000,9999.000,9999.000,9999.000
202602220148,   0.478,9999.000,9999.000,9999.000,9999.000,9999.000,9999.000,9999.000,9999.000
202602220154,   0.456,9999.000,9999.000,9999.000,9999.000,9999.000,9999.000,9999.000,9999.000
202602220200,   0.434,9999.000,   0.800,   0.084,   1.318,   0.700,   1.218,   0.900,   1.418
202602220206,   0.412,9999.000,9999.000,9999.000,9999.000,9999.000,9999.000,9999.000,9999.000
202602220212,   0.390,9999.000,9999.000,9999.000,9999.000,9999.000,9999.000,9999.000,9999.000
202602220218,   0.369,9999.000,9999.000,9999.000,9999.000,9999.000,9999.000,9999.000,9999.000
202602220224,   0.348,9999.000,9999.000,9999.000,9999.000,9999.000,9999.000,9999.000,9999.000
202602220230,   0.327,9999.000,9999.000,9999.000,9999.000,9999.000,9999.000,9999.000,9999.000
202602220236,   0.307,9999.000,9999.000,9999.000,9999.000,9999.000,9999.000,9999.000,9999.000
202602220242,   0.288,9999.000,9999.000,9999.000,9999.000,9999.000,9999.000,9999.000,9999.000
202602220248,   0.269,9999.000,9999.000,9999.000,9999.000,9999.000,9999.000,9999.000,9999.000
202602220254,   0.250,9999.000,9999.000,9999.000,9999.000,9999.000,9999.000,9999.000,9999.000
202602220300,   0.233,9999.000,   0.800,   0.084,   1.117,   0.700,   1.017,   0.900,   1.217
202602220306,   0.215,9999.000,9999.000,9999.000,9999.000,9999.000,9999.000,9999.000,9999.000
202602220312,   0.199,9999.000,9999.000,9999.000,9999.000,9999.000,9999.000,9999.000,9999.000
202602220318,   0.183,9999.000,9999.000,9999.000,9999.000,9999.000,9999.000,9999.000,9999.000
202602220324,   0.167,9999.000,9999.000,9999.000,9999.000,9999.000,9999.000,9999.000,9999.000
202602220330,   0.153,9999.000,9999.000,9999.000,9999.000,9999.000,9999.000,9999.000,9999.000
202602220336,   0.139,9999.000,9999.000,9999.000,9999.000,9999.000,9999.000,9999.000,9999.000
202602220342,   0.125,9999.000,9999.000,9999.000,9999.000,9999.000,9999.000,9999.000,9999.000
202602220348,   0.113,9999.000,9999.000,9999.000,9999.000,9999.000,9999.000,9999.000,9999.000
202602220354,   0.101,9999.000,9999.000,9999.000,9999.000,9999.000,9999.000,9999.000,9999.000
202602220400,   0.090,9999.000,   0.800,   0.084,   0.974,   0.700,   0.874,   0.900,   1.074
202602220406,   0.079,9999.000,9999.000,9999.000,9999.000,9999.000,9999.000,9999.000,9999.000
202602220412,   0.069,9999.000,9999.000,9999.000,9999.000,9999.000,9999.000,9999.000,9999.000
202602220418,   0.060,9999.000,9999.000,9999.000,9999.000,9999.000,9999.000,9999.000,9999.000
202602220424,   0.051,9999.000,9999.000,9999.000,9999.000,9999.000,9999.000,9999.000,9999.000
202602220430,   0.043,9999.000,9999.000,9999.000,9999.000,9999.000,9999.000,9999.000,9999.000
202602220436,   0.036,9999.000,9999.000,9999.000,9999.000,9999.000,9999.000,9999.000,9999.000
202602220442,   0.029,9999.000,9999.000,9999.000,9999.000,9999.000,9999.000,9999.000,9999.000
202602220448,   0.023,9999.000,9999.000,9999.000,9999.000,9999.000,9999.000,9999.000,9999.000
202602220454,   0.017,9999.000,9999.000,9999.000,9999.000,9999.000,9999.000,9999.000,9999.000
202602220500,   0.012,9999.000,   0.800,   0.084,   0.896,   0.700,   0.796,   0.900,   0.996
202602220506,   0.007,9999.000,9999.000,9999.000,9999.000,9999.000,9999.000,9999.000,9999.000
202602220512,   0.003,9999.000,9999.000,9999.000,9999.000,9999.000,9999.000,9999.000,9999.000
202602220518,   0.000,9999.000,9999.000,9999.000,9999.000,9999.000,9999.000,9999.000,9999.000
202602220524,  -0.003,9999.000,9999.000,9999.000,9999.000,9999.000,9999.000,9999.000,9999.000
202602220530,  -0.006,9999.000,9999.000,9999.000,9999.000,9999.000,9999.000,9999.000,9999.000
202602220536,  -0.009,9999.000,9999.000,9999.000,9999.000,9999.000,9999.000,9999.000,9999.000
202602220542,  -0.011,9999.000,9999.000,9999.000,9999.000,9999.000,9999.000,9999.000,9999.000
202602220548,  -0.013,9999.000,9999.000,9999.000,9999.000,9999.000,9999.000,9999.000,9999.000
202602220554,  -0.015,9999.000,9999.000,9999.000,9999.000,9999.000,9999.000,9999.000,9999.000
202602220600,  -0.016,9999.000,   0.700,   0.084,   0.768,   0.600,   0.668,   0.800,   0.868
202602220606,  -0.017,9999.000,9999.000,9999.000,9999.000,9999.000,9999.000,9999.000,9999.000
202602220612,  -0.018,9999.000,9999.000,9999.000,9999.000,9999.000,9999.000,9999.000,9999.000
202602220618,  -0.019,9999.000,9999.000,9999.000,9999.000,9999.000,9999.000,9999.000,9999.000
202602220624,  -0.020,9999.000,9999.000,9999.000,9999.000,9999.000,9999.000,9999.000,9999.000
202602220630,  -0.020,9999.000,9999.000,9999.000,9999.000,9999.000,9999.000,9999.000,9999.000
202602220636,  -0.020,9999.000,9999.000,9999.000,9999.000,9999.000,9999.000,9999.000,9999.000
202602220642,  -0.020,9999.000,9999.000,9999.000,9999.000,9999.000,9999.000,9999.000,9999.000
202602220648,  -0.020,9999.000,9999.000,9999.000,9999.000,9999.000,9999.000,9999.000,9999.000
202602220654,  -0.020,9999.000,9999.000,9999.000,9999.000,9999.000,9999.000,9999.000,9999.000
202602220700,  -0.019,9999.000,   0.700,   0.084,   0.765,   0.600,   0.665,   0.800,   0.865
202602220706,  -0.019,9999.000,9999.000,9999.000,9999.000,9999.000,9999.000,9999.000,9999.000
202602220712,  -0.018,9999.000,9999.000,9999.000,9999.000,9999.000,9999.000,9999.000,9999.000
202602220718,  -0.017,9999.000,9999.000,9999.000,9999.000,9999.000,9999.000,9999.000,9999.000
202602220724,  -0.016,9999.000,9999.000,9999.000,9999.000,9999.000,9999.000,9999.000,9999.000
202602220730,  -0.015,9999.000,9999.000,9999.000,9999.000,9999.000,9999.000,9999.000,9999.000
202602220736,  -0.014,9999.000,9999.000,9999.000,9999.000,9999.000,9999.000,9999.000,9999.000
202602220742,  -0.012,9999.000,9999.000,9999.000,9999.000,9999.000,9999.000,9999.000,9999.000
202602220748,  -0.011,9999.000,9999.000,9999.000,9999.000,9999.000,9999.000,9999.000,9999.000
202602220754,  -0.009,9999.000,9999.000,9999.000,9999.000,9999.000,9999.000,9999.000,9999.000
202602220800,  -0.007,9999.000,   0.600,   0.084,   0.677,   0.400,   0.477,   0.800,   0.877
202602220806,  -0.005,9999.000,9999.000,9999.000,9999.000,9999.000,9999.000,9999.000,9999.000
202602220812,  -0.002,9999.000,9999.000,9999.000,9999.000,9999.000,9999.000,9999.000,9999.000
202602220818,   0.000,9999.000,9999.000,9999.000,9999.000,9999.000,9999.000,9999.000,9999.000
202602220824,   0.002,9999.000,9999.000,9999.000,9999.000,9999.000,9999.000,9999.000,9999.000
202602220830,   0.005,9999.000,9999.000,9999.000,9999.000,9999.000,9999.000,9999.000,9999.000
202602220836,   0.008,9999.000,9999.000,9999.000,9999.000,9999.000,9999.000,9999.000,9999.000
202602220842,   0.012,9999.000,9999.000,9999.000,9999.000,9999.000,9999.000,9999.000,9999.000
202602220848,   0.015,9999.000,9999.000,9999.000,9999.000,9999.000,9999.000,9999.000,9999.000
202602220854,   0.019,9999.000,9999.000,9999.000,9999.000,9999.000,9999.000,9999.000,9999.000
202602220900,   0.024,9999.000,   0.500,   0.084,   0.608,   0.300,   0.408,   0.700,   0.808
202602220906,   0.028,9999.000,9999.000,9999.000,9999.000,9999.000,9999.000,9999.000,9999.000
202602220912,   0.033,9999.000,9999.000,9999.000,9999.000,9999.000,9999.000,9999.000,9999.000
202602220918,   0.038,9999.000,9999.000,9999.000,9999.000,9999.000,9999.000,9999.000,9999.000
202602220924,   0.043,9999.000,9999.000,9999.000,9999.000,9999.000,9999.000,9999.000,9999.000
202602220930,   0.049,9999.000,9999.000,9999.000,9999.000,9999.000,9999.000,9999.000,9999.000
202602220936,   0.055,9999.000,9999.000,9999.000,9999.000,9999.000,9999.000,9999.000,9999.000
202602220942,   0.061,9999.000,9999.000,9999.000,9999.000,9999.000,9999.000,9999.000,9999.000
202602220948,   0.067,9999.000,9999.000,9999.000,9999.000,9999.000,9999.000,9999.000,9999.000
202602220954,   0.074,9999.000,9999.000,9999.000,9999.000,9999.000,9999.000,9999.000,9999.000
202602221000,   0.081,9999.000,   0.500,   0.084,   0.665,   0.200,   0.365,   0.700,   0.865
202602221006,   0.088,9999.000,9999.000,9999.000,9999.000,9999.000,9999.000,9999.000,9999.000
202602221012,   0.095,9999.000,9999.000,9999.000,9999.000,9999.000,9999.000,9999.000,9999.000
202602221018,   0.103,9999.000,9999.000,9999.000,9999.000,9999.000,9999.000,9999.000,9999.000
202602221024,   0.110,9999.000,9999.000,9999.000,9999.000,9999.000,9999.000,9999.000,9999.000
202602221030,   0.118,9999.000,9999.000,9999.000,9999.000,9999.000,9999.000,9999.000,9999.000
202602221036,   0.126,9999.000,9999.000,9999.000,9999.000,9999.000,9999.000,9999.000,9999.000
202602221042,   0.135,9999.000,9999.000,9999.000,9999.000,9999.000,9999.000,9999.000,9999.000
202602221048,   0.143,9999.000,9999.000,9999.000,9999.000,9999.000,9999.000,9999.000,9999.000
202602221054,   0.151,9999.000,9999.000,9999.000,9999.000,9999.000,9999.000,9999.000,9999.000
202602221100,   0.160,9999.000,   0.400,   0.084,   0.644,   0.100,   0.344,   0.600,   0.844
202602221106,   0.168,9999.000,9999.000,9999.000,9999.000,9999.000,9999.000,9999.000,9999.000
202602221112,   0.177,9999.000,9999.000,9999.000,9999.000,9999.000,9999.000,9999.000,9999.000
202602221118,   0.186,9999.000,9999.000,9999.000,9999.000,9999.000,9999.000,9999.000,9999.000
202602221124,   0.194,9999.000,9999.000,9999.000,9999.000,9999.000,9999.000,9999.000,9999.000
202602221130,   0.203,9999.000,9999.000,9999.000,9999.000,9999.000,9999.000,9999.000,9999.000
202602221136,   0.211,9999.000,9999.000,9999.000,9999.000,9999.000,9999.000,9999.000,9999.000
202602221142,   0.220,9999.000,9999.000,9999.000,9999.000,9999.000,9999.000,9999.000,9999.000
202602221148,   0.228,9999.000,9999.000,9999.000,9999.000,9999.000,9999.000,9999.000,9999.000
202602221154,   0.237,9999.000,9999.000,9999.000,9999.000,9999.000,9999.000,9999.000,9999.000
202602221200,   0.245,9999.000,   0.300,   0.084,   0.629,   0.000,   0.329,   0.600,   0.929
202602221206,   0.253,9999.000,9999.000,9999.000,9999.000,9999.000,9999.000,9999.000,9999.000
202602221212,   0.262,9999.000,9999.000,9999.000,9999.000,9999.000,9999.000,9999.000,9999.000
202602221218,   0.270,9999.000,9999.000,9999.000,9999.000,9999.000,9999.000,9999.000,9999.000
202602221224,   0.278,9999.000,9999.000,9999.000,9999.000,9999.000,9999.000,9999.000,9999.000
202602221230,   0.285,9999.000,9999.000,9999.000,9999.000,9999.000,9999.000,9999.000,9999.000
202602221236,   0.293,9999.000,9999.000,9999.000,9999.000,9999.000,9999.000,9999.000,9999.000
202602221242,   0.301,9999.000,9999.000,9999.000,9999.000,9999.000,9999.000,9999.000,9999.000
202602221248,   0.308,9999.000,9999.000,9999.000,9999.000,9999.000,9999.000,9999.000,9999.000
202602221254,   0.316,9999.000,9999.000,9999.000,9999.000,9999.000,9999.000,9999.000,9999.000
202602221300,   0.323,9999.000,   0.200,   0.084,   0.607,   0.000,   0.407,   0.500,   0.907
202602221306,   0.330,9999.000,9999.000,9999.000,9999.000,9999.000,9999.000,9999.000,9999.000
202602221312,   0.337,9999.000,9999.000,9999.000,9999.000,9999.000,9999.000,9999.000,9999.000
202602221318,   0.344,9999.000,9999.000,9999.000,9999.000,9999.000,9999.000,9999.000,9999.000
202602221324,   0.351,9999.000,9999.000,9999.000,9999.000,9999.000,9999.000,9999.000,9999.000
202602221330,   0.358,9999.000,9999.000,9999.000,9999.000,9999.000,9999.000,9999.000,9999.000
202602221336,   0.365,9999.000,9999.000,9999.000,9999.000,9999.000,9999.000,9999.000,9999.000
202602221342,   0.372,9999.000,9999.000,9999.000,9999.000,9999.000,9999.000,9999.000,9999.000
202602221348,   0.379,9999.000,9999.000,9999.000,9999.000,9999.000,9999.000,9999.000,9999.000
202602221354,   0.386,9999.000,9999.000,9999.000,9999.000,9999.000,9999.000,9999.000,9999.000
202602221400,   0.393,9999.000,   0.100,   0.084,   0.577,  -0.100,   0.377,   0.400,   0.877
202602221406,   0.400,9999.000,9999.000,9999.000,9999.000,9999.000,9999.000,9999.000,9999.000
202602221412,   0.408,9999.000,9999.000,9999.000,9999.000,9999.000,9999.000,9999.000,9999.000
202602221418,   0.415,9999.000,9999.000,9999.000,9999.000,9999.000,9999.000,9999.000,9999.000
202602221424,   0.423,9999.000,9999.000,9999.000,9999.000,9999.000,9999.000,9999.000,9999.000
202602221430,   0.430,9999.000,9999.000,9999.000,9999.000,9999.000,9999.000,9999.000,9999.000
202602221436,   0.439,9999.000,9999.000,9999.000,9999.000,9999.000,9999.000,9999.000,9999.000
202602221442,   0.447,9999.000,9999.000,9999.000,9999.000,9999.000,9999.000,9999.000,9999.000
202602221448,   0.455,9999.000,9999.000,9999.000,9999.000,9999.000,9999.000,9999.000,9999.000
202602221454,   0.464,9999.000,9999.000,9999.000,9999.000,9999.000,9999.000,9999.000,9999.000
202602221500,   0.473,9999.000,   0.000,   0.084,   0.557,  -0.200,   0.357,   0.300,   0.857
202602221506,   0.483,9999.000,9999.000,9999.000,9999.000,9999.000,9999.000,9999.000,9999.000
202602221512,   0.493,9999.000,9999.000,9999.000,9999.000,9999.000,9999.000,9999.000,9999.000
202602221518,   0.503,9999.000,9999.000,9999.000,9999.000,9999.000,9999.000,9999.000,9999.000
202602221524,   0.513,9999.000,9999.000,9999.000,9999.000,9999.000,9999.000,9999.000,9999.000
202602221530,   0.524,9999.000,9999.000,9999.000,9999.000,9999.000,9999.000,9999.000,9999.000
202602221536,   0.535,9999.000,9999.000,9999.000,9999.000,9999.000,9999.000,9999.000,9999.000
202602221542,   0.547,9999.000,9999.000,9999.000,9999.000,9999.000,9999.000,9999.000,9999.000
202602221548,   0.559,9999.000,9999.000,9999.000,9999.000,9999.000,9999.000,9999.000,9999.000
202602221554,   0.572,9999.000,9999.000,9999.000,9999.000,9999.000,9999.000,9999.000,9999.000
202602221600,   0.585,9999.000,  -0.100,   0.084,   0.569,  -0.300,   0.369,   0.200,   0.869
202602221606,   0.598,9999.000,9999.000,9999.000,9999.000,9999.000,9999.000,9999.000,9999.000
202602221612,   0.612,9999.000,9999.000,9999.000,9999.000,9999.000,9999.000,9999.000,9999.000
202602221618,   0.626,9999.000,9999.000,9999.000,9999.000,9999.000,9999.000,9999.000,9999.000
202602221624,   0.641,9999.000,9999.000,9999.000,9999.000,9999.000,9999.000,9999.000,9999.000
202602221630,   0.656,9999.000,9999.000,9999.000,9999.000,9999.000,9999.000,9999.000,9999.000
202602221636,   0.672,9999.000,9999.000,9999.000,9999.000,9999.000,9999.000,9999.000,9999.000
202602221642,   0.687,9999.000,9999.000,9999.000,9999.000,9999.000,9999.000,9999.000,9999.000
202602221648,   0.704,9999.000,9999.000,9999.000,9999.000,9999.000,9999.000,9999.000,9999.000
202602221654,   0.720,9999.000,9999.000,9999.000,9999.000,9999.000,9999.000,9999.000,9999.000
202602221700,   0.737,9999.000,  -0.200,   0.084,   0.621,  -0.400,   0.421,   0.100,   0.921
202602221706,   0.754,9999.000,9999.000,9999.000,9999.000,9999.000,9999.000,9999.000,9999.000
202602221712,   0.771,9999.000,9999.000,9999.000,9999.000,9999.000,9999.000,9999.000,9999.000
202602221718,   0.789,9999.000,9999.000,9999.000,9999.000,9999.000,9999.000,9999.000,9999.000
202602221724,   0.807,9999.000,9999.000,9999.000,9999.000,9999.000,9999.000,9999.000,9999.000
202602221730,   0.825,9999.000,9999.000,9999.000,9999.000,9999.000,9999.000,9999.000,9999.000
202602221736,   0.843,9999.000,9999.000,9999.000,9999.000,9999.000,9999.000,9999.000,9999.000
202602221742,   0.861,9999.000,9999.000,9999.000,9999.000,9999.000,9999.000,9999.000,9999.000
202602221748,   0.880,9999.000,9999.000,9999.000,9999.000,9999.000,9999.000,9999.000,9999.000
202602221754,   0.898,9999.000,9999.000,9999.000,9999.000,9999.000,9999.000,9999.000,9999.000
202602221800,   0.917,9999.000,  -0.200,   0.084,   0.801,  -0.500,   0.501,   0.000,   1.001
202602221806,   0.935,9999.000,9999.000,9999.000,9999.000,9999.000,9999.000,9999.000,9999.000
202602221812,   0.953,9999.000,9999.000,9999.000,9999.000,9999.000,9999.000,9999.000,9999.000
202602221818,   0.972,9999.000,9999.000,9999.000,9999.000,9999.000,9999.000,9999.000,9999.000
202602221824,   0.990,9999.000,9999.000,9999.000,9999.000,9999.000,9999.000,9999.000,9999.000
202602221830,   1.008,9999.000,9999.000,9999.000,9999.000,9999.000,9999.000,9999.000,9999.000
202602221836,   1.026,9999.000,9999.000,9999.000,9999.000,9999.000,9999.000,9999.000,9999.000
202602221842,   1.044,9999.000,9999.000,9999.000,9999.000,9999.000,9999.000,9999.000,9999.000
202602221848,   1.061,9999.000,9999.000,9999.000,9999.000,9999.000,9999.000,9999.000,9999.000
202602221854,   1.078,9999.000,9999.000,9999.000,9999.000,9999.000,9999.000,9999.000,9999.000
202602221900,   1.095,9999.000,  -0.300,   0.084,   0.879,  -0.600,   0.579,   0.000,   1.179
202602221906,   1.112,9999.000,9999.000,9999.000,9999.000,9999.000,9999.000,9999.000,9999.000
202602221912,   1.128,9999.000,9999.000,9999.000,9999.000,9999.000,9999.000,9999.000,9999.000
202602221918,   1.143,9999.000,9999.000,9999.000,9999.000,9999.000,9999.000,9999.000,9999.000
202602221924,   1.159,9999.000,9999.000,9999.000,9999.000,9999.000,9999.000,9999.000,9999.000
202602221930,   1.174,9999.000,9999.000,9999.000,9999.000,9999.000,9999.000,9999.000,9999.000
202602221936,   1.188,9999.000,9999.000,9999.000,9999.000,9999.000,9999.000,9999.000,9999.000
202602221942,   1.202,9999.000,9999.000,9999.000,9999.000,9999.000,9999.000,9999.000,9999.000
202602221948,   1.216,9999.000,9999.000,9999.000,9999.000,9999.000,9999.000,9999.000,9999.000
202602221954,   1.228,9999.000,9999.000,9999.000,9999.000,9999.000,9999.000,9999.000,9999.000
202602222000,   1.241,9999.000,  -0.300,   0.084,   1.025,  -0.600,   0.725,   0.000,   1.325
202602222006,   1.252,9999.000,9999.000,9999.000,9999.000,9999.000,9999.000,9999.000,9999.000
202602222012,   1.264,9999.000,9999.000,9999.000,9999.000,9999.000,9999.000,9999.000,9999.000
202602222018,   1.274,9999.000,9999.000,9999.000,9999.000,9999.000,9999.000,9999.000,9999.000
202602222024,   1.284,9999.000,9999.000,9999.000,9999.000,9999.000,9999.000,9999.000,9999.000
202602222030,   1.293,9999.000,9999.000,9999.000,9999.000,9999.000,9999.000,9999.000,9999.000
202602222036,   1.302,9999.000,9999.000,9999.000,9999.000,9999.000,9999.000,9999.000,9999.000
202602222042,   1.310,9999.000,9999.000,9999.000,9999.000,9999.000,9999.000,9999.000,9999.000
202602222048,   1.317,9999.000,9999.000,9999.000,9999.000,9999.000,9999.000,9999.000,9999.000
202602222054,   1.324,9999.000,9999.000,9999.000,9999.000,9999.000,9999.000,9999.000,9999.000
202602222100,   1.329,9999.000,  -0.400,   0.084,   1.013,  -0.700,   0.713,  -0.100,   1.313
202602222106,   1.334,9999.000,9999.000,9999.000,9999.000,9999.000,9999.000,9999.000,9999.000
202602222112,   1.339,9999.000,9999.000,9999.000,9999.000,9999.000,9999.000,9999.000,9999.000
202602222118,   1.342,9999.000,9999.000,9999.000,9999.000,9999.000,9999.000,9999.000,9999.000
202602222124,   1.345,9999.000,9999.000,9999.000,9999.000,9999.000,9999.000,9999.000,9999.000
202602222130,   1.347,9999.000,9999.000,9999.000,9999.000,9999.000,9999.000,9999.000,9999.000
202602222136,   1.348,9999.000,9999.000,9999.000,9999.000,9999.000,9999.000,9999.000,9999.000
202602222142,   1.349,9999.000,9999.000,9999.000,9999.000,9999.000,9999.000,9999.000,9999.000
202602222148,   1.349,9999.000,9999.000,9999.000,9999.000,9999.000,9999.000,9999.000,9999.000
202602222154,   1.348,9999.000,9999.000,9999.000,9999.000,9999.000,9999.000,9999.000,9999.000
202602222200,   1.346,9999.000,  -0.400,   0.084,   1.030,  -0.700,   0.730,  -0.100,   1.330
202602222206,   1.343,9999.000,9999.000,9999.000,9999.000,9999.000,9999.000,9999.000,9999.000
202602222212,   1.339,9999.000,9999.000,9999.000,9999.000,9999.000,9999.000,9999.000,9999.000
202602222218,   1.335,9999.000,9999.000,9999.000,9999.000,9999.000,9999.000,9999.000,9999.000
202602222224,   1.330,9999.000,9999.000,9999.000,9999.000,9999.000,9999.000,9999.000,9999.000
202602222230,   1.324,9999.000,9999.000,9999.000,9999.000,9999.000,9999.000,9999.000,9999.000
202602222236,   1.317,9999.000,9999.000,9999.000,9999.000,9999.000,9999.000,9999.000,9999.000
202602222242,   1.309,9999.000,9999.000,9999.000,9999.000,9999.000,9999.000,9999.000,9999.000
202602222248,   1.301,9999.000,9999.000,9999.000,9999.000,9999.000,9999.000,9999.000,9999.000
202602222254,   1.292,9999.000,9999.000,9999.000,9999.000,9999.000,9999.000,9999.000,9999.000
202602222300,   1.281,9999.000,  -0.400,   0.084,   0.965,  -0.700,   0.665,  -0.100,   1.265
202602222306,   1.270,9999.000,9999.000,9999.000,9999.000,9999.000,9999.000,9999.000,9999.000
202602222312,   1.259,9999.000,9999.000,9999.000,9999.000,9999.000,9999.000,9999.000,9999.000
202602222318,   1.246,9999.000,9999.000,9999.000,9999.000,9999.000,9999.000,9999.000,9999.000
202602222324,   1.233,9999.000,9999.000,9999.000,9999.000,9999.000,9999.000,9999.000,9999.000
202602222330,   1.219,9999.000,9999.000,9999.000,9999.000,9999.000,9999.000,9999.000,9999.000
202602222336,   1.204,9999.000,9999.000,9999.000,9999.000,9999.000,9999.000,9999.000,9999.000
202602222342,   1.188,9999.000,9999.000,9999.000,9999.000,9999.000,9999.000,9999.000,9999.000
202602222348,   1.172,9999.000,9999.000,9999.000,9999.000,9999.000,9999.000,9999.000,9999.000
202602222354,   1.154,9999.000,9999.000,9999.000,9999.000,9999.000,9999.000,9999.000,9999.000
202602230000,   1.137,9999.000,  -0.300,   0.084,   0.921,  -0.700,   0.521,  -0.100,   1.121
